0 21.98922882749162
1 22.839511786449876
2 24.551745402232115
3 24.56908311398564
4 21.162267757050092
5 23.631885956471155
6 21.74250164052552
7 18.753078291935534
8 16.516875092886405
9 14.000430805638832
10 14.331144940274458
11 21.199072774247618
12 19.55268389757802
13 18.135296700449295
14 16.902689106191506
15 19.095174347963972
16 15.12658158935912
17 11.37032706634502
18 6.660928661453391
19 10.369825406372746
20 12.552604739763124
21 14.878966331510265
22 13.82423633547483
23 15.2382510231689
24 18.526613913021603
25 12.63932266910097
26 16.14260311644377
27 13.297267967457016
28 14.826011046887235
29 15.249969483597958
30 13.906650756227958
31 14.521922983060282
32 17.695800759347048
33 15.168765190379114
34 14.888786271170359
35 14.848496565100893
36 15.348828256570146
37 16.700949086889523
38 18.265020861404132
39 14.541367843755543
40 14.856692788205443
41 13.8509806175632
42 14.33509797648546
43 15.382243523562051
44 16.37302128460423
45 15.7406705323969
46 17.93691234686926
47 17.147248366541728
48 17.3594064208102
49 17.066875382826346
50 16.183541670586223
51 19.661133652642224
52 19.5386554753835
53 19.662325703740745
54 21.808540921448163
55 15.962847727725013
56 15.53659633765646
57 17.54273950826571
58 16.139799313669297
59 15.501116295092416
60 14.445157747471564
61 17.53982171316462
62 18.057485813642135
63 16.651281316954908
64 15.289787146046097
65 15.899841414637542
66 15.93227900062905
67 17.90590510701581
68 16.373414261579985
69 17.00518135008795
70 20.484390149493006
71 22.635125690929776
72 22.144862968185922
73 23.188000699669953
74 23.771855669928367
75 18.896869838221793
76 17.091010206219085
77 17.0872061900576
78 18.811441699498594
79 17.138832067375827
80 21.046259970668704
81 19.866774332924624
82 19.715030944711476
83 18.41198450012102
84 17.418264805458044
85 16.521249452211233
86 16.367625221520868
87 15.665905360491697
88 16.49105968430757
89 14.935316625173764
90 15.311580665670418
91 14.551102597671331
92 15.222138381088861
93 16.588784567180127
94 16.597109443318075
95 17.47517050178471
96 17.884273258694666
97 17.174512445704675
98 16.51640220939555
99 16.59434154797701
100 17.24563642140432
101 15.179538718636637
102 16.41066527096303
103 17.22430885573946
104 16.118175329589057
105 15.425854320387346
106 15.827649612530019
107 15.836250117613439
108 15.12805897606521
109 16.133776202091045
110 15.928651544635427
111 15.416107191338943
112 16.041588515762648
113 17.073830880126962
114 16.202015149066025
115 15.708335788857386
116 16.449891836017308
117 16.41002605802224
118 17.287796453274144
119 15.719572658754679
120 17.017351672610022
121 16.68232213766082
122 14.620058107181876
123 14.04176260172582
124 14.769707102684666
125 15.160185787889668
126 16.068991928993665
127 15.98594817352082
128 13.338223555838649
129 15.53787507610139
130 16.38456084304671
131 19.32004817589405
132 19.91501202713128
133 20.629366543002703
134 23.7624998744159
135 19.137906517465865
136 17.445397484560722
137 14.246213924104277
138 15.682883064939027
139 15.33433830362446
140 12.815986159997987
141 13.0259689127007
142 12.037495738370044
143 11.305919496880902
144 12.833479340111184
145 11.825930568649412
146 13.680657770474996
147 14.006476704133222
148 14.617880780163645
149 12.40034452103606
150 12.365823505582062
151 13.646892568492841
152 16.640550700208983
153 12.631394906558313
154 16.376635416369897
155 17.827692267675054
156 13.157454915028747
157 14.047060652489641
158 13.755665199006243
159 14.420610173021391
160 11.534783175478978
161 11.663994304502324
162 11.730708905244581
163 12.698642615548527
164 12.298110703042463
165 12.89951796177495
166 11.418415750869258
167 11.031408448795748
168 11.903379697441986
169 10.803664503946102
170 11.961411586574382
171 10.930876166651156
172 11.246858955447994
173 11.831308037208768
174 13.337512656694864
175 15.091985679430262
176 15.570166973874091
177 11.73532643856787
178 10.693894658781959
179 11.831609818925836
180 11.68868763320199
181 11.450466686442232
182 12.597316119878183
183 15.06181664338909
184 12.628862268198985
185 11.574398389642717
186 12.828576785079324
187 12.262959940809314
188 14.372416747664452
189 14.346933469621115
190 13.602747575966744
191 14.087623420229692
192 15.610892889150566
193 13.831323764738773
194 12.978742528206144
195 15.047983059115396
196 14.003415393991324
197 15.13707692685047
198 11.582728420368294
199 12.294345401413306
200 11.258464722969808
201 12.17239168777941
202 12.779620575669718
203 11.1437430979268
204 10.028563891167977
205 8.535017199280079
206 10.924988267611454
207 10.895015658498089
208 10.859267632816564
209 11.651120584764397
210 10.95033769190777
211 11.375666164684327
212 11.176792523376989
213 13.355973153683268
214 14.725242185305145
215 12.585905490774705
216 11.987453575995353
217 12.78208387158451
218 14.407076207021833
219 15.01211324495954
220 14.092646766741485
221 12.361792466003704
222 11.788755404184142
223 13.546896913135049
224 12.474054954603591
225 13.965455442296776
226 12.581720507742405
227 10.961317355614067
228 12.530129755446316
229 13.420210678568075
230 11.20902940900338
231 10.03594587290136
232 11.12121903065857
233 12.321581545735809
234 14.14133853540939
235 13.288254460529107
236 10.176149812059219
237 10.41008480946722
238 14.093898065846341
239 12.795531045513533
240 12.107925788857804
241 11.914278332605587
242 9.50576197334558
243 11.941191550061696
244 13.008875347125981
245 12.627961770561592
246 14.556999834286142
247 13.205305970543225
248 14.772574411551659
249 15.334106993599587
250 14.860975670380823
251 15.581754955261175
252 16.56673136804385
253 15.5978969575304
254 15.94143598239184
255 15.283349908781416
256 12.74854971391368
257 13.489842624304817
258 13.71016901388482
259 13.547623875615436
260 11.972073917960227
261 12.659783460712434
262 11.58261851495287
263 9.764766357270162
264 9.822625329986185
265 9.985718714835706
266 11.695879304327834
267 11.987267980518146
268 11.036859870663033
269 10.527210340265247
270 10.968013570604484
271 10.169562179179561
272 9.747097682496724
273 10.406724379683645
274 10.055971878165726
275 9.8734701966831
276 10.27155461257036
277 10.095372547487043
278 9.901624921271106
279 9.899140973744057
280 9.466955794866886
281 9.25467233317016
282 9.8372291387811
283 9.723118583820323
284 11.105086400120733
285 9.865324859386142
286 10.031129217878885
287 11.845703635551486
288 11.348090939829106
289 12.339766909058628
290 10.784601493229067
291 10.822645334343242
292 11.654021394191439
293 11.839949396589155
294 10.755156909179917
295 10.95242544700396
296 10.12212276733252
297 12.713517691381854
298 12.019601155112516
299 12.59323399082176
300 12.847610108674393
301 12.25108360471088
302 14.568572327482588
303 14.597460976341809
304 14.56170137801809
305 15.419551125698769
306 13.242762517692936
307 12.891177752643802
308 12.552558748567902
309 13.58367575294527
310 12.024984938696251
311 10.376202112411788
312 12.217067979662273
313 11.866077422496634
314 12.683551668492244
315 11.842315342090284
316 13.09838263118044
317 12.484248583731777
318 12.188803696854844
319 12.091971496351196
320 12.067683380901201
321 13.165624953164643
322 13.428197881079507
323 12.344533365780082
324 13.572833163547926
325 12.500642539685748
326 13.192133807429673
327 12.38303188854966
328 13.665301993216781
329 12.055037660515884
330 11.814593897846494
331 14.46412588547642
332 11.845311699625357
333 13.465323871524685
334 14.322569887788564
335 16.103991880007214
336 17.134491520938116
337 14.799685023763
338 15.132372787085004
339 14.775206263256639
340 15.776842512521913
341 12.33342972173188
342 13.542295690782503
343 15.938780355667001
344 16.32141936046666
345 15.799182676473587
346 18.406088396670206
347 20.239463892560224
348 17.856341304771483
349 18.46998923604716
350 18.655801545926764
351 17.04663561653574
352 17.511446803181173
353 15.781008974570108
354 18.925001995782175
355 16.509235565518946
356 15.85290117896879
357 15.13653248531242
358 14.524681167830305
359 14.79449662141759
360 11.994657408141212
361 13.07982883838487
362 13.00357681785889
363 13.158212604319296
364 12.561281974693113
365 12.47939346939278
366 11.950889679637571
367 12.609026337446414
368 14.179257172530152
369 11.59532687075112
370 14.379911570397807
371 14.884649128008904
372 13.344237127165949
373 12.094727962214057
374 15.130188868912182
375 15.31721685802952
376 16.90116264411624
377 18.106122665033393
378 17.540047771708444
379 17.54769708829361
380 18.32264521167173
381 14.856290346196147
382 16.77855381196402
383 15.540528069624326
384 15.002999202836437
385 18.803547998452768
386 17.518242595898972
387 18.570174815073766
388 17.559082279922166
389 16.255884259724997
390 13.765376052201365
391 13.021764251026854
392 12.865716398264098
393 11.503577813766205
394 11.609592258582591
395 11.242609542981999
396 15.150692680719851
397 12.231091618376237
398 13.513098696948232
399 10.916612352184828
400 14.949915694767258
401 14.320226970612056
402 13.203804549788767
403 13.106837303679765
404 13.911030248284565
405 15.041719022211353
406 14.925200741870794
407 15.129483882015174
408 14.883876418245526
409 13.29972854146042
410 13.0668725727176
411 12.951206105111359
412 11.732478476227206
413 13.362905849789328
414 16.655429078020987
415 17.8436230705588
416 15.027324170618696
417 19.292163811655307
418 17.90645700758519
419 19.715766935950953
420 16.515256209430124
421 18.419220201314136
422 15.35505356844246
423 13.395631215799702
424 13.604990646887467
425 13.974568461954766
426 13.595170235641373
427 13.434459158551704
428 12.641987591765922
429 12.562532994617698
430 12.549753246660293
431 11.512725683013445
432 12.433812353275515
433 11.863488879283251
434 11.303700801614255
435 12.32621783969405
436 13.587791714468663
437 13.158714536654314
438 14.029800640291107
439 15.235058558054417
440 14.572633429327508
441 14.106346532450468
442 13.897553462612732
443 14.938524342394462
444 14.788510135067083
445 14.394665621528501
446 13.063061621715523
447 14.080712685116803
448 14.462817781803096
449 13.747599262371907
450 12.723231607027486
451 11.906432162644993
452 11.681813564313304
453 11.704104772835692
454 12.87918272335125
455 12.297257506407266
456 12.582795366502303
457 13.10293520357425
458 14.225735710764372
459 11.42544298936293
460 12.518884351447056
461 9.637810875787094
462 11.367640029056178
463 11.508509021756469
464 10.51057467224941
465 10.2730515784058
466 9.25548010644133
467 10.168767463417923
468 9.308090345827262
469 9.98826628318046
470 9.947445936691036
471 10.356242724622652
472 11.398630333326894
473 10.683552167775193
474 9.882743476889003
475 11.89426863030644
476 11.967444235989642
477 11.52402253098785
478 10.944250650686053
479 10.956221955662475
480 11.428994245011255
481 11.86855034361518
482 11.071057561694056
483 11.285620804665633
484 11.380932570158336
485 12.39314071741004
486 10.793489749650046
487 10.57493462885539
488 12.363832690509884
489 12.511951180331675
490 10.967813989950079
491 11.29207694634827
492 11.215824586424679
493 11.467939996135648
494 10.9202734404197
495 11.337142620176438
496 11.342326333591462
497 10.131365526556474
498 12.722852535331013
499 10.541526436055538
500 12.058016666651165
501 12.051440680539873
502 11.773008857193597
503 14.150273424387015
504 14.245211708356315
505 14.54345550952793
506 14.68624992069669
507 15.029078512826798
508 15.435472049990556
509 15.365798023948457
510 14.995750645358633
511 17.120313251726202
512 17.995141600049678
513 17.828683910216537
514 18.422040990946318
515 20.282550902811167
516 15.205524261223177
517 13.278216388059178
518 13.37201880474427
519 13.679335834328983
520 12.853864070817425
521 13.623746413996994
522 12.657611632839252
523 12.517941021796867
524 12.328948532755847
525 13.653487915559193
526 12.078467358505184
527 12.571206690899535
528 12.963202129370197
529 12.479583284786788
530 14.071134831497739
531 13.474916177219344
532 13.216951769390468
533 13.873202793222738
534 14.917377606234695
535 13.575465947344991
536 14.824313966674184
537 16.176161685229445
538 14.15576684689804
539 14.106269387935475
540 12.874375577907015
541 14.833140998285092
542 14.319966901384985
543 13.618852561777352
544 14.420589648745974
545 13.999268442126217
546 14.732170722999541
547 15.490514741711095
548 16.163418922059233
549 16.236112567393672
550 14.393188581619421
551 14.27608833967555
552 13.72356526812436
553 15.248421855757252
554 12.907637266781414
555 13.89703850187609
556 14.13092574127339
557 14.676659017463317
558 15.546680989845298
559 12.396109035498823
560 11.87809024605135
561 12.787282970993607
562 13.086759558959287
563 14.226015597208937
564 13.471525078963495
565 15.951845762596307
566 15.275899152493118
567 15.091349341042495
568 15.168245335006164
569 15.169923269963594
570 14.819123170785344
571 15.17438438473287
572 16.436395155580836
573 14.53761253944791
574 15.317284318820583
575 13.63999515401021
576 14.409826784973415
577 17.64500307786028
578 17.53401680399244
579 19.602619132796352
580 16.693971280825988
581 15.295220379396548
582 17.07954003936943
583 18.39979472829073
584 19.22612455290798
585 15.84196613040635
586 15.771816395741922
587 14.65247037309405
588 16.379558746611483
589 15.081617150982098
590 16.318573459495724
591 18.178730482930376
592 18.579504724477957
593 18.506600145771426
594 17.277650923099877
595 17.568557240151986
596 18.249794118788984
597 16.968140225547224
598 21.738606876742526
599 22.19704705396684
600 20.978334130915567
601 22.035173292897365
602 24.802001363641047
603 19.81654253792426
604 18.829551365423193
605 18.518325994968432
606 19.756923547545753
607 18.285295630596483
608 18.69553602811136
609 20.957571483431245
610 19.12297826210542
611 18.127070133807074
612 20.485981523143405
613 20.806009167267966
614 19.230302449576666
615 17.908410903846573
616 18.312342984968904
617 17.987191249507564
618 16.72128996036514
619 20.145242649205052
620 19.5578276069536
621 19.209603632111754
622 19.029121076438383
623 17.980790341175414
624 18.995976428654373
625 19.158418116544244
626 19.42205461052274
627 18.979991627276053
628 18.57198725155174
629 20.584658540901614
630 17.832095305302563
631 19.292072297577626
632 17.417170897589184
633 19.30093898606359
634 21.041450294064504
635 20.678024410772284
636 21.867726685589684
637 21.674764809945867
638 23.831510760393293
639 23.466951243810513
640 19.59211686086604
641 19.983025561894
642 16.216805762379963
643 19.405748528795762
644 20.232119708068936
645 19.34295965616189
646 20.290140478127075
647 20.053917193875673
648 21.4437471770965
649 20.723218965804627
650 20.481639813838097
651 19.475099388696993
652 16.867698304725522
653 19.672487336616726
654 18.41542590772749
655 17.868920387511796
656 18.193649550986716
657 17.427154778235124
658 18.589279509494492
659 17.518918554663017
660 18.806727521226772
661 17.666265833146323
662 20.524947573892913
663 17.107031037595608
664 16.543307423708995
665 17.968099033107162
666 16.231973136732158
667 14.221800888598663
668 13.380507889293444
669 13.242602009367294
670 12.818218052973329
671 12.29937873133549
672 13.174503142049277
673 13.362719431575256
674 15.630781034650392
675 16.77407529379733
676 15.174892072848442
677 16.134308813760015
678 16.283771776845025
679 16.449439003234822
680 15.748345383107905
681 15.931813828331768
682 15.600167782112713
683 15.927551000951404
684 14.263320065776991
685 13.766748475614607
686 13.919518784217681
687 13.623624564628539
688 14.331406093902887
689 14.472705746362468
690 15.198346873039496
691 14.519488765665418
692 11.94715845747825
693 12.242005474377544
694 16.385721789485878
695 14.42015498197707
696 13.647195440791517
697 14.672389855609383
698 13.542975475657528
699 12.886004412062837
700 13.145352385562294
701 12.835438429229987
702 12.998366905574072
703 13.333112590229165
704 10.913109642175478
705 13.286982373782868
706 13.26344115861798
707 15.022383447918063
708 15.996480709179309
709 16.43129764814163
710 16.29712661063502
711 18.127495790985197
712 17.96457298183014
713 15.203269416661032
714 16.05876594165425
715 15.039233099124447
716 17.648982917195823
717 15.7648287800675
718 17.801056133482838
719 18.166330386893467
720 16.476361983827545
721 18.62181962267763
722 20.72522484461876
723 21.828492937300858
724 21.06561949108055
725 21.593770244733243
726 19.936128779286527
727 17.23771194187959
728 13.665704536004593
729 13.21997398990153
730 13.224632271942495
731 19.507495765651488
732 19.04707997888688
733 17.717508706572332
734 19.123787641967166
735 18.12543006856264
736 20.916561496084718
737 16.86050682623499
738 17.597837925071744
739 18.071549485819684
740 14.947132890016809
741 18.431272431030084
742 18.716028023845862
743 15.105682686154202
744 13.461500285342867
745 14.162725970643551
746 12.36829228549147
747 16.746100986977147
748 17.4208906239822
749 19.00715246853756
750 17.708256317790916
751 17.687669482578674
752 17.37214288147588
753 17.49168526763699
754 15.860970676848401
755 15.748713606576063
756 15.789745750708265
757 18.135208400926473
758 16.584329429526495
759 14.679517033838575
760 14.968002411831193
761 12.809662630999405
762 15.915044559635891
763 14.282213393236368
764 13.688744491824714
765 14.916372199701538
766 12.392795103797008
767 14.630539468556718
768 14.133697951036101
769 11.59082428513772
770 11.408947993199655
771 11.12888609977539
772 15.185859840425604
773 17.507810194559646
774 18.039679179759194
775 18.694763503870707
776 17.970579563269624
777 17.7671132561129
778 16.526138447293974
779 16.7558120946622
780 16.408711287662538
781 17.000312512316597
782 16.858665703502872
783 16.298774259401576
784 18.11145659967335
785 14.78371144782427
786 16.098525855310758
787 14.76505310221941
788 14.421128724788623
789 19.9630250021132
790 16.401797464564638
791 11.85173544091269
792 15.799157333685114
793 14.837977857528445
794 17.582620850462796
795 15.747759054905597
796 16.449017307184054
797 15.365066961757146
798 17.970401545823556
799 19.343288758985306
800 20.601558566731963
801 19.273140507326502
802 16.959499486640205
803 13.904886084909899
804 14.920222583527627
805 15.19980251905818
806 17.51874155848
807 18.312079782844595
808 13.767962034574856
809 15.097400483175592
810 16.559545088648047
811 18.283265761227756
812 16.841884601127735
813 17.526904085955415
814 18.33541915300348
815 19.01051724225231
816 15.920089670650468
817 14.241775076830885
818 15.482084188881846
819 18.977998346299348
820 17.961636766301986
821 19.058819927358243
822 16.989567470611103
823 15.040326295589217
824 19.011094878448656
825 17.33365340427041
826 14.791317468261404
827 16.737183738086127
828 15.285595390651888
829 17.612424488337858
830 17.38512551952728
831 22.144843236638735
832 18.672586773743614
833 18.65297409701534
834 17.96644868108846
835 18.457468344211282
836 16.291369833978536
837 15.931938633422318
838 15.824220100420435
839 14.609001893365717
840 14.423785325472247
841 15.868184784798343
842 14.331676743553862
843 12.849208348717006
844 8.819081571892164
845 11.543008779044715
846 10.39347495643458
847 11.228179349911589
848 9.878154823172139
849 10.35526518672466
850 9.201590925579739
851 11.48195941628824
852 10.95936722381334
853 9.42276794897626
854 11.744166175631246
855 12.235059402010831
856 11.035652182764508
857 10.661496599364181
858 11.126687773709422
859 10.715751157717825
860 10.568006431763889
861 10.846511577146037
862 11.642343386789245
863 10.995605528612714
864 11.404497958416272
865 10.618181094523178
866 10.615016273809514
867 11.20743500342991
868 11.344104957758935
869 10.312532295556403
870 11.345145195209936
871 11.32740668604245
872 11.075669063459408
873 11.168196674838986
874 10.81852660631955
875 10.506813594209236
876 10.960729704263537
877 11.107789521477564
878 11.362026010278996
879 11.318338651717589
880 11.628448604235638
881 10.879468392649867
882 10.573206362301397
883 10.237731148815872
884 10.683815005898294
885 11.433648299771713
886 11.47455528475182
887 11.81973335344356
888 10.980402084089057
889 10.559260596632157
890 11.581107479695806
891 11.177013564460115
892 10.911209998821608
893 10.591932125264512
894 10.290633131315106
895 11.773783838301677
896 10.728356430047922
897 10.636212945162908
898 10.746909265141412
899 10.843469580901978
900 10.145011705401256
901 10.806107095679714
902 10.273652996410206
903 11.628710237427564
904 11.148817970191192
905 11.211901432320055
906 11.805379292706057
907 11.70397174476663
908 10.374292927334512
909 11.406093987351367
910 10.485540089439578
911 11.199663269196924
912 10.310344287106014
913 11.635250846965352
914 10.225691367265666
915 10.836511895632198
916 10.474567509595493
917 11.242850720969082
918 11.929161772839219
919 11.970090291693591
920 12.364024924323616
921 11.053134186336035
922 10.899172994880995
923 10.902793433751372
924 10.880807908509647
925 11.294179645851653
926 11.941491293358666
927 11.303260161932226
928 10.699564558484314
929 10.839668272892752
930 9.848193688429006
931 10.531265901199639
932 9.80926609487686
933 10.434684168443967
934 10.899852254373833
935 10.433072202753886
936 10.114552064714312
937 11.388855724033915
938 11.887249171600402
939 10.89918375372866
940 10.544028315152865
941 9.883015771287914
942 9.705401985090072
943 10.700086234588671
944 10.193487186490511
945 9.165281515219935
946 10.048070642460823
947 10.185921972212341
948 9.743043216692282
949 9.218668097188969
950 7.86734246743618
951 7.311266202297825
952 7.970672779711504
953 8.628364720580144
954 7.483238911136537
955 7.262955290965866
956 6.663934802857512
957 6.788052657135852
958 8.263145201772167
959 10.022793843914673
960 9.409612254797324
961 8.789769292164868
962 8.5256201749857
963 7.341485340387558
964 7.96815236464709
965 9.017388450554053
966 8.641832217135468
967 7.068714387099338
968 7.125489410618648
969 7.29575265592822
970 8.284566497893756
971 8.387502596325126
972 8.145409858695588
973 8.373627031890019
974 8.069008259458993
975 6.578600697607157
976 8.06170143235226
977 6.883314441740932
978 6.433556489661809
979 7.05976538792469
980 6.696693239339491
981 7.719967730429243
982 8.719746453316281
983 7.721674066778821
984 8.01341705891052
985 7.3799103628342095
986 8.481904682051049
987 8.150107461682357
988 10.286177531392324
989 9.884172807239276
990 9.306027307228122
991 10.195335487782788
992 10.472145776851011
993 9.89946668787546
994 10.569997005777173
995 10.440628845768584
996 8.56789261627505
997 9.587906284885088
998 10.342981128194785
999 8.690051919920098
1000 8.724425818388864
1001 9.547094562547596
1002 9.995690864577933
1003 9.90393955764777
1004 9.903845292260032
1005 9.011688736319542
1006 8.352546549403286
1007 8.74130386878866
1008 9.198851346176191
1009 8.47549591805213
1010 9.517943585062357
1011 9.026230223402631
1012 8.626048729722912
1013 8.033929741612893
1014 7.6974165095732605
1015 6.9047838413406835
1016 7.540784475869336
1017 7.489237227777582
1018 6.754740950741852
1019 5.567049392687111
1020 6.433877420034603
1021 7.302914998737973
1022 5.836865347796746
1023 7.584505138184032
1024 5.151385075026231
1025 3.293192899524827
1026 5.696481550828395
1027 4.876165211908572
1028 5.409872729769781
1029 3.7098253126456298
1030 5.360178730027617
1031 5.84239125899671
1032 7.412578516916095
1033 8.66797805261484
1034 7.169247644104811
1035 6.623147793182438
1036 4.639308176206776
1037 7.731973342521192
1038 7.364043183807926
1039 3.790141798493819
1040 3.414297719262033
1041 3.573565185867505
1042 4.769510212102783
1043 3.992247506886008
1044 3.6073838211404152
1045 5.541136094707025
1046 6.508335787765525
1047 6.473884711575111
1048 6.735694139396619
1049 5.753969792421454
1050 8.227483702719738
1051 9.818396594699067
1052 11.40649489369734
1053 13.215971511352011
1054 8.939243207482253
1055 12.34666441414861
1056 13.790711632086008
1057 13.80228095663761
1058 14.867341303630404
1059 13.964660789545936
1060 13.33734483545215
1061 11.754395696007846
1062 13.903624908402044
1063 12.742623244682902
1064 11.924414695474136
1065 11.83869597221051
1066 13.103445927618274
1067 10.868635479249495
1068 11.204939412012344
1069 11.447327439638395
1070 11.215643746373487
1071 10.775097138650253
1072 11.65623202285936
1073 12.399732949716096
1074 12.91870954646399
1075 13.474227063440887
1076 12.910108783402197
1077 13.74087371627194
1078 13.667221540337296
1079 13.70583459498801
1080 14.584290359751973
1081 13.068494626489134
1082 13.183364483611392
1083 13.494212492755887
1084 13.851916925121575
1085 12.685628091769733
1086 14.283426054794397
1087 14.183727440146878
1088 12.813397717257388
1089 12.171387231463036
1090 12.099289054406745
1091 12.637644729312624
1092 12.238492088025101
1093 11.467103388507406
1094 11.676534519785715
1095 9.509487400657733
1096 10.189176149991335
1097 12.55684298270587
1098 11.926468788384538
1099 13.008970571930885
1100 12.648375108366665
1101 12.322915515519961
1102 12.01569886557381
1103 11.688822825356514
1104 12.029412276655654
1105 11.90478176649846
1106 13.158351672176352
1107 9.906191789645117
1108 9.49329396715766
1109 10.17183559502177
1110 10.746448777919536
1111 11.482527737041341
1112 12.65532493993862
1113 10.181278420121295
1114 13.350997099427772
1115 11.818962337647786
1116 9.44609894648026
1117 10.425379090473704
1118 11.252871837691657
1119 9.72022321030565
1120 10.214659867423158
1121 10.782908439067697
1122 12.259290116118729
1123 11.942578574594851
1124 12.106918476334341
1125 12.247204348553902
1126 12.870558264685977
1127 11.979540268807963
1128 10.64917448606427
1129 9.496351155765275
1130 13.633050198339756
1131 11.691920143815116
1132 12.915500685382867
1133 13.523133404468052
1134 15.511148484585698
1135 15.361317621689851
1136 14.099517271845883
1137 14.056202379280762
1138 14.19563243055011
1139 15.217999268535388
1140 14.266095997003362
1141 13.891092043085202
1142 14.316636941254085
1143 13.796957669473976
1144 14.260619888904305
1145 13.936420590043644
1146 14.250014595283695
1147 14.449938422254386
1148 14.100312252685471
1149 13.762989928581904
1150 13.696513570098894
1151 14.639188253368685
1152 13.248822128224948
1153 13.12409210396068
1154 13.111643546358454
1155 12.628550806944395
1156 13.020775270665123
1157 12.873733871533968
1158 12.986472689011354
1159 13.390370995553596
1160 13.26353008090315
1161 12.238170707267338
1162 13.82769226609097
1163 14.02317177259804
1164 12.614554639338628
1165 12.547699240633532
1166 12.259682604358089
1167 11.966581269062337
1168 13.273465141972217
1169 12.747635256161084
1170 13.205355881216136
1171 13.111234162563443
1172 13.280199628069171
1173 12.120805967535969
1174 12.431225142659127
1175 11.958317995756078
1176 12.201397191518014
1177 12.446637952547634
1178 12.697034334865508
1179 11.68499143883927
1180 14.198449622359803
1181 12.77600896300322
1182 12.565047914761797
1183 13.407056775500042
1184 12.834025657177701
1185 12.310477060164361
1186 13.19649449577244
1187 12.849897203979092
1188 13.652504707737316
1189 13.171901031466017
1190 13.390687202632732
1191 13.233439543662755
1192 12.379801138631668
1193 12.732188221663407
1194 13.775265262594125
1195 13.31234005611651
1196 14.539593748866217
1197 14.081796475886481
1198 13.754130909707973
1199 13.97933277729969
1200 14.28924400848732
1201 14.380313231856983
1202 13.494868015302279
1203 12.753649510560928
1204 13.213880899262577
1205 13.96119823081677
1206 13.56747398067696
1207 14.75383845634317
1208 14.673203130501413
1209 13.786693687702344
1210 13.78066528713056
1211 14.648260533273666
1212 14.107432476342359
1213 13.311246531733016
1214 14.409555702734991
1215 13.732337194481644
1216 13.76782629923105
1217 13.934277803142933
1218 13.389305075790258
1219 12.210333577951602
1220 12.830807923363619
1221 11.827837749453705
1222 12.390560295273842
1223 11.425588370412244
1224 12.102214140532102
1225 11.619659098858174
1226 11.349454035442879
1227 11.71138023273634
1228 12.807819492269907
1229 12.05587096297296
1230 12.730367480782776
1231 12.328693676738506
1232 14.492730082142899
1233 13.695156706430168
1234 12.528042168140402
1235 13.25420889471698
1236 13.49246780640199
1237 13.187698709508458
1238 12.938552688874875
1239 13.107083964090577
1240 12.843213425795607
1241 13.57143583141947
1242 13.678855099493456
1243 12.311871818070873
1244 14.008629169016258
1245 13.610630480125245
1246 13.456685264557207
1247 12.89735342277627
1248 13.063029093128511
1249 13.222464566974446
1250 13.56012493811874
1251 14.145856813314303
1252 13.690108568808565
1253 13.53072287736975
1254 13.585589884454826
1255 14.450487553229454
1256 13.940704927017535
1257 13.494304984124604
1258 12.979553175976404
1259 12.905352418498094
1260 13.680221768472405
1261 13.367829808473308
1262 12.914807561056332
1263 13.073272264171408
1264 12.455289757100427
1265 13.273939331274855
1266 13.307339315278115
1267 14.17229962857532
1268 13.28825538037254
1269 14.38220182541269
1270 14.05207139447198
1271 13.098403396137629
1272 14.671117540765582
1273 15.09108106124481
1274 14.878550461588603
1275 15.00250894410885
1276 14.292847862949634
1277 14.226004605761656
1278 13.454003644916453
1279 14.358055074832365
1280 14.37013204618748
1281 14.835705562691965
1282 13.31171883322553
1283 13.772382759895976
1284 13.795764719755697
1285 13.13487589630794
1286 12.895391260701643
1287 12.207584826908764
1288 12.553667757392017
1289 12.044179100805147
1290 11.959603367782497
1291 13.292424311357625
1292 12.461294530585075
1293 13.10206763658438
1294 13.048751942398638
1295 12.671166157630939
1296 12.56692732673384
1297 12.199546801052522
1298 12.058547251167496
1299 12.765372214243124
1300 12.101304324593638
1301 11.950258450773685
1302 12.8985594995445
1303 12.52922995046653
1304 12.447938458532155
1305 12.590900594550515
1306 12.162930920489586
1307 12.615175973528027
1308 12.433038196766956
1309 11.476901206106358
1310 12.689980462403442
1311 12.350665396299679
1312 12.709294172609106
1313 12.804917238694753
1314 12.884482572134582
1315 12.910537030725438
1316 11.471871780263008
1317 11.788153670780504
1318 12.142267120128833
1319 11.608797839027062
1320 13.157560523994338
1321 11.96588947610425
1322 12.136444055510143
1323 12.665482076620151
1324 12.332632852951066
1325 11.533202066818783
1326 11.664030440035894
1327 12.296164670601947
1328 12.681982382157603
1329 12.090333864755872
1330 12.014144471340472
1331 11.810003335465453
1332 12.481202132174545
1333 12.43508786853495
1334 12.436007960256592
1335 11.948572887727895
1336 11.307137642789646
1337 11.976730933261301
1338 12.394670213591153
1339 12.60156413319499
1340 11.394470797834995
1341 11.608823894592472
1342 12.338636481699659
1343 12.424309763106182
1344 11.828291974442621
1345 11.587995976239334
1346 12.238711219879375
1347 12.17842019691554
1348 11.183581371666728
1349 12.303450148565565
1350 12.196432802278322
1351 12.014938479738008
1352 11.75246082560503
1353 12.097726760109364
1354 11.697872415186765
1355 12.002239729621207
1356 11.964628174266387
1357 11.306841247939527
1358 12.434324465079127
1359 11.288261060091266
1360 11.706276189698642
1361 11.872128505490059
1362 12.223854571699084
1363 12.781019519237773
1364 12.519764630318141
1365 12.39321931719201
1366 12.680638359058785
1367 12.53252155995432
1368 11.756356137097672
1369 12.183910324343634
1370 12.11236499552936
1371 12.646799763135293
1372 12.436950492262275
1373 11.303661273297237
1374 11.78498557573621
1375 12.743005479112378
1376 12.919379293428294
1377 13.277360410393603
1378 12.388274252892314
1379 11.554033247491319
1380 11.974812460292966
1381 12.230379820588958
1382 12.983936149319511
1383 11.806190919854243
1384 12.79739837068358
1385 12.585944482943153
1386 12.89305442384854
1387 12.838328600137853
1388 13.334781553309364
1389 12.240549235901371
1390 12.958962596704417
1391 13.784793401225375
1392 13.048893245934085
1393 12.559299366666803
1394 13.643585396098082
1395 12.192915339646895
1396 13.463052084262
1397 14.52315105810531
1398 13.161368837718864
1399 13.796940118675927
1400 13.28367629606849
1401 14.098139886567148
1402 13.663935601626818
1403 12.952179610657998
1404 12.49634799181081
1405 12.541280387937933
1406 12.51311385496591
1407 12.349942016836492
1408 13.497841117103212
1409 12.568935390139984
1410 12.61069871089566
1411 11.748739629829618
1412 11.811807325123699
1413 11.854679995780335
1414 12.796912396447139
1415 12.471073894748882
1416 10.821880402473592
1417 11.659272200865551
1418 12.511725251222462
1419 13.226281914165686
1420 12.63669792772549
1421 11.573889034016842
1422 12.36456013390572
1423 11.997801115682396
1424 11.948209412452089
1425 12.166785274385319
1426 11.503593306728568
1427 12.212300785221737
1428 11.49323572623397
1429 11.739829165131633
1430 11.57441927018056
1431 12.209008627923867
1432 12.135113443037964
1433 11.799796041232163
1434 11.30193906119013
1435 12.320581919970653
1436 12.245752525635403
1437 12.272721803941831
1438 11.91718358056326
1439 12.346740856645967
1440 11.948711263264174
1441 12.277790796272674
1442 12.159404951645465
1443 12.732439574102488
1444 12.78529961036173
1445 12.105388432109882
1446 13.05416880236624
1447 12.168969197540184
1448 13.434225063296227
1449 13.68013338520965
1450 12.97155141508218
1451 12.716461434015534
1452 12.735315495715968
1453 13.163861572085786
1454 13.352114946643548
1455 12.97462137538262
1456 13.388243013116574
1457 13.639173909557138
1458 12.997048438506814
1459 12.796498912804616
1460 12.338015445784103
1461 12.840085762216091
1462 12.755707861817957
1463 12.212203055169775
1464 12.545807642190907
1465 12.492021624190619
1466 12.933926598697262
1467 13.147655671030106
1468 12.953411579357454
1469 12.785788111452892
1470 13.303158297593676
1471 13.155457040240924
1472 13.311538322107019
1473 13.80106445976051
1474 12.112908617747399
1475 12.570602032011756
1476 12.767783392289992
1477 12.99888351213923
1478 12.43742155445274
1479 12.849367779713125
1480 12.676459369167072
1481 12.967617259016874
1482 12.3928476078728
1483 12.540503724944577
1484 13.07788004321406
1485 12.968575451502481
1486 13.854052959063718
1487 13.429674494981974
1488 12.513116502517905
1489 13.132961833340687
1490 11.792747050367286
1491 12.616845119893561
1492 13.391444244509026
1493 13.841255609585474
1494 13.420078886014867
1495 12.883899157273472
1496 13.5590737204579
1497 13.393901324187341
1498 11.62585946511099
1499 11.890777817211484
1500 12.196260123604661
1501 12.821771478523592
1502 12.638088107900932
1503 13.958783008704744
1504 13.118594227504719
1505 14.087150702447998
1506 13.123709597496529
1507 13.824603775439684
1508 13.704239941653519
1509 13.42407719611359
1510 14.317888033122685
1511 13.839732567919052
1512 14.118191471799886
1513 14.378867165853212
1514 13.48534136187328
1515 14.339660701997452
1516 13.25413229875188
1517 12.364377843338275
1518 13.103574222534304
1519 13.960181048694157
1520 12.773666742002963
1521 13.5006553243198
1522 13.193709688696421
1523 13.235149245635883
1524 12.782092863843179
1525 12.82489789029572
1526 12.426898872672938
1527 13.466404447181677
1528 12.799653438553776
1529 13.339149593737691
1530 12.335043086098837
1531 12.323520527392908
1532 13.21228749292126
1533 13.18136803430636
1534 13.329208341614299
1535 12.316224279520439
1536 13.772055410322006
1537 13.38298637954611
1538 13.327551320762879
1539 12.871605348179383
1540 12.177049575203517
1541 12.119884426390257
1542 12.635365355892409
1543 12.408522953045605
1544 13.437322512897241
1545 12.901155214583454
1546 13.617128602210686
1547 13.09438594061181
1548 13.307298954459316
1549 13.397448252197057
1550 13.277384858977314
1551 12.540603534110737
1552 13.019759188969545
1553 13.642106457788463
1554 12.899387231446214
1555 12.033095957382566
1556 12.510324553086198
1557 12.548615842461722
1558 12.469961799849989
1559 12.255442323630367
1560 12.265677081263583
1561 12.80241696512989
1562 12.85541649014104
1563 13.038729623829715
1564 12.823856686532451
1565 12.478787001304672
1566 12.777390167913163
1567 13.226325979129372
1568 12.865060748367764
1569 13.441281373058212
1570 12.527761373182598
1571 13.021703036143744
1572 12.225319345135695
1573 11.964861473525538
1574 12.974330308998136
1575 12.530727962021112
1576 12.695653551115345
1577 13.457910074872505
1578 12.646008881820649
1579 12.868709422383692
1580 12.799628198674622
1581 13.191492308077937
1582 13.039020947242822
1583 13.144039061303372
1584 12.999820195061952
1585 13.006861445679107
1586 13.034162453031872
1587 13.130270040705113
1588 12.698248739813234
1589 13.104570645482791
1590 13.01310531658148
1591 15.240949682333113
1592 13.023846635170331
1593 13.023683468119259
1594 13.64047793007595
1595 13.598163706060765
1596 12.959034390825643
1597 13.177262527679764
1598 13.222383187868656
1599 12.604090150315301
1600 12.564948572319043
1601 13.100817052158265
1602 13.481003199909468
1603 12.868856619055306
1604 13.46945508915109
1605 13.515725933009383
1606 12.593261137735853
1607 12.516251287822879
1608 12.842964781124051
1609 14.303511152943985
1610 13.839263666544781
1611 12.33896780838776
1612 12.942965530916423
1613 12.658797204023049
1614 12.870539529145665
1615 12.982949866532982
1616 12.878277376367965
1617 13.33141860802004
1618 12.619796683235037
1619 13.284058212433303
1620 13.485071840782348
1621 13.41064297492413
1622 13.080039026176566
1623 13.027327920080946
1624 13.108147248425977
1625 12.687135005024034
1626 13.696811860002821
1627 13.306298304955163
1628 13.35464035888056
1629 13.040875505268128
1630 12.806774320472993
1631 12.512805855464268
1632 13.432886102311103
1633 12.732681781467363
1634 12.331967800145474
1635 13.763157939463634
1636 12.712354844533825
1637 13.258107780675532
1638 13.033628197316977
1639 13.430956211247286
1640 13.611752116905597
1641 13.336300757501409
1642 14.243278798981681
1643 14.652465512718901
1644 13.38804021408043
1645 14.136879208865794
1646 13.204651892899562
1647 13.682975765046848
1648 13.536300537849769
1649 12.971661605066272
1650 13.787783047999266
1651 12.531944137209516
1652 13.261374289341203
1653 13.208525745590315
1654 13.819970746222367
1655 13.436018845924256
1656 13.648210773360438
1657 13.981332612517456
1658 13.344031866402839
1659 14.482728886425342
1660 13.461656608759853
1661 13.82106470297268
1662 12.847882293387713
1663 12.811838035537802
1664 12.884898246726781
1665 12.95238739777051
1666 12.675031515104456
1667 13.612709877535462
1668 13.718102725013717
1669 13.611590629269875
1670 13.335876449595524
1671 13.596159457122138
1672 13.127346297859342
1673 13.350260975174193
1674 12.946837537151097
1675 13.261093816865722
1676 12.99537260964986
1677 12.785257480107985
1678 12.873991029409432
1679 13.767751468618547
1680 13.381405027495802
1681 13.386724237316699
1682 12.87772263771445
1683 13.479588348376941
1684 12.807835517153508
1685 13.442892504288691
1686 12.953984873837799
1687 13.37259433584718
1688 12.615216121434612
1689 13.286600008363466
1690 13.690156762138129
1691 13.890604453603444
1692 13.04935780455635
1693 13.512169712205468
1694 14.049911548660798
1695 13.295538841793713
1696 13.884014433584623
1697 13.205675907449297
1698 13.00267484425223
1699 12.430638203032032
1700 12.845317181373714
1701 13.242099898008316
1702 13.836722498860313
1703 12.802376810163507
1704 13.491717832825396
1705 12.704726805102274
1706 13.35635955442519
1707 14.197191082214363
1708 12.804952138738438
1709 14.009522407083082
1710 13.364279890494068
1711 12.861717549590733
1712 13.132620309461082
1713 13.687098540492476
1714 13.158152131347606
1715 12.706732633059065
1716 13.080282219666293
1717 12.486806754803846
1718 13.645701563164174
1719 12.120902325447114
1720 12.869832853522745
1721 12.98883612758572
1722 13.345700325777976
1723 12.793996241909474
1724 12.269835115435496
1725 12.718211465983178
1726 12.63524072660398
1727 13.158193703662812
1728 12.80333639550121
1729 12.782332347355744
1730 13.008188436975178
1731 13.361938550226872
1732 13.643766542619154
1733 13.315913295698913
1734 12.73466319403954
1735 13.405566430476238
1736 13.52534127972061
1737 12.364346488003653
1738 12.222820424039204
1739 13.299546178097248
1740 13.391673563266659
1741 12.409371126744526
1742 13.204690373463105
1743 12.960913968191077
1744 12.813950152595169
1745 13.256046177700684
1746 13.79555012136596
1747 13.340073991469321
1748 13.367943979435472
1749 13.285539549827078
1750 13.717107217796261
1751 13.08011573683962
1752 12.832509852040918
1753 13.689867382524499
1754 13.735210161453525
1755 12.9090560445922
1756 13.312892995088065
1757 12.967709880243614
1758 13.668195023752947
1759 12.393524561218918
1760 13.357660273308932
1761 12.646724722339549
1762 13.054466358080198
1763 13.263368277525139
1764 13.797035091274351
1765 13.086866173450606
1766 13.472022308660936
1767 13.157263732976025
1768 13.07546725250779
1769 14.003606050714573
1770 13.230385308795732
1771 12.905783538843933
1772 13.16701384323874
1773 12.872682779088095
1774 13.405933291460345
1775 12.84286984834959
1776 13.388336893806258
1777 13.638956575293678
1778 13.492263046501945
1779 13.036831042070824
1780 13.084489999791606
1781 13.392801538976832
1782 12.762387581808905
1783 12.301703685503904
1784 12.928512540134742
1785 13.390844937414947
1786 13.359283177459623
1787 13.18108363424724
1788 13.843272428751929
1789 13.525609140618133
1790 13.144904027084115
1791 14.381974186611709
1792 12.995325208496544
1793 13.47708654022162
1794 13.104370066800252
1795 13.199128063157948
1796 13.499489922813035
1797 13.375776860403274
1798 12.79195340492817
1799 14.622768060080892
1800 14.873715102829513
1801 14.10979293917096
1802 13.772504615588591
1803 13.786855850238425
1804 13.522889387645238
1805 13.20381989404884
1806 13.989302540698974
1807 13.440451595525973
1808 13.879540953044684
1809 14.434059239881512
1810 13.476521167962234
1811 13.159403238445654
1812 13.022254631699425
1813 13.504132638656042
1814 13.169655533276913
1815 12.647515431391621
1816 12.87911251273275
1817 13.226977929913694
1818 13.439916086812406
1819 12.976732355672775
1820 13.523007936451013
1821 13.47305149871482
1822 13.17258103189789
1823 13.35389581375852
1824 12.632838138825424
1825 13.76069610636704
1826 13.172923360435979
1827 13.21212332178759
1828 13.17455124380255
1829 13.463058105474106
1830 13.015351834144692
1831 12.50471831546025
1832 12.185085489083217
1833 13.825272649400809
1834 13.597958175466857
1835 13.160433337006655
1836 13.239879765479076
1837 13.422751708779614
1838 12.374047895953808
1839 11.946100096246775
1840 11.781031554464668
1841 11.78235275517377
1842 13.664573453185811
1843 13.466796383311918
1844 12.867779907909048
1845 13.59589906852425
1846 13.131830637067686
1847 13.97244772859082
1848 13.41574221325761
1849 13.144933764417438
1850 13.753958613053165
1851 13.89888272858507
1852 11.795458419611508
1853 13.730790524700764
1854 13.251468502850724
1855 13.959516408817796
1856 12.599861301999468
1857 13.469670743466914
1858 14.466342665453098
1859 12.572300036512104
1860 14.557074852094194
1861 13.303322425455656
1862 12.864626536347632
1863 13.673178976847366
1864 13.119974907777877
1865 12.350301458925399
1866 12.75453824349407
1867 12.352045109187102
1868 11.97437596910996
1869 11.737118370062621
1870 12.62002844502847
1871 12.90257886700036
1872 12.982678337269046
1873 14.251371217283513
1874 12.613622796068832
1875 14.199371203136998
1876 12.813155055240099
1877 13.469024751498244
1878 13.299574790946306
1879 12.527478662121844
1880 13.151570535016397
1881 13.278520623157567
1882 13.259208236884582
1883 11.985962490095433
1884 12.829787311227516
1885 12.412507603530909
1886 13.065210758908712
1887 12.988916196886548
1888 14.048736307288186
1889 14.358065449104897
1890 13.789717985802495
1891 13.92159326398487
1892 14.280163985154498
1893 14.235086955188095
1894 13.020905355538233
1895 14.537763260211781
1896 13.315980328117805
1897 14.118281116871799
1898 14.67015558121317
1899 14.208423160644847
1900 13.910798407444249
1901 13.596388298112004
1902 12.509631420113756
1903 13.122251068717983
1904 13.172321532128747
1905 12.64722964215498
1906 12.06203467539689
1907 12.87148190487783
1908 12.797789776621807
1909 12.943850772283163
1910 12.057263400440165
1911 11.323926148684638
1912 11.648952299873304
1913 12.947171993340396
1914 12.832484264582915
1915 12.680258518771847
1916 13.41692433042349
1917 13.53315536753551
1918 13.200034081392731
1919 13.528294620782617
1920 13.591611834857249
1921 14.284689679367794
1922 13.308126623019742
1923 12.8301086813933
1924 12.963449880466642
1925 12.385156467767596
1926 12.906556398502714
1927 12.99906701067354
1928 13.402568323516672
1929 13.04955997769529
1930 13.394804120193758
1931 12.259625517073435
1932 12.308045879777831
1933 12.65067964288286
1934 12.732389414923047
1935 13.120338271853928
1936 13.821296156855952
1937 14.285247761837429
1938 13.801229857118848
1939 12.902673931579335
1940 13.59663043682873
1941 12.752953568757617
1942 12.659063339336138
1943 13.140049612531644
1944 11.793742762794906
1945 11.715700217560718
1946 12.836025768802312
1947 12.628424235374371
1948 12.578058121638938
1949 12.680231169471051
1950 12.638947302673271
1951 12.679440027877755
1952 12.996640959241635
1953 13.129431217074005
1954 13.204194862281078
1955 13.348236342201622
1956 12.615168106204932
1957 13.425150278988944
1958 13.250299419702074
1959 13.33759628086783
1960 13.078569725588446
1961 13.270237060795676
1962 12.744830679538227
1963 12.754519457818926
1964 12.692057797205207
1965 13.322663561940054
1966 13.218017793125462
1967 12.783897418168081
1968 12.075828448036223
1969 13.01469537737516
1970 12.672524980307143
1971 14.598764794446591
1972 12.273621527762494
1973 12.663793040212187
1974 12.173902386306692
1975 11.330387302059673
1976 13.603153261656587
1977 12.620464359036799
1978 12.06268651554459
1979 13.219558506640004
1980 11.900000581032916
1981 11.240198031085475
1982 11.615982553854481
1983 11.892372299571072
1984 11.59622777191437
1985 10.466400164401065
1986 10.291132613217238
1987 12.334051819235
1988 13.016314491410393
1989 11.769746638527817
1990 11.20898900608209
1991 11.997556483841572
1992 10.530206031197553
1993 12.131425617184124
1994 12.11805507269416
1995 12.28246403918908
1996 11.484786591751329
1997 10.895362967367497
1998 11.674220493852959
1999 11.839610856512934
2000 10.169393464786491
2001 11.425920485062463
2002 10.909603443633413
2003 11.33367621939249
2004 10.498948623877407
2005 10.187841599840063
2006 12.188874415747408
2007 11.89550288466442
2008 9.78535523898003
2009 10.78576335666446
2010 10.65818191304691
2011 11.301363366206774
2012 10.113462222776285
2013 11.262236760326552
2014 9.79510327178231
2015 9.024234635568284
2016 9.746554815607576
2017 9.470849714031866
2018 10.140059006674367
2019 11.038111476598047
2020 10.747640714724001
2021 11.142441918614153
2022 11.545317792521109
2023 10.036094482325156
2024 9.415641640716796
2025 9.940192243534003
2026 10.501831357797458
2027 11.758656790139655
2028 11.688946670106262
2029 11.260364732686813
2030 11.710630143272022
2031 10.166846785437908
2032 10.442992074535326
2033 10.834342585693085
2034 10.81885940776728
2035 9.539877177812691
2036 10.9156864038401
2037 8.853709060949148
2038 11.475113185143409
2039 10.407333703585719
2040 11.201864923434748
2041 12.409142970902998
2042 12.98824943570235
2043 12.284181306441935
2044 11.339432913319209
2045 11.276906058429127
2046 11.490295144564184
2047 10.696875006911757
2048 10.328390646835501
2049 12.013600603991167
2050 13.481732442281272
2051 16.10705915220793
2052 15.016992836653946
2053 15.399895895448436
2054 13.563651116431796
2055 13.656308783713117
2056 12.409251186985232
2057 12.3236814778371
2058 13.447234940457609
2059 13.685389457404805
2060 12.277467430835502
2061 12.18275932992422
2062 13.672277277180306
2063 11.77486449078565
2064 14.5404108129596
2065 15.5510138296721
2066 14.046119176729164
2067 15.394396252364366
2068 12.141211122840211
2069 12.709542900678331
2070 12.413702638578227
2071 13.392478203293063
2072 13.23504438497361
2073 13.680645914563293
2074 13.206153789763446
2075 14.327415713549401
2076 13.357934989468227
2077 14.6646250985478
2078 13.146790570729951
2079 15.087731984862694
2080 12.788813134043648
2081 14.000217616887907
2082 13.375823043878992
2083 14.981354570448826
2084 13.87834621083517
2085 15.885057726149583
2086 16.06356201022404
2087 15.8350847237568
2088 16.00051993599292
2089 17.068015544063893
2090 14.50225612264542
2091 13.279332883080656
2092 12.497109819249898
2093 11.189382306566449
2094 12.93328342852249
2095 10.03998573774285
2096 11.046340730764104
2097 14.04982038595155
2098 12.74656684467172
2099 13.072075185102971
2100 13.272611403759646
2101 12.479570266003707
2102 12.352807413130988
2103 12.121817627057988
2104 12.755385253333982
2105 13.1754647968689
2106 12.851787721657383
2107 11.824944599340308
2108 12.417657521929577
2109 12.144297791446379
2110 12.548544681381308
2111 12.49906251134379
2112 12.609430439411188
2113 13.84010134572433
2114 13.00393375750384
2115 12.157097680804677
2116 14.291099627828146
2117 14.681406310324027
2118 13.295308455633988
2119 12.49312315066888
2120 12.204020486524573
2121 11.373064005937017
2122 11.343738748415081
2123 11.84927271890116
2124 10.879284186790573
2125 11.717433062460975
2126 10.002485407210537
2127 11.579318178472505
2128 13.716965652353782
2129 14.550868267399405
2130 14.704146105957488
2131 13.357344423378795
2132 12.740053380938086
2133 11.963535483328382
2134 11.594744014345354
2135 12.239065463473757
2136 11.842018640422657
2137 12.154673379325637
2138 12.209310309812116
2139 11.705994460713246
2140 12.00870905654443
2141 12.28900594305784
2142 12.127546867127016
2143 11.73596178581899
2144 13.401000946255106
2145 13.094017134322621
2146 12.067187723562855
2147 13.27824876593359
2148 12.699786819380696
2149 13.236467351944402
2150 11.060375868397527
2151 11.191429715138847
2152 10.881426398814776
2153 11.29652028421827
2154 11.961599864478647
2155 10.003970053304593
2156 11.991244265457677
2157 11.56187923242831
2158 10.886652323998335
2159 11.15726349289117
2160 10.18520446961703
2161 10.541115409934825
2162 10.961732021418014
2163 10.504308965288564
2164 10.43027033500933
2165 10.469264128179063
2166 10.701923094900245
2167 10.526624574672855
2168 11.755259938992657
2169 11.173258555907369
2170 11.52369454673065
2171 12.04875329372189
2172 11.018249239544794
2173 11.559267572728006
2174 12.005768441072137
2175 12.590718987959896
2176 12.524382829985056
2177 12.415728042976443
2178 12.646293555779915
2179 12.027958779829033
2180 12.431981975101088
2181 12.043976304841344
2182 11.22748856354031
2183 11.279261637187927
2184 12.276629035892984
2185 11.580327783901318
2186 11.298860166341278
2187 11.621923304680978
2188 11.162936442570317
2189 13.648887567237656
2190 12.272213636371713
2191 14.140270627717713
2192 15.187500612908453
2193 12.817818940551524
2194 12.904479060347475
2195 11.589638090344634
2196 12.92580593372293
2197 12.075282412655735
2198 12.957753069604772
2199 11.930748547088967
2200 11.922923811474693
2201 11.920877995062586
2202 12.397391730454727
2203 12.531208919339186
2204 12.27705952825349
2205 12.152743367258466
2206 11.062066307951493
2207 12.449138818033985
2208 11.83163163992394
2209 12.918677970001339
2210 11.915710016979965
2211 13.012376696460054
2212 12.135370859310237
2213 12.341555765249177
2214 12.002894919944204
2215 12.77107579487358
2216 12.434143586562174
2217 12.310808401275183
2218 12.31717654314867
2219 12.21247097801381
2220 11.85385046055222
2221 12.304286527177371
2222 11.955653303453314
2223 12.485233019628215
2224 12.827881350599144
2225 11.770265819148483
2226 12.552906284074938
2227 12.737315541191924
2228 12.163547335793854
2229 12.824532759476648
2230 11.49335500606217
2231 12.50438415396625
2232 12.123619515460037
2233 13.03763770071725
2234 12.941743671307716
2235 12.610867910490615
2236 12.90023468325894
2237 12.900934130983467
2238 11.98084835641303
2239 11.876406427181365
2240 12.017430913452065
2241 11.940256426862407
2242 12.23219679095416
2243 11.449114981702582
2244 11.284159128743786
2245 11.641710517134555
2246 12.332305352635107
2247 12.197437171435618
2248 13.390078287874946
2249 13.074081136660919
2250 13.978622132433907
2251 12.532054870477303
2252 12.690622119378679
2253 12.469992446489995
2254 12.36282301466948
2255 12.744573232274183
2256 12.12629557089086
2257 12.825225855109247
2258 12.651272694674164
2259 12.689871389740993
2260 12.482400858180313
2261 12.70690302209933
2262 12.934670598017915
2263 12.619353324101695
2264 12.877174380133763
2265 12.60142504714724
2266 12.894019067749452
2267 13.137209188467196
2268 12.756070328301636
2269 11.375782917091694
2270 13.691751651728739
2271 12.750604262151658
2272 13.1714555026934
2273 14.461818963935015
2274 12.753778248454328
2275 13.476521622359954
2276 12.153385816298453
2277 12.696837809764615
2278 12.440438226299326
2279 12.41042395737372
2280 12.747908451931451
2281 12.491653048002965
2282 12.904233795251725
2283 12.251847182776118
2284 11.788348726616139
2285 12.29089355806948
2286 12.335612052892056
2287 12.440806969128452
2288 12.22550181393938
2289 11.840611067159404
2290 11.402365155000238
2291 12.387050855679632
2292 11.533614243862313
2293 12.919043550500168
2294 12.02310579987778
2295 12.47771012291544
2296 13.066101691016481
2297 12.701724565779394
2298 13.032263031067947
2299 12.267835790440957
2300 12.330837798423751
2301 13.115178212875877
2302 12.288285419759639
2303 12.166591613803849
2304 12.13105337358628
2305 12.35834860388535
2306 11.755224084435627
2307 13.828259632609845
2308 16.561120011166224
2309 16.086909290522954
2310 15.378005878318186
2311 14.99904721698732
2312 15.671825855164425
2313 14.016728316794127
2314 15.424412239257373
2315 13.27498593881638
2316 12.991558952154458
2317 13.474767738169778
2318 12.914232307985584
2319 13.765020923653434
2320 13.65960282319425
2321 13.774506914942881
2322 13.923927089581653
2323 12.324917733951564
2324 12.148623543076049
2325 11.753688603297128
2326 13.22722841083864
2327 14.185088977112812
2328 14.736265956099121
2329 14.837532795885764
2330 14.983313717997792
2331 13.644818623519523
2332 13.512553596917376
2333 13.445543636178117
2334 13.512138555999798
2335 12.968598624032886
2336 12.805692698173655
2337 13.407648199134828
2338 12.49732052691298
2339 13.020263106121504
2340 12.613490113184502
2341 13.617627879326829
2342 12.380508050096871
2343 13.138643149169823
2344 13.081530340448356
2345 12.453534701299859
2346 11.779783350363775
2347 12.03284369073979
2348 12.741614478148435
2349 12.121552460397664
2350 12.084534187262769
2351 12.573929842611918
2352 12.038051400671831
2353 12.389712918301823
2354 12.789385354016673
2355 12.156315216431732
2356 12.435423843986104
2357 11.759339796941392
2358 11.929589817151186
2359 12.765142644450757
2360 12.789316820244325
2361 12.135790045180377
2362 12.146109736112804
2363 12.561468366115365
2364 13.078431201018264
2365 12.117441871596494
2366 13.797314722688817
2367 12.482372713634415
2368 12.472199628612488
2369 11.809464329914569
2370 11.336726123759432
2371 11.07878297587736
2372 10.764731588003057
2373 11.61751411601637
2374 11.356752348466625
2375 13.09973059244445
2376 14.153365342974595
2377 12.27002124717887
2378 11.927976158615898
2379 11.815959402952451
2380 12.020652061257687
2381 10.927759095752103
2382 11.003263364237608
2383 12.06083188989365
2384 13.138798040218463
2385 12.470475774256627
2386 11.726995366652037
2387 12.238735952680585
2388 12.60985530890467
2389 13.21718101721877
2390 13.006499688958737
2391 14.138972568664501
2392 11.728681860045901
2393 12.406242967764227
2394 11.855378547623745
2395 12.726075805862214
2396 12.952364494360586
2397 12.31062429162543
2398 11.408331015872918
2399 11.128616419790115
2400 11.029461777992045
2401 11.99243410886266
2402 13.083772678678558
2403 11.599671575055677
2404 12.22691430625619
2405 11.921283337240446
2406 12.98033643433308
2407 12.164801041841102
2408 12.065860170310021
2409 9.859325153005042
2410 10.067187637584487
2411 10.881837857856056
2412 11.359377579615277
2413 10.539986176961662
2414 11.028574350389158
2415 10.651176866041016
2416 10.424256458519086
2417 9.75494158790657
2418 10.576966296456805
2419 10.379679717683226
2420 9.807691280954014
2421 10.032775203623824
2422 10.92426276688864
2423 10.069396015994737
2424 10.318737332119323
2425 10.211959331700582
2426 10.122320178651883
2427 11.034710831614607
2428 11.085975317253435
2429 9.444706625806761
2430 10.86227762631519
2431 11.418360053786104
2432 11.068707223838329
2433 10.445640333105096
2434 11.004581777793966
2435 12.097617824355021
2436 10.674317978778744
2437 11.241828764354148
2438 11.13853889053063
2439 11.58099558820424
2440 10.295797716530354
2441 11.231851072907242
2442 11.942686737676924
2443 11.207858069867834
2444 10.767944078857287
2445 11.195033945193178
2446 10.374325939037387
2447 10.399931730081455
2448 10.866447705137483
2449 10.378406035234955
2450 10.481671841870211
2451 10.901203636651573
2452 10.219048332104574
2453 11.487164381850135
2454 11.017299121849467
2455 10.455381101433266
2456 11.764459098151708
2457 11.85482339665358
2458 10.507431501267622
2459 10.291933675834494
2460 11.18863635657082
2461 10.487003184404104
2462 10.547845930431412
2463 9.86586873259842
2464 8.897628858565515
2465 11.031398987513382
2466 10.608758958163856
2467 10.875090876860117
2468 11.015268956421773
2469 11.730978020194993
2470 10.823027918629034
2471 10.767335004962757
2472 10.821215260805637
2473 10.34558861460604
2474 10.676469571044485
2475 10.76449306550732
2476 11.102251976279035
2477 10.920413769885263
2478 11.203182230114425
2479 10.194081650232304
2480 10.203558036169483
2481 9.97909127828114
2482 9.833417900025267
2483 10.34474811627362
2484 11.124124381592628
2485 10.338573417101193
2486 10.792313892570565
2487 10.237611160706766
2488 10.823889865444823
2489 10.706181910877968
2490 10.543237156863933
2491 11.286860786357362
2492 10.427863451908879
2493 10.065863206832205
2494 10.543224603151337
2495 10.70114545211086
2496 9.900692874702886
2497 10.08545573569842
2498 9.965712386659227
2499 9.91801823219966
2500 10.482858518036938
2501 10.422056894184871
2502 10.822621990416028
2503 11.246206420325683
2504 11.05822158418454
2505 11.227689831715315
2506 10.815139212976167
2507 11.447583794323938
2508 12.031795325048728
2509 12.350596307057252
2510 11.677653264385736
2511 11.133483231364009
2512 10.501917368300344
2513 10.86089549942771
2514 10.662690145645666
2515 10.090013471031103
2516 9.32297880633471
2517 10.776824560766551
2518 10.66009938092708
2519 10.544898687040627
2520 10.693958215915911
2521 10.812772030982988
2522 9.807728645286739
2523 10.832388975410094
2524 10.675419449907537
2525 10.356420560724144
2526 10.268490078662772
2527 10.78561098532382
2528 10.831981066007794
2529 9.89424619175407
2530 10.449577865462658
2531 10.382486948737059
2532 10.622335703935045
2533 10.24992728158137
2534 9.846287028856656
2535 11.14269960109895
2536 11.262912454425685
2537 10.777785291227271
2538 10.787488543521924
2539 10.3169794565019
2540 10.167921519114971
2541 10.87217212528862
2542 10.496983445138644
2543 10.410796108038818
2544 9.67965899181471
2545 11.857862413325526
2546 10.389630546573972
2547 10.919329030204727
2548 11.291707454100708
2549 10.460852060603576
2550 11.052943471093394
2551 10.011255333661703
2552 11.155614135616245
2553 11.18631837114441
2554 10.889366080848886
2555 10.513392903561167
2556 10.941746589293237
2557 10.83163612123933
2558 10.312205970177228
2559 10.915056553285547
2560 9.993257755361597
2561 9.973917245387362
2562 10.025963350785021
2563 10.515504926458478
2564 10.83377598548484
2565 10.943337553585348
2566 11.14075001789682
2567 11.559291817715009
2568 11.118106553804477
2569 10.611957723761295
2570 10.848189458940013
2571 10.970361830385402
2572 11.133581323949514
2573 10.732094808335638
2574 9.985817961265525
2575 8.66306823251043
2576 10.887891794857742
2577 10.994740734574002
2578 10.282071706432344
2579 10.073432920373367
2580 11.01154642746091
2581 11.285558135267738
2582 11.904870515864307
2583 11.158574453455852
2584 11.170004389562669
2585 10.47029120802136
2586 10.796827136203706
2587 11.881931664780707
2588 11.114792371482267
2589 11.123790022061296
2590 11.090786443585625
2591 10.95149060492735
2592 10.585229470079407
2593 11.030750119344553
2594 10.515705719023682
2595 8.925538118882862
2596 10.989993924606317
2597 11.086211242926662
2598 10.430728908340509
2599 11.754550247686689
2600 11.296382800968352
2601 10.555136794331863
2602 11.652374115900011
2603 10.76600426685749
2604 10.700378316432612
2605 9.815689027041175
2606 10.02064227964735
2607 10.451118436668454
2608 9.964376705878074
2609 10.700510297221161
2610 9.71689705533772
2611 10.420403423841787
2612 10.025382645827799
2613 10.484845625001002
2614 10.46270661800005
2615 10.269521177225274
2616 10.512248158090665
2617 10.743223398302861
2618 10.511761484862506
2619 11.181555476515813
2620 10.880543662968662
2621 10.488007710482227
2622 12.015628334986957
2623 10.964521751301424
2624 10.19361625134362
2625 10.12736663348959
2626 10.686468234458879
2627 10.95748421676843
2628 11.093690271908972
2629 10.705046482612028
2630 10.675033111457777
2631 10.015637198307456
2632 11.095329427835154
2633 11.032345544369209
2634 10.598340348951185
2635 9.797777114284813
2636 10.617052009623517
2637 10.743719886244971
2638 10.413564421941436
2639 10.658920977068075
2640 9.97358252531964
2641 10.177208242160026
2642 11.41005306143634
2643 10.878268926201038
2644 10.687816825636817
2645 10.53197772997052
2646 10.077976175991775
2647 10.790254145330652
2648 11.216091849968658
2649 11.21590680727808
2650 10.442667424831003
2651 9.917456154909768
2652 10.39136544636654
2653 10.265963246132111
2654 11.074277730398435
2655 10.05408304294674
2656 10.157327850615983
2657 10.598240984283711
2658 10.897012285415846
2659 11.468222774785549
2660 10.590322053309182
2661 10.976502276280756
2662 9.185377311935149
2663 10.126892043088022
2664 10.772250868142638
2665 11.293756214447603
2666 10.318948547306872
2667 9.883105388963243
2668 9.714319741759091
2669 10.624747786696703
2670 10.038000967034906
2671 10.182863525525326
2672 10.206492471608808
2673 10.83941679961198
2674 9.897868210673039
2675 9.65891649864194
2676 11.3990622215043
2677 11.226137093368001
2678 11.119802773859007
2679 9.611958460433915
2680 10.617224886622777
2681 10.779251540046817
2682 8.55402783150071
2683 10.408180137223217
2684 11.411907516942634
2685 9.761005681560738
2686 10.72494633017217
2687 10.594592169462052
2688 10.09852922366183
2689 10.305375804595249
2690 10.745769445823019
2691 11.860216002489063
2692 10.837170986073337
2693 10.384417689478338
2694 10.449868980264167
2695 11.308861103783274
2696 10.498736984060471
2697 11.82926551224854
2698 10.915445278162812
2699 11.511802939291648
2700 10.317602390205847
2701 10.39874201370378
2702 10.955276988184622
2703 10.275674124618394
2704 9.835722962341162
2705 10.357223825482906
2706 9.623822429381882
2707 10.55218611543145
2708 9.565536167459944
2709 10.196359780606858
2710 9.921500327354655
2711 9.784243443855074
2712 10.926708686536596
2713 10.720984745419715
2714 10.559032660011953
2715 10.619612590392956
2716 10.02631136638579
2717 10.151978510044442
2718 10.039874455486546
2719 11.118455482017417
2720 10.86500537023292
2721 10.098690343870716
2722 10.337145006673422
2723 10.288981207101825
2724 10.941430407377029
2725 11.006004803076129
2726 9.099063238602287
2727 9.502702750261703
2728 8.755214749209614
2729 8.12869973752382
2730 7.9673011871436294
2731 8.21383053144837
2732 7.939939816949958
2733 7.196672736361987
2734 7.275418251044352
2735 8.023574426505947
2736 8.407778414282092
2737 7.869356863124615
2738 7.6278895874646135
2739 8.291487140509325
2740 8.591193547780911
2741 8.577307053800256
2742 8.309289691252372
2743 7.649013502776641
2744 7.363179081024906
2745 7.1926963936283075
2746 7.833201051113135
2747 7.522993440805869
2748 6.7630387529391305
2749 7.620587352460577
2750 8.36320979321635
2751 7.259553163031998
2752 7.522502035970325
2753 8.04766963576135
2754 8.422766548195035
2755 7.432125096979262
2756 8.64505619557742
2757 9.096825693738129
2758 8.334462970363884
2759 8.354612449611118
2760 8.326280739512807
2761 9.21724994767851
2762 8.52786207654362
2763 8.666849063001306
2764 8.917374386484045
2765 8.064949402731308
2766 8.533715868920176
2767 8.187933860852835
2768 8.232974627466225
2769 8.166408066333313
2770 8.107060672841735
2771 7.966676439596078
2772 8.338481120152252
2773 8.990970302671203
2774 8.463594784852303
2775 8.996254901115288
2776 7.332210335375469
2777 8.373064597752215
2778 7.951874920634687
2779 9.055403553448668
2780 8.618439550770088
2781 9.28520398401227
2782 8.680727098261562
2783 8.468811018520578
2784 8.36786925888828
2785 8.047388279218726
2786 7.655605442894421
2787 7.958074851110059
2788 7.24678889025653
2789 7.831886163757527
2790 8.341331056636262
2791 7.770567354326909
2792 7.885676692583264
2793 7.816172981750808
2794 8.186809338422975
2795 7.895353024846451
2796 7.026965717802573
2797 7.523851657176821
2798 8.323306904606934
2799 7.769245806313429
2800 7.563467479351771
2801 8.399225379328326
2802 8.731080663669058
2803 8.250042591702005
2804 7.298094475609778
2805 8.488477939593643
2806 8.597293334836758
2807 7.890771360793037
2808 7.299895983578793
2809 7.019609144560798
2810 7.54268048711264
2811 7.068932984137935
2812 6.905387446492692
2813 7.410075112094859
2814 7.4419039730444565
2815 7.213745644139139
2816 7.562093779287137
2817 6.677014866492911
2818 7.212625601293666
2819 6.954611724187093
2820 7.438606067706934
2821 7.167450635230329
2822 7.3892107366904956
2823 6.95969982646143
2824 7.735753446100735
2825 8.31782354528672
2826 8.121147287076889
2827 6.716993512686899
2828 7.743090108949561
2829 7.994541454640865
2830 8.058902312575889
2831 7.691732595043533
2832 7.088334990311282
2833 7.5359486338444
2834 6.556215926301412
2835 6.964074526355445
2836 7.575375647872453
2837 7.632185837215257
2838 7.751525638316573
2839 6.973632295265255
2840 7.097578746966535
2841 7.203012897155636
2842 6.844484868878568
2843 7.308871571631538
2844 7.163351719680338
2845 7.004498480700762
2846 6.805668576723928
2847 7.097423934836663
2848 6.759395083915478
2849 6.869222387400949
2850 6.722968939427673
2851 7.435195654654203
2852 7.493617675835258
2853 7.971088661884248
2854 8.103099769115499
2855 7.8689205498471395
2856 8.280875984497612
2857 8.547374703887728
2858 8.072460863311607
2859 8.509296504393433
2860 7.764945086453598
2861 7.330468587546532
2862 8.051661039201578
2863 7.347383300575556
2864 7.873217977841393
2865 8.288867852220799
2866 7.520781901717596
2867 7.868888829123593
2868 7.626960743371308
2869 7.635185524725668
2870 7.145597515035417
2871 7.437412648082819
2872 7.9461058744063715
2873 7.41644662448672
2874 8.071617073866694
2875 8.073415653525455
2876 7.398970703940176
2877 6.977127335589965
2878 7.856352517182204
2879 7.970226267169353
2880 7.428553387594438
2881 7.314387297658383
2882 7.485293050243242
2883 7.671745812711122
2884 8.337841909719023
2885 7.057362129564598
2886 6.79519151129854
2887 7.47504912579913
2888 6.875567866679635
2889 6.694032955638873
2890 6.740232667744902
2891 7.6159359261739965
2892 7.967436629497138
2893 8.239796320050418
2894 8.281713549300482
2895 7.417008912004927
2896 6.136833785098961
2897 8.390115213434767
2898 7.348225744243742
2899 6.939725209627993
2900 7.655531699925854
2901 7.620515421262801
2902 7.732864012442852
2903 7.399119739554917
2904 7.771248864645649
2905 7.9470108635933006
2906 7.647487068427328
2907 7.393354955771413
2908 7.946074411460476
2909 7.292958152753568
2910 6.315132164784131
2911 6.93987543501928
2912 7.700592905405639
2913 8.127186818134806
2914 7.6013191698153015
2915 7.146032487810513
2916 7.4728748852790305
2917 7.793299160915285
2918 7.646611587363445
2919 7.075620886120959
2920 7.469054752414034
2921 6.90816563826362
2922 7.242594595553803
2923 6.959385905990453
2924 7.456187474717196
2925 7.384682960751539
2926 7.729236896448388
2927 7.648595346726559
2928 7.555273337462179
2929 7.351544861293414
2930 7.407153688670834
2931 7.891416553386097
2932 8.066533856111038
2933 7.885634728903069
2934 8.437117222231143
2935 8.009097481284552
2936 8.465569421295191
2937 8.063098007592012
2938 6.896314157543797
2939 7.466555855769789
2940 7.586705839674553
2941 7.508779192186431
2942 7.4093498557863695
2943 7.8978399995722555
2944 7.938006385822145
2945 7.728144353108777
2946 8.009437700385432
2947 7.874741433087271
2948 8.071020164565796
2949 7.916924899161481
2950 7.751270583396566
2951 8.859117072579316
2952 7.991327883692461
2953 7.357939417307076
2954 7.4604799053203905
2955 7.7212940386447775
2956 8.456974733020791
2957 8.103028415880171
2958 8.436442833442133
2959 8.648364894770799
2960 8.068114135870719
2961 8.170870650629514
2962 9.016484729729386
2963 8.529600026050264
2964 9.124728049518156
2965 9.03751241984464
2966 8.600084009676563
2967 8.75075290384901
2968 9.183255820047053
2969 8.430890007094753
2970 7.631864974186864
2971 8.157910314093247
2972 8.546335130377518
2973 8.236220901843863
2974 8.89042517763975
2975 7.444421240136479
2976 7.894618776703424
2977 7.734098852614555
2978 8.121145382851267
2979 8.059897148421085
2980 8.01519935283526
2981 8.47981699507211
2982 8.255380304396116
2983 8.49484314307187
2984 6.488625623742553
2985 7.780682486702102
2986 7.320018660355292
2987 7.0094003886229235
2988 7.322098859883547
2989 7.21664466665541
2990 8.245578644611397
2991 7.676945248209738
2992 7.192461701534962
2993 7.284220617677418
2994 8.55532443147626
2995 7.577088519842773
2996 8.553019265686185
2997 7.947590200157209
2998 8.704001804697867
2999 8.272596595500232
3000 8.088267289643047
3001 8.064753671685079
3002 8.01419642174394
3003 7.921814028942933
3004 7.223079341360267
3005 7.1136595980652375
3006 8.164898625831475
3007 7.794456656040403
3008 7.993255239430839
3009 7.173315337194133
3010 7.615655549898595
3011 7.841399676241718
3012 7.952612853713599
3013 6.997061277509391
3014 7.593123103601486
3015 7.913709560386079
3016 7.527179639944269
3017 6.892448475613309
3018 7.543084218824878
3019 7.94596739647394
3020 6.6855366374906575
3021 7.693032498597411
3022 7.543158727323106
3023 8.27080038465752
3024 8.035615963176856
3025 8.186353608597036
3026 7.3961542182447175
3027 7.655899812507161
3028 7.164578932165179
3029 7.527303304899807
3030 7.778463932193222
3031 7.553108383521477
3032 7.180043436532005
3033 7.253698264286613
3034 6.679130859599357
3035 8.405549977399085
3036 7.062155137094219
3037 7.735227345274308
3038 7.812351843398606
3039 8.158527490968783
3040 8.667504968643895
3041 7.21991016101979
3042 7.625310255688974
3043 7.758898771155111
3044 8.1750704665369
3045 7.381092382475218
3046 7.897980014272625
3047 8.941883597997792
3048 6.50155343412421
3049 6.636734706134797
3050 6.791987616908461
3051 6.842227161293106
3052 7.185736117328076
3053 8.137667402523576
3054 8.07604702518745
3055 8.155197019109822
3056 8.091349094814124
3057 7.471914725154181
3058 8.040088613875628
3059 6.626594216190184
3060 7.486189953333648
3061 8.386076663257395
3062 8.383341480634018
3063 8.404941848929433
3064 9.363817242778602
3065 9.537784079008619
3066 8.264238924338015
3067 7.799293679354479
3068 7.931733109907511
3069 8.177303609599944
3070 7.76778955925189
3071 7.939293904027807
3072 7.917504531096585
3073 8.083684472182437
3074 8.020330814928998
3075 7.880603015792814
3076 7.921747173938708
3077 7.518899565800846
3078 6.889199776886268
3079 7.381867924297026
3080 7.6525070237974715
3081 7.316772856281786
3082 7.280893626835201
3083 7.6572444108025435
3084 6.9849508425139515
3085 7.912880542683754
3086 6.793096398056722
3087 7.77773015393777
3088 7.990958811374647
3089 7.624641649532269
3090 6.989000259250266
3091 7.135571220740416
3092 7.279415414661251
3093 9.348521110493104
3094 9.164185442305396
3095 8.656346655233907
3096 8.965639631482807
3097 8.596621613736879
3098 7.067664111010491
3099 8.496599927351054
3100 8.542973775611875
3101 8.16212070155143
3102 9.143210394611874
3103 9.26476491228725
3104 9.494310163531484
3105 9.59212859746399
3106 9.108396505768026
3107 8.58494700315284
3108 9.591556298640914
3109 9.305557674773944
3110 9.58845928123618
3111 7.470343674115597
3112 6.7949365137978255
3113 8.434835621754708
3114 8.685848036012594
3115 7.972949719669374
3116 8.10994606189363
3117 8.506054738805659
3118 9.087401247026552
3119 8.68919280275227
3120 9.572308950051688
3121 7.714545231138194
3122 8.997021987788015
3123 9.104785647643208
3124 9.969127589781529
3125 10.139790358534299
3126 8.562488671283589
3127 8.804954359422101
3128 9.438368183504545
3129 9.329767885745891
3130 9.446961878058804
3131 8.96364655932614
3132 9.013283899969736
3133 8.76288649073831
3134 8.529223024850424
3135 9.904646693398538
3136 9.694664485111007
3137 9.837137577925883
3138 10.493239575974732
3139 8.953741725709337
3140 8.728224977194753
3141 9.87793844064666
3142 9.304218380809493
3143 10.140733471757635
3144 10.145662611426827
3145 9.444550050938979
3146 8.758913925263869
3147 9.586030077713716
3148 9.751820384957067
3149 9.794344707842894
3150 10.23240428991167
3151 10.348897535514032
3152 8.702674511458982
3153 9.29507925761311
3154 10.671732083888452
3155 10.95970067938932
3156 9.916228096702296
3157 10.723940513405653
3158 9.069246366353445
3159 10.405000152067007
3160 10.585046070303644
3161 10.300485485162122
3162 10.603857869574881
3163 8.280443951331117
3164 8.998752607619046
3165 9.345255002853705
3166 10.25244971128538
3167 8.853434722486156
3168 9.948506825055734
3169 9.438049579128771
3170 9.695922178747162
3171 9.944114161977113
3172 9.202680180940202
3173 10.111223397755472
3174 10.523243045398775
3175 9.73648780719579
3176 8.79779289704064
3177 8.4991930724556
3178 10.443147176559096
3179 9.448721614516067
3180 8.689438878972473
3181 8.959297984967094
3182 8.544437417113421
3183 8.194584128480255
3184 8.558139500145902
3185 8.659824486391933
3186 8.03287956506482
3187 9.474772680432814
3188 8.366644413771937
3189 8.562162507962544
3190 8.727839883692706
3191 8.648801198115653
3192 8.026646088926698
3193 8.426848276061742
3194 8.348043396735276
3195 8.573357907298606
3196 8.551042183519874
3197 8.44676941555069
3198 9.314240743733498
3199 9.421503079925698
3200 8.721989402225844
3201 8.652598284158719
3202 7.763622254935266
3203 8.72965037522367
3204 8.780123438576195
3205 8.82574909207418
3206 9.239327465113538
3207 9.316589798176036
3208 8.454284089951488
3209 8.782413451880934
3210 8.669631463961053
3211 8.645008706242702
3212 9.286627084600918
3213 8.331829774210934
3214 8.540718110394787
3215 8.425708562541491
3216 8.714908700994144
3217 8.513725061558088
3218 8.81679814267624
3219 8.749424785297974
3220 8.060063244008656
3221 8.538654645281028
3222 8.368335680855058
3223 8.712803422788774
3224 9.184057387483406
3225 8.545960621695901
3226 9.34888451472053
3227 8.51624112636251
3228 8.410129769229679
3229 8.076265644987307
3230 8.38059413326583
3231 8.217592581143506
3232 8.269642140524486
3233 8.180998836213295
3234 8.8922324701723
3235 7.394148990549829
3236 7.161395272225311
3237 7.298641686283996
3238 7.841621158016116
3239 6.3506416325191575
3240 8.344278606272306
3241 8.396025713380174
3242 8.178952981649978
3243 9.074216762889364
3244 10.182262748887847
3245 8.81047406974053
3246 9.137839270938871
3247 9.145990617136066
3248 8.75220606216896
3249 8.898559420607105
3250 8.935273745667862
3251 8.777379826839082
3252 8.67792826870194
3253 7.807224254953135
3254 8.546220840851564
3255 8.267123519560256
3256 8.789239840871582
3257 8.275921487521616
3258 8.488446089075017
3259 8.129902730655505
3260 9.713860526160335
3261 8.811628657298668
3262 7.786628800275976
3263 9.322555709824837
3264 8.33612170246751
3265 9.43909076369081
3266 11.097039716223689
3267 10.65701827716824
3268 9.413801220857582
3269 8.607393935602015
3270 8.448849567609438
3271 8.452795586967106
3272 9.297239031513048
3273 9.222276547074344
3274 9.180759390904667
3275 8.70112312404552
3276 9.424451122868525
3277 9.012453941283336
3278 8.787693479528679
3279 9.36797813834102
3280 8.140177351422032
3281 8.44349420427731
3282 7.8331146450066464
3283 8.25178287399427
3284 9.110235253749973
3285 9.782627486504744
3286 9.049947780855293
3287 8.343204467887624
3288 8.440400053129586
3289 8.435708745359577
3290 8.356672680760072
3291 9.242549369272437
3292 9.564261704374442
3293 8.92157399009683
3294 8.788993593442532
3295 9.522371288073554
3296 9.876565336752343
3297 9.019706364204552
3298 10.460888939893607
3299 9.637531622976818
3300 9.09966301494829
3301 9.378817418898745
3302 9.792684147326716
3303 10.23928673014431
3304 9.500886032957865
3305 8.672651228515418
3306 9.873181313352925
3307 9.754270623133538
3308 8.698389914722277
3309 9.256173165298954
3310 8.840459181923485
3311 8.912233207839526
3312 8.726855689912224
3313 9.24622442772597
3314 8.938508645077151
3315 8.985076359103534
3316 9.534775192081753
3317 9.246574912513957
3318 10.76480238119179
3319 9.114950796342043
3320 8.658951658150778
3321 9.151464177637683
3322 8.586524663032243
3323 9.039045020087094
3324 10.204167362969212
3325 9.71977294533768
3326 9.866723721692901
3327 8.861566483785367
3328 8.625791662926405
3329 8.586325936991742
3330 9.487441844586519
3331 8.61262866393402
3332 7.9767747684830175
3333 8.839044879153667
3334 8.931116302644977
3335 9.052741048501067
3336 9.30190095850871
3337 8.6747671495443
3338 8.771047310097652
3339 9.606277534118874
3340 7.50164600310238
3341 8.551578566408262
3342 8.71880617262025
3343 9.126993062658551
3344 9.014888447229191
3345 8.965769384836419
3346 8.071428295215279
3347 9.004236871868128
3348 8.989183273935916
3349 9.110694082755394
3350 9.082190615351891
3351 8.603556177111402
3352 9.505202998348873
3353 8.486765198416673
3354 9.909373279296045
3355 9.341831190320436
3356 9.465009979881495
3357 8.292350857562496
3358 7.626070983932441
3359 8.882079494114638
3360 8.694130165309964
3361 7.797662751589538
3362 9.386531329065454
3363 8.547505749271474
3364 9.221713320857802
3365 9.656047126335293
3366 8.293752320289299
3367 9.139350188400082
3368 8.609672453416557
3369 8.019288688899746
3370 9.329037828424829
3371 8.631715933981745
3372 8.246555123116426
3373 8.367971652315015
3374 9.465810221890377
3375 9.354226492528761
3376 8.384582618837179
3377 8.892542147362192
3378 8.483759837248934
3379 8.041228296436422
3380 7.032422188858401
3381 8.776568656574579
3382 7.43679759833872
3383 7.848015931358175
3384 8.017216162078245
3385 7.161549056767231
3386 8.095043181431087
3387 8.831401148795722
3388 8.843863694103154
3389 8.474529092044984
3390 8.519831099748947
3391 7.589814303615789
3392 9.057917228354407
3393 7.927747316996691
3394 8.113926923029169
3395 8.896624867511441
3396 9.644529249411775
3397 9.430593126058502
3398 8.379081808008047
3399 9.17598149783881
3400 8.929409401439395
3401 9.09943640500829
3402 9.67083867637616
3403 8.827124506687355
3404 9.508898321022793
3405 8.494151654019285
3406 9.202869565677
3407 9.441409243148518
3408 9.248813502972247
3409 9.063602923608968
3410 8.246051636576224
3411 9.568801138777435
3412 9.002483578668087
3413 9.020801915746521
3414 9.615531570968283
3415 9.131976955717333
3416 8.788127193936356
3417 8.726577570387919
3418 8.333671292668626
3419 8.77576896478991
3420 8.919827305445615
3421 8.429435771244728
3422 8.164327663969445
3423 10.300262487653868
3424 7.826691267310155
3425 8.470460320018006
3426 7.723911057062314
3427 7.930563787063313
3428 9.493554941946238
3429 9.597527706568433
3430 10.038330582242104
3431 9.482359072680332
3432 9.979194202990175
3433 10.05732203234699
3434 8.772511879564362
3435 8.524174897997575
3436 9.069271517250488
3437 9.418521668076854
3438 9.163930419049747
3439 8.917690885918006
3440 8.397612374403764
3441 8.700367317173926
3442 8.953447678140085
3443 9.197570765993778
3444 8.583653880860908
3445 9.092193988414541
3446 8.431030952410207
3447 8.122710038124433
3448 8.005143787568388
3449 8.690690245710503
3450 8.530790298104101
3451 8.164540274275943
3452 7.761852344744134
3453 8.65268956227552
3454 8.131631826807261
3455 7.855460392686523
3456 7.685071829326031
3457 9.071315438521179
3458 8.972253639011676
3459 8.537533386374347
3460 8.322003425331843
3461 7.954412780770766
3462 7.984571969559327
3463 8.253960154503973
3464 8.306759659781024
3465 8.8356833895756
3466 7.760594447991082
3467 8.295857332541503
3468 8.534763780318055
3469 7.922067908500087
3470 8.471708855707583
3471 8.577500708650822
3472 8.025680890803288
3473 8.903819785159774
3474 8.701888248740623
3475 8.84135207226143
3476 8.421445346997457
3477 7.648727611103274
3478 8.10772785427302
3479 7.63775602174334
3480 7.8436290813589835
3481 8.062443717800065
3482 8.253777445593153
3483 8.638641162304577
3484 8.986748131091671
3485 8.430077018109726
3486 7.273396526731056
3487 7.955362996403669
3488 7.563266417991448
3489 8.405204728892876
3490 7.676250369256943
3491 7.89884588917893
3492 8.343290714628226
3493 7.876991563452806
3494 8.52903126755133
3495 8.872504051167342
3496 8.818130245693574
3497 8.562367099336631
3498 9.310414089287598
3499 8.86357657635952
3500 9.026964031394904
3501 8.590424665743042
3502 7.6635937503877285
3503 8.486328725817714
3504 9.064238005766185
3505 8.321642861152455
3506 8.248156444498832
3507 8.291213636293897
3508 7.581760870236402
3509 8.92393093005706
3510 8.183643876087563
3511 9.17992242314829
3512 8.71433126324075
3513 8.897717105621123
3514 8.866275597357301
3515 8.008231342494495
3516 8.461402635978756
3517 8.74120150768352
3518 8.388309313041805
3519 8.717299839470284
3520 7.900358638376154
3521 8.872251878256108
3522 9.229014396722224
3523 8.93460826669571
3524 9.202991256841216
3525 9.340778663030665
3526 8.830445556442196
3527 8.434868173977273
3528 8.703977727092187
3529 8.602935953177742
3530 8.829697416620167
3531 8.144732789117933
3532 8.589078687397429
3533 8.569398754490267
3534 8.06613614731235
3535 8.742493876934791
3536 8.29778603028912
3537 7.729911636378705
3538 8.51798948093224
3539 8.608013181916238
3540 8.741084932566705
3541 8.397820757162306
3542 8.236778091862211
3543 7.893811982293015
3544 8.86794183153931
3545 8.043096517744328
3546 8.610132103220177
3547 8.376773589070675
3548 8.475368593236903
3549 9.11515830569548
3550 8.626952868105091
3551 8.618484269177975
3552 8.698067297956467
3553 8.257562216635003
3554 7.647727225786093
3555 8.48616654912587
3556 8.155967658018003
3557 7.359649868588158
3558 8.677688905806958
3559 8.769427102245487
3560 8.21258616924708
3561 7.698739511297037
3562 7.72337493058894
3563 7.211596596360171
3564 7.710998234022503
3565 7.961734277945756
3566 7.7566439383283905
3567 8.59775303436746
3568 8.131235322317421
3569 7.9521286125599815
3570 7.60578559587319
3571 7.570172666251305
3572 8.582546387088339
3573 7.727030162144408
3574 7.972566703861004
3575 8.100655992923498
3576 8.1465279899649
3577 8.266498250211518
3578 8.023838008312254
3579 8.446699257246406
3580 8.100863754258057
3581 8.054888548948528
3582 7.888969179394934
3583 8.15503512695859
3584 8.106774931749271
3585 8.54754639290211
3586 7.660089273271426
3587 8.601017706249316
3588 8.605534990660525
3589 8.114227989441595
3590 7.869633117758782
3591 8.01298101459089
3592 8.369429138073118
3593 9.039853763411514
3594 8.606642905209734
3595 8.661630946771195
3596 8.541196365962442
3597 8.925113743875434
3598 8.49402731247894
3599 8.337769036961257
3600 8.459336013892795
3601 8.791745933034278
3602 9.161825168299146
3603 8.694864371073356
3604 8.132977922217572
3605 8.183628156635962
3606 8.249264422870878
3607 8.34453892320036
3608 8.184258612905078
3609 8.627822940500991
3610 8.36860999182923
3611 7.793193141845176
3612 7.709898360799189
3613 7.3547345062289216
3614 7.820235263749818
3615 7.838970422715626
3616 7.869412292338956
3617 8.429374327374042
3618 8.69498748688802
3619 8.342761473577074
3620 7.4294392619967144
3621 8.763722708831445
3622 7.8007798632451735
3623 7.84351423173593
3624 8.325995605285861
3625 8.25854081178598
3626 9.114583972480746
3627 8.66145465444112
3628 8.386572248295105
3629 8.639618343472067
3630 8.380959405552604
3631 8.529880637511454
3632 9.449800502611943
3633 8.56574448184082
3634 8.082038966125833
3635 8.613939787741666
3636 8.40171072947198
3637 7.556251545125465
3638 8.66656246784567
3639 8.535304306726788
3640 8.869147638346384
3641 8.131275653367307
3642 8.76330924928501
3643 9.519836148358431
3644 8.893931029855144
3645 8.381190858298659
3646 9.20453601716537
3647 9.19798642024721
3648 8.898590588021063
3649 8.683271085445819
3650 8.363682853834476
3651 9.264668424624904
3652 8.78448274167204
3653 9.572717928791445
3654 9.171518749995753
3655 9.400363461306453
3656 9.272580693460863
3657 9.117644817968205
3658 8.22086470852036
3659 8.468930959285444
3660 10.073898414131353
3661 8.786378389533224
3662 9.918162058635446
3663 8.970809709611915
3664 8.836446495504706
3665 9.84070673077694
3666 8.627298395835993
3667 8.984609720835687
3668 9.367672344353434
3669 9.161661409451385
3670 8.962127666559185
3671 10.399577551144322
3672 8.683010923193883
3673 9.371998005735351
3674 8.53644306558835
3675 8.818512295695612
3676 8.902309792510847
3677 8.523055879159372
3678 8.919705374243405
3679 8.379996271094718
3680 8.44690998394393
3681 8.873151696456585
3682 8.618422211290824
3683 7.996485952594901
3684 8.543556572713543
3685 8.24455851946876
3686 8.601593992206647
3687 8.790744441100868
3688 8.708971934962715
3689 8.493701088778618
3690 8.710796370288175
3691 9.44322348899353
3692 8.507818067552286
3693 8.263636697996734
3694 8.633630943029754
3695 8.477540168793993
3696 8.385598100649226
3697 8.997128236384556
3698 9.011752494892017
3699 9.192905044806555
3700 9.494833334849087
3701 8.75069528469265
3702 9.105558603166315
3703 9.342573246649042
3704 8.97123539887285
3705 8.850024877170865
3706 9.014228314183711
3707 9.538443137255841
3708 8.6328075202176
3709 9.304377434665973
3710 9.167558699125168
3711 9.18314539832482
3712 9.324592523669644
3713 8.610070588535821
3714 9.400201811453922
3715 9.300955375119406
3716 9.163522661099364
3717 9.692469129989513
3718 9.411779373241316
3719 9.634528033668552
3720 8.80191416918245
3721 8.853242889560573
3722 8.234549384235681
3723 9.491166609008506
3724 8.953941020765459
3725 8.882572374332513
3726 8.662268034217677
3727 8.98164494870584
3728 8.887979340318065
3729 9.729066249595014
3730 8.884899658942215
3731 9.166984053789545
3732 9.129949967841672
3733 8.462747093261964
3734 9.441873015521523
3735 8.739019373807986
3736 8.647591185186263
3737 9.408165325513957
3738 9.429478315799301
3739 8.397664977473083
3740 8.707816558583817
3741 8.919320740128155
3742 9.41056519575484
3743 8.592869163517433
3744 9.34925451818049
3745 9.908425551083516
3746 9.236415454467464
3747 9.334639488378889
3748 9.064835189529473
3749 8.594487944485772
3750 8.674077583634698
3751 8.40985695260588
3752 8.931021899145955
3753 8.917127883410505
3754 8.244380970781249
3755 7.951114983639054
3756 9.844261976557098
3757 9.139568155875697
3758 9.41805503314082
3759 9.152346127409047
3760 9.166074892495773
3761 9.43708788063371
3762 9.325336782189884
3763 9.232198567111904
3764 8.090628260289849
3765 7.988787829943334
3766 7.989782385297682
3767 8.068510288905966
3768 8.909283745946844
3769 8.888139237607465
3770 8.363751174951405
3771 7.967318179180311
3772 9.026767278586766
3773 8.92904897534143
3774 8.954729022849412
3775 8.2179589301016
3776 8.591303534913111
3777 8.402072025402498
3778 8.271288837241336
3779 8.20443291396416
3780 8.360819411785046
3781 8.86615438104719
3782 8.499275959737897
3783 8.554407897620239
3784 8.762456058747876
3785 8.431081266947288
3786 8.64271312603638
3787 8.473407401676667
3788 8.342089058614874
3789 8.333781240385632
3790 8.326159980573893
3791 8.707422659486372
3792 8.628770658638086
3793 8.516035128366049
3794 8.266139256861623
3795 8.36089493439892
3796 8.110444349637564
3797 8.34585437854435
3798 9.053321474171216
3799 8.29026259418217
3800 8.581078843994987
3801 8.755054021785572
3802 8.516789071078083
3803 9.19462559496693
3804 8.450816231918342
3805 8.442287811093784
3806 8.505073595705849
3807 8.549455020542997
3808 8.246649132764864
3809 8.520636170068238
3810 8.224130968248954
3811 8.789881080758104
3812 8.410186718705711
3813 8.373113656038559
3814 8.770380212518667
3815 8.246572276732714
3816 9.442354962446796
3817 9.343380651391893
3818 8.658556491966083
3819 8.978056285080296
3820 8.174214912158106
3821 8.419968151748453
3822 8.911653468325001
3823 8.659205925499494
3824 8.806358009078815
3825 8.417844546668302
3826 8.115016922436787
3827 8.72236536298533
3828 8.51546633520396
3829 8.6853478604652
3830 8.372180123695449
3831 8.158159859174672
3832 8.227288808264872
3833 8.862603299973527
3834 7.789479948650055
3835 8.1265496774202
3836 8.55267738858358
3837 7.418042217877204
3838 8.218766270561094
3839 8.744092277468877
3840 8.210344647241548
3841 8.710617506618838
3842 8.290559549666568
3843 8.344338493116279
3844 8.201475639979511
3845 8.47147197056659
3846 8.866633963983036
3847 8.516082891216907
3848 8.578295912784977
3849 8.423890568676418
3850 8.773547951047188
3851 8.355999333360932
3852 8.383844587406568
3853 8.005539939219112
3854 7.960061791541585
3855 7.939943900565253
3856 8.469995049721586
3857 8.190208655641532
3858 8.134345863417527
3859 8.490042345722348
3860 8.148157985364909
3861 7.994307585898291
3862 8.119587979337442
3863 8.15677511964625
3864 8.077574981633202
3865 8.349406264262283
3866 8.593716067493872
3867 8.479361123785463
3868 8.126396275341753
3869 8.561128448052562
3870 7.97440284042936
3871 8.456193478110746
3872 8.117914666419143
3873 8.485737723053072
3874 8.321303095469167
3875 8.548728503260662
3876 8.07917681140424
3877 8.78784176224486
3878 8.798265690305039
3879 8.662057246651045
3880 8.632889603641765
3881 8.764080666200114
3882 8.092128633569358
3883 8.54728131473976
3884 8.263144083655893
3885 7.708266288308375
3886 7.789615700377973
3887 7.905895442782141
3888 8.108181225146675
3889 7.756459068479055
3890 8.209436273106057
3891 8.488944298478133
3892 8.51719070168159
3893 8.814331167236904
3894 8.34546463822055
3895 9.674042800645601
3896 8.901432868937045
3897 9.411506479867452
3898 8.551912566978531
3899 8.426845616702524
3900 7.975460744944657
3901 8.17497275696625
3902 8.138347402156924
3903 8.825688358800408
3904 8.695196853117142
3905 8.230738913747809
3906 8.145888604002673
3907 8.337625612760881
3908 9.07008171920617
3909 8.272757325308936
3910 8.621706673438105
3911 8.355073039403344
3912 8.518590801056387
3913 8.732905697111576
3914 8.65757376166455
3915 8.246531732167439
3916 7.730794817369954
3917 8.19148859426358
3918 8.777127400897305
3919 8.15551425849355
3920 8.469699749020664
3921 8.618843906584006
3922 8.32399966497793
3923 8.0728204986293
3924 8.702994525854068
3925 9.457867707627578
3926 8.3334227668955
3927 8.897675813995306
3928 9.292465545294377
3929 9.423689783643892
3930 9.5009504266498
3931 8.458052417980422
3932 8.789079511249325
3933 9.262041783170908
3934 8.71492741745193
3935 8.324507816141699
3936 9.328236993502147
3937 9.726182381416566
3938 10.248566079277786
3939 9.920555550579428
3940 10.365952053253647
3941 9.609534381441588
3942 8.937561819588232
3943 10.251004544821072
3944 10.263502516062257
3945 10.442887735335725
3946 10.817392739370032
3947 10.507727185025212
3948 8.683743578386736
3949 9.07636376155575
3950 9.084483357239694
3951 9.734637202420345
3952 9.452293187369179
3953 8.36766712130487
3954 9.931541539788217
3955 9.546135846872426
3956 8.205157298063755
3957 9.199702496193847
3958 8.59988194877281
3959 10.334300161764927
3960 8.993285045603908
3961 9.154940083524034
3962 10.034742640923744
3963 8.634898885030136
3964 8.541402685201477
3965 8.691072053637157
3966 8.238583315386233
3967 8.325815303669984
3968 8.389136264128119
3969 9.96988182738691
3970 8.911934876309946
3971 8.52777707007958
3972 8.279697570602318
3973 9.181598537444842
3974 8.663881557177406
3975 8.353127256177794
3976 8.622131440593336
3977 8.379554054001124
3978 8.16618329526373
3979 8.609545120776882
3980 9.189007798537068
3981 8.631869095422148
3982 8.077162615713853
3983 7.94724103455324
3984 8.159346752531286
3985 8.365608886161313
3986 7.7964520253384455
3987 9.018221369523845
3988 8.753417708155476
3989 9.289865454913462
3990 8.591468086958058
3991 9.28661481999548
3992 8.491137561950977
3993 8.867255108614692
3994 8.876446478884686
3995 8.695003968668939
3996 9.29998816887259
3997 8.344494409127071
3998 10.521892714147093
3999 8.723534457773567
4000 7.997329262478199
4001 21.989219381198705
