0 15.699525779609079
1 21.570215982976237
2 16.220256902164405
3 16.92845631406743
4 19.94902191460786
5 23.418791947192556
6 25.05522440602717
7 20.851281579348665
8 15.62258342123095
9 15.137854781462723
10 14.652764130410999
11 15.69167372583257
12 19.491942212377687
13 18.220777481735677
14 19.567064636385997
15 19.498434698535537
16 19.565172017816398
17 18.641056277181114
18 17.766172184109088
19 14.368518536470116
20 13.237447499750925
21 10.738904080021689
22 13.65745574586656
23 10.101133770299832
24 12.819457741635137
25 13.036596568980153
26 10.248705594986104
27 11.759447365252093
28 17.65989852979934
29 15.822514764349089
30 17.484589341809787
31 15.821254873028096
32 13.71882582352925
33 14.272491348165708
34 11.890618692316968
35 12.92517560598315
36 11.939850872394633
37 15.166580064507203
38 15.189469607793058
39 15.108464207639031
40 17.173339383621403
41 16.27403935620192
42 15.97083249793015
43 17.406323118343753
44 15.935487428888566
45 15.801820503911852
46 17.038121801215226
47 13.480386907933054
48 16.699893975201142
49 15.516199307745202
50 17.313095430588998
51 11.885099906839221
52 11.901215420884531
53 12.040305763050988
54 13.337352015582377
55 12.324426804652587
56 10.166113752003094
57 11.975682329908976
58 11.774779967242802
59 11.150674210838497
60 12.606090209069503
61 13.325116565245233
62 13.769553317524617
63 12.019756983682546
64 11.960241592933903
65 9.651310172524616
66 9.219558086690524
67 5.268221408454644
68 6.54253357624737
69 7.817327237761888
70 4.781560087479618
71 5.971416684602138
72 7.305236221453377
73 6.006393658910566
74 9.226735599993471
75 7.487038873961564
76 4.323077320143939
77 2.7388528903873177
78 4.687267396577288
79 2.6891155757376204
80 5.479998728065837
81 2.743456619611186
82 2.8758490936370187
83 5.035479989684124
84 7.489770323793559
85 6.800616258186474
86 9.87848728043651
87 6.456258807019504
88 5.150331328468486
89 6.701694118343347
90 4.59189052252697
91 6.066715203870348
92 6.976591288964212
93 7.584225817043175
94 7.936391689991869
95 8.52943665991174
96 11.581641285858765
97 11.665322299238698
98 10.535897323711804
99 8.881243777075401
100 8.416638333275163
101 9.203309394293054
102 9.801655833121115
103 11.68334876639615
104 8.198338825927232
105 7.750106461908627
106 7.365458413108735
107 9.252418412576084
108 6.969504165751003
109 12.796093359053396
110 11.11621167009371
111 12.911047436974377
112 12.57465715346045
113 13.881849382358382
114 14.205802965037599
115 13.696054790945114
116 9.796103703627445
117 10.721703637173547
118 12.097591550750902
119 13.87941405332068
120 13.273712676137663
121 14.508958447104172
122 15.311558231165298
123 13.891647424574508
124 12.855639064340199
125 14.924829374481376
126 13.832626944768535
127 12.510908294746773
128 9.83556249363139
129 14.442418979065165
130 12.509825987547154
131 12.23785879031302
132 11.957026645450854
133 14.26256504990298
134 12.01742179755037
135 11.693403068351738
136 8.583023641758022
137 12.291434657863794
138 13.061434974292851
139 11.645389409448617
140 14.165514961468265
141 14.215137787593035
142 17.464761983111043
143 14.526308737068728
144 14.974095062069798
145 15.491623175671645
146 13.130526336616182
147 17.057902323925028
148 17.371851192869922
149 14.011745443591538
150 14.279183942735724
151 14.296245438452969
152 13.629783248857695
153 12.552785588529385
154 14.988673947692622
155 13.853539127630675
156 16.198692663872873
157 16.433944017951088
158 18.076935730165275
159 14.8731050482099
160 13.671870556026507
161 13.791698721255859
162 12.096544164937697
163 13.957392916944691
164 11.307672412209378
165 9.037182185282555
166 9.263496481155483
167 9.146105147588923
168 12.43047446213301
169 9.614467594843905
170 12.741622225664495
171 9.991887623622121
172 11.645095176586969
173 13.056661713358173
174 13.16400648617326
175 12.45775741314685
176 10.721479791240947
177 10.408429602059512
178 12.621433009300182
179 10.481552574382938
180 10.728307700261112
181 13.551464990341723
182 12.63345373295424
183 13.612388175794143
184 15.198832940774675
185 12.507711402747077
186 15.541203659750813
187 18.428576563046242
188 17.482142691063906
189 14.299762755129777
190 13.105628040378162
191 13.135775426857071
192 11.845595336549183
193 8.154524867323993
194 10.174064428334923
195 11.47988939637607
196 9.3603341858869
197 10.551207627012888
198 11.833810377200471
199 10.359173638444599
200 11.93401691404048
201 12.797018813824298
202 9.36146816737535
203 9.64846697632879
204 7.624308372574009
205 10.464040671903483
206 9.868827956856283
207 9.867585220076164
208 7.724164690207381
209 9.74066282559146
210 7.094414171011192
211 8.25145973377263
212 5.245080229201011
213 7.400341948785021
214 6.635250880801494
215 9.206439500816616
216 9.90091464894246
217 13.553605195218687
218 12.585932102354391
219 11.350429026290625
220 10.395012362622882
221 11.243542528767543
222 9.501831402500839
223 10.566694097718171
224 10.684225501777531
225 10.801133047433094
226 10.252283256083293
227 10.057040678796946
228 8.242137505312911
229 8.286413296759253
230 9.125550089186
231 9.818773248190084
232 9.826859527269123
233 9.62740221836391
234 6.9748945339567285
235 7.63861925120986
236 6.846244031329126
237 8.196783534248539
238 6.102846178792478
239 7.836803159557573
240 5.94129437456516
241 7.69618428388233
242 9.697794382938227
243 9.412993600901082
244 8.34688690804265
245 7.086473543203064
246 7.47399526483251
247 9.402437952472987
248 8.235904098384225
249 8.130456383952666
250 8.62928949262479
251 8.537008942052966
252 8.03171471270128
253 7.336378607403889
254 8.16283966423711
255 8.857235684030355
256 9.197275146822044
257 8.178689450346955
258 10.570996754114622
259 9.060024239212327
260 7.662463522595879
261 8.547469285641936
262 7.196067159171847
263 8.423704001883486
264 7.692239383899636
265 5.827606640352018
266 6.523347120679279
267 8.218973215486177
268 7.1946759268816685
269 7.71999566122667
270 8.298318934885987
271 8.101266202789853
272 6.568795884573799
273 8.317431624660154
274 8.24555651496879
275 3.772638232998851
276 5.554723725135241
277 3.734022179091679
278 5.758731553231803
279 5.633507361005276
280 3.566876437392123
281 3.7456191708506275
282 3.273342353469388
283 3.806897395458639
284 5.616327882659263
285 8.000619521378214
286 7.159968736999401
287 6.6181364549443185
288 7.099444152996984
289 5.790958381492988
290 5.53657107667987
291 8.942842498354798
292 9.020655978387067
293 8.775886982838152
294 7.902647692115956
295 7.379002574523987
296 7.658375461213193
297 7.353564803539559
298 7.137621403883826
299 7.49093478390911
300 8.398377380780552
301 6.989309009243042
302 6.82732955546669
303 7.277259397785901
304 9.121732655121095
305 8.520342778310168
306 8.052996242979145
307 8.519646288915514
308 7.920462824854254
309 6.966016737537251
310 10.23830457838371
311 8.518545058765806
312 8.66853349041771
313 7.309813504015381
314 7.157309102388129
315 7.919501451446469
316 8.900269869540802
317 7.998591689225546
318 8.568179298812666
319 6.914412413911089
320 8.501113112327037
321 9.407362820661724
322 7.764867067799255
323 8.255672981469038
324 8.776597379051905
325 10.681236560688433
326 11.376831459180975
327 11.217779853108343
328 10.253787450282443
329 8.84489456933657
330 7.620192783751177
331 8.736927950360736
332 7.9569171151573395
333 9.02251412255439
334 8.841610533608355
335 7.728788986208845
336 7.699007215431966
337 9.180039012887798
338 8.537765997078598
339 6.9774156279575
340 7.207204995478527
341 7.885230425348347
342 8.691197268908285
343 8.672654373235023
344 6.794159296617186
345 8.822005806171227
346 6.98001327557391
347 6.346278627672107
348 7.414371339228807
349 7.193115442684764
350 6.359933817541182
351 7.912270516248738
352 7.3585604513156415
353 7.712904760095921
354 8.442968073085252
355 8.101337478229762
356 8.105690832801166
357 8.334947322961336
358 7.957804813954706
359 7.5472688108965125
360 5.91636640552469
361 7.865988916504232
362 8.858027773172399
363 6.693598316973779
364 3.311444612567676
365 3.3430158216266297
366 3.632781217112556
367 2.94720636563873
368 3.3156045986722993
369 3.6692704561329093
370 3.0927159767359274
371 3.262288622564863
372 3.635881492014936
373 3.768822700172967
374 3.4714067737400645
375 4.649866169310654
376 3.362686168185874
377 3.6789725088290024
378 3.602515639755524
379 5.770485653067738
380 3.4633364424197413
381 3.138868327708349
382 3.747652586012971
383 3.9435676068751873
384 3.929053138066208
385 4.707977122450863
386 4.939813442955746
387 3.46624925101638
388 3.7657223778293223
389 6.189690423721289
390 6.093312458251187
391 5.034252759078708
392 3.5644824187682715
393 3.4078755239742247
394 3.5806861948720745
395 3.6218705475384145
396 3.30712653510545
397 4.247220611458241
398 3.6540931714384595
399 6.159872453040014
400 5.018771492846386
401 5.981615486487978
402 7.115777445371509
403 8.286504286294246
404 6.994267225627092
405 7.370280026898667
406 7.045394163024871
407 8.023937424616998
408 7.129731028596329
409 7.749232543161014
410 7.306071930973204
411 7.2371695618302425
412 8.00382630025746
413 7.09477475132152
414 6.042217550878225
415 6.023618792999525
416 5.883166743415829
417 6.2047230857797775
418 3.5884402029294384
419 3.712277603424418
420 3.5624546223277127
421 3.4336708515820753
422 3.711889245566078
423 3.9799811451924603
424 3.4501608813942983
425 3.624218874834484
426 3.4599460478664184
427 3.6948103754665484
428 3.705203561898266
429 3.53890181582352
430 3.6083946022919395
431 3.2965572235182803
432 3.4090550916267603
433 3.79981358804009
434 3.522700154110348
435 3.76327695511454
436 3.781239994261106
437 3.485829398204034
438 3.164144627118682
439 5.28214302240349
440 5.727882450679166
441 3.566690183298638
442 3.12900547303139
443 3.009011886987375
444 3.6401065884194024
445 3.2269338679561064
446 3.622389037948644
447 3.5714028144986245
448 3.8627275993229815
449 3.659642744925751
450 3.5555690253153363
451 3.7003390267367124
452 3.0691717135132213
453 3.8581526105738764
454 3.6788005051653423
455 3.66083530003814
456 3.590623747855952
457 3.737846875888204
458 3.771328647143928
459 3.837218657182138
460 3.7725949001826837
461 3.7157520203656675
462 5.116620488926343
463 3.64722053027479
464 3.4056812957100795
465 3.574270972981205
466 3.6861165394301216
467 3.6187226860858224
468 3.6651783663279422
469 3.667979902355651
470 3.71723306280537
471 3.711652072242428
472 3.7808121348771606
473 3.8644313090874536
474 3.7832903382391163
475 3.4968831593956953
476 3.3032366200424716
477 3.9066562724306237
478 3.4858308974499543
479 3.8110592210357797
480 3.760091005808513
481 3.804477809219614
482 3.373587951060786
483 3.3298740798687323
484 3.423399045912829
485 3.5364698526299843
486 3.596263318462079
487 3.356035111413854
488 3.7921671639498205
489 3.6884514362417193
490 3.799400089092973
491 3.555796187425988
492 3.7295231935270587
493 3.7172360351371823
494 3.628350055983066
495 3.6382657629646284
496 3.7643587907460003
497 3.447933725762529
498 3.756690116703823
499 3.568657790403783
500 3.789447145843373
501 3.719658532009386
502 3.557302312661584
503 3.6759789283365945
504 3.6392511733577475
505 3.4733072738513764
506 3.340540898092988
507 3.376743381119801
508 3.4363951855677364
509 3.5849420025128045
510 3.412115896448155
511 3.915124027638618
512 3.433721683309722
513 2.885533119020267
514 3.4687933032445777
515 3.5113407045895495
516 3.606129007889025
517 3.5121616514974976
518 2.8069610920961345
519 2.6873682550876272
520 2.5707740713387763
521 3.0287019846473395
522 3.173965063405412
523 2.7389297455625363
524 2.9432059315830053
525 2.571596843823279
526 3.7269780838117508
527 4.941755125409344
528 6.571241707249591
529 5.2921003666687225
530 7.336270185878894
531 5.093243884074504
532 6.8945141293180825
533 5.7283801047598395
534 6.240677532927081
535 5.798399653412388
536 5.801855430980343
537 4.349896032736438
538 2.9274659718039024
539 7.563770696149249
540 7.293167051842441
541 5.564156391818669
542 6.852225401428185
543 10.193168830327089
544 7.4111983629935105
545 5.407148951524383
546 8.09456103024985
547 4.715816543441242
548 5.530608772449383
549 3.7288566305588846
550 3.249174976038785
551 3.717225346021211
552 3.711452657915059
553 3.6338849548984284
554 3.4001887397012625
555 3.0408383576415434
556 3.669595144330223
557 3.71810480796903
558 3.1941069134140605
559 3.5604383380959295
560 3.774455176644381
561 3.2054230490254834
562 3.4371297494604818
563 3.8738375107055125
564 2.77912280562155
565 3.3889003529816026
566 3.75673120975946
567 3.6895364076300683
568 3.4988597802309154
569 3.2178547469425456
570 3.7104921731153326
571 3.8523105788244383
572 3.7104840788165006
573 3.4691857438543874
574 2.9140880523232817
575 3.7736782665405575
576 3.571850539722155
577 3.69247047077779
578 3.2357588586378436
579 3.802924571519786
580 3.7567623650444104
581 3.7973963790583984
582 3.536933198092048
583 3.462927869676406
584 3.702939174448526
585 3.6505968277949563
586 3.426212780169473
587 3.4766397125418558
588 3.9838702862820785
589 3.5257827400543906
590 3.809325882756362
591 3.6916116088785342
592 3.5982014692303994
593 3.704959930741096
594 3.704163457045738
595 3.82026731405074
596 3.6098957934358467
597 3.6171018318980495
598 3.3062244597882597
599 3.741188080923709
600 3.7902575461295553
601 3.892202447143492
602 3.40944066916985
603 3.41972445533984
604 3.553846722554171
605 3.7024373220179414
606 3.6213415427307027
607 3.6937951370324296
608 3.227679640239465
609 3.8500815080309043
610 3.7967933124828983
611 3.691393361216153
612 3.5068166911990937
613 3.686304437413797
614 3.315855840847235
615 4.381730712825896
616 3.446104930305963
617 3.421116452607184
618 3.759741277530718
619 3.7007068991890626
620 3.668993285352386
621 3.718409021884438
622 3.6781180713381545
623 5.062139096213077
624 3.3083115997352075
625 3.6840706822079583
626 3.745989130696963
627 3.7009261099151045
628 3.54158483127398
629 3.678748023981268
630 3.7711220526302447
631 3.5388542950652093
632 3.674728494803902
633 3.596681233038963
634 3.6244151074329176
635 3.646255442319737
636 3.7200116011785656
637 3.5691769375086464
638 3.7645057023459754
639 3.9649730305301367
640 3.554265730475013
641 3.6182234342719286
642 3.6931471556272943
643 3.5325917165573326
644 3.7592832499006312
645 3.8456043604870733
646 3.737645532752818
647 3.4673662320836747
648 3.70993135456644
649 3.6246784822156557
650 3.700142611468306
651 3.7684728711743056
652 3.4523937547654193
653 3.5282363283270795
654 3.3680343256358443
655 3.7211303823113546
656 3.8773308360702203
657 3.668204500217331
658 3.8741756923945143
659 5.731616533612731
660 8.812304533224944
661 7.604202419900183
662 7.549551571496896
663 6.704979528731279
664 5.882121441844064
665 7.6760612407189726
666 8.385188910963045
667 6.52444882154609
668 8.824673865330299
669 9.193960919315762
670 7.854427614491145
671 9.599487604774625
672 8.918785785950623
673 8.278126306139693
674 6.913345104139248
675 6.82331851677626
676 7.686993226557091
677 6.7933653996925285
678 6.199786546049575
679 7.712678174703885
680 5.625609686878519
681 5.437849996454964
682 7.012698558915696
683 5.9774777299127
684 8.924145033721592
685 8.26137745241278
686 8.936078554882165
687 6.060106323748683
688 6.589879720514402
689 9.64785727482833
690 5.514149025969937
691 7.251652522795065
692 9.198891408226203
693 7.689455426284727
694 7.372788761836155
695 6.887594861495484
696 8.453517370188791
697 8.10451909572407
698 8.147600758702032
699 8.292494396248166
700 9.440261811976256
701 9.99807020450394
702 9.225953515870268
703 8.510886829043613
704 8.756894534627234
705 7.719896783097579
706 6.929384206527412
707 7.790499785316295
708 8.559807757783856
709 8.621682111000407
710 10.873153160408126
711 9.754382246005017
712 8.376849007626701
713 6.514061377153309
714 7.348723419708505
715 7.153187610014565
716 8.899240193372513
717 8.815899075916809
718 9.077786749679733
719 8.284507435884688
720 9.00770844891102
721 7.221503220567109
722 9.306464192321945
723 7.115202095129885
724 7.335736738884121
725 5.2045288406262395
726 6.235629192014772
727 7.175894339943697
728 8.589578952796623
729 9.206633552431656
730 11.505889255156132
731 9.08304074581691
732 10.21280136609015
733 8.818623011875006
734 8.24416604658892
735 8.585842393840712
736 8.415761331719407
737 8.498966504446331
738 8.892320604680089
739 8.068823800480935
740 10.560476412875607
741 8.917414003497706
742 11.685538443034925
743 8.287957704453847
744 8.437328503755934
745 7.971800793349872
746 6.480965002999223
747 8.145530576057999
748 7.986912585609823
749 5.9436367609315885
750 7.798985472312956
751 8.161181947341515
752 8.048317674266709
753 7.402705261621405
754 8.18805783338408
755 8.189056049765918
756 7.649184522064557
757 6.555089873305066
758 10.190451898560477
759 10.88915370367779
760 9.116357274288385
761 8.461626931891242
762 8.224146182469402
763 8.715518836616338
764 7.1925859652888295
765 9.076359670125413
766 9.340112829080354
767 9.651051246668269
768 9.966293903042006
769 7.505347643787696
770 10.006153750032471
771 9.285346145381538
772 8.411946718161632
773 6.752443916912553
774 7.7542017955722855
775 9.452928955710501
776 9.184738982621306
777 9.804182979661253
778 10.561974270097402
779 9.410904308653564
780 9.340920801620477
781 7.1349310932439565
782 9.916265557067081
783 6.905370115932155
784 10.016483716450702
785 8.328086548548987
786 10.336971705969418
787 7.462408886327037
788 8.533558286037325
789 8.328084014231694
790 8.1728757151269
791 9.24538345086556
792 8.681526957568895
793 8.433419136828938
794 7.811286978100092
795 4.962565289986277
796 5.5724123370552014
797 6.171009154555081
798 7.592164604107278
799 8.205217264802455
800 7.174476434852513
801 8.415942438022803
802 8.076912311700397
803 11.134275762870189
804 7.039912147407527
805 5.127655474960795
806 7.164559495779507
807 7.962330538066676
808 8.287291170969803
809 8.04874113193864
810 5.848519416141681
811 3.292771202520309
812 3.5875798369308933
813 6.398873334303214
814 4.3218269158628715
815 5.158261584711359
816 6.41497475088121
817 8.191447184866442
818 3.7230738680379583
819 5.4085314395154365
820 5.104765142406748
821 2.949111508814112
822 3.3934109499733713
823 3.1784725378720875
824 5.013232969503725
825 7.782998209054444
826 5.452471688542468
827 11.830103362883682
828 10.291578074119085
829 8.636502696871998
830 10.21771096754965
831 6.187755353249186
832 6.145397925909204
833 8.706714804970424
834 7.24153150093604
835 8.972496853688085
836 7.201396915028863
837 6.004763171811481
838 8.167941929283957
839 8.057204397609047
840 6.95596686043031
841 8.231314614801567
842 8.867510219554257
843 9.746863175807626
844 9.520284351863264
845 10.008321234357798
846 10.334145968603242
847 9.878114103954857
848 8.014991212633799
849 10.076360141089282
850 9.090058095010189
851 10.035150160721866
852 9.539858662100386
853 9.271608330750526
854 11.42555814605968
855 10.690045212453299
856 11.509696974096265
857 9.045880683464876
858 12.32233723405272
859 11.440769175035241
860 11.046674291240818
861 10.314476997553172
862 10.195264854568318
863 10.280106173460682
864 10.94297225243392
865 9.071740670531442
866 11.786830685139376
867 9.176106889114813
868 12.337168542001185
869 11.501140691825713
870 11.627697605906972
871 11.29933728278588
872 11.510220841547339
873 10.773897077152567
874 11.315181089023616
875 12.336779761046232
876 10.521815392981196
877 9.95305107570882
878 10.95712746699227
879 9.666241941431407
880 10.260885114658928
881 11.817758934136533
882 12.030160035793338
883 12.121064331553306
884 11.32504516363518
885 9.808151658169772
886 12.374090803560666
887 11.645948982865455
888 8.754479668722308
889 10.567279401745658
890 11.60057270635767
891 11.080867815635205
892 10.603647926683458
893 13.37186200114632
894 8.805934344082274
895 9.522238703133866
896 9.555650520398107
897 10.43146978539331
898 10.226589131773961
899 9.650431986811054
900 10.647078785533276
901 9.965367336521307
902 7.456726036309589
903 6.93951372967248
904 8.969432702640951
905 7.153347747285493
906 10.385889904336608
907 8.500206064937881
908 7.10226951196236
909 7.524787462653666
910 9.018686920052202
911 9.287500754109782
912 9.607075621671868
913 7.72785777828407
914 8.649514989591562
915 8.530089750276385
916 8.316321122128052
917 8.945029828538912
918 8.620404500123303
919 9.041710975062914
920 10.076450081569348
921 9.559646116755252
922 8.786061497555272
923 9.645410319972104
924 12.697607343072097
925 10.680554772160283
926 8.426185369130849
927 8.795596828981587
928 5.192089831667467
929 7.251974654587526
930 7.954954045498425
931 8.6097709403775
932 6.8743230550528684
933 6.535731342259119
934 10.16491586127822
935 11.272163990028469
936 9.00090273674237
937 11.783134196483104
938 10.86968649404433
939 9.433756238498729
940 8.399091037800416
941 10.401905577387225
942 8.74515424440873
943 8.409666277857802
944 10.069302094948572
945 14.842298972407868
946 14.454184163630408
947 13.85246683361588
948 16.51293839607906
949 14.579203162377315
950 14.143375855639778
951 11.389136216497764
952 11.978201250168839
953 16.906312253127638
954 16.95461514426822
955 14.733001740109549
956 12.064680807968896
957 12.114558093380527
958 12.41841416670185
959 15.25288130189604
960 13.33367794084445
961 16.607811025050747
962 12.6994521667804
963 12.251850722351032
964 11.687567126142445
965 13.588885595400619
966 10.612966189655705
967 16.355861430147197
968 16.025020381539914
969 16.845617576957213
970 18.661857728797063
971 18.340265714744618
972 17.49732105990762
973 17.323466134081503
974 16.047539910991972
975 16.621135730613698
976 18.579709255215434
977 17.137581880003104
978 19.747697131985227
979 19.91528980217748
980 18.468933343040714
981 18.628414819985288
982 14.395016978375722
983 13.900390707604922
984 14.920915291711733
985 13.765880035033135
986 10.274357923955417
987 11.366305884855304
988 10.428122531816854
989 10.772896415410692
990 8.555248430347392
991 7.6020368674462135
992 7.803766891852432
993 7.279818284108561
994 7.479063710864543
995 7.930073399829294
996 9.464572928379118
997 8.53568499613743
998 9.58904822407005
999 9.194322862363542
1000 11.70645203427102
1001 8.801335598074987
1002 11.837043310426862
1003 9.505199424984717
1004 13.037175797934953
1005 12.166699997181961
1006 15.81988627922256
1007 12.710683993432333
1008 12.17875180155455
1009 17.580188404155454
1010 20.307636241689003
1011 17.072758949719756
1012 16.349743611137225
1013 16.066144911536384
1014 16.531401358374794
1015 15.169738005939184
1016 14.548343071785265
1017 13.363069351499785
1018 13.415321238310383
1019 14.689412908593592
1020 20.71560806895707
1021 17.54339645846973
1022 15.76778621193114
1023 17.042238119833442
1024 17.542832246341614
1025 18.16463612795674
1026 17.063235570909594
1027 17.808117070677316
1028 17.981669318685682
1029 16.697551189035202
1030 19.351615200240367
1031 17.628537147536782
1032 17.04503312617709
1033 17.295260149681575
1034 18.73062491218359
1035 16.858157788925975
1036 19.14072348149209
1037 17.800353154183252
1038 17.088280443899837
1039 14.092644993752112
1040 14.898308373816842
1041 16.229873302198307
1042 18.799165670103193
1043 18.36453591873516
1044 15.639374518560494
1045 16.57098478030475
1046 18.867549232347628
1047 15.926069026121667
1048 16.866756900914776
1049 16.541219902672246
1050 21.117752962292336
1051 20.433665965316685
1052 21.681976087539585
1053 16.548752028144246
1054 21.999252533266283
1055 17.981583669420964
1056 21.28511200971942
1057 23.793302618327967
1058 19.419111965709245
1059 22.636124141176026
1060 20.277113901444242
1061 19.127058966292132
1062 21.98989602751805
1063 22.711355352502437
1064 21.835574325825256
1065 19.668554299874202
1066 23.325456510241118
1067 25.635541612929693
1068 23.462938729445693
1069 26.19618886604283
1070 26.861191246816887
1071 22.305666952588215
1072 24.447599262535903
1073 21.33840404341595
1074 19.177372185187014
1075 20.559305295675014
1076 19.218505255526534
1077 18.46685268967151
1078 20.29807627164735
1079 16.996036282600784
1080 18.193552524387815
1081 16.91788170764015
1082 16.395451328666308
1083 21.058127274530037
1084 21.23455522198064
1085 19.26079962349027
1086 20.261032030005403
1087 21.726622822546776
1088 24.0785701217244
1089 21.7514715768691
1090 20.05118157708106
1091 18.59438429606937
1092 19.79408566977652
1093 21.975484831755715
1094 20.94502853205972
1095 23.27717435559758
1096 24.8311463403045
1097 23.731043808265238
1098 20.99836582910268
1099 22.794986190942502
1100 20.93627225382412
1101 22.75318398042454
1102 23.21932722104538
1103 23.49005204975782
1104 21.227807528092626
1105 22.648206783290266
1106 22.605700854747923
1107 20.079024132920026
1108 21.50303743990976
1109 21.853908683778453
1110 19.264161939057733
1111 19.77765959548896
1112 24.334570346078962
1113 22.19944670817666
1114 24.626905722213607
1115 21.955972724552744
1116 21.950581389914927
1117 21.173645217596004
1118 21.492582102423192
1119 20.46639156465267
1120 17.979557224546905
1121 21.52160238838006
1122 23.37451714138873
1123 24.460431238149482
1124 22.36989676914318
1125 25.113206918735184
1126 25.890417663165195
1127 25.994514521200784
1128 25.65023991064732
1129 25.3481311307843
1130 24.953691336288728
1131 24.630012517100205
1132 24.371214196251643
1133 24.78085677207579
1134 23.859991856755354
1135 21.203165481104623
1136 24.21163779591841
1137 26.48490439967063
1138 23.468736127802607
1139 25.35315449101524
1140 24.839614834464783
1141 23.95294124402722
1142 22.43637000467891
1143 24.49216493417047
1144 24.528105454219013
1145 25.0049770162767
1146 24.19544228748845
1147 26.791286706275397
1148 26.64943403811804
1149 26.222824862771873
1150 26.282200443923475
1151 26.381304423465043
1152 26.917141492427728
1153 26.364090834072226
1154 27.7861627758509
1155 27.77229616952114
1156 26.245152364947895
1157 24.188762411888167
1158 25.569082906492184
1159 26.401846752770815
1160 25.293381738846602
1161 25.378655106282974
1162 28.040317331933032
1163 29.63959448692755
1164 30.097574676287223
1165 28.75435436640322
1166 28.68355810229728
1167 30.3186843115836
1168 28.528721076440604
1169 28.780525881091016
1170 28.181281190046157
1171 30.79785153146068
1172 26.33038455081095
1173 27.240884815976525
1174 29.41198306314371
1175 27.21374902387485
1176 28.128455231253387
1177 29.51255682701071
1178 29.539882083572937
1179 27.982102988822284
1180 26.841209144304045
1181 27.581439453997653
1182 27.081841618647402
1183 26.827391092266897
1184 25.75458000242057
1185 27.342098608336677
1186 29.9335981418938
1187 28.391581414423325
1188 26.961025522350802
1189 27.55850411528688
1190 26.13878027687597
1191 22.90536238248236
1192 26.841637356442835
1193 25.892336984115776
1194 30.05310304233997
1195 31.263464591415413
1196 30.842270820127883
1197 30.359856187055257
1198 31.45818022650337
1199 32.33006376829513
1200 33.707060749124
1201 32.29410945561647
1202 32.54742701079804
1203 31.966618327206056
1204 31.866008288635914
1205 31.251860654178735
1206 32.55727833903702
1207 33.31327839829364
1208 31.035731219599946
1209 32.124349814852
1210 33.97744509418307
1211 32.471589853141715
1212 31.926773058043796
1213 34.26674489825398
1214 34.995680378953615
1215 33.879694240095816
1216 33.02505040132489
1217 32.09338246013637
1218 33.276578453773276
1219 31.268885564583304
1220 34.87761606003183
1221 33.073192998540904
1222 31.923965753518573
1223 30.870794550634194
1224 31.01660696591834
1225 32.969946998829684
1226 32.813389390894784
1227 32.734224927637946
1228 33.707608375367926
1229 31.560961818084976
1230 31.14752857439967
1231 30.590567341333028
1232 26.821608580071715
1233 28.729917549417006
1234 29.088439623600188
1235 29.225585752545005
1236 29.621237660218615
1237 29.408475887208084
1238 30.860785498224445
1239 31.325683258716243
1240 30.341267265153085
1241 31.493778293434783
1242 30.308461972705114
1243 28.56675091527368
1244 30.704456330721772
1245 30.55403625846149
1246 30.07378331834333
1247 29.199462448816735
1248 29.78905864333459
1249 29.844581635711144
1250 28.447723757092678
1251 26.643291697574085
1252 25.557791534854143
1253 26.078872607297033
1254 27.67956678192071
1255 27.001558256352514
1256 28.9788207604927
1257 30.466924384259194
1258 30.535527971175263
1259 27.682311914012747
1260 26.187996864926458
1261 27.43715447060336
1262 31.28577193407851
1263 28.053325664383046
1264 28.256845466021584
1265 31.09441743134776
1266 25.933720560103865
1267 24.365737038655368
1268 27.0370369594685
1269 27.598767491977675
1270 27.67884436086034
1271 29.703785750969296
1272 23.787959191593846
1273 24.951935071621804
1274 23.70561470243817
1275 27.20898698030736
1276 28.446669667982555
1277 27.093338093760547
1278 28.483130618695355
1279 29.435091415427863
1280 28.48351443852088
1281 28.056266516715276
1282 30.86126117787194
1283 29.808006146283844
1284 30.967025098866888
1285 31.39796383994866
1286 28.978294430070918
1287 30.357947696833655
1288 30.159179979150554
1289 28.930349682311245
1290 28.487001616460127
1291 28.655453258359085
1292 29.351806076134924
1293 29.51238087919641
1294 28.77925647151847
1295 30.70151093721833
1296 29.841267577215124
1297 30.65046673631871
1298 30.93318890200289
1299 31.37878920702255
1300 30.8665574534102
1301 31.77039910365721
1302 30.215171444823884
1303 29.284832088021556
1304 31.945280945432927
1305 32.719947531152144
1306 29.320278962983192
1307 29.933260481861364
1308 28.780051110271636
1309 26.453960300536405
1310 28.71522616906345
1311 27.959690283341846
1312 29.065708585956813
1313 27.762944975426624
1314 28.24086870532425
1315 27.94184375902586
1316 27.76895076592474
1317 30.80992736884614
1318 31.035622130756558
1319 31.889433608195453
1320 31.26697792428099
1321 31.121943133007086
1322 32.02902700946868
1323 31.437653898690208
1324 31.254008403470895
1325 30.3994992720924
1326 32.57170137109638
1327 29.933850836143474
1328 32.148443795897734
1329 30.684571980150505
1330 30.586323210746766
1331 31.588663386090243
1332 30.496648524794896
1333 29.566505356361656
1334 29.968637424943136
1335 29.308970452210062
1336 25.976074924612497
1337 31.493539828792166
1338 30.054562256222184
1339 30.107577514373027
1340 30.92628315617621
1341 31.789780151240844
1342 29.120726765429644
1343 30.821498177595277
1344 31.67304157070804
1345 31.232914587671686
1346 30.995355058591283
1347 30.59498128200825
1348 31.422336278533987
1349 31.624100660097202
1350 31.993334081827655
1351 29.35122515064235
1352 26.165523849833317
1353 26.32223152173752
1354 27.70858985090879
1355 27.07890318645455
1356 25.91692737060554
1357 24.48710571613543
1358 28.70039946577854
1359 24.861493843598247
1360 26.329228603771533
1361 26.46504954457603
1362 25.468868201712763
1363 27.367261605131382
1364 25.957339814141072
1365 28.17312106191712
1366 27.58009757029542
1367 28.04118974640473
1368 26.44765625825121
1369 26.90023711497834
1370 27.112242660940886
1371 27.751100758868464
1372 29.454502170094162
1373 27.658478295898046
1374 27.11384075584233
1375 27.403749322942314
1376 26.80955972682112
1377 25.6098446451565
1378 27.977103146447266
1379 27.712873678136233
1380 25.887602496303252
1381 24.299064944641138
1382 28.549048516394247
1383 25.434275208681782
1384 27.22804400061632
1385 28.547486781308812
1386 28.379518643088616
1387 30.7093867762863
1388 29.591429260842997
1389 30.498892659056608
1390 30.979360376532412
1391 32.211392649212236
1392 31.692703423211984
1393 31.56465733550478
1394 29.626918102122662
1395 29.955127873958983
1396 28.673825082643734
1397 29.350049009682117
1398 28.012348928566787
1399 29.984808133230995
1400 26.874183037949848
1401 26.940119580327128
1402 27.867710475768874
1403 29.173168672356443
1404 26.074586662374177
1405 27.91793021588643
1406 27.22713550766751
1407 26.761807661342534
1408 28.887671073086864
1409 29.5256110526478
1410 30.272597877823333
1411 30.070069220830923
1412 30.710072889896974
1413 29.32380823610377
1414 30.291805539099666
1415 29.915971786500013
1416 31.42948598382606
1417 30.340655453717833
1418 30.121155079862056
1419 28.449034105286643
1420 31.2467266802268
1421 30.689372956456502
1422 31.858269896841758
1423 31.75277410986145
1424 31.071339576311647
1425 32.06114632756614
1426 31.108177065485457
1427 29.65898431110307
1428 33.34234395292046
1429 32.79081503578532
1430 29.473848780289536
1431 29.331926088193274
1432 34.378348635280986
1433 33.08161595275769
1434 31.6692496817157
1435 29.630889071343365
1436 30.263323442553318
1437 26.217303957921395
1438 29.346645315054996
1439 29.61930609267012
1440 30.958824910504458
1441 29.434096284280276
1442 30.999065250825105
1443 30.921900205246942
1444 30.936083544086575
1445 31.161530265791978
1446 30.099301030835885
1447 30.027534818222062
1448 30.557406177266152
1449 29.482672929485595
1450 29.913164601296383
1451 29.92484333249092
1452 28.836238624080888
1453 29.09035248014106
1454 30.22888273849288
1455 28.640749928763384
1456 26.467517220792583
1457 28.498075479787154
1458 27.03102024756818
1459 31.68035734317211
1460 28.632555753320712
1461 30.474038534567903
1462 29.060266223379212
1463 31.334968050217658
1464 30.789840985316
1465 30.609231830070026
1466 31.136166323430743
1467 29.534301204138323
1468 28.634741349781773
1469 30.749265469122644
1470 31.61189813023936
1471 30.225334275057293
1472 28.97269694478071
1473 29.561104841710687
1474 28.379472928412042
1475 30.17994591151398
1476 30.26359762588328
1477 29.440851687157995
1478 30.01299247666285
1479 31.45488256725862
1480 31.357180513027547
1481 29.64325856931417
1482 30.342302010801966
1483 28.72896719383072
1484 27.725883052209838
1485 29.63512723905422
1486 29.65448181456036
1487 29.099849347017074
1488 28.57398088455161
1489 27.88881820535715
1490 29.74337217397755
1491 28.114057010885805
1492 29.333350769310087
1493 30.728240933556418
1494 30.922137236144344
1495 27.48221453773619
1496 30.477530474031262
1497 29.942008483476094
1498 28.755527043296823
1499 29.365742575834112
1500 30.715003596211126
1501 29.513652307322566
1502 29.667578997142208
1503 31.76861822589343
1504 32.54508767774234
1505 25.625707222669522
1506 28.493590167153652
1507 29.975977777259683
1508 29.929065528910883
1509 30.387166282362607
1510 31.151807974551424
1511 30.497533382245013
1512 28.495480332029295
1513 26.921115345742592
1514 25.825607666193573
1515 28.614983976535004
1516 29.860253263756487
1517 29.2315334656753
1518 27.437905698129587
1519 28.043621021903885
1520 29.29912755350857
1521 27.889360992235268
1522 29.04130255132256
1523 27.283902309121554
1524 28.12625425458618
1525 27.74735951105687
1526 30.76206894012049
1527 28.861753138526986
1528 29.498863056477536
1529 29.601646714001376
1530 28.687459858679503
1531 29.75599016550149
1532 28.63329616192879
1533 28.162963569413584
1534 26.8227969231002
1535 30.082994930128244
1536 28.46685241281604
1537 27.44801693708328
1538 28.461696678087545
1539 27.431894516336502
1540 26.88904176984443
1541 29.080835920123366
1542 26.572485828229023
1543 26.572091923674503
1544 25.98187706169923
1545 26.085715613762957
1546 25.133925841285812
1547 27.68075395582637
1548 26.979040975104798
1549 27.90690711031657
1550 25.675478558888138
1551 28.252442657572544
1552 26.64496662810098
1553 27.446840012094064
1554 26.629008451933053
1555 26.691426956147694
1556 25.806831813663607
1557 26.919007221156107
1558 25.732598485163017
1559 26.68145538355569
1560 25.59442951047353
1561 26.925767328463063
1562 25.55957614039825
1563 26.311418992753982
1564 25.45829963376012
1565 26.11955213936853
1566 24.405084908996432
1567 24.418297463943276
1568 26.231312668096933
1569 25.01058827430963
1570 27.326757673463103
1571 26.46070688942655
1572 27.378361422185744
1573 29.234359630750347
1574 28.07602982920601
1575 29.33016723681445
1576 29.133073465453577
1577 28.027961582422208
1578 28.244084005118477
1579 27.442635900386023
1580 29.46402822241444
1581 28.614185964446207
1582 28.631669497191616
1583 27.46054436490789
1584 28.252057744794886
1585 29.461626961968214
1586 27.330149783559413
1587 28.05504761056417
1588 30.630053009476775
1589 30.223024968368037
1590 29.490274356978553
1591 28.20956371182348
1592 27.179333478097053
1593 26.238615530638018
1594 26.7337531370603
1595 27.437213515664457
1596 27.069138610235168
1597 27.803245925988683
1598 28.16685671797012
1599 25.841363665173834
1600 26.237998828408028
1601 24.769565558753104
1602 29.05494629552575
1603 28.180129310738995
1604 27.63717348753557
1605 27.867176910579115
1606 26.14327363565753
1607 24.39914223267093
1608 26.528929063712365
1609 26.47580721821111
1610 26.63081737021773
1611 26.488042391154135
1612 27.61215159001161
1613 26.977775129201305
1614 28.28626731511026
1615 26.730228288035885
1616 25.56907584390007
1617 23.30619230532303
1618 26.527378134929403
1619 25.9041200948642
1620 25.49115144082706
1621 26.96922528046408
1622 25.710979103547686
1623 26.985268334099285
1624 27.1497467233496
1625 27.99769307393354
1626 28.136307312791633
1627 27.444330514814304
1628 26.394124955539038
1629 27.731007297930148
1630 26.92886441000607
1631 25.682845160074592
1632 25.53235795885044
1633 26.448871268117532
1634 24.30911220085943
1635 24.578169702340794
1636 22.49216690904205
1637 23.80083646644371
1638 24.547554931330833
1639 24.244996606501104
1640 24.29098939459801
1641 27.253365886200072
1642 24.59010076287465
1643 24.928575545531093
1644 23.67787121741055
1645 22.99807652798035
1646 24.231314833134903
1647 24.83882496497993
1648 24.869310646273945
1649 24.62912989961009
1650 23.580539682539026
1651 25.178126805616934
1652 24.993558268626586
1653 25.999039096477325
1654 25.18759100937231
1655 24.60704423157904
1656 24.484722212497054
1657 24.929087231571316
1658 24.079147398420048
1659 23.922641845180756
1660 24.15283833235122
1661 24.29244919202667
1662 24.675596949291236
1663 24.644664809860977
1664 24.050687488145144
1665 24.043972679464364
1666 25.728282383129752
1667 24.654128933746343
1668 26.205127412238824
1669 25.51179580770824
1670 26.543308339871633
1671 25.766095527560935
1672 25.571751479853663
1673 26.028866340873734
1674 26.820225524609235
1675 25.217475406003
1676 25.715322517302592
1677 24.605702125471133
1678 25.57318438239318
1679 23.745988285932466
1680 25.86534276074811
1681 26.35185117310264
1682 24.81564632222072
1683 24.162697598158537
1684 23.750919420874112
1685 22.797960770047954
1686 23.98444371796668
1687 24.137027987037545
1688 25.569158448419696
1689 25.244682271330404
1690 23.498644377092333
1691 25.06368659248692
1692 22.60281993023974
1693 23.831128831606193
1694 22.704594829567622
1695 23.844819853044974
1696 23.1271440869229
1697 22.342216138486194
1698 24.425848838840313
1699 25.0606491825568
1700 24.362151759815433
1701 22.89923311647095
1702 23.844962498961873
1703 24.47151452996362
1704 25.994958117541607
1705 22.81471683524723
1706 23.734411673527326
1707 22.85934939031867
1708 24.609119067959544
1709 23.88594675798732
1710 25.693451131297895
1711 24.046052574306312
1712 25.13264710364683
1713 23.199372732826053
1714 24.955523182256357
1715 25.206294311910767
1716 24.706193643257212
1717 25.163712385599307
1718 25.45677385469728
1719 24.942905972433408
1720 25.14510087316754
1721 23.32709940394614
1722 23.53509886254744
1723 24.88314760824755
1724 25.621459228150023
1725 25.145765291115445
1726 23.895024016121827
1727 25.291542858517612
1728 22.58512277255636
1729 23.96396830909902
1730 23.50251252768949
1731 22.98886685260748
1732 22.77895708448146
1733 23.935944935013193
1734 23.933389479412853
1735 22.508702562682803
1736 23.047933185717717
1737 22.006528664963284
1738 21.88271735642324
1739 22.997676492174538
1740 24.826605582295663
1741 24.07491060256776
1742 23.440944990764343
1743 23.497971659358008
1744 24.553861078825342
1745 22.046373317941008
1746 24.13826081199933
1747 23.67895987484931
1748 23.729042001670123
1749 24.75892758769447
1750 25.255920076076503
1751 23.614807636287267
1752 23.54519251422571
1753 24.6144660663087
1754 23.388536774370117
1755 23.79373821628487
1756 23.02181155377268
1757 23.37131323824013
1758 22.932572445482496
1759 24.102802260172595
1760 22.672288599857477
1761 23.566579406246348
1762 24.192617127393582
1763 23.03369277262197
1764 23.028944864092484
1765 22.967579349586007
1766 22.52041001659837
1767 22.72011471612032
1768 22.76455236761063
1769 23.191273698987214
1770 24.018501819862237
1771 24.52210317543614
1772 24.34142948777009
1773 24.737752010502007
1774 22.66919521146845
1775 24.653832067221888
1776 24.278060937874418
1777 24.163186426256246
1778 22.868690673552138
1779 22.405807245752914
1780 21.563733650667107
1781 22.75445150064259
1782 22.787095668133635
1783 23.25805632732255
1784 23.198179459668943
1785 22.617201394304573
1786 21.54952371935775
1787 21.6056358494563
1788 23.328721772491182
1789 23.680236724656666
1790 22.906723757312943
1791 22.605240816160244
1792 23.32832138245913
1793 24.837369376099357
1794 23.83432637745894
1795 23.74087278842708
1796 24.451942839586646
1797 23.21010840184063
1798 22.464375245648778
1799 23.08672728893238
1800 20.87980101560005
1801 22.73314520467063
1802 23.070149909178976
1803 21.858007784472573
1804 23.66349275568247
1805 22.251665651670386
1806 23.774818608249426
1807 22.158309462201203
1808 21.721957752240886
1809 23.20554996061595
1810 23.148894380506665
1811 23.436489075203685
1812 24.20619936053058
1813 22.531586570361846
1814 23.593352892975254
1815 22.003004668268048
1816 23.324109137140095
1817 22.429172812663577
1818 23.150922686783158
1819 24.536085392867296
1820 25.021634589148032
1821 25.043162395243893
1822 24.616263389671328
1823 24.11239087557329
1824 24.457801087230465
1825 23.62869302361514
1826 24.214314792293077
1827 24.947131447046573
1828 24.088925691548038
1829 22.70498821810161
1830 24.459271939407365
1831 23.839662715203257
1832 24.21847061230198
1833 22.03254217218511
1834 22.06231033757512
1835 23.657833698027787
1836 23.592302266642076
1837 24.097828239630115
1838 23.186540620716233
1839 24.45349344926419
1840 22.530295368702664
1841 23.839953130637824
1842 21.11417463362018
1843 19.798240672239057
1844 20.30681479153219
1845 19.941461341747264
1846 18.410425873141435
1847 20.617092824213547
1848 20.582045632950187
1849 20.19846145273801
1850 24.00873664735372
1851 22.28431243435052
1852 23.811749266445457
1853 23.27083647407996
1854 22.33659958094936
1855 25.651182330926037
1856 24.800270233776455
1857 23.03189599750297
1858 22.71258314121956
1859 22.91256899033463
1860 22.24971880298344
1861 20.946012705536944
1862 21.431169382927212
1863 20.476900809120014
1864 20.486236970597503
1865 20.956685765625977
1866 22.58137269482578
1867 21.66325841647856
1868 22.117935457993404
1869 21.72188048004663
1870 21.701834042476488
1871 20.0111474131709
1872 22.24534642874793
1873 20.363804522257066
1874 22.2195397237501
1875 21.65351449730157
1876 22.04065537733215
1877 22.460952959338147
1878 24.184920372524363
1879 24.343497489936293
1880 23.66748799895351
1881 24.00778641594806
1882 23.474390479612374
1883 23.182122793511464
1884 24.50548352066364
1885 24.5794155516334
1886 23.55289978368334
1887 24.092181818944685
1888 24.803608413291172
1889 26.917826424915184
1890 28.090465333588124
1891 27.10450662856017
1892 28.461975044727204
1893 27.375611565769002
1894 27.994242284422473
1895 26.78584499155022
1896 27.531442476747852
1897 27.48196137076701
1898 27.982430188929623
1899 28.165648847054623
1900 26.823252194935055
1901 26.27224616820091
1902 27.747469031034214
1903 27.168524611439725
1904 28.361301434441522
1905 27.367362042330008
1906 27.09459386788353
1907 27.564442286312598
1908 27.606656722490037
1909 26.106334887271913
1910 28.05555632329858
1911 26.869306742050362
1912 27.751283095491132
1913 25.88806962394256
1914 26.367295691445914
1915 27.494219977508756
1916 26.985681945315914
1917 28.06709463116152
1918 25.965244782996937
1919 27.089486831868925
1920 27.37356038656469
1921 26.987425763620777
1922 25.313165419554835
1923 25.792745567751606
1924 25.0533851923223
1925 25.681288994470858
1926 27.433935105792287
1927 26.988941867662533
1928 28.0200442353418
1929 27.043185102177265
1930 25.423777309010056
1931 24.98364613921556
1932 26.229199142621177
1933 26.686177659362976
1934 28.249408060135224
1935 25.781931681063988
1936 26.15726517296429
1937 25.912322165380445
1938 25.304702673377143
1939 27.2277586763948
1940 26.954293542519732
1941 26.665038672519337
1942 26.928506801047423
1943 25.774207859895494
1944 26.31723932942601
1945 25.795656421322796
1946 26.575084154916773
1947 26.49619688459053
1948 24.64349540762865
1949 25.157100606647617
1950 25.930409775720605
1951 26.07930860931154
1952 25.679337426133607
1953 26.693910923856613
1954 26.245504739900674
1955 25.68507337432433
1956 23.875057862409005
1957 25.633021482036785
1958 25.665982464242777
1959 26.496314768481344
1960 26.154316600872058
1961 26.57239571529736
1962 26.933115551411266
1963 25.17472795447459
1964 26.120336537493884
1965 24.778892012574175
1966 24.914701207478746
1967 25.09008672526743
1968 25.50392982458839
1969 27.3006852344975
1970 25.69610414228074
1971 24.208949688736173
1972 25.92474858593785
1973 24.889529274811498
1974 25.32442853277214
1975 26.47473285036731
1976 25.47123809722832
1977 26.120538994104827
1978 26.465479967965354
1979 27.1293412033456
1980 26.786244871440562
1981 27.1062604443996
1982 26.148937252412242
1983 25.995256011519494
1984 25.832840306027585
1985 25.179776330189455
1986 25.68712449665084
1987 21.90197573033265
1988 22.408566673637022
1989 23.847031648506988
1990 26.07297288151812
1991 22.723896269431354
1992 26.457718180322047
1993 25.239937788923303
1994 27.124190782956813
1995 25.850634844099712
1996 24.428278084126273
1997 24.939600873201975
1998 25.421475509241684
1999 26.13690937062782
2000 25.68238193939011
2001 25.738492077139206
2002 24.812262205861888
2003 23.2268998767693
2004 25.599056619728042
2005 24.046361606475937
2006 24.129566838139617
2007 24.627202119251788
2008 24.956139047041514
2009 25.400032297610206
2010 25.187587205366068
2011 21.468653392663043
2012 21.062557800829925
2013 20.53436311732495
2014 21.363162508599515
2015 19.043812946833025
2016 20.210277479967065
2017 21.002920271559304
2018 21.29763743376376
2019 17.81593911607074
2020 19.093632294927467
2021 20.7947638165985
2022 20.062091187150035
2023 20.265531434028915
2024 20.521972188855425
2025 20.751435267215278
2026 22.759425516372712
2027 24.422300054659363
2028 23.930803243353697
2029 25.25190132584964
2030 23.733875940425303
2031 24.73216166959828
2032 25.659904050017122
2033 27.887320788442466
2034 26.72231664183165
2035 25.388553248141335
2036 24.207532271301243
2037 24.60876449884535
2038 22.04932302554234
2039 22.699801993293804
2040 23.8030485843426
2041 23.97048742515758
2042 24.502444447421773
2043 25.885127207381515
2044 27.33597401671481
2045 27.199852929251193
2046 27.657715159150676
2047 26.949404332784972
2048 26.97387165652039
2049 22.237360782489993
2050 23.868789707980643
2051 23.72716690847457
2052 24.32147561866973
2053 24.593286841950565
2054 25.08169475043575
2055 24.549049371560248
2056 24.04563071620303
2057 24.93591953293261
2058 23.786450512715465
2059 29.20297253559821
2060 26.36542328825939
2061 26.015797795269226
2062 25.871601562559505
2063 24.334968629326724
2064 24.56403088161836
2065 22.686295744676247
2066 23.32830500070548
2067 23.507243761035625
2068 23.569028854335464
2069 26.189011934395328
2070 25.356170843132183
2071 24.684924814020476
2072 24.739774605688982
2073 23.332002498074818
2074 22.910048942197612
2075 25.07519661978655
2076 26.60410910293651
2077 25.906579467004438
2078 25.831526512913303
2079 27.743430826399454
2080 28.739310601314834
2081 29.453812931264473
2082 29.213486675324134
2083 30.545495893681426
2084 29.683399052022992
2085 28.70515309843059
2086 27.23747411494797
2087 28.4155347776668
2088 29.81712419434441
2089 28.468605679241524
2090 29.595539710412694
2091 27.889556605390762
2092 25.239361094747824
2093 28.675167417082957
2094 27.52592106679843
2095 29.555174912601334
2096 29.624172852943683
2097 28.781668180799944
2098 29.515697523273023
2099 29.754296002323393
2100 29.56046312684357
2101 30.32576887557713
2102 29.71506899295983
2103 28.95534988502875
2104 28.349481404185852
2105 26.676111529347025
2106 27.57175858504818
2107 26.523011592505235
2108 28.363279514998194
2109 27.334427514494834
2110 28.011314430325143
2111 30.881313584757354
2112 29.886998173386363
2113 27.34862196496783
2114 29.870793653275808
2115 30.862987520381377
2116 32.636535517561676
2117 31.269554469074755
2118 26.760675909547246
2119 29.45326501922502
2120 27.114223206326
2121 27.31058723692803
2122 26.45950690172924
2123 26.955803054682775
2124 26.695820458625256
2125 27.52291348116751
2126 27.31093969158097
2127 26.114245585867582
2128 26.30950222958358
2129 29.270976001666572
2130 26.718383550947014
2131 27.282500030901065
2132 30.304861977809264
2133 29.53012750902391
2134 29.705002452604884
2135 29.008942230465117
2136 29.462920728461107
2137 28.26615827491429
2138 26.99894722930492
2139 27.145045844514108
2140 28.295198154918552
2141 29.18071302095884
2142 26.196161273890866
2143 27.186495324918305
2144 28.138302997616815
2145 28.24020371733803
2146 28.356157642506183
2147 29.59451202871982
2148 28.329396611802295
2149 27.882417901711584
2150 25.92300480815667
2151 27.86991452727214
2152 26.143299899771275
2153 27.67640215308006
2154 27.656382227240336
2155 25.176662381727635
2156 27.068436677941317
2157 28.242099524494733
2158 25.20259363100134
2159 28.97017300707913
2160 28.54972190494358
2161 27.84903430279484
2162 31.09595933243135
2163 29.270150464780112
2164 29.757432948013637
2165 29.096544766531625
2166 28.922193269280054
2167 27.769568379683143
2168 29.116429636135074
2169 27.603757851901744
2170 28.965849603684084
2171 28.94616424330416
2172 29.064799132533604
2173 29.389647919843956
2174 28.277282935358357
2175 29.147165074527035
2176 28.647795284025786
2177 29.08682434750452
2178 28.71014006484581
2179 28.979841537991057
2180 29.2932713397733
2181 28.047654019910496
2182 30.07842756967891
2183 28.827255815625886
2184 29.420633086778054
2185 30.622765155472884
2186 32.96749560655225
2187 29.191720844052874
2188 27.994854177078082
2189 27.16114965306356
2190 29.203235411782373
2191 26.766169564134433
2192 28.745950986850893
2193 28.889155316284185
2194 28.8141651953657
2195 28.880274679590126
2196 25.588889914641385
2197 27.776868492805562
2198 27.614220742957016
2199 28.53123632245466
2200 27.93760217965586
2201 27.150572238519167
2202 25.821218333618006
2203 27.77567680068613
2204 27.41294661381266
2205 26.435628204703963
2206 26.270911150213387
2207 27.06045594436781
2208 26.99222729993953
2209 25.637073719456005
2210 26.703444893616528
2211 27.66687329172801
2212 26.1664249760087
2213 26.698131312181037
2214 26.871146605162842
2215 26.354485099625368
2216 27.699402018569298
2217 26.195818112642115
2218 27.268758012937028
2219 27.17906807958705
2220 27.570866794845422
2221 28.281792742332268
2222 29.810300432679725
2223 29.2561851402504
2224 27.840508477675943
2225 26.07890316473622
2226 27.857383629165323
2227 27.314565567676823
2228 28.664864505332694
2229 28.665336385257653
2230 27.355749054521493
2231 28.063293880579177
2232 29.26338220042783
2233 24.622333567493193
2234 28.52346451281406
2235 27.62083946151259
2236 26.494215770892666
2237 27.952405752902358
2238 27.52519256150425
2239 25.981472435882736
2240 26.42787212354873
2241 25.992462214444952
2242 27.269383472738348
2243 25.810824487548015
2244 28.515918293761846
2245 27.79073227863757
2246 25.061806533740288
2247 24.38786487697937
2248 27.731641889457407
2249 25.814323103558685
2250 25.92456741319451
2251 26.265910755041148
2252 26.37045018656405
2253 26.44712169246563
2254 26.703856827680784
2255 25.499710503286735
2256 26.044747519278257
2257 25.828284330643662
2258 25.430887907955373
2259 27.10904122768383
2260 28.010877938612495
2261 25.3083661839595
2262 23.187922205123066
2263 24.36774757191416
2264 26.19089825820585
2265 27.5454520274338
2266 24.997322059209523
2267 28.909766655940924
2268 28.379886398411323
2269 27.12162791888544
2270 27.56178970250832
2271 28.313421395547476
2272 28.085679110778177
2273 26.836262639043756
2274 29.746446923842228
2275 27.186580636339528
2276 26.706852514954615
2277 22.047068512175006
2278 22.630493577909817
2279 24.63356855324509
2280 25.154981785621555
2281 24.67864539554318
2282 24.59453825214592
2283 25.56990590969984
2284 23.53442246813991
2285 22.01725922504223
2286 23.63099566311818
2287 20.027265409993397
2288 19.621698196133007
2289 24.034288075559356
2290 24.086091134014186
2291 22.71784543721537
2292 25.48860155300442
2293 25.910347743527684
2294 25.71346472643086
2295 25.677811155532172
2296 26.077673390174166
2297 25.910976596748064
2298 25.470625870575343
2299 26.192410822632905
2300 27.80676254058712
2301 27.456672888181803
2302 29.930058138555584
2303 27.33367769461186
2304 28.078111523543512
2305 29.16464021578224
2306 29.990018593890472
2307 28.588569519186663
2308 29.740077841118605
2309 29.84592382764153
2310 30.55721191263007
2311 30.489813564652735
2312 29.812765911127283
2313 27.584597400675
2314 29.348378644464166
2315 26.974156239293322
2316 29.206730641670816
2317 25.76697960208685
2318 26.32903180930989
2319 27.42774556979907
2320 25.578363141770865
2321 27.080521613103166
2322 26.47403908356266
2323 24.439731583315865
2324 25.87634703463121
2325 26.463172179567373
2326 25.582556365812337
2327 28.574879573699114
2328 31.307894203746372
2329 28.13224270900888
2330 28.23907966459612
2331 29.24730913019992
2332 29.132711280339333
2333 28.92919821038576
2334 26.692287769794405
2335 27.637072810784822
2336 26.913818125195665
2337 27.517231976506743
2338 26.371774555571672
2339 27.691203167732137
2340 25.608268299178476
2341 28.933477548560507
2342 28.39818155710254
2343 28.510593232855793
2344 27.219580472647788
2345 28.141815872491545
2346 26.5907692524606
2347 26.354002672352212
2348 26.017386924518437
2349 23.772524675258435
2350 25.140388797373028
2351 26.887628044359275
2352 26.733358186215206
2353 23.773365466581375
2354 22.903627533663357
2355 22.52267971106477
2356 21.73228617123369
2357 23.136578275139513
2358 24.289244473589918
2359 24.04653116016678
2360 22.670502635969303
2361 23.53026532790016
2362 24.664123527534883
2363 23.29466012026159
2364 24.770725563459216
2365 24.482544643565415
2366 26.12670008570747
2367 25.26237898236943
2368 24.42362015530258
2369 25.50959916724633
2370 23.005649680086023
2371 22.57325111565
2372 25.42262558491079
2373 26.91580462425731
2374 25.316285781591844
2375 22.83000595614142
2376 25.645973089822782
2377 26.68926445814689
2378 26.811454014862157
2379 29.2890419573025
2380 27.75353458333117
2381 28.814541251644833
2382 30.304652678415238
2383 28.675464320899575
2384 29.470501450957673
2385 27.04684458731119
2386 29.092401277868035
2387 28.039641918557443
2388 28.72272540663851
2389 28.730490997559016
2390 29.277190118530815
2391 25.87431544607906
2392 23.9262852666302
2393 24.029966038534297
2394 23.388248149737027
2395 25.524193343341146
2396 27.932739927771042
2397 27.686663795317422
2398 27.407798839395735
2399 27.00273732840698
2400 27.1565870061449
2401 26.933602479915187
2402 27.57086132697999
2403 26.179806721019947
2404 26.80949289703867
2405 27.269594989759113
2406 26.577706207288696
2407 27.741733072129175
2408 27.297496776858747
2409 27.329814236761166
2410 26.258647846875515
2411 27.06797715575913
2412 28.388148007265812
2413 28.216904614182432
2414 28.009552573158178
2415 27.491238346150578
2416 27.94010252557717
2417 29.27534506731135
2418 27.60757942108896
2419 26.84579622028275
2420 27.047405880398795
2421 27.83335788822902
2422 27.792064275240808
2423 26.854603720784972
2424 26.94732642658996
2425 27.50650182710051
2426 27.416655987587557
2427 25.473843429980843
2428 25.427457891048338
2429 26.17745562412212
2430 26.447584589952665
2431 26.896005262064765
2432 25.82034993517414
2433 26.558650947860727
2434 25.511284040483048
2435 25.677794170653897
2436 26.576044401158807
2437 26.047692752047993
2438 26.72125131515276
2439 26.517087990362896
2440 27.46405930712893
2441 26.935361497038922
2442 28.748193090271673
2443 27.962712710012745
2444 28.109582214562227
2445 27.893948725767867
2446 27.818085757476116
2447 27.69632527649001
2448 27.646213200940668
2449 26.49560881995594
2450 25.819717572807978
2451 27.109439466501392
2452 27.92689440388176
2453 27.880483782086486
2454 27.785113049192823
2455 26.79234345051865
2456 27.343525601144254
2457 26.50571252175692
2458 28.534266313954372
2459 25.558322739858085
2460 26.618011463189205
2461 25.580204088204923
2462 25.517262434603673
2463 26.252868930661535
2464 25.30102775536827
2465 24.364894146047675
2466 25.28616176960559
2467 26.061287067071344
2468 28.586289693882684
2469 26.95750545665491
2470 27.57656104661033
2471 26.92525178658066
2472 26.956751139117678
2473 27.61725466255642
2474 27.06713894741483
2475 26.270814843931404
2476 27.324656136097087
2477 27.8374278281234
2478 28.077476726417867
2479 27.291272781847585
2480 27.706475480987326
2481 26.548621822043113
2482 28.564172170787696
2483 27.6793711526932
2484 28.777801415671295
2485 29.765100514444196
2486 28.989850269732912
2487 27.713250790747743
2488 27.191575645819288
2489 26.746435305254693
2490 27.98115610811344
2491 28.066181619556733
2492 28.53576003890639
2493 28.294139436994897
2494 27.063906918900145
2495 26.276948813080832
2496 27.944205081190844
2497 27.675305020106645
2498 26.910420168259193
2499 28.912994234194567
2500 27.196334047247866
2501 28.121020991781634
2502 28.206173905193104
2503 26.784986167393434
2504 26.902659190517166
2505 27.034591794398906
2506 27.382152448525783
2507 27.748667967683613
2508 28.169456417214032
2509 28.8634285846357
2510 26.837825005946858
2511 28.550698289659433
2512 27.61142718087899
2513 27.860527362748037
2514 27.781332092563392
2515 27.757423535868835
2516 29.265946217278938
2517 28.970187493779502
2518 30.315606947180466
2519 29.242176974935326
2520 29.414909921574626
2521 27.885492678608365
2522 27.13328785176284
2523 26.59191531877918
2524 27.531154068141312
2525 27.228753733503236
2526 26.97760502701269
2527 26.628048198280432
2528 27.985440406189696
2529 28.89832720472512
2530 28.363367826861126
2531 27.53024705196222
2532 28.22729699923797
2533 27.332245524000456
2534 28.05062387381338
2535 27.76144198044889
2536 28.48571184005177
2537 27.881851853614087
2538 27.723821284618612
2539 27.949523965022628
2540 27.187195088706623
2541 27.17817440456438
2542 28.48179528961663
2543 27.796306361437377
2544 27.526400889297452
2545 28.523665300870647
2546 28.002859130497562
2547 27.92822366995516
2548 28.809282062434164
2549 28.17980077912809
2550 28.08088887345675
2551 28.334155755862263
2552 28.312323554817198
2553 28.717776989986877
2554 28.864401330387896
2555 27.915567095594323
2556 27.110569441558606
2557 28.360102836681
2558 28.701107432489074
2559 27.82050129458846
2560 28.640411670885648
2561 28.73630458798314
2562 28.199200943252276
2563 28.35658028254051
2564 28.21211949377778
2565 27.768673607180407
2566 29.528759583575052
2567 29.26083304209604
2568 28.109149309584616
2569 28.62906899313896
2570 28.111172865478206
2571 27.321560032624795
2572 27.1970976667843
2573 26.40935698576308
2574 27.579202633010894
2575 27.561857199968625
2576 26.97507575153712
2577 28.51687559752333
2578 27.728372943357936
2579 27.683008001533608
2580 27.462325014705613
2581 27.933299048404514
2582 26.832244295741834
2583 26.80902584803263
2584 28.614941267439995
2585 27.831834653500135
2586 26.71380433714251
2587 27.290383776814455
2588 27.7311787239702
2589 26.813443920218226
2590 26.99546437999684
2591 26.8857326810557
2592 27.354504621146088
2593 28.151633348417864
2594 28.362216201217354
2595 27.7114878335111
2596 28.012688360395497
2597 27.103638183578354
2598 28.13027241414642
2599 28.553987087532512
2600 27.86122012783705
2601 28.705807062926297
2602 27.64103685855034
2603 27.213266257169852
2604 26.659165332776716
2605 27.23047177548064
2606 27.496732083330627
2607 26.227927152845957
2608 27.72088218031093
2609 27.194338703703757
2610 27.166448993848707
2611 27.861629422332722
2612 27.18824468883547
2613 27.792196359914172
2614 28.59797096502939
2615 27.56957994115466
2616 28.662348341316537
2617 26.576284235789025
2618 26.90529171895941
2619 26.910964835685107
2620 27.201049632857412
2621 26.635646536635512
2622 26.259619179235912
2623 26.89128134742018
2624 26.654346238197327
2625 26.163699766802644
2626 25.688612062998608
2627 26.805689437986125
2628 26.17073619788033
2629 26.383285027325005
2630 26.331138503528393
2631 28.672574971126814
2632 29.96652647140821
2633 28.297131719754496
2634 29.207117572408343
2635 28.97405879637866
2636 29.765658043883732
2637 29.572358209663147
2638 28.795988918996027
2639 29.08987802720574
2640 29.316251039000818
2641 30.484570803181445
2642 31.082770850241808
2643 30.905696259293038
2644 29.789121991523835
2645 29.30572257316987
2646 28.673431221551397
2647 31.5039729216982
2648 29.94051997867841
2649 30.54733289715865
2650 31.827299305408598
2651 30.160359262862297
2652 31.660171871478415
2653 30.216821655478597
2654 32.324333020969924
2655 31.29387915743944
2656 32.14664540028954
2657 30.91925372287868
2658 31.035166650138052
2659 33.45689211841287
2660 30.990558991045297
2661 27.356868518512794
2662 29.675660308975605
2663 30.283386458904427
2664 29.832520312327706
2665 27.209745063190407
2666 28.04985422212867
2667 26.66815736879776
2668 26.851990860282744
2669 28.543055485377806
2670 28.420533326129558
2671 27.060595823693827
2672 26.88611084986963
2673 26.59121394146392
2674 27.884448627167078
2675 27.340980316481367
2676 28.66593592562702
2677 28.399074854544118
2678 27.522258530828516
2679 26.507520688855873
2680 27.009618063877934
2681 28.51782418427436
2682 29.55536389024487
2683 27.740357067668246
2684 27.921668305546994
2685 26.718263201032205
2686 28.158642836455485
2687 29.29133874789527
2688 30.689114785005824
2689 28.85880330944208
2690 30.56566395724107
2691 30.595727413439114
2692 29.351689983212644
2693 28.08815603590038
2694 30.752990070740843
2695 30.02864319321808
2696 29.23689653879131
2697 29.1012742235622
2698 29.558020644347277
2699 27.656593601657875
2700 30.638584362175582
2701 28.671683133777794
2702 28.276779248449472
2703 29.11150589015062
2704 29.779649130251425
2705 28.81754344850601
2706 31.357909076184832
2707 30.394139337568497
2708 29.111364639805725
2709 29.121558465703018
2710 30.447686701781848
2711 29.022964914663625
2712 27.909048706485255
2713 29.365984892928378
2714 27.361609197023935
2715 26.829175179109313
2716 28.111796207667627
2717 28.043049461775674
2718 27.726570705270557
2719 28.442011096820774
2720 28.168583565318933
2721 29.20099728017862
2722 27.85290506272293
2723 25.305657605888943
2724 27.57809984116583
2725 23.56972788508475
2726 26.70998072764716
2727 25.879488127126134
2728 19.587350209651937
2729 20.18194350585962
2730 21.289641861060712
2731 20.701507377254273
2732 21.50061705647029
2733 22.27025101436746
2734 27.13310200835296
2735 24.052674082090732
2736 25.595897537922315
2737 24.844609776943898
2738 24.202807462662694
2739 22.882385041432276
2740 22.830863087097573
2741 22.786940784286188
2742 23.316445704106446
2743 22.531278860519773
2744 22.732574955385157
2745 23.180216302661364
2746 25.872203707772115
2747 28.624245790152397
2748 27.999751762543482
2749 26.782700075180102
2750 28.566799327203178
2751 27.25520948229907
2752 27.25765420810779
2753 27.724882582860772
2754 25.85065100862825
2755 28.5745779708714
2756 26.993246957630284
2757 28.542014857481455
2758 28.445328578489836
2759 27.72046037495359
2760 29.311832039256668
2761 25.485052229432167
2762 26.30560487537215
2763 26.494299104587604
2764 25.577192050995667
2765 26.482124442253358
2766 24.398275199745207
2767 24.938589325068623
2768 24.35576020989043
2769 25.87194850155909
2770 27.368363199710657
2771 24.166496576545843
2772 26.454539411966543
2773 25.611936348580034
2774 25.46646386125092
2775 26.30780604739045
2776 28.137723494345135
2777 26.747725960419665
2778 26.24336442004843
2779 26.28679364100854
2780 23.868002769168598
2781 26.074260151096947
2782 28.11595167904453
2783 26.58442548554907
2784 27.6903507112094
2785 28.211757200591027
2786 26.22550754180393
2787 25.326228837893677
2788 26.695448956441794
2789 24.659975931356012
2790 26.863067865094347
2791 26.91996369429016
2792 26.27742307099915
2793 26.261792187310757
2794 25.9528801078677
2795 25.778528364836763
2796 25.039631051434004
2797 26.925610174748485
2798 26.626040488331
2799 26.228553059147472
2800 26.050350488103817
2801 26.32750661220878
2802 25.835138038309594
2803 27.107330074425214
2804 27.37477111456127
2805 26.96850626499744
2806 25.593412047226874
2807 25.822564643471953
2808 27.998132824250252
2809 29.159887355541144
2810 28.34986229676407
2811 27.04273183890592
2812 27.52461279947554
2813 28.72184022482901
2814 26.534778255028325
2815 23.744177015434694
2816 24.554993558000618
2817 23.735977611446373
2818 24.4152188881141
2819 25.55603289775908
2820 26.18102474197609
2821 25.236013995910067
2822 25.911711069642827
2823 25.31334008021995
2824 27.59052393621486
2825 26.389187011743466
2826 25.53665815148724
2827 25.676403920987322
2828 24.9683531788029
2829 24.21645302621887
2830 25.05416158923417
2831 23.804124086254724
2832 24.793004125724977
2833 24.460627049685353
2834 25.92803461661174
2835 25.334389023220545
2836 25.244160296295956
2837 24.31633879276682
2838 23.86097540998539
2839 25.632817738435467
2840 25.21779352335969
2841 25.642460736876043
2842 24.858222234048743
2843 25.07577413868265
2844 25.44555369453437
2845 26.35748624702789
2846 26.135742381243492
2847 25.400071172299675
2848 27.05294608197981
2849 28.10554394768361
2850 27.39084382617088
2851 26.61320656443652
2852 26.88922389657159
2853 25.84958620182511
2854 26.72888768580134
2855 23.879790359324772
2856 23.257685778025458
2857 25.434080994405907
2858 25.010615659211638
2859 24.747320657572594
2860 25.120666358729547
2861 26.424328112589947
2862 26.94480055168404
2863 26.55753497959191
2864 26.914979627680736
2865 26.591211133377435
2866 25.655924573115133
2867 25.802996969819638
2868 24.880583763021065
2869 25.552872574067337
2870 24.515788646308234
2871 24.949208762854
2872 25.08838997930853
2873 24.53017921923684
2874 24.24204055166707
2875 24.76945383312968
2876 25.211075775181598
2877 23.961580140354243
2878 23.050385600474765
2879 22.511877423444776
2880 20.932845599481077
2881 19.98009186961411
2882 19.06065013449379
2883 22.08314856536544
2884 21.302756005487353
2885 21.856662094740376
2886 21.734132503050198
2887 20.426371664655942
2888 22.426787285323197
2889 24.89468666742254
2890 23.670818204546126
2891 22.98519708638185
2892 23.778257323467113
2893 26.23247573018236
2894 24.065531318582174
2895 26.19635620142275
2896 26.384986558758715
2897 25.879061692311115
2898 25.76617842073212
2899 26.224856698226905
2900 25.331795308661253
2901 25.81721374855485
2902 25.66818473695538
2903 25.348796669233455
2904 25.24160153705238
2905 25.934872245203543
2906 25.477788113536988
2907 24.40049727774381
2908 24.268956839608748
2909 25.58718459290905
2910 23.94076057252249
2911 23.872381310073337
2912 24.760090359537802
2913 24.539798562576422
2914 23.864701985837037
2915 23.288835545114008
2916 23.47228317695359
2917 23.424646910588994
2918 23.61307539612645
2919 25.68585760261048
2920 25.131243612148918
2921 25.444008134102948
2922 25.64392337864999
2923 23.39497212391446
2924 24.714398539189233
2925 25.17981496596046
2926 25.461175073444984
2927 24.56864745783618
2928 24.47264754065148
2929 23.7151876465937
2930 26.03914346103705
2931 26.07051023390067
2932 26.5125084896121
2933 23.904200452895456
2934 24.997319093530617
2935 23.79675626775437
2936 22.739831357950667
2937 22.49717923324659
2938 25.39288990901925
2939 22.73402555761336
2940 23.562596090769592
2941 23.52325611424949
2942 22.91154193579706
2943 24.100813086822292
2944 24.09404677906369
2945 24.87151630416083
2946 24.132606931991933
2947 24.88336390311479
2948 23.797416242966545
2949 24.942567016292227
2950 24.173037296565784
2951 23.530458675183304
2952 24.2217668521719
2953 25.395836721968028
2954 25.893791172047433
2955 25.372661533457435
2956 25.275556740444717
2957 23.52703335737965
2958 24.29476872348549
2959 25.151482901203607
2960 22.910126012342083
2961 24.275081416614555
2962 22.942204152104942
2963 22.254488667203685
2964 22.159992918227278
2965 22.50752995601905
2966 20.927093619558438
2967 24.187443754256904
2968 22.971111173778326
2969 25.005493699059027
2970 24.128120360539963
2971 23.85472854194377
2972 24.117192771413414
2973 23.98075776259073
2974 23.38622810957732
2975 24.745834344074403
2976 25.215894241165262
2977 23.140800448514575
2978 23.974210741976343
2979 24.349504223299174
2980 23.147179763281525
2981 23.19249539779139
2982 26.015215418663377
2983 22.586861736659767
2984 21.38553718543321
2985 22.914877266069624
2986 22.75936303348643
2987 22.785236237645154
2988 21.85069589703546
2989 22.586138290088787
2990 21.36329675325008
2991 21.37576125439155
2992 21.171084354259087
2993 21.18029168350543
2994 21.531425425769694
2995 26.224451003330643
2996 25.12522325112711
2997 25.470652483643285
2998 23.10642836652404
2999 24.803192532952206
3000 24.700107874060187
3001 26.267217361964583
3002 25.95743381268843
3003 28.221006897038738
3004 27.121597269279125
3005 25.420393064809
3006 26.064637176078946
3007 26.782011840895418
3008 25.57155692381186
3009 27.766287737221234
3010 26.16088629974186
3011 26.08527534852981
3012 25.971548092060452
3013 23.26922250974243
3014 23.08288631886586
3015 24.24414382672309
3016 22.94288012120416
3017 24.285384405658935
3018 22.77378326525913
3019 19.871708408630226
3020 23.53495518508599
3021 21.716525783633436
3022 20.172597325083554
3023 21.368458389850083
3024 22.98256754539688
3025 20.76559517756829
3026 23.843753910123027
3027 24.897928358741563
3028 23.34175218103233
3029 23.5206565946937
3030 25.096477341475634
3031 25.405416941293886
3032 26.55222469053896
3033 25.858676415991777
3034 24.27925518879436
3035 22.449198090163154
3036 25.326535974858537
3037 23.979824490863898
3038 22.006131473325006
3039 21.287930356581583
3040 22.666748976517216
3041 22.07918801300613
3042 24.94104497912182
3043 25.065972904400052
3044 23.58607187435905
3045 26.669518598625242
3046 24.457063235187118
3047 24.267400104478508
3048 23.774015156112775
3049 23.41915453358097
3050 25.108309667368534
3051 25.088611075408615
3052 25.692071395495912
3053 25.488490948226083
3054 26.327083927859363
3055 24.597375078323555
3056 23.237266911184236
3057 23.480475216984388
3058 24.671785173590134
3059 22.36221402547105
3060 23.707269831401852
3061 20.461361806080152
3062 22.59440828376313
3063 20.67859361112682
3064 20.7981760024924
3065 22.294235124627665
3066 24.47981787576628
3067 23.963201793060296
3068 25.215607468676296
3069 27.0231209396666
3070 24.07022386815323
3071 22.67282508451353
3072 23.86181881577731
3073 25.07726777460748
3074 26.323972293337842
3075 23.825930549918482
3076 25.171493707408068
3077 24.84220379290753
3078 26.17055466760586
3079 26.311293656122846
3080 28.173273151705107
3081 26.626150094508453
3082 24.454153274856484
3083 23.75786735786395
3084 24.652756803665508
3085 25.528316511867665
3086 25.84786993510113
3087 25.4045583252411
3088 25.324593966393866
3089 23.205945343838724
3090 27.4230323785599
3091 26.85403623605561
3092 24.86776561331045
3093 24.104882982435512
3094 24.34181221095271
3095 25.376291572090516
3096 23.620966865008725
3097 22.65138938465618
3098 24.3494969716532
3099 25.053796872782232
3100 25.312722965900377
3101 24.28988387502983
3102 25.18364159688194
3103 25.05615649421104
3104 25.502010549503265
3105 26.003205028182464
3106 26.250531790036888
3107 23.867418533271263
3108 25.36069380187397
3109 25.571421326903113
3110 25.16325182682796
3111 24.334276373979986
3112 24.52219570092842
3113 27.93489722155895
3114 27.952629385473667
3115 28.307306860994675
3116 28.73652773222157
3117 29.79260344337329
3118 27.79518577204813
3119 27.71660352464008
3120 27.22034618754598
3121 26.916971740952807
3122 27.86258365434745
3123 25.5446907179169
3124 27.464634228918772
3125 25.66381174463814
3126 25.14041725974777
3127 26.7911022323773
3128 24.435231753024176
3129 27.01992015660251
3130 24.930003912015636
3131 25.954516192347327
3132 25.109553962614463
3133 25.600493722237953
3134 24.875863840994526
3135 26.033354582788252
3136 25.41543994667786
3137 23.25794274952152
3138 24.93516607253399
3139 25.8060194729844
3140 26.134172210866453
3141 24.101364665859883
3142 27.413583833364065
3143 27.371807640797424
3144 26.450970659037193
3145 27.518185006605236
3146 29.049037806113066
3147 28.27444213271046
3148 28.22946597903278
3149 28.652263503690165
3150 29.22789942796645
3151 29.187434216888132
3152 28.98672793612928
3153 26.93533550273774
3154 27.021673299563435
3155 27.33996215209478
3156 28.295003928861608
3157 28.147368477984635
3158 27.222913257364453
3159 26.12999345279396
3160 24.914481801725326
3161 27.654585984986046
3162 29.46409616979193
3163 28.12685862576208
3164 29.745872808473926
3165 28.461595180573987
3166 25.177765768977093
3167 26.540386993876258
3168 25.701873262319452
3169 26.67297624216381
3170 27.265217800057737
3171 26.05713627530528
3172 25.49761962135481
3173 24.713762944722617
3174 25.94321680768769
3175 27.77003572169923
3176 26.562690376587426
3177 25.10477001401672
3178 24.757720197075894
3179 23.217751771908812
3180 27.006753412712936
3181 27.74673810229738
3182 26.332798113185596
3183 25.559486367911713
3184 29.546020324411018
3185 30.187709612373126
3186 30.641508249307346
3187 28.588629780104743
3188 27.867253736457453
3189 27.827385535764027
3190 25.949080947889207
3191 24.81328159523098
3192 26.126176023219383
3193 25.675927587020528
3194 25.667630366084254
3195 26.26383274839156
3196 25.61625325937938
3197 23.83603945223655
3198 24.98557006820865
3199 25.260642141666327
3200 25.355134333588413
3201 26.91423802090501
3202 29.117254565949427
3203 30.162949181891676
3204 27.515739681915587
3205 25.788493269696797
3206 26.841972422319152
3207 26.12522449957291
3208 27.850032008538367
3209 26.24924078253689
3210 26.740773401597348
3211 25.579646542922088
3212 25.18202699266837
3213 26.93535484832296
3214 29.030037691499032
3215 27.85379029900639
3216 26.84842203515161
3217 26.96207199734622
3218 27.245688760291788
3219 28.010325276979966
3220 28.171447767430777
3221 27.785116762798737
3222 26.719373455982666
3223 27.60236986777707
3224 29.719200411369766
3225 31.19268281690304
3226 30.4434309379581
3227 28.99982855358195
3228 28.92991257515558
3229 27.106363045008386
3230 26.175646691554263
3231 26.90428154139841
3232 27.01187150162577
3233 27.918650240967597
3234 28.78255915288266
3235 27.045189153653197
3236 28.69900653823661
3237 30.2440816987142
3238 28.840091252335043
3239 29.512292340890887
3240 28.34286759550722
3241 27.01416725260516
3242 26.547041858428507
3243 28.62559532755259
3244 26.11260288830126
3245 25.071160814323168
3246 24.234566264898138
3247 26.281817445458874
3248 25.890885482621833
3249 28.118947314125002
3250 27.541271496623306
3251 27.585199045193605
3252 26.271002504311408
3253 24.83232524393108
3254 27.159826067002687
3255 28.094336026219946
3256 27.731264816972285
3257 28.46061686315836
3258 28.545791860567626
3259 27.7540314555039
3260 27.375444713865754
3261 29.57627813698544
3262 29.728327462259617
3263 29.01846810838682
3264 28.192190127404242
3265 27.436055588671977
3266 27.975913958608967
3267 28.126165168031402
3268 28.18356787897311
3269 27.42465629764577
3270 28.867288513122652
3271 27.815754734204507
3272 28.653164333667874
3273 27.890728895335467
3274 27.156677452482946
3275 27.192456271253143
3276 26.85168735218869
3277 27.87457890060688
3278 29.027687989355215
3279 28.177961384855394
3280 27.29960062521603
3281 27.221610561685345
3282 27.91895671775362
3283 29.15461107233127
3284 26.790986912154974
3285 27.625208377877406
3286 28.003545824875587
3287 28.33228804139254
3288 28.96480464970243
3289 27.824751583447924
3290 28.531313876422413
3291 27.439623187316986
3292 27.498877962423975
3293 28.51895242489892
3294 26.437958126839558
3295 26.788467561949865
3296 29.123539798189064
3297 30.23073206321575
3298 29.182481979564677
3299 28.393887114241675
3300 28.312655566787793
3301 28.706057694203885
3302 27.385545482319888
3303 28.123086177289686
3304 27.55278616622816
3305 28.741164950212514
3306 28.322590400793477
3307 28.89434113350222
3308 27.720725970650278
3309 27.565454315698716
3310 27.709167573279515
3311 27.71415736382817
3312 25.683996280323626
3313 26.913228960979634
3314 26.254887672116013
3315 28.5406334590853
3316 26.985453052121464
3317 28.17903154202166
3318 26.454828706922218
3319 26.99046543284009
3320 26.949419490245383
3321 27.333596151450635
3322 27.333743451455376
3323 26.787638135361373
3324 28.8270676459107
3325 29.043081993884673
3326 29.680870352295237
3327 28.16662498268194
3328 27.32170459609872
3329 28.02474528220257
3330 29.41091691495562
3331 28.451236612326067
3332 28.080376226535112
3333 26.85966626935112
3334 27.0345434199325
3335 27.733957769887088
3336 27.65052510877371
3337 27.780967874742476
3338 27.736935224810363
3339 28.337728028688648
3340 28.904923215566402
3341 27.733833976514525
3342 28.405697169707494
3343 28.652764708747995
3344 28.837284523162197
3345 29.836673912219172
3346 28.332284047391312
3347 28.430304957474775
3348 28.03936697407274
3349 25.30308823400014
3350 24.80863495582938
3351 25.05407979660508
3352 25.44009425982564
3353 24.94536089062847
3354 27.134967589154662
3355 27.557963399810813
3356 26.603459262695097
3357 26.863041019663083
3358 27.49825014976711
3359 27.53756110654094
3360 25.928882508125042
3361 26.819389072092104
3362 25.889511989151035
3363 25.91426149444053
3364 25.995601401002492
3365 26.20859083652723
3366 26.454287002579225
3367 24.934891419697088
3368 23.93314919371101
3369 24.88733136474939
3370 23.269101841950167
3371 23.847051684853454
3372 24.537112911146533
3373 25.685434497190958
3374 24.904870442589942
3375 24.394053936890415
3376 24.89790470655858
3377 24.38530330304358
3378 23.933429653148014
3379 23.99149624654393
3380 24.93448274120702
3381 25.16031433291206
3382 25.78048880783305
3383 25.88525580896066
3384 25.931425057122812
3385 25.258382193194283
3386 24.85370402666838
3387 26.477194760681254
3388 25.63098179205268
3389 24.939029767728687
3390 25.149082091856016
3391 24.178759059537658
3392 24.607602657843266
3393 24.178059243188912
3394 25.77514834353851
3395 25.5264420495756
3396 24.281922583370715
3397 24.967423711102775
3398 24.972119978563402
3399 25.35820526733948
3400 25.23800822722369
3401 25.202614155009567
3402 24.481232480738484
3403 23.38329227295923
3404 23.617868678507783
3405 23.19077304112628
3406 22.807562968954425
3407 22.86957816601993
3408 23.9062793845255
3409 23.1946933230235
3410 22.07068756111071
3411 23.87262727537957
3412 22.57811757190656
3413 24.083706408150388
3414 23.768525385262823
3415 24.30633746804064
3416 23.702527777321453
3417 24.21434256090286
3418 23.931196358885085
3419 26.47654672204213
3420 24.764252271388962
3421 25.35319248937082
3422 25.310166584764836
3423 26.768523847303022
3424 25.547590597000724
3425 25.69937184913201
3426 24.849779742979877
3427 25.93019012619813
3428 24.79231943935525
3429 24.601951188528194
3430 24.0810677844859
3431 26.133971164670903
3432 25.14434582987921
3433 25.74781611785546
3434 25.690951654161218
3435 25.20817677152434
3436 24.707647595295953
3437 24.361700633841146
3438 25.07032566064529
3439 25.92012603123053
3440 26.46798207528092
3441 25.208189465015888
3442 27.224306366238896
3443 27.0552312627539
3444 28.148342177690484
3445 28.129634179250136
3446 27.275329110318985
3447 28.80568602211419
3448 28.829003373094384
3449 27.646149777978295
3450 28.66687913591816
3451 28.000597078387813
3452 29.54293446412726
3453 28.773486439289215
3454 29.629952899742456
3455 28.883242820764114
3456 29.738113544076207
3457 28.85744228190385
3458 29.181342549961492
3459 29.213524255780516
3460 27.00589389891785
3461 27.60344870220292
3462 29.12118644731508
3463 29.039547684647076
3464 29.5090250059089
3465 28.253164265271092
3466 28.385790036529322
3467 28.956130603132404
3468 28.29587844046092
3469 26.844857483413573
3470 26.63972476221359
3471 27.416500156399294
3472 27.2735584168022
3473 27.13125609519251
3474 27.823192708975313
3475 27.24466818560167
3476 27.80170825169539
3477 28.548083329889923
3478 27.650014701163563
3479 27.783014654402994
3480 27.018171373578507
3481 27.010192045329358
3482 25.487546144333763
3483 26.532457722467292
3484 26.389336906044203
3485 24.932955985976626
3486 26.188473685098508
3487 26.901112316802642
3488 30.039934530123507
3489 28.676599665115603
3490 28.756772798837158
3491 29.502720083983007
3492 29.555914262658973
3493 28.665454358263496
3494 29.142722347393768
3495 29.240605832750727
3496 26.824887412227092
3497 27.9591033268408
3498 28.373516869216186
3499 28.429362368952845
3500 29.750779313262676
3501 29.397358343467438
3502 29.750285139907255
3503 31.064120586063
3504 29.662908683935534
3505 29.654417191219512
3506 29.46700839600865
3507 28.6067317074808
3508 29.629328641364058
3509 27.87575491101778
3510 30.003975859692243
3511 29.01742350839335
3512 28.578301308205308
3513 28.475565257637836
3514 27.798047939403034
3515 26.79280847504229
3516 27.506551941605526
3517 26.246207008507973
3518 25.863195915023145
3519 26.231919861143798
3520 25.836200136571325
3521 26.615430168935617
3522 27.053796685215406
3523 27.539165328737475
3524 27.026659422906448
3525 27.814377056129178
3526 29.550502532818474
3527 29.47944237775779
3528 27.825581274496013
3529 27.329810665967152
3530 27.733360659104257
3531 29.452184497609633
3532 27.36991937502166
3533 26.232344349422565
3534 25.99848837240776
3535 28.63830435544396
3536 27.389350565954743
3537 28.14373858391722
3538 29.172628184687778
3539 30.48885358502649
3540 28.270828003554463
3541 29.848533154253886
3542 28.799572287059217
3543 29.48136783558134
3544 30.686426201370434
3545 30.938562623204728
3546 28.249530264401518
3547 28.74929516815059
3548 27.976914926478557
3549 27.170612474431955
3550 26.762772741491585
3551 26.193519020047283
3552 27.154549383738836
3553 25.947256236532066
3554 26.43558915490609
3555 27.691874351369602
3556 28.773667789009373
3557 29.127674646933148
3558 28.767115922828836
3559 28.23181175255773
3560 28.1242621212074
3561 27.375517651266943
3562 28.093467573040538
3563 28.150645441547603
3564 27.852983878472944
3565 26.46177326385101
3566 29.059127709884322
3567 28.551875835758587
3568 28.730596441656665
3569 29.285476890981286
3570 28.281202333135422
3571 28.391084814761886
3572 26.61646107987784
3573 27.90548177014014
3574 28.00111083631057
3575 27.779498438362076
3576 27.650303894140944
3577 28.081619096006982
3578 27.556123688085517
3579 28.455195215147295
3580 28.398668403867685
3581 29.890482785999843
3582 30.645247906693836
3583 29.690785149368757
3584 28.95145089045506
3585 26.917109908010303
3586 29.347098545468427
3587 30.864052376759005
3588 31.643043306649115
3589 32.64769466847779
3590 30.235266579738106
3591 29.732109534352222
3592 27.71920379420015
3593 29.321732736729857
3594 28.17610167248353
3595 28.085043084001445
3596 28.364350672726857
3597 27.453248170378178
3598 27.680791043629604
3599 28.381524992624893
3600 29.373171112968066
3601 30.609880676236532
3602 31.58064096758241
3603 32.301388437671676
3604 30.503938523243047
3605 30.818673646596515
3606 28.772302934921594
3607 29.545979588853598
3608 30.279444752872532
3609 30.268189280239984
3610 30.457155090398995
3611 31.839502835540294
3612 30.79677330960119
3613 31.237946842780268
3614 31.7154165844338
3615 32.68332407001584
3616 32.10815612027537
3617 32.371763778565025
3618 30.29310639677059
3619 30.21450871254197
3620 30.603079409614928
3621 29.802358184035143
3622 29.988883901793326
3623 32.41604937887064
3624 30.53347037919729
3625 28.714061836594542
3626 29.22824482824404
3627 27.77992092519668
3628 29.08858200934203
3629 28.58274848669205
3630 29.521700570352067
3631 29.574351495335577
3632 26.80107190251784
3633 29.625900754551044
3634 29.512849186810595
3635 28.67940240628521
3636 29.530896889526666
3637 28.584303473033323
3638 29.714274182071136
3639 29.701513417844588
3640 28.62569364343443
3641 28.842360607498758
3642 27.62907881113456
3643 29.419029789635154
3644 27.778085911216404
3645 28.290016881426165
3646 30.879062607428224
3647 30.605265564747484
3648 31.310422275540287
3649 31.355868005893917
3650 28.401463771224375
3651 29.88323567334709
3652 28.111837949727086
3653 28.14060331130395
3654 26.189941142172707
3655 24.339999425225287
3656 24.77910444631866
3657 26.331556100931437
3658 25.822255636156086
3659 24.25329506761984
3660 24.048475199911007
3661 23.179191431783117
3662 20.256740581200283
3663 22.48202010211192
3664 19.141354245594812
3665 19.113756184543817
3666 21.318073596599096
3667 20.42655908707626
3668 21.039202407107886
3669 21.25110164007545
3670 22.41296873219783
3671 18.75898183495814
3672 19.653999449174872
3673 20.545010671940396
3674 21.062390660685892
3675 18.751832499156528
3676 20.07128048615779
3677 22.349549384334573
3678 23.650368635437943
3679 24.79213390043577
3680 23.6916253738644
3681 21.907771869084222
3682 21.087514468040666
3683 22.364815094540646
3684 22.59016539058515
3685 22.27603125489927
3686 21.058738255974212
3687 22.053950148220935
3688 20.451533496357992
3689 21.489789519773094
3690 19.688620431520476
3691 20.244689516498187
3692 21.253774930961775
3693 21.4304970501805
3694 20.485878189367853
3695 20.86207483884966
3696 22.304073482616
3697 22.993263594696458
3698 23.117812361143823
3699 22.60726908608073
3700 24.146634956727272
3701 22.408936467909186
3702 24.30925662210973
3703 24.156905731469326
3704 23.90308085254559
3705 24.396739478092293
3706 25.33711158825859
3707 23.46275249802638
3708 24.530791919613513
3709 26.875563761063475
3710 25.379021001861908
3711 23.978179178698745
3712 24.035090394585396
3713 24.90637170567345
3714 25.425619145089584
3715 25.006021733881173
3716 24.829187321816338
3717 25.116553322421726
3718 27.866710502054964
3719 25.436814643764006
3720 24.65515277580893
3721 24.30581670368728
3722 24.899240775672236
3723 23.81322826124598
3724 25.07612593044199
3725 25.431109948636472
3726 28.047028347858152
3727 25.604077133237137
3728 26.84523946623029
3729 27.158283746005246
3730 26.97841973339337
3731 28.626165329899703
3732 27.12614075264637
3733 25.506549806037977
3734 28.65445398846593
3735 22.92404781508168
3736 24.1027579289423
3737 23.789440338075778
3738 24.343678813003496
3739 24.593198714425494
3740 24.07855094855564
3741 26.554676706669508
3742 25.82956734829949
3743 24.926283146221465
3744 24.35244532112527
3745 26.201723205041233
3746 25.999299521741126
3747 23.50777431128149
3748 27.048106718811514
3749 29.65492739207891
3750 28.695522112539518
3751 32.48767031213401
3752 30.68644306792163
3753 28.79581091664847
3754 28.275135852814767
3755 27.043916186780542
3756 28.776926128601005
3757 32.285342084311914
3758 32.1236076102876
3759 32.130626992817135
3760 29.983959137848043
3761 31.235267269091604
3762 30.462833393638842
3763 29.704999587543032
3764 31.17582826262074
3765 31.558207453912555
3766 31.074968564768
3767 30.371224729119312
3768 29.13046400458283
3769 29.174740731546297
3770 28.682263187750653
3771 31.535719575984718
3772 29.416505395295086
3773 28.876031569726102
3774 28.264764961063356
3775 28.423995591910685
3776 29.99475003109907
3777 29.822749680379488
3778 31.268575466099907
3779 30.921873898641152
3780 29.748777409618068
3781 28.60806344063298
3782 30.02994049732132
3783 31.01982257165155
3784 31.704978085426045
3785 28.601369056586485
3786 30.42573731772071
3787 30.596717483585014
3788 28.489640432401444
3789 28.984668127966586
3790 27.26287072308922
3791 30.91765260700947
3792 29.564150108509736
3793 30.020365360255635
3794 28.297178876039705
3795 28.62087670748848
3796 29.0926992897246
3797 27.451333856219506
3798 24.615675432453052
3799 26.671492745183457
3800 24.79731051911419
3801 25.59247960338727
3802 26.861305768108043
3803 25.915021036866133
3804 28.160250100170284
3805 27.350629500737647
3806 26.209605693653277
3807 27.135481457563372
3808 26.605191582742442
3809 26.823244104260322
3810 24.753629429154174
3811 27.668424216104786
3812 25.305623709471785
3813 26.148087856542595
3814 28.491254990058888
3815 27.103232000830364
3816 25.30113299336593
3817 28.824867067929027
3818 25.45888737632002
3819 26.299871312134865
3820 25.538785722524832
3821 25.21539385976556
3822 23.92100816802946
3823 23.200933653723993
3824 22.92787887990686
3825 24.394959953137196
3826 25.237627112995888
3827 24.31975826202956
3828 26.111916719883183
3829 24.91873621924753
3830 28.041113188274227
3831 32.2583064146163
3832 32.63153246704936
3833 31.878996845196053
3834 32.640415464742595
3835 31.32819427356798
3836 31.467783549891205
3837 31.461157867722623
3838 32.34342793565613
3839 32.412932657470044
3840 31.966364680552186
3841 28.99053642210927
3842 29.43513420073138
3843 28.58566141369298
3844 29.145088634268454
3845 29.49441140032018
3846 29.70984150511004
3847 32.87342366742743
3848 30.633469872533087
3849 31.945550464909726
3850 32.17054768189542
3851 32.099946278465374
3852 32.24995378396993
3853 33.14849583841886
3854 31.182509763985017
3855 31.89104273805808
3856 30.38607673556392
3857 32.47334943079366
3858 31.29270400913804
3859 31.078391107453374
3860 32.96988279533083
3861 30.0097878838801
3862 28.54162191662414
3863 31.240130782519483
3864 29.511744878380714
3865 31.24228139938409
3866 30.4181628783175
3867 28.259629046050062
3868 30.647710903820265
3869 30.341628792973285
3870 31.22760928882479
3871 29.518243575878348
3872 30.41034926292087
3873 30.026169195809054
3874 29.1958223813555
3875 29.509583901057866
3876 31.260283160303512
3877 31.027538606298734
3878 31.415123951055808
3879 29.64417601987222
3880 28.631927257989144
3881 29.27416212557038
3882 31.36565176351246
3883 32.90388636647742
3884 30.76536620327757
3885 32.18448041896263
3886 31.553568212201736
3887 29.715861922949387
3888 29.44927998510816
3889 28.7116018040182
3890 27.127653332355262
3891 31.055195101541447
3892 29.122352979146672
3893 29.46235537706373
3894 32.399942770402184
3895 31.982133647222355
3896 31.092738554615643
3897 29.314447636548326
3898 29.8283769333894
3899 30.729195079695725
3900 30.085051172564228
3901 33.24183203465184
3902 31.902693896160383
3903 32.31636391716254
3904 31.823339531264523
3905 34.41261210443946
3906 34.72915163011781
3907 30.809189727885975
3908 31.061583316729276
3909 32.1251993857058
3910 29.936798121293283
3911 30.59879572190352
3912 31.780536264416952
3913 30.434874054078854
3914 30.796446334275977
3915 33.53643446107106
3916 35.56024817606505
3917 33.22264617778726
3918 33.438591400212196
3919 34.23288418981681
3920 35.03208944305694
3921 31.952892742652345
3922 32.911774642375164
3923 33.15848579009601
3924 31.712806750337762
3925 32.71817441709173
3926 33.17196506292963
3927 33.700569778334675
3928 32.17226664254083
3929 32.11024875754893
3930 31.95117285248209
3931 33.69766077837352
3932 29.75090854782158
3933 30.744537868925757
3934 29.737115329225368
3935 30.155225906981027
3936 29.976853265023202
3937 29.506740143942345
3938 28.56231305586399
3939 29.798067013281784
3940 29.46576355772654
3941 30.553244284749027
3942 27.75933598914295
3943 29.61955029593786
3944 31.026941953207256
3945 30.32794998903029
3946 28.749395034662104
3947 30.74719352680773
3948 30.77443093774834
3949 28.870757198281105
3950 30.32611600883136
3951 28.087356733078163
3952 31.97015668680932
3953 28.966338306593414
3954 29.340687985665852
3955 27.079743394749308
3956 30.055900242049944
3957 29.599521300415958
3958 26.953566950946094
3959 28.347903560286788
3960 29.048955478608832
3961 29.9872237025232
3962 30.199941208434883
3963 28.473622331552757
3964 29.61274719503592
3965 31.58779160658836
3966 31.910260426444477
3967 31.56055139623367
3968 29.862145884123322
3969 30.54489314218139
3970 27.695190206254477
3971 24.572501197106273
3972 25.294750566280573
3973 24.339482064014845
3974 26.170660967090758
3975 26.292001888515014
3976 28.356735270435706
3977 26.792988926337983
3978 30.00312407175224
3979 27.895079969889515
3980 27.61107578645334
3981 26.613435156034946
3982 27.59218485129902
3983 27.699096019000063
3984 28.122395888719616
3985 28.84750896538057
3986 30.07192130795899
3987 30.880150406476456
3988 28.61058362186312
3989 27.26365678286433
3990 27.916341029881053
3991 28.76814310912041
3992 30.09929289324993
3993 28.25440146629618
3994 28.31458976835158
3995 29.331165042347443
3996 30.21948538912114
3997 28.75921569858472
3998 31.964812854057175
3999 30.614127907226102
4000 31.493131557987113
4001 15.699524371530583
