0 24.8810130236309
1 24.945315526900636
2 25.846630479567335
3 27.308733163964288
4 24.111096386341252
5 26.637590714643334
6 24.667221690922258
7 21.379584144888213
8 16.694285261331387
9 17.801703748924293
10 18.030318243654154
11 25.82762357693186
12 22.110678974218153
13 21.087193985672087
14 21.35102413249809
15 22.49554684230651
16 20.136282791262765
17 19.264495464087588
18 18.686931970931134
19 16.310183648970924
20 18.75231506549754
21 19.36538075871419
22 21.415258467970006
23 20.49247838016456
24 22.510035241572876
25 18.755187521526356
26 19.723202290317268
27 16.333957011799985
28 20.18969168206109
29 17.819996880682794
30 20.192654518481223
31 19.8258101768881
32 20.558674211802682
33 19.516710459575375
34 18.155060257074354
35 15.953075657788721
36 17.28214589190707
37 14.783364376226785
38 15.108282215826701
39 14.771851586136613
40 13.146913231310368
41 11.855498198583922
42 14.419173111613416
43 11.840449722874592
44 13.961340243430184
45 12.298985960246902
46 14.649662289735295
47 14.216788779363046
48 14.768425926422596
49 12.636208577536411
50 13.995717484324103
51 15.260347915826342
52 18.262116750263413
53 19.94179066043578
54 20.406268535387753
55 17.587359518808913
56 15.584915110577587
57 17.518721750741534
58 16.868175151516418
59 14.176062760653464
60 14.460619732993639
61 16.806850431583744
62 17.84096299689976
63 18.084351620957783
64 16.91661878101398
65 17.279007910931725
66 16.068345927279164
67 16.71766815639576
68 16.67541891195855
69 17.64199865912459
70 18.55092811545359
71 21.155355020501016
72 24.066521262396982
73 22.63043734166353
74 24.088690952318228
75 19.012535325319135
76 17.406291672609072
77 18.25448682876127
78 19.576958587764413
79 17.31293207856505
80 20.163077060111597
81 21.430660579966954
82 18.90665611360184
83 16.10469660220102
84 16.824812663153555
85 17.473320238753146
86 16.709453916775445
87 16.4196118404882
88 16.196965065361102
89 18.08469315589001
90 16.645422932325037
91 16.38028968760197
92 15.373262308315335
93 16.138716487641695
94 15.586196676652877
95 15.264787936345774
96 16.433554232668055
97 16.405826267315543
98 15.881176111691625
99 16.429963101968717
100 16.75192581565984
101 15.308193684370123
102 14.975174623927057
103 13.79576862927464
104 13.307285221595523
105 13.297360032076384
106 13.988499082391987
107 11.66970798548805
108 12.473687481716171
109 12.655992887535428
110 12.34286060804021
111 12.02429599838103
112 13.544447071482333
113 12.748524278159122
114 12.750480397712138
115 12.245764767624268
116 13.07051766839328
117 13.952791745654576
118 13.326865409093534
119 14.364362457660874
120 14.152595410480156
121 13.627237091749784
122 12.658576198443209
123 12.960438691534845
124 12.685083036715637
125 12.875659599166797
126 12.480822436182486
127 13.360318033922157
128 12.364356537770917
129 11.827768561898594
130 12.495148801983705
131 12.971726589411826
132 14.491776473283169
133 14.541963772081607
134 15.399517729503975
135 13.967446437534061
136 15.623402674164485
137 12.606284827941705
138 15.855294801059241
139 15.311328972882093
140 16.514529915245824
141 14.837866997492968
142 14.720567670117903
143 16.672101529340697
144 16.411440545594633
145 14.868313435468137
146 15.31491810935257
147 16.611689779648557
148 16.205221662127084
149 15.46141079889763
150 14.122337268629582
151 16.757380051331086
152 15.939998331012943
153 17.247067110928143
154 20.0189275024625
155 20.37946394952022
156 19.47870873548697
157 16.870937285376264
158 16.15109688894078
159 16.435849572099052
160 15.206876241323698
161 11.602844304454285
162 12.19718316600451
163 14.766261262902576
164 14.311797927042603
165 12.642068461649336
166 14.982883233348744
167 15.66864029336602
168 14.932227977227829
169 16.92249692840502
170 15.52884589166824
171 15.634849234337947
172 16.08884252098885
173 15.719598099519892
174 14.868889060937262
175 16.241621048361342
176 18.380686843458577
177 19.535343958041345
178 18.610702763632784
179 18.380536682836958
180 18.555662145744034
181 19.164628569887505
182 18.670488139975802
183 20.058407511463255
184 18.41322584129617
185 19.251527272305296
186 20.641746905868732
187 19.83969654016546
188 21.108712298478903
189 19.727051542670885
190 18.105774566593105
191 17.570973868306048
192 16.40349688870582
193 17.80505215824459
194 15.72288876861412
195 15.879845984598914
196 18.085681725379622
197 16.559912428419715
198 14.511818664276795
199 16.465941471554142
200 16.513910741454193
201 16.492864821329857
202 16.457324134647987
203 16.64358897940428
204 16.771685510004804
205 16.09201055612473
206 18.09580045154193
207 18.31530392889673
208 18.30534728724518
209 18.150460565826837
210 18.28476688156397
211 17.715267357032534
212 17.921439800071493
213 17.152490710262658
214 16.34373889327915
215 18.50922354081283
216 17.87433608493042
217 17.79843867957508
218 17.574969136413223
219 18.34366396414621
220 17.50095869540409
221 17.901561292956544
222 17.1625296709751
223 16.630868090593275
224 17.85584689385593
225 18.446667887809713
226 16.725369095315855
227 18.061736417161086
228 18.997560896627867
229 18.581228650781476
230 17.535915862988823
231 17.990678918060986
232 17.644997336435804
233 17.802471778613047
234 17.91168885379647
235 17.88331592078146
236 16.196189459437885
237 17.029304751297122
238 18.698821080831706
239 18.13014828086409
240 17.903099238821497
241 18.811527664235598
242 15.984326224066987
243 16.54685341214674
244 18.599742842014468
245 18.33930202957394
246 17.408838428573258
247 17.92642460251251
248 16.929798944300348
249 13.33737959866035
250 12.874047431921836
251 14.785407284960407
252 16.8349303085662
253 15.857227490602744
254 15.197732631122681
255 14.91277966885459
256 13.772852239367243
257 13.82254291849993
258 13.147228159848499
259 12.382200184118341
260 13.873398119477466
261 13.139577799188311
262 15.065077730644353
263 13.773524733289365
264 16.67729582526495
265 10.889568966128937
266 12.355429629147084
267 13.590945835675722
268 13.262983341366606
269 13.765572633427013
270 12.069802494914756
271 12.754793518382847
272 12.207305636168876
273 12.164709133085289
274 11.255545786534766
275 11.24458606003957
276 13.264146801040393
277 11.563946862998158
278 11.898491318732013
279 12.311845256115928
280 12.673320254951394
281 12.014462182323921
282 11.791437893676163
283 12.25015771868662
284 13.599646204723161
285 13.67020536378704
286 13.052102391694735
287 13.605702532569333
288 13.331955766800027
289 13.950274050957052
290 12.33125315068898
291 13.342421055589833
292 12.851295351577095
293 14.222585042886186
294 13.648152562811328
295 14.531610505598287
296 13.31240793522761
297 13.378164797087166
298 13.521745513897432
299 13.564873754840058
300 13.385222900440699
301 13.557140932388217
302 15.469488883276584
303 15.259861949481458
304 15.80919448267541
305 13.997409534683344
306 13.40122350254135
307 15.035877987465947
308 15.23475450218435
309 13.649101716385275
310 15.101174755405111
311 13.356397242147805
312 14.331602867550654
313 13.618772916707618
314 13.571525182395497
315 12.727544701550109
316 14.15530376608308
317 14.054704874876776
318 12.949718606491677
319 13.308155049225947
320 12.68720331047076
321 13.52726697685518
322 14.050213448095306
323 14.92373986951063
324 13.801267835401802
325 14.697441500141853
326 14.985345637574277
327 12.921889154542427
328 14.281217098034132
329 14.2351223185821
330 14.040446399429134
331 16.306591206301135
332 13.800212160664042
333 15.677254923245933
334 16.124104201589596
335 14.10549810991232
336 16.528252127583265
337 14.3986404780656
338 11.621955249055805
339 14.113141829270232
340 13.498907388286394
341 12.988062189178423
342 14.000597906696674
343 15.510175825312798
344 17.429606180388262
345 16.54989589766959
346 16.185225084005115
347 18.422700036276307
348 18.021825559022474
349 18.165455882964288
350 17.547485634123756
351 17.86915220827399
352 18.41489818121238
353 17.241595120817575
354 18.29740926720955
355 18.896868341948885
356 17.14907233529258
357 18.305743363517863
358 17.546629468730103
359 17.60524039696254
360 16.594061330264363
361 17.40561574976222
362 17.503025547524857
363 17.87210358665042
364 18.92478115730387
365 17.82371554042303
366 16.690477402605186
367 17.52432273977532
368 16.84903764307516
369 17.585851981811178
370 19.217395978487406
371 19.094284332441113
372 18.684420884785844
373 18.562551193054485
374 20.355986707925126
375 20.320772111220908
376 16.174118830409792
377 15.5480228309791
378 18.653654177791736
379 18.306882417487607
380 16.85401655521057
381 15.750515234764388
382 17.96437793362993
383 17.24830982462186
384 20.430634109433555
385 18.892906059575544
386 18.15375558120991
387 18.55205714028455
388 17.916090357330344
389 18.784683149528714
390 18.909349799474555
391 17.2920187567747
392 16.784515759686528
393 17.071104073110686
394 16.8443878835746
395 16.676685369007217
396 17.5403386199285
397 18.26756759508137
398 15.359835541609906
399 16.787346186702642
400 15.805677563519398
401 16.00371684795585
402 16.68669948835776
403 17.186225277660224
404 16.013806060104972
405 15.782543505738628
406 16.7413501573306
407 18.52058379301582
408 17.46296469269375
409 19.173400575224
410 17.84941858544786
411 18.76813349658643
412 17.293748852972108
413 18.54923176781474
414 20.726188183639803
415 18.056097473240726
416 17.035621105503157
417 19.307615759474135
418 20.80961895147977
419 19.668818269343838
420 18.939482119407778
421 18.435595886434673
422 17.16147851232181
423 15.233307755536366
424 15.736996064691157
425 16.263210622946378
426 16.082392300246756
427 17.33170566985402
428 15.753110459751536
429 17.24737953461661
430 16.432677509900508
431 17.27743976505878
432 16.909830718544878
433 18.036190937466017
434 17.87438716886831
435 17.612111623994142
436 14.74508468213206
437 13.182509789408847
438 14.774612361780205
439 16.941346791673606
440 15.959796813589517
441 15.914850272511977
442 17.094591339039532
443 17.770087081363776
444 17.29297560424668
445 15.818228513011222
446 17.583699139813067
447 15.369634335945868
448 17.93063183787973
449 17.755234030811796
450 16.90466273371129
451 18.21529840615017
452 18.250273751829372
453 16.208112976826524
454 15.835471137710712
455 15.586375479924774
456 17.427848371548816
457 17.11734325784608
458 14.168822285582499
459 14.245808544732007
460 17.375017971469916
461 17.39793618421961
462 15.171834664998707
463 14.327784320525035
464 15.835158815542636
465 16.932100322607653
466 16.92012097849844
467 13.861619069212772
468 16.975572871120363
469 14.390199531303608
470 13.42858618980047
471 14.169294742543071
472 15.124386322738589
473 15.074941523198818
474 14.421574541917678
475 15.877696798479263
476 16.082676539974504
477 14.581372083039417
478 15.391930205651576
479 14.493504154151188
480 16.72223279418358
481 14.7477789745889
482 14.952979062026223
483 16.427289791199367
484 15.434556714840294
485 15.244289601092976
486 14.976977007297847
487 14.417901465189805
488 14.604900796221475
489 16.31319281587985
490 17.040890722859274
491 15.075934954294867
492 15.134228932728163
493 12.972317305813489
494 12.805106145028597
495 13.040493641153672
496 13.129347193368694
497 12.887814094217815
498 14.96955562893047
499 12.836970248606448
500 11.330689854508451
501 11.500770111439474
502 10.766916895963481
503 12.823196975649493
504 13.363353055730412
505 13.523426505628699
506 14.612695118172082
507 13.967654946832921
508 13.501916810389151
509 14.87682268624457
510 13.328748811924223
511 13.815969537494908
512 14.944583016146446
513 13.671235355015163
514 16.179652049000072
515 15.771826212095656
516 15.149649709549589
517 14.188709329645642
518 14.458618019989299
519 14.040332282666508
520 14.10067580163273
521 14.437466096226736
522 14.626584931241512
523 13.848780955020374
524 12.8974325123805
525 12.693094141763375
526 12.8236803856429
527 14.236063451140158
528 13.90411407369979
529 13.736631604559562
530 13.378383969105446
531 14.370779709870133
532 13.870822252741695
533 14.808798836547902
534 15.130475506016168
535 14.057416668040984
536 14.828317249643321
537 15.396040552799986
538 13.481200436873362
539 15.634658171135317
540 16.77377540628009
541 17.652170761057672
542 16.309686114053637
543 15.090338876407474
544 16.080832584235534
545 15.331487573066136
546 15.62161483154418
547 14.915604713552925
548 15.528650628671246
549 12.979646556259576
550 14.972571132336814
551 14.802427571835372
552 14.081990396311657
553 15.141840918832077
554 13.580549356309014
555 14.469643871720667
556 14.772592375940558
557 14.079671751880248
558 15.708004735633175
559 13.823367193062372
560 12.476862800547167
561 13.994511414971834
562 14.450118672079457
563 15.02349523062808
564 14.640470497672254
565 15.02986454997757
566 13.578158943203771
567 15.014908343330111
568 13.491439150826594
569 14.265764816110586
570 13.91812099485035
571 14.546833215495951
572 13.506411683789706
573 15.142875219934893
574 15.458162929653287
575 13.729699516373376
576 14.189760048835891
577 14.626997075594034
578 13.696981298683507
579 14.902145733452617
580 12.765788464042526
581 12.554213979129402
582 15.292847679019077
583 15.272396745531386
584 16.446196274779734
585 14.198385650156187
586 14.592950920812044
587 14.481945299708432
588 14.894627614614993
589 16.01222399297702
590 16.032664820439344
591 13.875039858101076
592 14.02667317095421
593 13.937287651656689
594 14.372459632497463
595 14.331403921426599
596 13.148901167878572
597 13.192749848291855
598 14.89800270181326
599 15.766878346567406
600 16.629204517913166
601 17.494785536560897
602 15.863504372353622
603 15.011523569795745
604 14.70437191672197
605 14.283722030948361
606 14.802184286491167
607 12.861916750958022
608 14.484385268862045
609 13.811720562156568
610 14.97828568105874
611 14.530554555981565
612 15.243863887824869
613 17.28827775592993
614 15.00515166107253
615 14.844096829163156
616 14.61037430520801
617 13.46965311194281
618 12.861216297742672
619 14.413244490889355
620 15.101174690282647
621 16.287359356079058
622 14.690013719140788
623 13.426820682380216
624 15.021310006830621
625 14.801092270110134
626 17.033712155115683
627 13.497365505950047
628 13.178560623737662
629 13.046174246070473
630 13.141474006811674
631 14.163175126256215
632 13.577668147443607
633 14.771585117016057
634 15.088119236032899
635 15.390035877545973
636 16.994164247900517
637 16.842101820489642
638 17.40873086281585
639 16.927355185697923
640 15.023088524057552
641 16.429440669490987
642 12.77639552428118
643 15.816772971667199
644 16.715245822761734
645 15.221545958586695
646 14.219393026111184
647 14.96012010970003
648 15.630940350870144
649 14.953533697607936
650 17.23685026900825
651 14.882874213803568
652 16.082577726612048
653 15.15302983601357
654 13.641527037513324
655 14.700397189633252
656 14.236496945812927
657 14.011161010035854
658 13.82430293070068
659 13.367157238857857
660 14.590516984453894
661 15.294100484894958
662 15.059801241715146
663 15.171055444503343
664 14.930403456452437
665 14.31605208528132
666 13.838798183839648
667 14.807131062565063
668 14.453089834314252
669 14.178929257610452
670 13.154134354799524
671 12.909636263937777
672 13.992120168175699
673 14.852340828072332
674 14.394505997481398
675 15.232419244155246
676 15.032608706336696
677 15.48490556874761
678 16.194200690890757
679 18.275505665351115
680 15.902657162400786
681 14.893511360310763
682 15.277581120413773
683 15.75956044872136
684 16.230352605445812
685 15.496578308850559
686 15.696781139289959
687 14.94675608298727
688 15.233455633717822
689 14.776550510800128
690 16.082071129375933
691 15.673070153014303
692 16.91551304052008
693 17.11958963633433
694 15.635316760957354
695 17.01260983090929
696 17.741060428901804
697 16.460047511175116
698 18.372065401874465
699 15.846545618088191
700 15.712921592622411
701 13.892846904311426
702 14.38749013670077
703 16.74283362001796
704 16.765703610869448
705 15.101101215756623
706 17.732025165254857
707 16.610423308875433
708 16.270597035544988
709 17.559209510720578
710 16.82480139260746
711 15.900155331890723
712 16.09304970336251
713 15.111209107401155
714 15.436340193674207
715 15.13966114022997
716 17.952183379184127
717 17.225792140779834
718 15.37637292434484
719 18.368879121694352
720 17.664708393977552
721 18.17047920623978
722 18.633591064258926
723 18.7506898779745
724 19.995811969654458
725 17.901308869315482
726 18.123438154522415
727 17.298670151286828
728 16.267999535023446
729 13.630572002052768
730 16.59913145509639
731 20.03861418700853
732 18.22379812807678
733 16.857004498587838
734 17.942646198462025
735 18.883193718354306
736 19.87332671133053
737 17.15354915717897
738 18.43656349511216
739 19.96485150265633
740 18.766912244356842
741 19.987070388652796
742 20.13198353395745
743 19.073460249045663
744 18.519904503462925
745 18.42329038070018
746 17.65001295941954
747 18.08670121012684
748 20.3124733972189
749 19.88368757882167
750 19.230237783390105
751 18.230270299618557
752 19.52956118694801
753 17.862985673499335
754 18.006814130239043
755 18.56934327816751
756 20.125059370477445
757 19.541721091752876
758 18.889456268086704
759 19.763095456500263
760 20.48276457925169
761 20.66558162968454
762 20.141622563170916
763 18.956083255568103
764 20.711769668809215
765 20.060529735375958
766 19.142886038569596
767 19.400969584945912
768 19.347939407048003
769 18.651558723828288
770 19.121360380187927
771 18.036478800484904
772 20.040790481510353
773 17.990811204757073
774 18.781810564426795
775 18.70444441932089
776 18.494609372814306
777 19.380711854866398
778 19.05659558817056
779 18.06952956211732
780 17.936593846078214
781 18.961855112937727
782 16.350297274159264
783 15.93332267846076
784 17.207654561818387
785 17.593884810252856
786 16.78295943414585
787 14.69286942458265
788 14.34818214083095
789 14.934799220879533
790 14.535061141057746
791 12.632458777349388
792 14.104737906634865
793 13.452251543673354
794 14.629960751119112
795 14.313625375806723
796 14.673086240531779
797 13.554105249393514
798 14.560888528438369
799 14.422880981565976
800 17.387572204616223
801 13.554659120558497
802 13.686153618354234
803 13.542478643427208
804 13.856110987041799
805 12.508849233977662
806 13.57650432905291
807 13.989985440829013
808 12.701933839165022
809 13.853036612552257
810 14.283147963068734
811 13.21808942403986
812 12.404874389701963
813 13.65819480535187
814 13.306997184707335
815 13.489757022979516
816 13.248743134104872
817 12.60205530176404
818 11.844564460164047
819 12.560549886476005
820 11.54092526579273
821 11.782340349833309
822 12.37996659497857
823 13.737741302565018
824 13.672587689349472
825 15.615048927233508
826 14.090664287582607
827 14.667074391270562
828 14.994603705441687
829 18.48013320441434
830 19.550971964683644
831 21.289909398723843
832 17.62657879891778
833 16.663042593980286
834 16.93450549507324
835 17.49751626181974
836 17.288762868613684
837 15.666162320290985
838 17.419223310149743
839 15.310760549173263
840 14.554363906994006
841 14.310176403949928
842 14.330136849016014
843 12.146184077081735
844 10.846085986316641
845 10.698010457042765
846 12.877752852982224
847 10.901492766678405
848 11.928265594686982
849 13.287991171658177
850 12.882096239305143
851 14.310921561467369
852 13.696510782130144
853 14.116773829093693
854 15.323956795861747
855 14.310937720710454
856 14.115812969736249
857 12.645155346552174
858 13.13456045413729
859 12.342796362862153
860 12.50158103642785
861 9.72176017977583
862 13.829156960577857
863 12.00505163700604
864 11.824823269328192
865 11.663903112333763
866 11.243633807464795
867 12.705576835428195
868 13.322676179694891
869 12.273736211729878
870 12.078655439985392
871 11.414797326595489
872 11.09112656274449
873 11.365576368722559
874 12.092161992059031
875 11.764831202606139
876 12.218909734611518
877 11.06370505704331
878 12.463100724384981
879 11.916636625352703
880 12.70309319885976
881 10.283186539265431
882 11.525362306673228
883 11.392748355063725
884 12.77173930709134
885 12.674740847917965
886 12.733492329397375
887 11.99833640532573
888 11.618886363757156
889 12.04716325475053
890 12.78369060139091
891 11.458474491172028
892 11.754632035196696
893 11.855740617638983
894 13.093603930843827
895 11.979419245009733
896 11.381973623082127
897 12.138902135411833
898 11.725677919226102
899 12.04700694971747
900 11.072868584746939
901 11.587786137707814
902 10.944758516583539
903 12.575033686998324
904 11.497427081474925
905 11.663679855411761
906 12.734009211879675
907 11.705013484824985
908 12.116599129414848
909 12.05595710603509
910 11.777830346374639
911 11.964772488720614
912 13.065691073069845
913 12.704765295919923
914 11.4502497559343
915 12.194143637622668
916 11.426659742269528
917 11.499477750448463
918 13.20682789172838
919 11.154935718182275
920 12.874583211313514
921 10.63348677895746
922 11.418054897524867
923 11.734380802223773
924 11.587756187529298
925 11.117907776610167
926 11.225489224247356
927 11.621419637698336
928 11.110933030762437
929 11.80882374570567
930 10.920624131543702
931 11.1220119820093
932 9.731455165816449
933 9.601022175096636
934 9.97203260694673
935 9.452814742456415
936 8.956945187387435
937 9.255918914997656
938 10.245354404752355
939 10.582343906598982
940 11.071758821048325
941 9.399440181133128
942 8.836234320540294
943 8.709667358887172
944 8.436287508367721
945 7.770986788630757
946 9.803361190407848
947 8.875451343508779
948 8.469232043568363
949 7.1175725792658975
950 8.743004627843861
951 7.302863426373537
952 8.192692337829902
953 7.1376094763494145
954 6.341678571669871
955 8.176403970068213
956 8.396601545691421
957 8.043724292350873
958 8.310477794771666
959 7.307665585689991
960 6.279941706786826
961 7.531153201269607
962 6.654203989642915
963 6.457613594572549
964 6.05856173869285
965 6.191932639916532
966 7.024477698626401
967 5.754068854976249
968 5.967926079734216
969 4.715459259756964
970 5.855636056552904
971 5.698444626867566
972 6.027525946848971
973 7.427703760130958
974 5.609097866071833
975 4.436721647190184
976 5.8244709473475575
977 5.642586173439463
978 5.332115149581599
979 3.647428198901496
980 3.139010032055691
981 3.0165340879584917
982 5.370963448704984
983 2.8307616130332325
984 5.95691202339964
985 6.093529570835796
986 5.049930985086711
987 4.884581178108162
988 4.966912670078681
989 5.520126071271751
990 7.4335935914373135
991 8.168187631013287
992 7.0727517021133055
993 7.043228546694501
994 6.57874528244443
995 6.681246533390225
996 4.520740682983794
997 6.371095219214582
998 7.934440063739916
999 8.320353388437495
1000 7.4570459093893
1001 7.2739031906524385
1002 6.561187014539611
1003 6.080677765039722
1004 5.499118987392941
1005 5.282384925674071
1006 4.721295441483565
1007 5.862469136173293
1008 5.6368110166114995
1009 4.911456736132471
1010 4.670167491289198
1011 5.042667306181348
1012 5.282764715811429
1013 4.829920936553708
1014 6.9673987761722245
1015 6.501786835020255
1016 6.242330310429691
1017 6.067804254009295
1018 5.126329171560035
1019 7.940455922316256
1020 6.1873367750452175
1021 6.818634190881875
1022 6.063780906286769
1023 6.014646562324422
1024 5.196103734100217
1025 4.59452113067034
1026 5.371694242713588
1027 5.362670155635033
1028 5.997504257450144
1029 5.156095938752761
1030 5.84512546427738
1031 4.846392639441842
1032 5.229221313170376
1033 5.271757399609475
1034 5.832923887493637
1035 7.17166612365656
1036 6.567427423296409
1037 5.959880564856956
1038 6.559512585122008
1039 7.0631780797058585
1040 6.529034270282891
1041 5.818032355256921
1042 5.011189725717057
1043 6.341974493322677
1044 6.847017650405412
1045 6.300701559215346
1046 5.622074321749559
1047 5.416076219431011
1048 5.534041487242562
1049 3.4925538822245494
1050 2.537090725976232
1051 2.844785848382347
1052 2.694003488181067
1053 3.0149883952029324
1054 2.656134654841006
1055 2.8035561711722075
1056 2.6921042721293387
1057 2.990412068126097
1058 2.866037231225444
1059 2.852562273905074
1060 3.1351930780965076
1061 3.0035849389312412
1062 2.6772204728920816
1063 2.912503665792867
1064 2.704074172348003
1065 2.6284745141481194
1066 2.8461243999115307
1067 2.98895416111771
1068 2.760583278285069
1069 2.766894402991459
1070 2.5474170345667813
1071 2.814930065639626
1072 2.76246516251677
1073 2.8993117330049816
1074 3.0862962818129893
1075 2.9839892809556527
1076 2.6508280532180057
1077 3.1489080080356526
1078 3.246778609314826
1079 3.1681597516808844
1080 2.5509327565883084
1081 3.2646385109602636
1082 2.737998050345412
1083 3.30916231786886
1084 2.8567889149672867
1085 2.8425448143282885
1086 2.924657862290342
1087 3.280700572492757
1088 3.1432395063770393
1089 3.339600111728956
1090 3.00714202298235
1091 3.027879369706335
1092 3.3766186240866984
1093 3.3678916967603296
1094 3.0952171158342194
1095 5.493137294519955
1096 5.105950792715527
1097 5.674293199126919
1098 6.044394640909366
1099 3.1322820450393976
1100 2.737040327393293
1101 2.6501651047484485
1102 2.9512829029649845
1103 3.174929747764693
1104 2.99062536072846
1105 2.708987858799539
1106 4.845915897440311
1107 2.816313395399384
1108 2.840068992533672
1109 2.7683223406163
1110 2.727628813307457
1111 2.9698017488385458
1112 2.534220048756653
1113 4.816481020050539
1114 2.5777641905608877
1115 3.1020783310479434
1116 2.6464648817377543
1117 3.071662364288076
1118 3.4943785396263403
1119 3.480895809544825
1120 3.2888667249408985
1121 3.022835754230659
1122 3.5583787576261035
1123 3.3232282992296827
1124 3.859158865253103
1125 3.5289253767003728
1126 3.1923570999755833
1127 3.593497637625862
1128 2.696509573681505
1129 2.807350986030611
1130 2.993222354412018
1131 2.6359396123236594
1132 2.681549683518924
1133 2.726465649591698
1134 2.766682344465605
1135 2.6701023119418417
1136 2.59066881419646
1137 2.4591328291188934
1138 2.532873011221564
1139 2.791703547297998
1140 2.6521369779181274
1141 2.7391027192806714
1142 3.1226819698701878
1143 2.8895355004448326
1144 2.7022351260784823
1145 2.705977904281575
1146 3.2445850460864873
1147 2.5141940102216767
1148 2.6019104887061175
1149 2.667883676771707
1150 2.485975895317734
1151 3.034614738635658
1152 3.115916313494184
1153 2.6842558669641017
1154 2.647454559270405
1155 2.440608627213609
1156 2.584070416780536
1157 4.148693776476664
1158 4.540899238096341
1159 3.903269302625028
1160 2.773867695514195
1161 2.6129446964278316
1162 2.7378943537516576
1163 2.7385064928877747
1164 2.4965661256188554
1165 2.606254263399635
1166 2.6381322715887072
1167 2.5093604719237756
1168 3.834340000583147
1169 2.619541085807958
1170 3.3466013199386655
1171 3.2205045150838005
1172 2.554656242059894
1173 2.867724453994432
1174 3.3735968573071666
1175 2.526250527906741
1176 2.4812539683721697
1177 2.683697338682611
1178 2.9422696431804836
1179 3.109041483567625
1180 2.617375345128293
1181 2.696271934942444
1182 2.486956099521854
1183 2.8644453029042625
1184 2.7014708919166863
1185 3.1404573020178432
1186 2.734175154536077
1187 3.5089544233481536
1188 2.7563120899369182
1189 2.757840827914368
1190 2.593636331813592
1191 2.55275016044842
1192 2.867684143072747
1193 2.8104303202928924
1194 2.795487384377464
1195 2.698340816601991
1196 2.655906210234248
1197 2.748684995542485
1198 2.667819506204741
1199 2.9713258253968284
1200 2.999573703236051
1201 3.216970006163833
1202 2.736079928854838
1203 2.4753291102004864
1204 2.6621053008248112
1205 2.547874344417392
1206 3.727331708238032
1207 3.7708245601626382
1208 3.6682732000189335
1209 2.5504291918327477
1210 3.6856493359461555
1211 3.3411458776112006
1212 3.492317432837366
1213 3.2040216237535235
1214 3.315044398886242
1215 3.5170574755275132
1216 4.677779452584175
1217 3.693351518907978
1218 2.6548406546898473
1219 3.3833207105105236
1220 3.683136267000213
1221 5.745546765717528
1222 6.187920607206412
1223 5.853474521383512
1224 5.9163394070035284
1225 5.669407842889752
1226 5.892547204694533
1227 5.821771767047429
1228 5.585380432233296
1229 6.106243332234044
1230 6.247686801671375
1231 6.137200391367701
1232 5.321713292747307
1233 6.398643490560543
1234 5.630474439724231
1235 5.917048944869097
1236 3.3937798641581574
1237 3.758975531642773
1238 3.4349712991518206
1239 3.462603626241586
1240 3.5538340514801976
1241 3.6237112604777866
1242 3.407231607145797
1243 3.421938091600396
1244 3.395019304003534
1245 3.3489277502127237
1246 3.5824798528104704
1247 3.6909651989585854
1248 2.968524442507286
1249 3.6420458856405458
1250 3.740825239317248
1251 3.1081303172992376
1252 3.274494123458251
1253 3.297135900799446
1254 3.2956680329219927
1255 3.538076064156963
1256 4.010845791669814
1257 3.514048769048072
1258 3.163724830076416
1259 3.102618098574936
1260 3.319931266267004
1261 2.804517163018553
1262 2.619562268878875
1263 2.831008344365456
1264 2.7765908888817807
1265 2.765611432925117
1266 3.0608829077324518
1267 2.5993675181746383
1268 2.698112139769656
1269 3.2268352069141
1270 3.016336249815979
1271 3.4658331508300777
1272 2.7756178093650736
1273 3.165300584839888
1274 3.271646210553899
1275 3.1743767208648723
1276 3.6251440571582956
1277 2.934209542890943
1278 3.37279321480732
1279 3.109741785306288
1280 2.5092149082763906
1281 3.2830024189546303
1282 3.1461614306085024
1283 3.7060814580324286
1284 3.212626008297908
1285 3.0057097786775406
1286 2.6804844802786647
1287 3.2607650327342768
1288 2.8098198536559034
1289 2.7990061464877827
1290 2.5781928959562608
1291 3.3567071053784505
1292 3.1395429679537648
1293 2.879479002457454
1294 2.5994220373027246
1295 3.0976441874113636
1296 3.126966577992548
1297 2.8012019771159706
1298 2.73291108974356
1299 2.8025901977492613
1300 2.894311603934615
1301 2.627691597237892
1302 2.5637883176521643
1303 2.8883510016682292
1304 2.6028823694909486
1305 2.8249376275949065
1306 2.6434462447779636
1307 2.739550397979869
1308 2.6290571795762325
1309 2.7288073612892534
1310 2.6541670498056797
1311 2.923362451180678
1312 3.1746285120660667
1313 3.391857442480372
1314 3.086294919981309
1315 2.833189202388384
1316 3.4005826008885633
1317 3.4247862156890627
1318 3.246138743486635
1319 3.2515144003380017
1320 3.1246739830007013
1321 3.155790090159011
1322 3.195040854377425
1323 3.4922525441379593
1324 3.7711136961425265
1325 3.558606337249083
1326 3.751443527912917
1327 3.797163394884353
1328 3.514589411929461
1329 3.5444027809563585
1330 2.9717544331888823
1331 3.5777288849665334
1332 3.366781554979231
1333 3.522904077227973
1334 3.5542157284858518
1335 3.838804041274494
1336 3.650499747572166
1337 3.66095793648558
1338 3.391931428099206
1339 3.407446272529726
1340 3.7226635060707634
1341 3.3522669577819566
1342 3.5722921259040077
1343 3.786953082694093
1344 3.657297504111656
1345 3.6547728498987633
1346 3.1353579510009486
1347 3.4464249537091725
1348 2.961980428855758
1349 3.6095460822992007
1350 3.651251471035909
1351 3.5594669615984844
1352 3.4486340407683955
1353 3.412597217577184
1354 3.5364558268228974
1355 3.654015773488025
1356 3.48785081725451
1357 3.7032600936402247
1358 3.183591713241444
1359 3.2757465910746917
1360 3.3236187991438633
1361 3.0428920672039896
1362 3.412043894492051
1363 3.417542018020091
1364 3.6526183657658966
1365 3.305802435020117
1366 2.936392722159715
1367 3.7126113733221895
1368 3.4867776859195807
1369 3.5855104825254913
1370 3.3110029956412372
1371 3.3101745077742137
1372 3.507668459514649
1373 3.4310125848234305
1374 3.380174781081915
1375 3.2389850265319424
1376 3.497968380967289
1377 3.5683756268467515
1378 3.6246013330629823
1379 3.482812706600767
1380 3.256597828400109
1381 3.287833848149831
1382 3.60725174122781
1383 3.4219387194426405
1384 3.416444182316885
1385 3.5922537616407477
1386 3.5487265509435906
1387 3.6628128320198154
1388 3.3506796502154543
1389 3.179156317685614
1390 2.9846575419514263
1391 3.6661436079186087
1392 3.5882475891718437
1393 3.5844931421093493
1394 3.478803130674489
1395 3.5350482420498537
1396 3.5730965220863067
1397 2.681587016945284
1398 3.2590739946650906
1399 3.486222683984755
1400 2.9764400565662625
1401 3.164119231985641
1402 3.5213652932474586
1403 3.571178824224709
1404 3.2785144931088963
1405 3.5181586937609794
1406 3.2444578132237116
1407 3.4574163272029135
1408 3.484820153137097
1409 3.609103806863101
1410 3.668580665646117
1411 3.560064052056898
1412 3.0762764657448733
1413 3.3892978915693712
1414 3.5426331161687643
1415 2.9050445316900873
1416 3.04723659863572
1417 2.662203599390384
1418 2.630648016938332
1419 2.560706032311524
1420 2.4974550074135893
1421 2.6736373362671912
1422 2.7461432672462167
1423 2.6571178456563174
1424 2.692068692855794
1425 2.627021236629615
1426 2.963705683416233
1427 2.7571054613979844
1428 2.839950532096288
1429 3.026026649981542
1430 3.0967447510709696
1431 2.891078094506939
1432 2.610081766543317
1433 2.745277907687177
1434 2.7635908601271546
1435 2.592046967145036
1436 2.6230255868795105
1437 2.7836935020331035
1438 3.3391689509334763
1439 2.7627533235020354
1440 2.798427885404008
1441 2.623423469223019
1442 2.595243879852893
1443 2.712725819555914
1444 2.8209300327020816
1445 2.561557084055548
1446 2.834720730226979
1447 2.4869297966681336
1448 2.586361054187154
1449 2.6622101778535576
1450 3.1902333119951924
1451 2.636454570685324
1452 2.5680383901228456
1453 2.6943558048009324
1454 2.5810267624741945
1455 2.584498826816039
1456 2.6500658923902645
1457 2.7635911544100047
1458 3.103458467361024
1459 3.3083721595153563
1460 3.447987044733901
1461 3.358848059827032
1462 3.5422416408692254
1463 3.5267092597528715
1464 3.380090661500263
1465 4.227998070418168
1466 2.9451862021175086
1467 3.02032362183024
1468 2.6505976401148894
1469 2.4512207200982123
1470 2.744895084791484
1471 2.7849851370242273
1472 3.280332635441957
1473 2.754730855056836
1474 2.714494647358966
1475 3.150828871651349
1476 2.792863273806818
1477 2.79551578220662
1478 2.5540012129056007
1479 2.738951585490522
1480 2.8476789254553783
1481 2.8443968813752676
1482 2.8005195721511456
1483 2.9955396886284045
1484 2.63182880450905
1485 2.4250795665189533
1486 2.7329933202927976
1487 2.744218724981529
1488 3.07435576054902
1489 2.887025111664061
1490 3.0080309135930587
1491 2.7390304997169954
1492 3.1361958779715375
1493 2.708409466939559
1494 3.172003832437906
1495 3.3535413840901755
1496 2.817137096367645
1497 2.9996825876841537
1498 3.4407063386720935
1499 3.1732544097121793
1500 2.9203794896437536
1501 3.232096261925241
1502 2.7111017370783688
1503 2.7868977240508896
1504 3.0150946531372993
1505 2.6070573551431533
1506 2.581929429609115
1507 2.8356509351887325
1508 2.69814804735664
1509 2.941686899378673
1510 2.5380149263387675
1511 2.9305375441363
1512 2.772759407095239
1513 2.7003661361021907
1514 4.296206088047368
1515 3.453713881050769
1516 3.53924356557842
1517 2.4729900014247956
1518 2.7256928379036975
1519 2.715391883753056
1520 2.6762096871396595
1521 2.5085938874713296
1522 2.7702273422328374
1523 2.616065698842088
1524 2.6257397087197565
1525 2.8724867897747957
1526 2.908535293115893
1527 2.6331214448159055
1528 2.753885503587312
1529 2.729620253034661
1530 3.4398254860466606
1531 2.5782486612235025
1532 2.6356153976333374
1533 2.8246262672854052
1534 2.587149265579536
1535 2.7595516012042247
1536 2.499294640190287
1537 2.772766565525502
1538 2.8621039829205634
1539 2.6112433822509376
1540 3.2881618389966665
1541 2.900001764502582
1542 2.709667307012481
1543 2.5465797770363996
1544 2.606914292828804
1545 2.5056441734012336
1546 2.6065414451722306
1547 2.5692032026406992
1548 2.7734830151420633
1549 2.6343704082488033
1550 2.5031685453591197
1551 2.569186247616764
1552 2.588093316067929
1553 2.8130816070763474
1554 2.931165012596535
1555 2.6876774417992513
1556 3.2098079550543592
1557 3.512877003921149
1558 3.530449961656867
1559 3.031482816904604
1560 2.5510395471423495
1561 2.794363181189366
1562 3.650014664516876
1563 2.6295776004825346
1564 2.624086787777103
1565 2.4849357648988706
1566 2.431880283122402
1567 2.6486679339605823
1568 2.7052459881398767
1569 2.4872987568102976
1570 2.753855302622421
1571 2.9605823000840683
1572 2.4670874046639946
1573 3.0341728440800493
1574 2.7792160795123384
1575 2.5052451538026914
1576 2.779701382363391
1577 2.7676467716004276
1578 2.5550057920699656
1579 2.759590978307633
1580 2.6288139584394443
1581 2.6376898969705587
1582 3.0762754427130643
1583 2.537918506408983
1584 2.9176008846110606
1585 2.6450752236092274
1586 2.4803327001954902
1587 2.532527867250162
1588 2.766316373904178
1589 2.7151462626548666
1590 2.6328868550617996
1591 2.4738127584014395
1592 2.866473823138141
1593 2.5669634502730276
1594 2.706228133259231
1595 2.714712524941096
1596 2.58942006103595
1597 2.5290555944900928
1598 2.702897344386082
1599 2.634607251806372
1600 3.0535240578822065
1601 2.61489855714319
1602 2.735514088368697
1603 2.5631046742201846
1604 2.7004780703592792
1605 2.5030747004406084
1606 2.7081553827604394
1607 2.5979186862289767
1608 2.5905285844539643
1609 2.761548982030623
1610 2.520802990882206
1611 2.791576172177438
1612 2.475480570069714
1613 2.7247880340224415
1614 2.6755663177894333
1615 2.5227221920585126
1616 2.669746171133961
1617 2.6298690351396634
1618 2.8531291779320442
1619 2.6543273369680467
1620 2.9152672775100874
1621 2.708905375798643
1622 2.623398559065791
1623 2.8877283781889505
1624 3.3147466520756494
1625 2.6553830220061285
1626 3.0485012627171137
1627 3.04295650472139
1628 2.9844387530034533
1629 3.1373787662798835
1630 4.148883855901259
1631 3.3014581697741363
1632 3.6983204468150737
1633 2.9999245560438506
1634 2.9522522499303823
1635 2.973248203800402
1636 3.165538657885199
1637 2.719370535498802
1638 3.086273694608635
1639 2.936546429601904
1640 2.879845943569946
1641 2.801003233073047
1642 2.9627927008798696
1643 3.1777559147638637
1644 3.0180211378414303
1645 3.1813941150174463
1646 2.861597679285558
1647 2.8080870188416616
1648 3.0982093266220647
1649 3.2541363298392443
1650 3.267075708307766
1651 3.155313970118358
1652 2.7424164314731447
1653 2.6828389842282303
1654 3.0432040987359255
1655 3.044131688936049
1656 2.8927830742793903
1657 2.9781693820328523
1658 2.883612917687203
1659 2.95522349408269
1660 2.8826291206116172
1661 3.2535971156570542
1662 3.412896632581874
1663 3.002295667078472
1664 3.1739327321740896
1665 2.875491744210469
1666 3.0608462391701385
1667 2.861302844119865
1668 3.131401507770242
1669 3.0921275414982756
1670 2.919789241346798
1671 3.1001011370503995
1672 3.1623337228360007
1673 2.6888235902174475
1674 3.3859801041312743
1675 3.1705571649509516
1676 2.712277799590108
1677 2.9061788137600724
1678 2.672418897949895
1679 2.6588027413724076
1680 2.8066642075621058
1681 2.6663756158637035
1682 2.5329345387606277
1683 2.560393587227319
1684 2.5465733132916637
1685 2.7065093647292775
1686 2.8775697088986245
1687 3.005597067372919
1688 2.6047993307072472
1689 2.650447348216167
1690 2.653310693651388
1691 2.7290456633966897
1692 3.1548582690307088
1693 2.77172623895554
1694 3.1182246527138275
1695 2.9043373809839266
1696 2.5131063150675375
1697 2.667669209601695
1698 2.6428584980435676
1699 2.521935360098771
1700 2.636761954508794
1701 2.5764700583461857
1702 2.618988693398667
1703 2.5900802075557907
1704 2.556570443437942
1705 2.829660141564226
1706 2.607595656956348
1707 2.6323166736933543
1708 2.597619219961164
1709 2.550592982446289
1710 2.597254709042344
1711 2.699257778600409
1712 2.7050730135902508
1713 2.639791344582453
1714 2.5531533195700065
1715 2.5040121101909496
1716 2.6359475376866057
1717 2.754579772476847
1718 2.7891137184625445
1719 2.7174671761410107
1720 2.672004389686956
1721 3.1606892348410187
1722 2.585182218055301
1723 3.2573817854544047
1724 2.566292591076196
1725 2.706375191639365
1726 2.720206034686005
1727 3.390107541700122
1728 2.7795896353812592
1729 2.5490420932138838
1730 2.6108941635886675
1731 2.5539069451573084
1732 2.6107806766744113
1733 2.6091654163040072
1734 2.5712038929791565
1735 2.631096539239686
1736 2.6575305822923014
1737 2.7303607263638425
1738 2.9439482261838106
1739 2.6104704094604436
1740 2.8236874159858405
1741 2.553835213582269
1742 2.548395397894025
1743 2.6615147836539
1744 2.6429373081383276
1745 2.514147626712394
1746 2.8310964594103725
1747 2.4292364137524
1748 2.6729330930062787
1749 2.653305937409027
1750 2.757828734685548
1751 2.8423990727941066
1752 2.673701688221223
1753 2.6047363033674795
1754 2.706712305358909
1755 2.4975725745862527
1756 3.030609242356017
1757 2.535615218109096
1758 2.576134948110174
1759 2.9837223180124295
1760 2.656212599695705
1761 2.6235963334645604
1762 2.5355326611739675
1763 2.442981788507579
1764 2.584933335968914
1765 2.854825076547612
1766 2.6118207977681087
1767 2.6583057945388235
1768 2.4396985230482704
1769 2.606775318074412
1770 2.563421880402791
1771 2.840553229811139
1772 2.9634440866152647
1773 2.5971168278198653
1774 2.5123824095336693
1775 2.641475622014506
1776 2.7403129911268715
1777 2.7234387539060303
1778 2.8609296693574593
1779 2.520572566136403
1780 2.7287165252456353
1781 2.540365768898261
1782 2.677428883989553
1783 2.611911495536773
1784 2.790811276091685
1785 2.8786441801146285
1786 2.684260258295259
1787 2.551772856526568
1788 2.941691312557519
1789 2.553469842235137
1790 2.746218075956717
1791 2.721123464481166
1792 2.9367869056862954
1793 2.771411769831745
1794 2.616916685507146
1795 2.771294852645686
1796 2.7824548506186852
1797 2.712891514536955
1798 2.6658459017714207
1799 2.776570498514731
1800 2.6097327485446495
1801 2.5773539904231564
1802 2.9338472752216855
1803 2.522341992637598
1804 2.735516828568486
1805 2.8212604395090994
1806 2.7023103648566944
1807 2.5433944506206934
1808 2.5256410008018646
1809 2.5552988645792993
1810 2.6936852135969005
1811 2.484852700741273
1812 2.608619546456674
1813 2.574866131910305
1814 2.498084172537741
1815 2.624636970927331
1816 2.709754527072081
1817 2.674797876447461
1818 2.8207671408487345
1819 2.648545391550109
1820 2.7811124121087754
1821 2.5949203934824125
1822 2.6280266916488366
1823 2.758321227764697
1824 2.61085729910472
1825 2.690084795561296
1826 2.725053034575083
1827 2.6462222422704476
1828 2.5992507647507033
1829 2.6800871390906806
1830 2.6103325958674275
1831 2.609778870318401
1832 2.690571035596274
1833 2.6605885507094067
1834 2.612390903964747
1835 2.6996868005691788
1836 2.5930099230163846
1837 2.670819370130925
1838 2.8628147972362483
1839 2.623807616110724
1840 2.5753303206353366
1841 3.012412234726129
1842 2.660007581774341
1843 2.8374067501976494
1844 2.658043366922147
1845 2.8753271961647355
1846 2.561551390494277
1847 2.7776533299859034
1848 2.637747786477875
1849 2.6639129649011504
1850 2.8870992164124587
1851 2.891543644425315
1852 2.596820287833815
1853 2.817586850286126
1854 2.7716723107364345
1855 2.657588669179119
1856 2.518997932298448
1857 2.751183263475977
1858 2.9172734958661914
1859 2.7166198518202824
1860 2.5044400952017978
1861 2.6034735977549683
1862 2.57354461608029
1863 2.5479668938321454
1864 2.624746580851409
1865 2.644070613113147
1866 2.498595345150318
1867 2.693670750564754
1868 2.981425566751193
1869 2.541867712390984
1870 2.50912502890444
1871 2.602011519880965
1872 2.6683733404900947
1873 2.8177586531875303
1874 2.636287860048367
1875 2.7143374348083777
1876 2.5857026331370516
1877 2.6479302899815567
1878 2.8200439695943142
1879 2.6768874777664133
1880 2.5631269705252424
1881 2.5084773724486307
1882 2.692727737091548
1883 2.5685036271301698
1884 2.630922106251813
1885 2.718171109852592
1886 3.3495746194468956
1887 2.592074366685
1888 2.5167964766771047
1889 2.724294055185056
1890 2.5867808434143664
1891 2.816504099877876
1892 2.635441143313083
1893 2.6903949790803994
1894 2.5544218149223887
1895 2.7946728651758392
1896 2.856433768412094
1897 2.640151311992533
1898 2.547249430595275
1899 2.611303345471767
1900 2.561886782633102
1901 2.5234373319005945
1902 2.4918881500122874
1903 2.7142618809418946
1904 2.625642987669675
1905 2.3904463861133003
1906 2.8492548223404635
1907 2.559018469064259
1908 2.571818479195427
1909 2.5666540307551253
1910 2.529573912195968
1911 2.7042782478896443
1912 2.8691862748488095
1913 2.606747902717591
1914 2.5441980731626086
1915 2.499277533568491
1916 2.7340898944627114
1917 2.592180161358704
1918 2.6811877263468533
1919 2.9276177042773064
1920 2.5228608477331913
1921 2.691887599827963
1922 2.5805446014592848
1923 2.4544061984554717
1924 2.6591658329738483
1925 2.8076021999653626
1926 2.7046299216985203
1927 2.680734707917337
1928 2.544898634059953
1929 2.5752757654803307
1930 2.446345581948517
1931 2.5600255666891223
1932 2.957722451622994
1933 2.68083855733845
1934 2.627253601255788
1935 2.5571991950401283
1936 2.8434135129985885
1937 2.609089187484114
1938 2.7840771347014415
1939 2.575677277034092
1940 2.6892520735721885
1941 2.665811545535381
1942 2.863022429262794
1943 2.772497384128173
1944 2.7297278579511928
1945 2.5573439340738138
1946 2.5658658615285375
1947 2.7537853414295785
1948 2.6944167524872937
1949 2.9124102667234544
1950 2.756312886260381
1951 2.717980203183223
1952 2.670733255586482
1953 2.72760641617075
1954 2.5646671214583616
1955 2.7021153850925246
1956 2.722553066164657
1957 3.048689969495777
1958 2.6577527519050563
1959 2.8850372642761277
1960 2.50040859576329
1961 2.6505136874429227
1962 2.6600903150346475
1963 2.550764259861343
1964 2.5232528086443673
1965 2.6300190043806175
1966 2.830371224149836
1967 2.8341539237946973
1968 2.638583173594325
1969 2.565841076471887
1970 2.6094141236227952
1971 2.6750894703424257
1972 2.753438544653123
1973 3.000547395758987
1974 2.5323880182010226
1975 2.9663078874127997
1976 2.59209768943938
1977 2.561545173020928
1978 2.905500855342946
1979 2.5096308572772803
1980 2.592999346032106
1981 2.6033949683124247
1982 2.7050049617863805
1983 2.7551415425419465
1984 3.0059181423008683
1985 2.8499592844456054
1986 2.9484612003071446
1987 2.693908403807105
1988 2.829171496321381
1989 2.6829984283280117
1990 2.535139644774075
1991 2.4876592436065206
1992 2.734019927840432
1993 2.6723936379883533
1994 2.6060796879209285
1995 2.584753269843816
1996 2.908165446626936
1997 2.8005909440626726
1998 2.8466527453804047
1999 2.953552234313485
2000 2.5853571449208204
2001 2.52810669632873
2002 2.7645763755690655
2003 2.6074619115678326
2004 2.6247862706018434
2005 2.6587681916868657
2006 2.9756860025041516
2007 2.733854750462449
2008 2.616685538678042
2009 3.057987331128067
2010 2.8844451550645065
2011 2.6867558034629524
2012 2.477827383019361
2013 2.61385836975901
2014 2.669221670026134
2015 2.7798743621814466
2016 2.840518101729054
2017 2.8910487682945876
2018 2.5203560326376886
2019 2.5865153011230544
2020 2.880027829407827
2021 2.573953588215554
2022 2.5904518051549834
2023 2.595050823633185
2024 2.785970384442381
2025 2.937362213156726
2026 3.45225509449664
2027 2.76317853122133
2028 2.8384478273826637
2029 2.9677648694474317
2030 3.060146598797218
2031 2.7233999096490233
2032 2.676211542729867
2033 2.7327885185590373
2034 2.8803146381203946
2035 3.0678566257959323
2036 3.0331255973982016
2037 2.5552696130589343
2038 2.779676669420952
2039 2.6711694489497
2040 2.882434557977211
2041 2.7464194713726013
2042 2.668366928743813
2043 2.759572658353405
2044 2.762857686785344
2045 2.834256566451701
2046 2.745447380980914
2047 2.752683427816726
2048 3.069211801748249
2049 2.7213753936593412
2050 3.0181707847455654
2051 2.892254218084962
2052 3.0274559797861933
2053 3.299613017196189
2054 2.531278280673636
2055 2.726019120070046
2056 2.639590739697313
2057 2.6842345509846304
2058 2.5459188988612462
2059 2.9720763398819807
2060 2.777721721271807
2061 2.719863246119521
2062 2.733193033882747
2063 4.500017136951111
2064 3.0774121229981226
2065 2.8395334059277504
2066 3.1338201380349906
2067 2.582637686444062
2068 2.8448018806703343
2069 2.9042849802214232
2070 2.7051716892201
2071 3.481277051731956
2072 2.6970381848276914
2073 2.5444173050701333
2074 2.7248527148366666
2075 2.8069496720153015
2076 2.8154749484235255
2077 3.1649872361060143
2078 3.2102665110278013
2079 2.893007192772786
2080 4.6322122340187155
2081 5.060888197828134
2082 4.748313495028843
2083 5.408465565874698
2084 5.305324223397244
2085 4.72417410568809
2086 4.890496001256715
2087 5.0901205304172095
2088 5.217409439364073
2089 5.325056151478145
2090 4.41803332908059
2091 2.5581416358680586
2092 2.7358072214536464
2093 2.574587759265389
2094 2.823497287475507
2095 2.7729950813714184
2096 2.5450309682627337
2097 2.736859912770031
2098 2.8839236034194324
2099 2.734440745604786
2100 2.9013399672190325
2101 2.513270774632771
2102 2.714598982338782
2103 2.697804483766496
2104 2.711318398474036
2105 2.7979711909999323
2106 2.589502942910665
2107 2.5099281440621644
2108 2.8630879086156535
2109 2.689906035992093
2110 2.7369367821030246
2111 2.4917836565552745
2112 2.6090374243705394
2113 2.6441820843674946
2114 2.61249262496911
2115 2.5627154152754037
2116 2.642153929372421
2117 2.489318733339844
2118 2.5861060465441836
2119 2.6272764110649964
2120 2.6474367509195824
2121 2.452538728717408
2122 2.608167944534279
2123 2.638362554164514
2124 3.03197083136275
2125 2.798736851923697
2126 2.7254796686381617
2127 2.5788824618238313
2128 2.8870289717792237
2129 3.159430094940819
2130 2.849758973221538
2131 3.0569820398905745
2132 2.8930487661010007
2133 2.586158514679047
2134 2.5095564540761246
2135 2.416779031963394
2136 2.746088579633992
2137 2.5602003722469497
2138 2.5706806810345575
2139 2.6621610355919465
2140 2.7039367464611015
2141 2.739759838970456
2142 2.5815326653811415
2143 2.6546171394391025
2144 2.864416607220085
2145 2.812277881342214
2146 2.8018626115960754
2147 2.616840702304205
2148 2.7612108731238547
2149 2.880376373722435
2150 2.560539802624635
2151 2.8553822116448995
2152 2.7240255753383185
2153 2.6459664755038825
2154 3.1569141369496463
2155 2.965556197860441
2156 2.8078914977444946
2157 2.8840007261281073
2158 2.4606094027396312
2159 2.8842153855471557
2160 2.492498493107223
2161 2.9329424002370628
2162 2.893768755270671
2163 2.9694304336954707
2164 2.566646156863279
2165 2.616284984023755
2166 2.5659954419358906
2167 2.6105191611133125
2168 2.9403527716537905
2169 2.926039535601065
2170 2.5257620328257278
2171 2.604571629496667
2172 2.916492416713599
2173 2.708882837919612
2174 2.6199577042792765
2175 2.5849109473559606
2176 2.693888046658761
2177 2.513329202798916
2178 2.6138861530247883
2179 2.797709127597055
2180 2.508717946761725
2181 2.6175730208142887
2182 2.911956656799835
2183 2.6751695146438506
2184 2.9986527487374706
2185 2.629029606844831
2186 2.8983518381488587
2187 2.574628824396563
2188 2.692330172114719
2189 2.610657939200368
2190 2.671088030007728
2191 2.8913287319229393
2192 2.8103953518492513
2193 2.8415722196985143
2194 2.807732906050766
2195 3.0063410166342326
2196 2.868652522690747
2197 2.8176703129961496
2198 2.7734128613662
2199 2.471257943523153
2200 3.1770819892549254
2201 2.6084470570699896
2202 2.853950281055964
2203 2.765049985192834
2204 2.573765888956555
2205 2.685531080353955
2206 2.7089657139333077
2207 2.8080550623357667
2208 2.6747809697976055
2209 2.792261165833379
2210 2.741438287966937
2211 2.656288155748876
2212 2.653273839369386
2213 2.7444889475637524
2214 2.577178838583364
2215 2.797291366257867
2216 3.0781960750921784
2217 2.8196094978466797
2218 2.521607474553535
2219 2.6958007047955173
2220 2.699215472650958
2221 2.67533510454238
2222 2.673952361979235
2223 2.685302295398325
2224 2.778338328152361
2225 2.658196123593698
2226 2.6684208126726188
2227 2.695001775569342
2228 2.6709318219645874
2229 2.5841125886466028
2230 2.6096188608528608
2231 2.853072111113169
2232 2.9617195086378296
2233 2.5654680898050937
2234 3.1403353955463396
2235 2.7681263835941254
2236 2.6891818780372754
2237 2.7015624977442494
2238 3.074971032234672
2239 2.7374328343085823
2240 2.7880648521597453
2241 2.6704958280353237
2242 2.514586313253417
2243 2.8770190701297214
2244 2.8037249387538807
2245 2.8720220334516906
2246 2.6564157261173778
2247 2.5631827590610388
2248 2.5345414713584256
2249 2.761603128661197
2250 2.897478008306862
2251 2.827944169914139
2252 2.70899631931528
2253 2.644076646329348
2254 2.6491766702289223
2255 2.6741041787643165
2256 2.5862145459748533
2257 2.6153701409411965
2258 3.3302353136067984
2259 2.8246916195203586
2260 2.659333298988932
2261 2.661321927055566
2262 2.707505031604699
2263 2.8757463352348083
2264 3.130965652928039
2265 2.575984309537995
2266 3.4083905249399806
2267 2.8146000658397474
2268 2.958067952148749
2269 2.7325107411644773
2270 2.699141881429877
2271 2.6214990573100367
2272 2.615579547738832
2273 2.501774731700851
2274 2.634856648615125
2275 2.6112964508823957
2276 2.8642771455355844
2277 5.033450463835124
2278 5.251091170500211
2279 6.518241572187701
2280 8.178537524377642
2281 7.7035879984356095
2282 6.195475485521737
2283 5.887282606133648
2284 6.522096923803596
2285 5.69626566071347
2286 5.840160700796679
2287 5.478016853689061
2288 4.910791026342552
2289 5.126301376431615
2290 5.144716939457549
2291 5.599349841661588
2292 7.304134862118424
2293 7.297436988720312
2294 6.1919488203711
2295 6.709677474890501
2296 4.811744753071097
2297 5.224255341101613
2298 5.494404787799104
2299 5.954844818785562
2300 4.993340689872006
2301 3.505803065801209
2302 3.119798680439504
2303 5.3479395210944
2304 3.217178755513784
2305 3.2927636858832785
2306 3.2636509906391953
2307 3.5479911523390033
2308 3.391647202001888
2309 3.549203656351229
2310 3.0647395236474417
2311 3.3077220710169817
2312 3.121001382445097
2313 2.876630700242231
2314 3.880392569912731
2315 3.1515870752
2316 3.7314534263762384
2317 3.3669551779664437
2318 3.0207328028670375
2319 5.291830153713762
2320 3.2477599392260963
2321 3.4763262395634995
2322 5.184885129626166
2323 3.5140945375323995
2324 4.984101447848509
2325 6.544295442575775
2326 5.682440268475405
2327 2.730662074597296
2328 3.263999968331715
2329 2.753764858963958
2330 6.119783788864179
2331 4.906200920497792
2332 5.417336930596005
2333 3.4052663078873104
2334 3.4794184008033646
2335 4.622656353326028
2336 6.03662880687562
2337 4.482300040216662
2338 6.962974686774768
2339 6.3377953340544835
2340 6.765302037999013
2341 6.466664501675242
2342 6.208825451262861
2343 6.259516773894101
2344 6.7284852140099956
2345 6.8005969945612765
2346 6.535680303677879
2347 6.3169193671590085
2348 5.609693187953829
2349 7.046640193223248
2350 5.959387077465888
2351 6.463363401721214
2352 6.072369064236716
2353 7.006721610459914
2354 5.723580837879469
2355 6.739535565774826
2356 6.820639195400272
2357 5.588082847153674
2358 6.240200187949932
2359 6.10856822043976
2360 6.316610050055092
2361 6.753402925622627
2362 6.063434614552969
2363 7.164790126182425
2364 6.230791514712543
2365 6.322111766476084
2366 6.196485714111216
2367 6.256355268847746
2368 5.468111753911534
2369 6.386737210415852
2370 7.119015683489513
2371 6.574511780457536
2372 6.461940665331584
2373 7.508695793637131
2374 6.320204528815201
2375 4.571774603539746
2376 3.250876259871451
2377 2.9634822173302067
2378 2.9326484875470706
2379 5.609935688738903
2380 6.224722512435019
2381 6.575913216887053
2382 6.212267991339644
2383 5.684655319676504
2384 5.562693224219612
2385 6.074536358525457
2386 6.293769130228579
2387 5.511579258845122
2388 5.959679584728887
2389 6.217035666858934
2390 5.606684879521052
2391 5.571325260482992
2392 6.072769105809582
2393 6.1266845875325275
2394 5.50010165186794
2395 4.790272471380378
2396 6.094179240820256
2397 5.856025759450221
2398 6.633745169632136
2399 5.342561350976312
2400 6.808232019624025
2401 6.140976632200141
2402 6.214054263425651
2403 5.498732060853854
2404 6.038631497902158
2405 7.076422279632381
2406 5.925271441075151
2407 4.841434460080823
2408 6.4778857822917235
2409 6.134656100289481
2410 6.171161934563319
2411 6.1517995721647365
2412 4.830792513448081
2413 3.235122300072793
2414 3.3135284722778593
2415 3.4900058608578393
2416 3.7734183500310694
2417 3.3675010632515474
2418 3.486732992080508
2419 3.3790579960603027
2420 3.078095300464388
2421 3.1037123843717516
2422 3.52959153273757
2423 3.3992054201577555
2424 3.4200743438504637
2425 3.333593795545624
2426 3.3212672384465542
2427 3.363791659938019
2428 3.5283484216036127
2429 3.557836227345873
2430 3.3729247032942404
2431 4.238450079083839
2432 6.532045535415771
2433 5.253547679449465
2434 5.7039397785932575
2435 6.71681899497043
2436 6.271967927732167
2437 6.296898128742411
2438 6.999900038089388
2439 7.279449625276691
2440 6.432239594984823
2441 7.595466434204754
2442 7.215027168737134
2443 8.344898436095987
2444 7.319181133495746
2445 6.151754021347454
2446 6.664471512698405
2447 7.620458563876932
2448 6.721010194304123
2449 7.232899094355022
2450 6.581580845008183
2451 7.562198360866658
2452 7.261577105451487
2453 7.711176939714592
2454 8.390749892595467
2455 7.42573617757785
2456 6.928673279503379
2457 7.427207076324983
2458 7.2087778876301245
2459 7.037906273290559
2460 6.961600019986159
2461 6.615686470910921
2462 6.778451573048396
2463 7.609546986253943
2464 6.42019233558324
2465 6.015702799061848
2466 6.517723863372747
2467 5.943306350918073
2468 5.945919607535168
2469 6.571488149600605
2470 6.757018587534052
2471 6.48279573248152
2472 6.3355838743408865
2473 6.097956760092841
2474 5.813825519860232
2475 6.123042631081277
2476 5.911555918644633
2477 5.557940689993491
2478 6.396154375434
2479 6.320571314910506
2480 6.731986423405402
2481 6.857284162340756
2482 6.974899934553509
2483 6.113555355280603
2484 6.816605971736374
2485 6.015390639712962
2486 6.528098762369662
2487 6.68326380025851
2488 6.639283869633607
2489 6.4988672572336
2490 6.492351559839582
2491 6.918104005728077
2492 6.365140096448413
2493 6.518356207660352
2494 6.617316383665589
2495 6.294076527313906
2496 6.2849187222177845
2497 6.677813359627253
2498 7.030085942597307
2499 6.9841955655875925
2500 5.715040825460178
2501 6.669646320033969
2502 7.266144429623916
2503 6.183002348786855
2504 5.665609756892232
2505 7.149298684572755
2506 6.26089132014772
2507 6.754092221093176
2508 6.81264589475114
2509 6.776553823183868
2510 7.343329539369237
2511 6.989958281386705
2512 6.797843789389696
2513 6.580244544450962
2514 5.588143870693852
2515 7.528475653784372
2516 7.04120961114996
2517 6.337115238835638
2518 6.2515745465409625
2519 6.948678252523796
2520 6.87837780313822
2521 6.451372724557455
2522 6.991144297616995
2523 7.308437906710391
2524 6.746800411180405
2525 6.958166035380953
2526 6.846562472591811
2527 6.278103677949028
2528 6.50019032314346
2529 6.121819503806458
2530 6.244584168272554
2531 6.709521387961534
2532 7.241275224244359
2533 5.431634601847911
2534 4.709949673266857
2535 6.784358118628849
2536 6.4333599952322436
2537 8.637502790482866
2538 8.469611552856984
2539 6.908622235133672
2540 7.409761041968137
2541 7.101709017247079
2542 7.0475858787996755
2543 7.010572186682991
2544 6.732091693022484
2545 7.2709145595424856
2546 6.241547358202523
2547 8.510266136196773
2548 6.601982404014354
2549 6.573343837309619
2550 6.349930023169578
2551 6.6270381835375956
2552 6.450156530330258
2553 6.807065600643122
2554 5.159088712262826
2555 7.94538633863407
2556 6.941310328374002
2557 7.174193987724299
2558 8.183448620433587
2559 7.113585648369387
2560 6.481923411864431
2561 7.816375099887987
2562 7.288824977503003
2563 7.3204586917215675
2564 6.152188330877009
2565 5.891558417997097
2566 6.374359339712335
2567 6.523810573168028
2568 6.888612066920987
2569 6.7967541111533905
2570 6.894753404266141
2571 7.062669004003767
2572 6.926185320280113
2573 8.571057445674896
2574 8.295805606094087
2575 7.346832874147149
2576 6.506835015549012
2577 6.87864842313219
2578 7.0933744729619015
2579 6.1009543821080054
2580 7.6218332636550175
2581 8.985372693674021
2582 8.817918264854068
2583 8.727594555202426
2584 9.066260611006372
2585 9.343979926037827
2586 9.098202930541449
2587 9.158292242218579
2588 8.968899506050102
2589 9.262714081346575
2590 8.912429840282647
2591 9.355582206227632
2592 9.047165778703317
2593 9.669641305925538
2594 8.933448599096135
2595 7.907253879573634
2596 8.281972505524276
2597 9.408416838645858
2598 8.222229868324654
2599 8.092450066697946
2600 8.877576086761348
2601 8.257928263329132
2602 8.09995374115471
2603 8.22141750569566
2604 7.610272295137453
2605 8.626307945351908
2606 10.216017228848353
2607 9.110617328250491
2608 8.107223982769812
2609 9.152475740958353
2610 10.874847751578535
2611 9.260370329504486
2612 8.50239097052529
2613 9.23872207936987
2614 8.673342937326312
2615 8.645530996612157
2616 9.39434865004207
2617 8.222702090877176
2618 10.265444851699305
2619 9.07988955493859
2620 11.133440526557104
2621 9.595680074996778
2622 9.372692537323353
2623 9.35008087963784
2624 10.252693598536785
2625 9.02892811223471
2626 8.94067779276155
2627 8.370061425789526
2628 8.922684523245351
2629 9.441889236973905
2630 8.3922103281864
2631 8.557177742929756
2632 7.074158552727549
2633 8.143511133472982
2634 8.53329342256196
2635 8.123556190643512
2636 7.85949906235715
2637 7.423487846447287
2638 7.248447706433639
2639 7.370216600814929
2640 6.666897928514867
2641 7.259884562139797
2642 7.350930884964665
2643 6.739235508066657
2644 6.650193102798829
2645 6.2070715377151355
2646 7.763573741718116
2647 6.881892932263349
2648 7.548095086397063
2649 7.035812840248654
2650 6.53488384280813
2651 6.345623943414829
2652 7.9128591618557085
2653 8.742039272352878
2654 7.897660012890328
2655 7.062754614639265
2656 7.075396353470708
2657 7.237237137787139
2658 6.689503369573385
2659 6.970817491159749
2660 6.586034916087052
2661 7.409807446206356
2662 6.6855652730374775
2663 7.950780475526898
2664 6.75307923607534
2665 7.48135226364024
2666 7.979045114296778
2667 6.771490931346577
2668 7.212625134951475
2669 8.786666275262931
2670 6.726009120630464
2671 7.53335614231217
2672 7.622900315062329
2673 9.450463043172386
2674 9.698053374821344
2675 8.943836463838215
2676 6.749604350503235
2677 6.618686285907198
2678 8.88540232385963
2679 8.930080044557458
2680 6.958908309493913
2681 6.683593497498904
2682 7.428713693907746
2683 7.322432495730588
2684 6.89912304555122
2685 6.294811117356188
2686 6.369017419776121
2687 7.269967490737386
2688 6.622377098847437
2689 6.457482651391567
2690 7.186705191705251
2691 6.9996591205988095
2692 7.27166538541714
2693 6.830931392071696
2694 6.394313247468284
2695 6.766834959989448
2696 8.084840646941805
2697 7.220807600848961
2698 7.477983370673491
2699 7.071001930413048
2700 6.960452066630494
2701 7.698200689962273
2702 7.564613542994504
2703 8.15578338865124
2704 7.486129016116294
2705 8.622354804567527
2706 7.657954916797293
2707 7.692270973821416
2708 8.671306657280743
2709 7.719887452368679
2710 7.401177189165068
2711 7.415653815130645
2712 8.716657981023008
2713 7.18586190806127
2714 7.364262332477659
2715 6.369823642129338
2716 9.441151742262587
2717 6.678156952417701
2718 6.28658751086413
2719 7.761079277611595
2720 5.205229287946459
2721 5.2805142315528295
2722 6.12392521361841
2723 9.31076410569176
2724 9.592504985650715
2725 9.417921394176854
2726 8.79777527864436
2727 9.583266986476511
2728 9.560356765937831
2729 7.887099853038448
2730 8.864345265333803
2731 7.286184346546751
2732 9.42526331161922
2733 6.159222888116006
2734 6.806359612093362
2735 7.42596632123768
2736 5.846397212806204
2737 6.269768214468613
2738 5.734949942177269
2739 6.93124345630284
2740 7.861614120380667
2741 9.545352452737115
2742 11.2361234427677
2743 10.785210002826577
2744 10.023583338692044
2745 9.990908644692437
2746 9.610918700003603
2747 8.76908222020091
2748 9.587470941412615
2749 8.943504161942705
2750 9.638448949983227
2751 9.96078491772077
2752 9.465190527158237
2753 9.315160469075439
2754 9.862748768736477
2755 9.7810125391672
2756 11.225812872938983
2757 10.272827888431742
2758 9.46823580428961
2759 9.894976221860016
2760 10.194719599248002
2761 10.712171186105575
2762 9.49489118484718
2763 10.161807192002927
2764 10.618800699870167
2765 10.78627815846829
2766 10.034286477458677
2767 9.634774424791692
2768 9.353492976881574
2769 9.95716883563592
2770 9.248841254245056
2771 9.511713503752546
2772 10.199965274454174
2773 9.971694946923138
2774 9.619837303851625
2775 9.721543608889885
2776 9.752006633830751
2777 10.247942209598191
2778 9.899779618403018
2779 9.678781291919181
2780 10.571137653290966
2781 8.774910233606581
2782 9.272733253394417
2783 9.830148090168281
2784 10.50238577886388
2785 9.877741915466395
2786 9.048431077046622
2787 9.787291235401964
2788 9.497283273560994
2789 10.118028104105173
2790 9.739303457356428
2791 9.658325461661736
2792 9.741344381921335
2793 9.708084007143741
2794 10.000446311758045
2795 10.079355960737702
2796 10.521177176334165
2797 9.777332905039898
2798 9.751874839931304
2799 9.689174883646457
2800 9.407791020065492
2801 9.611830816780133
2802 11.02608444479027
2803 11.001157692696776
2804 7.90173281591766
2805 9.162068808533418
2806 9.72510842498187
2807 9.79782282346988
2808 10.287985948880195
2809 10.165572702887976
2810 10.325577812819434
2811 10.271114399074397
2812 9.68999475508727
2813 10.776558657961893
2814 9.402886776179429
2815 10.595058913308367
2816 9.92442758180751
2817 9.889898765979504
2818 10.174380387019548
2819 9.73353459320879
2820 9.444355111510797
2821 9.044720329153273
2822 9.750576812978506
2823 9.054023818127279
2824 9.281503548578511
2825 10.309476051449172
2826 9.886259969510768
2827 9.990583626593711
2828 9.239518348890599
2829 9.260466236878528
2830 9.356496976458576
2831 8.920433214219445
2832 9.161961993609026
2833 9.30145742518638
2834 9.202645289386812
2835 10.06424899093219
2836 8.777388946084526
2837 9.110633122609988
2838 7.167018565684359
2839 9.190226014007473
2840 8.549540684819759
2841 8.425707713844087
2842 7.995217884048095
2843 8.688390960015544
2844 8.613729224286711
2845 8.885153948259534
2846 8.567999429787358
2847 8.504255426775886
2848 6.349753254459534
2849 7.988747090826577
2850 7.759513050021561
2851 8.265109957629683
2852 8.511861653910998
2853 8.934003401191678
2854 8.469564120846437
2855 7.398068692960867
2856 7.809749678004765
2857 7.165397543998772
2858 9.238813866452515
2859 9.380166244503354
2860 8.646475081529202
2861 9.00401553163763
2862 9.037692820411625
2863 9.01232111044822
2864 8.64390338638725
2865 12.788310359513368
2866 11.668355756053975
2867 11.872208766840666
2868 12.616907694991674
2869 11.85896244123113
2870 12.498332766257603
2871 11.696055658325454
2872 12.043751938619288
2873 11.535497736582798
2874 11.738826165272634
2875 11.649698992201957
2876 11.106565899257149
2877 12.487717260967207
2878 11.628289563133235
2879 11.55637275560493
2880 10.750969707525794
2881 11.100895584613506
2882 11.252889551532231
2883 11.764759059179399
2884 12.875130010212384
2885 11.585526826922903
2886 12.531464628946322
2887 11.605446046791037
2888 12.025955054791782
2889 10.218059265870737
2890 7.93057561711961
2891 6.293074825137804
2892 7.531870833746992
2893 7.452827824264191
2894 8.051713936831234
2895 7.257860878684126
2896 8.16417617379427
2897 8.157061939596943
2898 7.902024344951566
2899 7.043346209838061
2900 7.97472356239475
2901 7.092769439174494
2902 7.392917473638267
2903 7.135788159008538
2904 6.9057255307853795
2905 6.867085374023239
2906 7.9702660883545295
2907 7.402141617458982
2908 7.971258580334075
2909 8.231530323630244
2910 8.305563204764834
2911 7.550707704838382
2912 8.118098069679851
2913 8.35095255123127
2914 7.532658700479114
2915 7.854901629536728
2916 8.400344195355704
2917 8.160369464516796
2918 9.145869841341318
2919 8.372291659860146
2920 10.123341021377044
2921 9.86449567972271
2922 9.700592548958966
2923 9.589333716150739
2924 9.630759121934613
2925 9.541440000797595
2926 9.563581409222161
2927 9.397729607753316
2928 9.706036775179012
2929 9.12103074548795
2930 9.55342281098303
2931 9.878144594258117
2932 9.17871141844095
2933 9.986133212683967
2934 9.51908206938393
2935 8.749577102557403
2936 9.293659253048213
2937 9.675824527910553
2938 8.486796601538586
2939 9.848803947835224
2940 8.89252827157153
2941 9.125589437515918
2942 9.403463041954826
2943 8.770063321311088
2944 9.106994475986413
2945 8.880375672892779
2946 9.176793476664072
2947 10.189967184566491
2948 10.812510251292185
2949 9.432586039364196
2950 8.231545692737395
2951 8.987748760240214
2952 7.9880417225188625
2953 8.822242550681713
2954 9.508325874840443
2955 8.860784115333997
2956 8.504923058398218
2957 8.791199891497714
2958 7.995391086370587
2959 9.337355441896566
2960 9.388365208320927
2961 9.605239612505944
2962 10.367846804508764
2963 8.579147205255286
2964 8.892840007369593
2965 8.653057410093242
2966 10.013428133311212
2967 10.78766806093871
2968 10.57940668610118
2969 10.20201071073162
2970 10.34447160952475
2971 10.504179375981582
2972 10.692130990161857
2973 9.908451521502933
2974 10.379319325733205
2975 10.045810767380592
2976 9.890484741876527
2977 11.49871119195238
2978 9.869103388387671
2979 10.421605830064125
2980 10.727392351925022
2981 10.966312725984732
2982 9.803015685251049
2983 10.475492169383573
2984 9.33562440955172
2985 10.97551890334839
2986 10.392687608147678
2987 10.562242461438776
2988 11.104925642526513
2989 11.00305250019141
2990 11.540855434849506
2991 10.294220763218464
2992 11.381790299471888
2993 11.193412283470002
2994 11.126943893438439
2995 10.644241233006676
2996 11.135871261543906
2997 11.142519302541613
2998 11.553891338676616
2999 10.753872191859756
3000 10.57007009023
3001 10.194773013747422
3002 9.01752764176109
3003 11.552660747996924
3004 11.401988324488677
3005 10.835168404673803
3006 10.173183502237427
3007 9.360512045769825
3008 9.10889404476177
3009 8.437777867875417
3010 9.238618537631831
3011 9.854281972491826
3012 8.43987253725638
3013 10.011599912880122
3014 10.634555097923354
3015 10.039872962105
3016 9.630805352706476
3017 10.872866800158052
3018 10.052883677493027
3019 10.678683802335842
3020 10.197061516794875
3021 10.318563844347887
3022 10.578041976140522
3023 10.487807130084892
3024 10.55917306494817
3025 10.08680315283241
3026 10.991715002949386
3027 12.115372425799741
3028 11.481985840850536
3029 11.424906966019341
3030 11.13887013676353
3031 10.317853316073249
3032 10.553952097302899
3033 9.8373947414826
3034 9.545235410318634
3035 9.070549685847364
3036 9.179465347713597
3037 7.91102852849536
3038 8.395478406116194
3039 8.757495818665749
3040 9.631766070151109
3041 10.115783019372012
3042 10.502736194976416
3043 9.630812393258752
3044 9.370225642537411
3045 9.937175858959735
3046 10.563190613117284
3047 10.595960834208352
3048 9.091195145319109
3049 9.362299699951635
3050 8.878634739992636
3051 9.55385812824593
3052 8.057215153189224
3053 9.11609710318501
3054 8.282877347844925
3055 8.412436800081258
3056 9.178436906504054
3057 9.896980664069325
3058 9.875308519630101
3059 10.031189183247474
3060 9.936905753932185
3061 10.434545992170722
3062 11.138972041235427
3063 9.915848725698831
3064 11.870265670801059
3065 11.217025060188412
3066 11.13162346261421
3067 10.170406227740413
3068 10.202218642894819
3069 10.736493320796907
3070 10.125801367424383
3071 9.455816079705196
3072 9.793369874862627
3073 9.870201851773006
3074 9.944523838817945
3075 10.223115621547214
3076 9.961100134551796
3077 9.447244032143018
3078 9.403614135881577
3079 10.068438612988784
3080 10.008366448553774
3081 9.585160061693685
3082 10.28953615431479
3083 10.074310251030012
3084 10.05863865417939
3085 9.830316109683782
3086 9.91216723782523
3087 10.138374532850007
3088 9.573793545569456
3089 9.922437078383517
3090 9.395864415868688
3091 9.559253076719271
3092 9.682376811188107
3093 10.487305142982379
3094 10.37107335847329
3095 9.918050830222777
3096 9.511363664125208
3097 10.21659555701917
3098 9.992028945771835
3099 9.681111678771476
3100 10.213878787778842
3101 9.920491745362254
3102 10.496616195827741
3103 10.567487915047037
3104 9.792792996389649
3105 10.044148683831052
3106 11.002088739900703
3107 9.977474661513146
3108 9.619753423374267
3109 9.035769701261978
3110 9.42401590340874
3111 9.526783192401695
3112 9.592201965809426
3113 8.891769064698504
3114 10.784190222237319
3115 10.323351041709408
3116 9.295277811859156
3117 9.54957276192674
3118 9.883830845200682
3119 9.60839556436744
3120 9.932578671823636
3121 9.765502910488603
3122 9.716576654932997
3123 10.01146590536702
3124 9.590266995500565
3125 9.36435617575277
3126 10.306148058868565
3127 9.024250371600079
3128 8.95753965206676
3129 9.65490923506617
3130 10.167747197333444
3131 9.521782694365235
3132 8.998791710680639
3133 10.218947576021735
3134 9.411318581088981
3135 9.342367753340685
3136 9.085054331793648
3137 9.080027983704182
3138 9.441886922675653
3139 8.93875010310635
3140 9.300110453535146
3141 9.95501115094368
3142 10.962078282177824
3143 10.695193549818592
3144 11.020328048699723
3145 10.241413388612228
3146 10.668876447504463
3147 9.189913344198834
3148 10.163860067762375
3149 9.761094387484427
3150 9.738958532123352
3151 9.888333382808856
3152 9.176425953416889
3153 9.786043123952204
3154 10.586416259788598
3155 8.783868342697353
3156 8.856067857852953
3157 9.991643875855912
3158 9.695010645891827
3159 9.284630714350728
3160 9.763798255085433
3161 9.474189095457707
3162 9.177578568338676
3163 9.332035731477932
3164 8.715392860755133
3165 9.167184834637393
3166 8.655726332486612
3167 9.125726378409464
3168 8.765400418124377
3169 8.543044623702412
3170 8.525878843055114
3171 8.631620488000607
3172 9.016525006445834
3173 8.8767074194222
3174 9.038475916852146
3175 9.451547768897884
3176 8.694858398339926
3177 8.480013371404198
3178 9.092510354406974
3179 9.758155473514257
3180 9.245410184287408
3181 8.673287593459024
3182 8.64045898437292
3183 8.84043361757022
3184 8.53620618309871
3185 9.555742708782025
3186 8.46383919478339
3187 8.653250584533245
3188 8.614302354971862
3189 8.995249152474136
3190 9.140292636020003
3191 9.081775374756857
3192 8.418270122126351
3193 10.405255426136211
3194 9.696476513874128
3195 10.756537937741525
3196 10.991002124502701
3197 8.89818771590562
3198 9.614860781393478
3199 8.55433237383684
3200 8.042430741116208
3201 8.029434128303938
3202 8.198544514508429
3203 9.22299342543517
3204 8.330385338714398
3205 7.282769020850669
3206 7.558849564675905
3207 8.13896501133318
3208 8.436326595743925
3209 7.914559709039109
3210 9.275164857947068
3211 7.6973291906609065
3212 8.18823820082131
3213 8.108675415205415
3214 9.201946202377712
3215 10.317791358526462
3216 10.189721019996185
3217 8.478309723623132
3218 7.571184817563892
3219 8.417827279843841
3220 8.392660614923555
3221 9.230361997837536
3222 8.60517299924143
3223 9.82551571715122
3224 9.560381815081561
3225 8.833731513593259
3226 8.772808608429935
3227 8.922940418584453
3228 8.347365144312077
3229 9.085863791232901
3230 10.069051962647766
3231 9.555463273312713
3232 9.463657990850372
3233 9.506315578738883
3234 10.321362430332595
3235 9.956049238979904
3236 11.406792970276214
3237 11.571178101985918
3238 11.57109213327531
3239 10.94216384646801
3240 8.024520389666874
3241 8.43301074067347
3242 8.047332744874696
3243 8.540723326742901
3244 9.71178783799707
3245 9.18316680257164
3246 7.702340283946807
3247 10.279263367590692
3248 8.362794235461712
3249 9.252641951250343
3250 7.737327270552042
3251 8.002208278670729
3252 9.188398488233437
3253 7.692413248665933
3254 7.78731863912242
3255 8.519950900675234
3256 10.25160996877619
3257 9.200882901330651
3258 9.08665363082311
3259 9.687004925449513
3260 9.354497028493073
3261 9.798425060695806
3262 10.703281234033883
3263 9.483521648699453
3264 10.243018399714803
3265 10.23876768296861
3266 9.58859694033589
3267 9.833725889884297
3268 11.102315045719143
3269 10.362630900074727
3270 10.260963916306654
3271 10.25794382286672
3272 9.449111606079576
3273 10.083343832476897
3274 10.310426714306159
3275 9.39538523072609
3276 9.50933690917368
3277 10.66829855655581
3278 10.820152575606341
3279 10.889947322722929
3280 10.678474574788407
3281 11.153704935677451
3282 11.097834367865477
3283 11.384207254385794
3284 11.030992176879753
3285 11.147205485057375
3286 10.570640660615643
3287 10.820715883233744
3288 10.135886634471758
3289 11.240383264109523
3290 10.644216833302966
3291 11.79774835595798
3292 11.282173539826204
3293 10.8205364296005
3294 9.846708483994018
3295 10.26860055595
3296 10.232607355624562
3297 10.767863606375853
3298 10.370587843269858
3299 10.734174677301187
3300 10.544779076900918
3301 10.480535706087888
3302 10.450999863243673
3303 10.80307533799767
3304 10.581407637529264
3305 10.284188268635942
3306 9.982971139706205
3307 10.335223101023093
3308 10.009402682063602
3309 10.631629856794554
3310 9.66389143268638
3311 10.300377437753262
3312 10.140371796003611
3313 10.698735580325163
3314 11.002100991832462
3315 10.050993689003725
3316 10.763759364723622
3317 10.94003954955487
3318 10.777153446411168
3319 11.025854174130009
3320 10.312364289324961
3321 9.904635942636775
3322 10.40834402480995
3323 10.676858755770734
3324 11.076899617911367
3325 10.138882877277862
3326 10.072759516204433
3327 11.208443641395107
3328 11.583861423565057
3329 10.731674954744701
3330 10.166733617402986
3331 10.905271778946723
3332 10.738510405958065
3333 10.989009689824236
3334 10.624669486691127
3335 10.708028213117446
3336 10.158223829084458
3337 10.239625543068405
3338 10.709477442260313
3339 9.931521442796923
3340 10.065260022631303
3341 9.140439238065474
3342 9.828202389634793
3343 9.902000828169555
3344 10.594439860178474
3345 10.407831350014506
3346 9.149155007290405
3347 9.452378714085542
3348 9.190502208236156
3349 9.14476501046155
3350 9.979174764838028
3351 10.465484137931131
3352 9.947290665007904
3353 9.860757188797823
3354 9.753745329559573
3355 9.893338696237864
3356 9.473532376688064
3357 9.8967625582277
3358 10.061638652223126
3359 9.425987269332818
3360 9.975802731142156
3361 10.15923556185433
3362 10.049021228784806
3363 9.984394759249579
3364 10.172680097866895
3365 10.058367001012677
3366 9.74288745151891
3367 10.241619667843585
3368 10.47508086777553
3369 11.197028237975731
3370 9.94849868489784
3371 10.12430769359133
3372 9.734081247293863
3373 9.896984788127822
3374 9.649991519906008
3375 9.784461905884138
3376 9.87403588132277
3377 9.465962549065807
3378 9.55122721846768
3379 10.245478067409922
3380 9.372431435975246
3381 10.273884238669769
3382 9.345434986115759
3383 9.390081892867899
3384 10.09235950877861
3385 9.611167434773737
3386 10.002170105569071
3387 11.852354990860695
3388 13.415026663899411
3389 13.763629258285432
3390 14.145796025715786
3391 11.599463459827453
3392 12.369080009450677
3393 11.33396895987564
3394 10.78300765832738
3395 12.547934345239435
3396 11.41885042728035
3397 12.87943709073829
3398 12.961625627830328
3399 12.136741965638027
3400 12.371282213163846
3401 12.360194608706967
3402 11.835199557170485
3403 12.854896258334383
3404 12.70856084093849
3405 12.160405621164504
3406 12.137743708858576
3407 10.683706025461703
3408 11.973815738110558
3409 13.377820326882775
3410 13.857739455433054
3411 14.035017063741021
3412 12.572267481517988
3413 11.959586157385942
3414 12.081611501180873
3415 13.870377597964556
3416 13.310424810062026
3417 12.601373408716611
3418 11.150154352395454
3419 11.122342991680965
3420 11.272267299272237
3421 12.822620155932686
3422 12.0445164101938
3423 12.198363467845894
3424 12.40565187616655
3425 13.26616987295716
3426 13.421973361652224
3427 11.892751526081861
3428 11.003585727472188
3429 11.341636625596191
3430 12.361059474350633
3431 12.312474225788598
3432 11.840015762878986
3433 12.175244569867502
3434 13.465929216237129
3435 13.71904314007679
3436 12.27290532742127
3437 12.295733073914533
3438 12.72614566638648
3439 11.501129129989577
3440 11.892954318574915
3441 12.123014153960632
3442 11.66642135718459
3443 11.843139615123185
3444 12.530097757310925
3445 11.225159004566812
3446 11.199415023649907
3447 11.321064916199507
3448 11.351736067501841
3449 11.930523218418452
3450 11.075088015445761
3451 10.076718237047736
3452 9.88485045131424
3453 9.906665627384095
3454 10.420773820535503
3455 10.603271319023609
3456 11.4080998750763
3457 10.8825931209823
3458 10.165473131089604
3459 10.745218586711534
3460 8.620037397405405
3461 10.697842817097909
3462 9.832965913006323
3463 11.030129692582493
3464 10.674633925153517
3465 11.506282767312412
3466 10.521934224856299
3467 10.209769482229412
3468 9.641381808924352
3469 11.098674542860588
3470 11.083286613228855
3471 10.725965883102031
3472 11.02817126389864
3473 11.095593617033881
3474 11.417679225051993
3475 10.829167956007172
3476 11.368302971205303
3477 11.135454821297806
3478 11.03418776018365
3479 11.57406727490454
3480 11.302078182095727
3481 11.370985187267042
3482 10.708003008364553
3483 11.39361776407484
3484 11.190178266648052
3485 11.69692093109305
3486 9.781551885367465
3487 9.309047993666182
3488 10.351233086299233
3489 11.91267559224354
3490 11.494759535363473
3491 11.407853396508923
3492 11.044530912899194
3493 11.601541894450296
3494 10.47524044749702
3495 10.63465361382228
3496 11.581648416417877
3497 10.79479398162805
3498 11.38110779664978
3499 11.771700148133714
3500 11.6657844867007
3501 11.485245215490142
3502 10.687089505709823
3503 11.329398251048815
3504 10.32186991732641
3505 11.185275057470696
3506 11.360866702627403
3507 11.423813253458846
3508 10.981595305920859
3509 10.383102731054958
3510 10.674931114100797
3511 10.685294254805715
3512 11.134252945463855
3513 12.01227756589022
3514 11.480897572019751
3515 11.16981742409204
3516 11.694532613235275
3517 11.353355171339176
3518 10.848314960761606
3519 11.365035503448526
3520 10.537998822957586
3521 11.44908510509336
3522 11.05521523792818
3523 10.526973964401241
3524 10.586498987646479
3525 10.935453557157729
3526 10.855244875009037
3527 11.970248926518119
3528 11.891251886169371
3529 11.670531782638967
3530 10.979780577812141
3531 11.562699810681325
3532 10.624825382083822
3533 10.896467008524136
3534 11.062867697671667
3535 10.79389378090781
3536 10.651612146349645
3537 10.856724585721107
3538 10.714598210679876
3539 11.239624929449427
3540 10.985911639744653
3541 11.492445353291304
3542 11.336516679375734
3543 11.89826179510507
3544 11.418123425160665
3545 11.511667925161928
3546 12.03247706138667
3547 11.55845009904173
3548 12.404889769183175
3549 13.167268077228567
3550 12.07180265958786
3551 12.714100555517419
3552 10.966673211681117
3553 10.380810849268471
3554 10.904347346532075
3555 12.11308842709827
3556 11.331197939686506
3557 10.959020006404325
3558 11.219027747534177
3559 11.329666310759674
3560 10.617856075459446
3561 11.468856088722957
3562 11.15769221190655
3563 10.936965557186276
3564 10.705376513656102
3565 10.141427930555496
3566 11.242331110504544
3567 11.804291661819814
3568 11.991648541439202
3569 11.449547009634843
3570 11.251111251812771
3571 10.680513721498462
3572 10.836526285012374
3573 11.455374026179806
3574 11.901137501951816
3575 11.218795054805245
3576 11.217648311390983
3577 11.486744438289504
3578 11.18845552880708
3579 10.774841974858422
3580 11.07615942300424
3581 11.35970223735151
3582 11.182697947009974
3583 11.312012591949522
3584 11.654824248911677
3585 11.50405285613696
3586 11.61000366651265
3587 11.363777162530145
3588 10.76739887198614
3589 11.242386462913553
3590 11.923778998414964
3591 11.416902155483854
3592 11.12716385645544
3593 11.135756871949582
3594 11.48914616240383
3595 10.965254674999123
3596 11.778184181509689
3597 12.203899858739094
3598 10.95994660524828
3599 11.418558493794729
3600 12.703079817688723
3601 11.99074940869712
3602 13.610299232440147
3603 12.628556364651399
3604 12.353346009520664
3605 11.97516810646172
3606 12.22194286790971
3607 12.176035743481775
3608 12.235199144972244
3609 12.20099362101758
3610 12.278031569220875
3611 11.690174384992169
3612 11.214292012700566
3613 12.16325847328458
3614 11.625475257659115
3615 12.650183397918806
3616 11.957373641055215
3617 12.142132840653007
3618 11.973706740087458
3619 12.703303061591894
3620 12.146412782252904
3621 12.479807700734195
3622 12.463460171703243
3623 12.00738223054768
3624 12.922793839550524
3625 12.550170117870618
3626 12.671989747501765
3627 12.501660110709112
3628 12.441148641858526
3629 12.243536664225177
3630 12.306059051164427
3631 12.467191912831458
3632 11.90387409677922
3633 12.591054920181746
3634 12.52171295208998
3635 12.528229706355152
3636 12.319183184559398
3637 13.19424823812334
3638 12.09339557662025
3639 11.647284485411214
3640 11.353179426631916
3641 11.17732928933067
3642 11.739049845890326
3643 11.133771006915898
3644 11.504483690078917
3645 11.667398576315353
3646 10.874902025294922
3647 10.542357637178846
3648 10.89623927743468
3649 11.590138442408268
3650 12.600513613572303
3651 12.71668492190064
3652 11.722137808620046
3653 11.922737723805735
3654 12.521545006239355
3655 13.88487252698719
3656 13.536549238271768
3657 13.159153181387298
3658 12.073213242543051
3659 13.316304508529267
3660 13.713741265925655
3661 14.06797143417776
3662 12.709333392175907
3663 14.269750802980635
3664 13.328132211221101
3665 14.356840221159747
3666 13.984955764504548
3667 15.50075058080979
3668 14.48702799549476
3669 13.449949734450993
3670 14.411390164499213
3671 14.078245023035008
3672 14.136428950016649
3673 14.507158833029536
3674 14.158771027881162
3675 14.855326345911093
3676 14.371383521285038
3677 13.641684595494244
3678 13.97608511752991
3679 14.852658425094921
3680 14.715623805896257
3681 14.426369445959217
3682 13.98855119294292
3683 14.771460242692578
3684 14.932448147566477
3685 15.009599638599248
3686 16.31389930287919
3687 16.181774523246766
3688 14.512564883012562
3689 18.205078668339237
3690 18.75973469052572
3691 16.400688362282978
3692 15.39840614606937
3693 14.62421876095684
3694 15.654622318826494
3695 15.564716863046028
3696 12.805718230303539
3697 13.672191501025734
3698 15.233446756527702
3699 14.786885842735211
3700 13.707697012234172
3701 14.589848752718414
3702 13.949650184812786
3703 13.53212208551273
3704 13.906049076301251
3705 13.506809783477676
3706 13.472285911913453
3707 13.407871447441797
3708 11.748828332800993
3709 11.891652296101915
3710 12.537650800595149
3711 11.871974735945422
3712 12.285363127111118
3713 12.392057003673267
3714 11.805486447091061
3715 11.96353694261766
3716 12.481484594564302
3717 13.857364102023828
3718 12.107331525917825
3719 13.197648418306981
3720 14.69608235618063
3721 13.449173296229656
3722 12.737439624647445
3723 13.121683897433261
3724 12.251059392220244
3725 12.542398304095283
3726 13.279734664818239
3727 12.625852021125786
3728 13.41501543895362
3729 12.88861390106593
3730 12.433566978783382
3731 11.929016140501552
3732 12.059439931994783
3733 12.30783114356484
3734 12.739583593178928
3735 12.53168046464429
3736 12.52137376414778
3737 12.455244018541467
3738 12.612119154414316
3739 12.838806335189584
3740 12.936149816380652
3741 12.828723825273697
3742 11.374766047962565
3743 12.577619496830637
3744 13.389703631381856
3745 13.574639245960586
3746 11.986934917031974
3747 12.412955327193636
3748 12.192376389228947
3749 11.366625418476932
3750 11.903233229118166
3751 12.892797242638773
3752 12.6806437917388
3753 12.677723895765538
3754 11.925670249802067
3755 13.376135450022241
3756 14.380115544542425
3757 11.882674965432585
3758 11.035922469942625
3759 11.753626540158102
3760 14.419359097835903
3761 13.940896878445932
3762 13.264672302155525
3763 12.719867596087516
3764 14.193220489531134
3765 13.788619058471022
3766 14.270909119528646
3767 13.159303135962979
3768 14.329431393643294
3769 13.557843883727694
3770 14.798158254522463
3771 14.662967315486913
3772 14.813780878576397
3773 15.004686596200807
3774 14.561295998450554
3775 14.270190269792923
3776 13.91735711730432
3777 13.8829066350309
3778 14.648159563040977
3779 14.700750183792708
3780 13.871872742456041
3781 13.557194947974372
3782 14.160445434818051
3783 12.747309760892799
3784 12.004629222733769
3785 13.143750905401152
3786 11.352591788588004
3787 13.730442875820827
3788 13.58187773395682
3789 15.175639654061305
3790 13.468320432081955
3791 13.358946096744901
3792 13.689426662796004
3793 13.02012775546506
3794 13.845516537736701
3795 14.343457916599
3796 15.493401360607292
3797 13.35528219789814
3798 13.022423187750325
3799 12.77068015000533
3800 14.680749226922092
3801 15.49548448035105
3802 16.887088945044727
3803 13.997551308573671
3804 14.041873311325803
3805 13.783752800079814
3806 14.824159095473368
3807 14.426351830938513
3808 14.35112940123487
3809 14.097739586335017
3810 14.481555895489176
3811 14.453045482626681
3812 13.910372182610123
3813 14.385699698864459
3814 14.139694445330488
3815 14.342082342856585
3816 15.247255872532447
3817 15.65836334201983
3818 13.82504525892971
3819 13.785320729210385
3820 14.300391653074582
3821 13.765310914352847
3822 12.554798220309532
3823 14.756789405771942
3824 15.00654969238655
3825 14.813313871714973
3826 15.140083225381236
3827 15.531452562008496
3828 16.05436258263206
3829 15.30538739855951
3830 14.862091587882162
3831 15.876875976207565
3832 15.644475187996083
3833 15.484754223646423
3834 15.08062620223878
3835 14.697535786034965
3836 15.021804914870122
3837 14.27225221767349
3838 12.860840330364356
3839 14.299523096362442
3840 13.306811305817485
3841 13.75484322922128
3842 14.610734545753914
3843 14.013955488583681
3844 13.721608770378188
3845 14.550564127627645
3846 14.458511913338636
3847 13.43580294118854
3848 12.934440166861819
3849 14.794792418215007
3850 15.000667070917169
3851 14.07963472396522
3852 15.151831277036193
3853 12.213444536930796
3854 13.284228076387063
3855 14.395945345812533
3856 14.206750245189161
3857 13.91948587465735
3858 14.469483571755353
3859 14.799518874519835
3860 14.610289907458046
3861 14.030471745648219
3862 13.654297587860471
3863 14.761711281143604
3864 13.854047025178266
3865 12.346567734541868
3866 15.342524915144805
3867 15.244885046987319
3868 14.865878635877438
3869 13.701071896854943
3870 15.046165997400259
3871 14.649721549765488
3872 12.90301847548968
3873 14.829945596658423
3874 14.722416708801296
3875 15.345117161746218
3876 14.814868398412084
3877 14.603496466965366
3878 14.498951265859542
3879 14.626416385032337
3880 13.621618384334898
3881 14.274417720590863
3882 14.239849842812502
3883 13.817580434291292
3884 14.401973462380392
3885 15.14518535763995
3886 13.264446178945969
3887 14.86061626363355
3888 13.94709435047802
3889 14.168290975830956
3890 13.183185902025526
3891 15.144609167750922
3892 15.814851211733286
3893 15.146485781451462
3894 16.161218396373265
3895 15.622984689076128
3896 16.228386491684184
3897 17.18235465592904
3898 16.610508508587046
3899 16.672146393823994
3900 15.275796545634538
3901 16.15884300046411
3902 16.335820326791605
3903 15.576716608790386
3904 16.53340621788103
3905 12.706020216321383
3906 12.993861898596933
3907 10.805169442193566
3908 12.307624225816673
3909 12.322473569235669
3910 14.578598915096649
3911 13.654518532914908
3912 14.020538096314525
3913 14.872573984656782
3914 13.622796856803923
3915 14.580031346940741
3916 12.510292423163598
3917 12.551587360925891
3918 12.33963686051828
3919 13.150186693209431
3920 13.647289142424095
3921 14.348298044326283
3922 13.652230249886102
3923 14.92840853181589
3924 13.480340906583132
3925 13.73087201321678
3926 13.176017494651274
3927 13.903775943347474
3928 14.50398228049202
3929 14.48201790163795
3930 13.82233435164812
3931 12.975094071593576
3932 13.965370958308092
3933 15.19862278054792
3934 14.543934639016841
3935 14.356110364388407
3936 15.349247547607334
3937 14.095184244316744
3938 15.555983776398511
3939 15.868656614737038
3940 15.468486380181774
3941 15.697411083705667
3942 14.542094066320168
3943 14.05372248420947
3944 15.055842271426874
3945 14.660595173536782
3946 15.261489408210144
3947 15.764955572954504
3948 14.284794106767587
3949 14.780091667202111
3950 14.190901903036764
3951 16.010003290123983
3952 16.093296424130514
3953 15.101192541921261
3954 14.927024742615147
3955 14.890440791507269
3956 14.559935567000675
3957 16.295315221996702
3958 14.801984684844468
3959 15.435331477742348
3960 14.736123130202023
3961 16.667360043292327
3962 16.074323219208576
3963 15.6645238265474
3964 14.64740312295932
3965 15.326188252369223
3966 13.905084015429933
3967 15.159537554056591
3968 14.88851717614058
3969 15.323254359635134
3970 14.960751616726503
3971 13.376780168663041
3972 15.543697538342963
3973 14.733791577015497
3974 13.44979527348187
3975 13.154458057720923
3976 13.95411377047719
3977 13.537677319015517
3978 13.912912745904812
3979 14.182820797122565
3980 12.654538939542604
3981 12.432224989579742
3982 14.328513271516806
3983 15.41826490508648
3984 15.6868481305014
3985 15.982110933479053
3986 14.208383867734558
3987 14.668177868122203
3988 13.781644536619533
3989 15.737985519228616
3990 15.46760216400159
3991 14.470745803764336
3992 14.783314511075783
3993 15.335929594518714
3994 16.692168765128123
3995 14.783435262806519
3996 14.30056053567853
3997 15.289884466030779
3998 15.476306965942628
3999 16.01799929523487
4000 13.883827277315884
4001 24.881019748138964
