0 15.278172163012732
1 15.011783254623442
2 18.34855078148374
3 18.629795422621093
4 15.964094376031436
5 16.03245812638345
6 13.969353754912705
7 12.128650668226904
8 8.470371164705567
9 11.367113720631997
10 14.065680286867638
11 17.665862073814267
12 15.143061503253058
13 13.650728674586517
14 13.690475281520696
15 15.41232752496983
16 16.26810597673657
17 15.063760293316834
18 16.41585408038866
19 12.591743128352256
20 19.40666485071717
21 17.774803535503434
22 20.754272270597315
23 18.68255939369622
24 18.456941134205863
25 16.768403964356736
26 20.006571024424396
27 19.64928799845298
28 19.148697064529124
29 16.624414267228303
30 19.758469880665317
31 20.266642978872767
32 19.79371587601891
33 16.641719446661327
34 21.399269997812368
35 19.496706863085947
36 16.784575762534033
37 18.022840760442417
38 18.884405613262402
39 18.580293636282814
40 19.266725876481832
41 18.13353593358864
42 18.858235985511154
43 17.728651510811606
44 20.47183161973197
45 20.164177006907988
46 21.289663867223194
47 21.667124634058997
48 22.866736278532784
49 21.721500274629832
50 21.693952310852524
51 21.91260862350787
52 24.93778248167964
53 27.09857156999434
54 26.119899802256885
55 22.08881894962097
56 21.49386921859957
57 22.896057921756107
58 20.422392485868336
59 19.45138609305736
60 16.49031837262554
61 18.461371007412325
62 19.500404352388006
63 20.90467855429442
64 20.917084755189677
65 23.09919370916967
66 23.208401032889903
67 23.404984314246786
68 23.320054832447045
69 22.955358304514572
70 22.188057929343874
71 21.92118858296213
72 24.816959006564502
73 26.556620352942755
74 28.679193929468244
75 25.408646081962353
76 22.06105807771571
77 24.571573689501747
78 22.9671495951402
79 20.69139140333264
80 24.68310192745523
81 25.28042827352223
82 23.131678092240666
83 20.94752541826111
84 20.48250001110277
85 19.533026385351125
86 18.96015058184101
87 19.598475152782786
88 19.52112783527293
89 19.67247037469896
90 19.680388029739245
91 19.59686672296643
92 19.370739141610493
93 20.657364612308083
94 20.69510313393219
95 20.14295792667979
96 19.123123698786692
97 19.16699894604737
98 18.75505420267248
99 20.326912449799977
100 19.757877195404355
101 18.988250716576914
102 18.81054712448034
103 18.058138280788246
104 18.980159657232655
105 18.681297463320636
106 19.135886506498906
107 17.739047779989647
108 17.054791187185007
109 17.26196385143785
110 16.966259139982736
111 16.286334334825234
112 19.361437495041763
113 18.520652590680097
114 18.262544888986532
115 18.155819223254284
116 18.653021225957957
117 19.30006184559166
118 18.16376995858284
119 18.269261471960057
120 18.401955648446283
121 18.961268988205713
122 17.41126646380145
123 17.321022328958556
124 16.474761988679024
125 17.137793294210102
126 16.554376553497807
127 14.550071017692073
128 17.157123482414182
129 17.136232535585304
130 18.239282372061624
131 17.317001261490446
132 18.507468615676462
133 18.689889544533145
134 18.336982780044657
135 17.184835195676204
136 19.36230974669421
137 18.631903293339345
138 19.88223444257413
139 19.561540575031504
140 19.861044123959786
141 19.859280689233973
142 20.59496986007258
143 21.701563819825882
144 19.05013607483186
145 19.486431959249586
146 18.919606870635846
147 20.34656049191246
148 19.032424889329825
149 19.430572288045305
150 17.76465887256116
151 19.43261144137244
152 20.192369898126742
153 22.329518592213525
154 23.389583436013947
155 21.13731700444085
156 22.753260077064418
157 18.278327796462776
158 18.79104197188943
159 17.53329695481838
160 16.041913810009078
161 13.694042286807528
162 12.44392497034701
163 16.43066318225362
164 15.454597929035277
165 12.924282544057972
166 14.002396812938127
167 14.735538596311974
168 15.295658571969529
169 17.53874005532618
170 14.181276907952265
171 14.10800149943651
172 13.264825902804503
173 13.010634974439924
174 12.72596410040756
175 14.300855539459171
176 15.776328817706249
177 17.29237602353826
178 16.770788480800384
179 14.322447310392253
180 16.3142986448265
181 16.667409679901134
182 18.03691292698956
183 20.942519140492575
184 18.93758272598625
185 18.013676294742353
186 20.898906358059023
187 19.243835375765887
188 18.283034154349565
189 18.840829189139637
190 16.25450270691069
191 16.84091481394964
192 19.45628316467054
193 20.18377873341358
194 20.134980160419634
195 17.59023595360013
196 19.2351729196994
197 16.924371635414285
198 15.445474290762505
199 14.029352596461724
200 15.55295622565846
201 15.11237953611405
202 15.89604262962884
203 16.27144553259391
204 19.474782469997646
205 18.529437125849952
206 18.326931149427082
207 19.16405612642589
208 18.887968835754368
209 17.5615091164172
210 20.767657662756033
211 20.329094475931125
212 21.42497591011975
213 19.29299664451348
214 18.752502218495223
215 18.646029433427703
216 18.181739238978206
217 16.78811379794029
218 17.903424123931284
219 17.648981780425355
220 16.63908731616944
221 15.49828266572993
222 16.95721450009916
223 15.710785334559262
224 15.112790015228446
225 17.109294624125276
226 16.578443124839133
227 16.637024706671813
228 16.91589559382518
229 16.95001559888717
230 15.945664065324374
231 17.43351513608291
232 16.69279943271074
233 17.87147589439479
234 17.36343867801611
235 18.023466358224816
236 17.344657629642096
237 15.758933261313018
238 15.368482142046433
239 17.505793825798037
240 16.573100360948036
241 20.823239235289602
242 17.466154092247855
243 17.48226229512363
244 21.194987429764662
245 20.18609583100981
246 18.809185195141485
247 19.286583878284517
248 18.141113581859358
249 15.313167828928444
250 16.632476156089698
251 16.08393283703617
252 15.148315465761051
253 15.168726639992283
254 15.409781740340755
255 16.668574830057977
256 15.136379863346761
257 15.093126701119425
258 13.928390221950194
259 14.700663773270893
260 14.498306482430891
261 15.887526453366403
262 13.617026189298242
263 13.8300626862315
264 16.452493026725296
265 15.430137235831912
266 15.01535973228868
267 16.22211365415078
268 17.23436586480263
269 14.604942037590915
270 15.366498061495976
271 16.12789001967769
272 15.219364504235898
273 16.84459516555751
274 14.787389689094883
275 15.461853845836037
276 15.91370065536583
277 14.78134041362017
278 13.215076733301174
279 13.271226698312699
280 14.517655439955629
281 15.840317742455735
282 16.569048886165525
283 14.732924738804677
284 19.180231221609457
285 17.04997825813686
286 16.22732468927195
287 17.829699036288282
288 16.953616326901845
289 18.254070440745487
290 18.004850051880172
291 16.85431631579665
292 16.15241983337551
293 17.7211647750088
294 17.255677823881726
295 15.768240286180808
296 16.408280672785413
297 15.414677192706982
298 17.088151119303614
299 17.642007871783118
300 17.579083136430953
301 17.446245095278147
302 18.03037543059868
303 18.116728773604986
304 16.59642669236631
305 17.99105906280053
306 15.636620685059476
307 15.866216188037052
308 16.002275291311282
309 16.394394798777483
310 18.893150935271034
311 18.89286266900137
312 16.795953078170147
313 17.039484642770095
314 16.86456279487943
315 14.910123577515474
316 15.99041717347822
317 16.160734442460747
318 12.208955771418804
319 14.715166376063637
320 14.153200857508576
321 14.989807571492083
322 14.295751083085637
323 17.50630550329215
324 16.446701811213167
325 17.818576181945804
326 16.519601865502807
327 15.47914945735418
328 15.952563282074136
329 16.0609564645317
330 14.524014155539039
331 16.226344330146674
332 16.626358216665885
333 14.536387713222462
334 16.777393113378764
335 16.321720182091674
336 16.650860751611084
337 16.206766146254875
338 15.491850054978304
339 15.549042914911889
340 17.38863858545267
341 16.926978647714343
342 16.342218831390205
343 16.365174099572815
344 17.515085608351374
345 17.48290334032603
346 18.068556803255756
347 15.92058981004359
348 17.805149491584494
349 19.778454996833965
350 18.29458717837508
351 18.515128226994058
352 19.209760215371226
353 19.466406733284327
354 19.213391625905235
355 18.725197707229057
356 17.584661865020475
357 17.884494676541234
358 18.147904183691278
359 18.473545617988805
360 17.919603142816207
361 17.115337680580435
362 16.90291007540074
363 19.071590321266687
364 18.130430209679087
365 16.266917171355125
366 19.227740906339893
367 18.207323146025633
368 20.06355200019352
369 20.856457327695555
370 21.249923266033317
371 23.130184416741532
372 21.51937721262538
373 21.24530171748586
374 21.405054788642623
375 19.734997789390604
376 17.984348910491434
377 18.562295412933505
378 16.699248860993272
379 19.01720692436619
380 17.024095419809363
381 17.007126661131792
382 16.98042039137517
383 18.755592249706062
384 20.61956162897935
385 19.06769446860443
386 20.423572652037965
387 20.659268553379732
388 19.803640764376794
389 20.6875292472521
390 21.79298687810174
391 21.523412774558327
392 21.84859882151688
393 21.036335072116064
394 19.878352306253642
395 18.8029570495301
396 18.238979695754125
397 18.54073945036968
398 17.561889406672172
399 17.910680986128053
400 17.408656534226587
401 18.257446854335225
402 16.6061963392375
403 17.570134457167075
404 16.641096627431786
405 18.1504526782398
406 19.46321955277499
407 20.116423291006917
408 19.296723709080158
409 20.07901467466694
410 18.29133038729437
411 20.141897502258157
412 20.500002977995997
413 21.328120084780455
414 21.698563259571582
415 18.270517468738223
416 20.274862860727406
417 20.30827076712631
418 20.364363627373695
419 20.342938809574967
420 18.360261483959114
421 17.471852814716645
422 17.509152925874947
423 18.394603946671158
424 19.900958824906372
425 19.16083425429837
426 19.272930142543625
427 17.707184693482482
428 19.358560251581675
429 18.517640302995364
430 16.920792981227056
431 19.534551768732992
432 18.63519824922371
433 20.16617247347624
434 18.83720444885029
435 18.59890083166253
436 17.590474445566397
437 15.462430529008374
438 16.505248609009524
439 17.627831404366212
440 19.526678423337316
441 19.702066431174735
442 18.76333334490499
443 19.68331957457469
444 20.56984157696022
445 19.605944395739996
446 20.099443685928183
447 19.935285589251965
448 21.730034427748816
449 19.849108220821414
450 19.34623433947004
451 20.83592586502713
452 20.751374612047446
453 19.457564506125124
454 18.496155437628257
455 18.555350603571302
456 17.314815916206026
457 18.177726847440386
458 14.904336999114397
459 14.072494402580174
460 18.092326823828873
461 18.776597930569096
462 18.657355988823515
463 17.721008520166396
464 18.80145516993272
465 19.87811742300441
466 20.142788920648876
467 19.735715110586405
468 20.301897141378387
469 18.709136221850507
470 17.131015070710834
471 18.03020804748087
472 17.147871307656736
473 17.810963495914294
474 18.8372598056483
475 16.914885153746383
476 17.996122256616836
477 18.164856054658433
478 18.087570298275555
479 16.433174822424014
480 18.37157360740085
481 17.430455967055604
482 17.620429369431708
483 19.77695817772622
484 18.697071443990186
485 19.819616038956884
486 19.36980244486279
487 18.605752869332086
488 19.095947707742372
489 19.456454792714673
490 19.128690187768132
491 18.304088378983916
492 16.639081449235864
493 13.862977509376107
494 17.315035987308384
495 14.854268351451838
496 16.838679878703008
497 17.077558944975305
498 18.42843972732748
499 17.572259584835134
500 17.696048851007106
501 17.906403391236438
502 16.996352734378018
503 18.875418315208666
504 18.19459469026838
505 19.119887848449647
506 20.296375133601302
507 20.178074061584866
508 17.866149000048253
509 18.676717239582413
510 17.371175902626604
511 16.982386722716914
512 15.761014922618823
513 16.79306250864345
514 16.563202186572735
515 18.459354759670894
516 17.076318388011572
517 16.36890136257266
518 18.6459375556492
519 18.313259061800824
520 16.69545678239619
521 20.55750407776971
522 18.809337002246195
523 19.84052239514823
524 19.77541745553875
525 19.423542112337746
526 18.375301005569693
527 19.95140062797264
528 18.978197975597386
529 19.38110416408576
530 17.379577028332168
531 17.77402029346165
532 17.717534093015466
533 17.153729503730435
534 17.608388039478466
535 15.874114413046188
536 18.051472362372763
537 19.3764717005814
538 15.218219097978569
539 19.026917472226593
540 18.37569754859262
541 19.684203009523674
542 17.847089840107127
543 17.201738472176388
544 17.197370450685575
545 16.510403987165414
546 17.13307847027864
547 17.681249666411066
548 18.155652567053465
549 17.072752318848593
550 18.751373090105254
551 17.94880553149586
552 17.109865986778196
553 18.683693807394164
554 18.057279138801388
555 18.409048240423587
556 19.048328126449327
557 18.017126550659402
558 19.524155663320546
559 17.61063862523817
560 18.555963305810035
561 18.63478176540964
562 19.63761504557353
563 19.197355721856198
564 19.605935424812284
565 18.831493293029556
566 18.244387986845435
567 19.23510034870647
568 18.023377222500024
569 18.35231196935212
570 18.170360258790918
571 18.477982186142228
572 18.921806435517155
573 19.728007295636846
574 20.165992753165487
575 19.892548066988432
576 18.406657937429177
577 18.77607605107299
578 18.84846379180044
579 18.385909419264067
580 18.264031455997472
581 17.94111415886458
582 19.56637050122971
583 18.673336407082054
584 19.71917442737217
585 16.89958048553829
586 18.45460961383206
587 17.787384824572708
588 17.74534211737194
589 18.592240130605827
590 17.694597449250658
591 19.056509655840358
592 20.157183776555392
593 19.72762215176967
594 19.114143553358936
595 16.986781192576125
596 17.396908460785273
597 17.99102877522941
598 18.54945851911977
599 18.495222722199763
600 20.727668070895753
601 18.543665521638804
602 19.042209543279903
603 17.699832529864125
604 19.15163457499067
605 18.26025272524697
606 17.47712399713057
607 18.96514065131965
608 18.32159345651902
609 17.796037650493396
610 17.098605711417342
611 17.482945578892434
612 19.168730611706952
613 20.02822576788606
614 19.525085497094157
615 19.704675882691866
616 19.06304038096697
617 18.848442722743616
618 18.873227494317312
619 16.110767137246366
620 17.029892665594737
621 17.981406143037052
622 18.988059780284885
623 18.245742705083988
624 18.965484352476015
625 19.190390287708034
626 20.085532296771692
627 18.781133495043505
628 18.737984967756642
629 18.34503251300379
630 18.90243758509515
631 18.661241307487014
632 18.50988508975093
633 17.72843485852653
634 19.22241083052053
635 19.18346501548494
636 19.199347808333844
637 18.744283042988307
638 19.03111704720741
639 20.15670918240667
640 20.53109863597269
641 18.39928336091472
642 16.889014576049316
643 19.10911401839888
644 17.981953367054018
645 19.00097927898716
646 19.24519255092148
647 19.387349625399516
648 19.82122545755565
649 18.35271050132302
650 18.954411748896742
651 19.22347257462064
652 18.380107701166178
653 17.418528325036263
654 16.175060993346285
655 14.445916317787209
656 14.705194077753518
657 14.279902721522989
658 13.993604581172379
659 16.537732868289247
660 16.264680312610224
661 15.278238623943082
662 16.627788327863104
663 16.004584663625636
664 15.548476329376427
665 16.507250217952077
666 14.91066515456775
667 17.085040808214437
668 15.149594857622029
669 15.808974304804153
670 14.825890930063988
671 16.21051795861688
672 16.24333218416074
673 14.418088124818057
674 17.394312838113706
675 15.555547374486787
676 17.36965059349571
677 16.703822800126765
678 18.253279380402905
679 20.06686021628409
680 19.40902745447535
681 16.941036414968202
682 15.777688659981182
683 16.946697621703507
684 16.67342928318329
685 15.787235063835135
686 16.178095356767482
687 14.926796542466292
688 16.383809143274135
689 16.425770435119905
690 17.740857722761326
691 17.35753998796404
692 16.437276590223806
693 18.658966350117744
694 17.90637142226796
695 17.90214133743049
696 19.010728024504385
697 15.79292472506234
698 14.220351106304419
699 16.615861497898155
700 14.888061767536852
701 13.994515552486677
702 16.411363256341048
703 18.580902760547506
704 18.172751703415138
705 18.75982231861378
706 21.50074307741292
707 16.754948872187242
708 18.516890094244165
709 18.51926021466167
710 15.817999249281533
711 15.184708092691821
712 15.624633483006892
713 16.34296696885541
714 15.067477191245482
715 15.233088994799939
716 16.567839445752586
717 14.909074588971256
718 14.381256579488134
719 15.239278045339576
720 18.948685430019513
721 19.482803576461595
722 17.697669879106396
723 20.054666277767843
724 18.706930955600363
725 18.86298665756259
726 20.008398423392908
727 18.111632602349484
728 16.911369095868164
729 15.763539122828568
730 16.30756431617317
731 18.233676883989162
732 14.718272781212095
733 18.159905598097467
734 17.10864143226677
735 16.74388585090404
736 19.707338927309124
737 19.05580407957989
738 19.47990673164276
739 20.844465907066784
740 18.00020584738989
741 22.446267468515465
742 19.089982966740585
743 19.451929223650893
744 19.229329797628356
745 18.55414701828111
746 18.57620511029631
747 19.61066406152751
748 20.894711588348017
749 20.44533803539566
750 19.536551040848956
751 18.165714541768562
752 19.208675407086464
753 20.322584090377013
754 17.963253650292035
755 18.70940750219777
756 17.503687520252804
757 16.62260710662541
758 16.19565401849047
759 18.812819434248254
760 16.36051245803483
761 18.630274686565787
762 19.000662869585753
763 18.764513268975094
764 19.09878669615913
765 17.82558654158456
766 16.48105611773489
767 17.616266144969615
768 18.581145608650502
769 17.562387324874837
770 18.30600213432393
771 18.260849647350838
772 18.416571435761362
773 18.784306561340607
774 18.00951620152181
775 17.926334033267192
776 18.339601185830862
777 19.555676285070028
778 18.784943007504104
779 20.07080778670209
780 18.555084991630892
781 18.98634357824975
782 15.353808430355734
783 17.07838691643339
784 17.880073820300094
785 17.954501562423072
786 14.940067566363261
787 13.946551860195845
788 15.0243999143793
789 15.441609682415399
790 13.967863877369815
791 13.871632666508672
792 14.47218448539548
793 14.014095887534584
794 15.750505278897515
795 15.85699648175
796 17.172871825896706
797 15.507312569870894
798 15.198123310182272
799 16.527543783782757
800 15.472292284154479
801 15.930679956211456
802 16.442727677792274
803 15.8333081441174
804 16.848152014075126
805 13.734383278396198
806 13.782015376878473
807 15.729716085603428
808 18.132458819947516
809 17.558889730629744
810 17.91733275020251
811 17.60229257005003
812 14.480137621823193
813 14.984698861895778
814 16.06947406100821
815 17.13831933638959
816 16.70939942322268
817 16.708356356641062
818 17.52407835274239
819 17.992587326281512
820 17.938606717923406
821 18.085769495458262
822 19.088551542185286
823 18.66700070992935
824 18.859226752215214
825 18.63445355890984
826 21.857735788713875
827 18.799290828316455
828 17.607260300103757
829 22.552009018313644
830 23.897692332791326
831 26.10310775059551
832 23.207298212873408
833 24.6184128350578
834 20.10545461471502
835 18.0820518571663
836 19.573308770211934
837 17.084641124874246
838 17.158371524903835
839 14.445221917816145
840 17.2984105562148
841 17.36912062303942
842 16.646722603626873
843 15.823907678061882
844 13.963727901006951
845 15.314652689485998
846 15.430832490845802
847 14.474437512578643
848 13.953753729416643
849 17.21103952126926
850 15.438015081126567
851 15.54706307753938
852 16.495744429132852
853 16.947471250161765
854 13.2212991381467
855 14.162179520377501
856 14.037609834970135
857 14.1327148642511
858 14.816786543995551
859 17.417309222086082
860 16.939297239460796
861 15.517561447442631
862 17.30439280042499
863 16.690168947447482
864 16.938179337623612
865 17.717634701848617
866 16.290420604589876
867 17.19927061663605
868 17.3493490166249
869 16.2407703733717
870 16.674367508315736
871 15.372690258726138
872 14.944199256925742
873 16.56733953303659
874 16.368064421897337
875 16.634221494510005
876 16.572332733642355
877 17.130309296425697
878 16.71290984472677
879 17.00147110329661
880 17.972254817670187
881 13.660790009616234
882 15.848938632892562
883 16.310949004284794
884 16.259309859932035
885 15.831683173758277
886 15.523117699469548
887 17.19153590292837
888 16.989200871061634
889 16.201370458303547
890 15.862202160312519
891 15.512389232353822
892 16.000962183681935
893 16.68892460493915
894 16.68678966024862
895 17.206687863300484
896 17.032108881955153
897 15.915226833873742
898 17.20393413546925
899 17.2042169908808
900 17.051671399257216
901 16.852951225031738
902 15.063787123673993
903 16.87191402460649
904 17.174039881361043
905 17.139886120003183
906 18.576470813214456
907 18.058341169627454
908 15.246143849153064
909 17.775213071681073
910 16.610412799592567
911 16.944680976962744
912 19.109102854727322
913 18.022734704682954
914 18.315801948238626
915 17.44052483915551
916 17.801728230191006
917 18.24009979012154
918 20.21119660928614
919 20.099126904785
920 16.183245276790895
921 15.690109188365636
922 15.216580363375469
923 18.90345263839975
924 15.751228617097688
925 15.866340044416306
926 16.20410725183383
927 17.810245072458578
928 16.4059460161107
929 17.551415577239947
930 16.76074761519087
931 15.848247323638176
932 14.697655888095676
933 16.078403456509758
934 17.01857425124056
935 15.524190912808603
936 16.558891917718636
937 16.711675364566833
938 14.652232614527465
939 16.539148511455952
940 16.408705087146938
941 13.866508996055254
942 13.728191037631415
943 14.181514505017295
944 13.78311190941851
945 13.514700269859091
946 13.10108986049862
947 13.688892220206284
948 13.878700217641494
949 12.160815457687864
950 12.941926211542054
951 13.062086185833296
952 12.380295271734502
953 12.685770275711851
954 12.945963961182619
955 13.084700560477392
956 10.851084550648215
957 12.313028517480298
958 13.004500701365751
959 13.790396021303135
960 13.692373017535797
961 13.013363266571567
962 12.619102120537923
963 13.337120097934852
964 12.875870646073597
965 12.984098544319608
966 13.525255378611151
967 13.231818923823742
968 13.044177906107475
969 13.285873126770495
970 12.5654488384023
971 12.960634774159253
972 13.30712426282581
973 16.12105990908124
974 12.494762875740753
975 13.314954347556032
976 12.96447967709196
977 12.550980260860811
978 13.435146720548088
979 11.472023875868476
980 12.167523418943684
981 12.944391496604227
982 13.208532332295867
983 12.716497847477267
984 12.273076492295344
985 13.17944045747436
986 14.960846244011613
987 14.847522766848337
988 14.839698605781317
989 16.543280241405917
990 18.291784345750628
991 17.940016039753992
992 18.031939062790045
993 16.73824104388244
994 16.477384010247558
995 16.34738227191767
996 15.56520613139628
997 17.41608480132226
998 18.317689505599596
999 17.47032264424734
1000 16.29069764977554
1001 17.365229142751264
1002 14.546847228519018
1003 14.154902245424328
1004 12.52763494044042
1005 12.856713963083122
1006 12.085371185652095
1007 12.71866920911184
1008 12.497339451234339
1009 11.522437562615519
1010 12.101057916156172
1011 12.580168719472413
1012 12.443249707912337
1013 12.082888327891187
1014 11.958477747567544
1015 10.896658187596168
1016 12.108385270856735
1017 11.239151883692598
1018 12.642739071135017
1019 11.749956339071977
1020 11.139951653572764
1021 13.122617896980087
1022 11.923465729164953
1023 13.964127214685838
1024 12.404707444050226
1025 12.290848207064274
1026 12.317489083476174
1027 11.886656362223363
1028 12.49208185027204
1029 10.830583322936395
1030 12.134603344597318
1031 12.625221913600825
1032 10.198920437700615
1033 11.36423363964657
1034 10.586912033242328
1035 11.894375067032176
1036 11.712892265273716
1037 12.289026275129608
1038 11.058548436720807
1039 13.119303552124558
1040 12.788032897048682
1041 12.471383385543886
1042 12.522505741617291
1043 12.6498538259282
1044 11.52704792871136
1045 11.688641935879273
1046 12.724034282680808
1047 11.738652223041022
1048 10.728267185477131
1049 11.676316122824568
1050 13.918921439710045
1051 13.505139794302641
1052 13.135358279440494
1053 12.956118952117173
1054 13.155854681215152
1055 14.054932445199675
1056 13.790666869197258
1057 13.495803226116399
1058 13.639452535432474
1059 13.76365656927709
1060 14.295774976468373
1061 13.215487741918501
1062 13.67408230987447
1063 14.215503128814206
1064 13.831619137023251
1065 13.469057801394808
1066 13.041642933303846
1067 13.610000552559292
1068 11.611661426501154
1069 13.500599137413099
1070 13.84175796253509
1071 13.81394430715516
1072 14.072751242976754
1073 14.168904402381262
1074 14.159338958957493
1075 13.192843461416741
1076 13.386381365546768
1077 13.84034096391629
1078 14.232219866139788
1079 13.775804896161867
1080 13.912608946559722
1081 13.942885288430288
1082 13.450409206024672
1083 15.036202037424104
1084 14.282643262351494
1085 14.188182986641621
1086 13.95917736613745
1087 14.641867725595018
1088 13.594819698001823
1089 13.62869801539293
1090 12.531772961930592
1091 13.222896191048406
1092 14.49694936791768
1093 13.24487752913397
1094 13.17258532766187
1095 16.05723943449936
1096 16.24206346462812
1097 15.408339779370081
1098 15.499190624590968
1099 13.632400907672341
1100 13.649975455573086
1101 12.674366819018084
1102 13.135119294030874
1103 14.021730159603885
1104 14.150611214475546
1105 14.132546727830265
1106 16.49407172240019
1107 14.570732235179014
1108 13.78996186498117
1109 13.925729830947777
1110 13.66069630391263
1111 13.68176815786457
1112 13.615804309546268
1113 13.132006978198
1114 13.746128094597719
1115 13.442124445959818
1116 12.949113381395579
1117 13.950720009985911
1118 11.814610654636741
1119 12.03801226046367
1120 12.069455961342584
1121 11.93043101987853
1122 12.166572124152992
1123 11.968000002639158
1124 12.848799627620966
1125 11.159898113962615
1126 9.781931522502925
1127 11.395929850410585
1128 11.526171535502511
1129 12.900513600498684
1130 12.596851622560038
1131 13.701666769562804
1132 14.355190618322542
1133 14.112111845127497
1134 13.751127496610152
1135 13.721962125846455
1136 13.932862533543219
1137 13.406733488514268
1138 13.275831347108722
1139 13.063886749221384
1140 11.733322151624186
1141 13.008944432440062
1142 11.360830666972454
1143 12.373098500044055
1144 11.473419387966057
1145 11.276285509266861
1146 11.41268958245077
1147 12.759068855166166
1148 12.899027145607864
1149 12.930189911878783
1150 11.544744307907461
1151 11.159054479368786
1152 11.295618721749321
1153 12.975319815515844
1154 12.717405775866341
1155 11.7747534321709
1156 13.125356310795347
1157 14.144183225759798
1158 13.062064557428782
1159 12.38374580054506
1160 14.10362325662637
1161 13.656844703111833
1162 13.31271225714753
1163 12.985848242163879
1164 12.732747387483057
1165 13.07571702806735
1166 11.494695496378412
1167 11.482508362864136
1168 14.736156142137855
1169 13.405697830519086
1170 12.367754013203674
1171 12.108087148000898
1172 12.385421256400225
1173 11.954049912900372
1174 13.415506770133492
1175 12.273868785440538
1176 11.987072357601956
1177 12.948186256858527
1178 11.987485669777326
1179 13.060522519186419
1180 12.524520855603088
1181 12.327888357577422
1182 12.66446375901763
1183 12.97059655905268
1184 11.683742731677427
1185 12.999489157635796
1186 13.784541388443289
1187 14.609766911529032
1188 13.613463284746489
1189 11.690523936181672
1190 12.514996704273162
1191 12.782414348159312
1192 12.029151816588227
1193 12.24892601075991
1194 11.963140497393399
1195 12.848514874146394
1196 11.077888565705118
1197 12.442351773455963
1198 10.940435532127436
1199 12.370880200611515
1200 11.819352822638464
1201 11.423352112176108
1202 13.618962413069223
1203 11.75035377327027
1204 12.678067202750059
1205 13.193002603086121
1206 13.722630276916894
1207 14.311467599740018
1208 14.599432088390396
1209 14.35298429686476
1210 14.040967177038828
1211 13.414140394654517
1212 13.894699591555005
1213 14.554968355462702
1214 14.806691009107334
1215 15.182827338177656
1216 15.754756111574691
1217 14.055119758837813
1218 14.177054348588218
1219 13.898763104192982
1220 14.03427571356708
1221 15.872409961594355
1222 14.501224942366633
1223 15.102650627366511
1224 14.446761025644706
1225 14.950260537776657
1226 13.928593787358528
1227 14.669993750344313
1228 14.25589848176081
1229 14.74246567319687
1230 14.091433868116045
1231 14.493446960624711
1232 14.556741455640761
1233 15.458938447747988
1234 14.78528021321665
1235 15.067028933590358
1236 14.632965581028484
1237 14.433783511523792
1238 13.944021431723165
1239 13.82052750194991
1240 14.195985928298454
1241 13.980504103974042
1242 14.825622542693322
1243 14.99996028727261
1244 14.395387325290256
1245 12.647904563121774
1246 13.891115855364205
1247 14.04176329215497
1248 14.42606723998716
1249 14.354561959881234
1250 13.55826974913827
1251 13.383587204336266
1252 13.555051849616303
1253 14.253526664230804
1254 14.116099848720117
1255 13.606518651961174
1256 14.595022461559202
1257 15.231986769385
1258 14.373489087972096
1259 14.274772101993577
1260 14.231926654772371
1261 14.042871306002164
1262 11.909668153742254
1263 12.99390356413669
1264 13.188641616250738
1265 13.325261511438171
1266 13.217479843376037
1267 13.56536983921403
1268 12.738325696844806
1269 13.291765694876444
1270 14.234336911600126
1271 14.131987648572121
1272 13.215592471931112
1273 14.62596488751315
1274 13.519515571888187
1275 14.213026166402232
1276 13.907276133028736
1277 14.241534908920839
1278 13.895315653982323
1279 13.94047430219887
1280 13.835054916973757
1281 14.270275221527331
1282 13.72358930843103
1283 14.581335883828494
1284 14.510511183355689
1285 14.014705124149975
1286 14.039390896958
1287 14.474310310865256
1288 12.244908485056728
1289 13.576997121407118
1290 11.41770008477879
1291 14.65714521270121
1292 13.703080120923666
1293 13.090883263155044
1294 13.033807770084026
1295 12.999813114644345
1296 14.661755536395306
1297 13.686169032771465
1298 13.70360111995591
1299 13.918641273133584
1300 13.666454036665545
1301 13.451753556478208
1302 12.532526152983447
1303 13.771093957867604
1304 12.382643635419669
1305 14.171416059123475
1306 13.488725164195925
1307 14.205979895520233
1308 14.085827939607025
1309 13.691470714620992
1310 12.506862045082647
1311 14.073227334743974
1312 13.579707704525669
1313 14.956876812564511
1314 14.928737335877482
1315 13.914469052164565
1316 14.845158631252579
1317 13.593491743685734
1318 13.951317404065588
1319 14.304347974045367
1320 14.420266236057824
1321 14.590947245334764
1322 13.9748991477762
1323 14.459516689725161
1324 13.548857957974722
1325 14.879113164902678
1326 14.123387669512493
1327 14.261688646866148
1328 14.147036515655769
1329 13.946017187696022
1330 13.748782134458525
1331 14.32107636951484
1332 14.244025870771512
1333 14.551289716997681
1334 15.088706504136072
1335 14.443198235614384
1336 14.117697956042607
1337 13.470406968810233
1338 13.49483911000828
1339 13.927953716413905
1340 14.252679608495951
1341 13.785422080927123
1342 14.195029812708876
1343 14.743346266758733
1344 13.495413467955307
1345 14.37505759265854
1346 13.850063779884021
1347 14.832597781898356
1348 13.338789251308281
1349 14.77670171335412
1350 14.689539844274087
1351 15.097378492200809
1352 14.991293928301324
1353 14.746814247714937
1354 14.581370097229078
1355 14.034141653061953
1356 13.794139665169137
1357 13.401960595705788
1358 14.701194170915809
1359 14.10528585550705
1360 13.907133299064121
1361 14.50854354447425
1362 14.063329271013577
1363 13.066408490402202
1364 13.86569840910097
1365 14.43631039756959
1366 13.31129250376573
1367 14.000743277086222
1368 13.634318006952796
1369 13.318898988361344
1370 13.679391990562026
1371 13.230380770970644
1372 13.492492562689861
1373 14.01638557223715
1374 13.255251150036555
1375 13.928588838156465
1376 14.53971929434022
1377 14.140826017487868
1378 14.357821954289088
1379 13.817811004911412
1380 13.21584335193898
1381 13.989363215083303
1382 13.120339380681234
1383 14.846911961026413
1384 13.802203184039215
1385 13.934116081835809
1386 14.319986223929295
1387 14.885559240875299
1388 13.638814346319938
1389 13.734890500449863
1390 13.38617435438256
1391 14.73043283001662
1392 14.479744661674824
1393 14.502416987951813
1394 14.918907064188069
1395 14.133546284698365
1396 15.124009596046346
1397 14.113200710204428
1398 14.481582607808232
1399 15.076960986128356
1400 13.761880164219736
1401 13.762424654028903
1402 14.207817631544549
1403 13.460526922492125
1404 14.520575692874973
1405 13.397554240886617
1406 14.180587125495968
1407 14.09081700400447
1408 13.59997053306008
1409 13.796558934083572
1410 13.542356131136561
1411 13.982621543025294
1412 13.719351180948179
1413 15.20806384341959
1414 14.85650917145018
1415 12.484196983305354
1416 12.436780777852137
1417 12.215327616739248
1418 11.011647884107846
1419 11.845317495270757
1420 12.59930138567662
1421 12.35299485723453
1422 13.422514628653193
1423 12.624057139266736
1424 12.577142094748966
1425 12.489600581373885
1426 13.12142386008218
1427 14.000339367486468
1428 14.623603981726992
1429 12.602476862923448
1430 13.021734050181115
1431 13.30482388224882
1432 11.779382178878285
1433 12.501299734185784
1434 13.678650403851384
1435 11.42496265350439
1436 12.124383461038954
1437 13.003897490563851
1438 15.27655381576381
1439 14.377085039004296
1440 12.962972959507827
1441 13.358582397394649
1442 13.292599378053087
1443 12.427250128082854
1444 12.409416739555374
1445 11.605481756322174
1446 11.933850681947334
1447 12.931165044093532
1448 13.712702587709154
1449 13.085939914762417
1450 15.112189631482462
1451 13.599047769815972
1452 13.043023397670067
1453 12.175991624874978
1454 12.32279859327114
1455 11.886702499708246
1456 12.933301483338054
1457 13.642625535999787
1458 13.361862511926544
1459 13.104051572968524
1460 14.642755690994026
1461 13.22790521901594
1462 15.039579683785595
1463 15.886535606763589
1464 14.123610254352755
1465 15.188975666962452
1466 14.154888973629715
1467 12.701481626516793
1468 13.879082888335894
1469 12.302236223781094
1470 12.316104539847297
1471 12.227701454601233
1472 12.96647261300978
1473 13.457609339962836
1474 12.4526502220408
1475 12.75512101173445
1476 12.19332995801962
1477 12.546575289085753
1478 11.883166310325112
1479 13.74125825470727
1480 12.125839557896885
1481 12.32647685545892
1482 13.968425966960538
1483 13.698036212929333
1484 13.634792106676104
1485 11.506979876227827
1486 12.304032663197576
1487 11.742287719640709
1488 12.227099816406565
1489 12.01856344388504
1490 13.191612053925288
1491 12.596939772505829
1492 12.058103080472867
1493 13.25974331465332
1494 13.820097910512771
1495 14.22913407635357
1496 13.448129534364238
1497 13.18003773749358
1498 13.480497562158876
1499 12.649340206746782
1500 13.820765836947825
1501 13.472859572459956
1502 12.301230593833122
1503 12.905152018147739
1504 12.001036257000465
1505 13.178131789041695
1506 12.814009764089588
1507 13.581182576575609
1508 13.703078986014672
1509 12.606948773801765
1510 13.14453793764221
1511 12.554536075870425
1512 12.868119762639276
1513 12.475835457204209
1514 15.489568766240259
1515 14.01509142854133
1516 14.197283652851647
1517 13.715752652746037
1518 13.990039534114889
1519 12.721352984429847
1520 13.247731249699395
1521 12.515315682929634
1522 12.380617776480927
1523 13.582988520346403
1524 12.542615480003917
1525 14.079229036649993
1526 12.925054576057859
1527 11.663953163604607
1528 12.30376755403128
1529 12.18618617718157
1530 11.422061844739039
1531 12.334929928189407
1532 12.264754462540472
1533 12.322783064592448
1534 12.5319544365306
1535 12.896092333342478
1536 14.724207510641317
1537 11.548573450284056
1538 11.790890629773903
1539 12.730274667170356
1540 12.133632688315828
1541 12.73874482018817
1542 13.20241622340595
1543 12.629837953763277
1544 11.13018110294165
1545 11.904006364573242
1546 13.72684627456899
1547 13.414211019546643
1548 14.08810489085602
1549 12.014036761601666
1550 13.233513566764602
1551 12.809166778876005
1552 13.957571518524531
1553 12.851824225524785
1554 11.337303967180945
1555 13.032854386516664
1556 12.983748643678007
1557 13.449909959569917
1558 13.627096321931884
1559 12.325721120790092
1560 12.055504389068574
1561 12.738811255708997
1562 13.592472938398597
1563 12.177969786969088
1564 13.188736085066619
1565 13.747848401106777
1566 13.679510390743637
1567 13.881416675051344
1568 13.185674691787343
1569 13.68456970514182
1570 13.223313984521353
1571 13.835761626924905
1572 13.266486104519334
1573 13.881892134900172
1574 13.141746747812473
1575 13.815957566996879
1576 11.708833578965532
1577 14.267169607538118
1578 13.156660598516632
1579 12.669043827244035
1580 15.439380753309907
1581 15.336644401830352
1582 14.40893692045099
1583 13.520428062299466
1584 13.271748267244883
1585 15.069474404732878
1586 13.235760716856161
1587 13.644171546845303
1588 13.818667514454292
1589 14.004573720585677
1590 13.543017776391153
1591 13.604005296118421
1592 12.359791500531589
1593 13.19752128095298
1594 13.159447662566174
1595 12.910672913971847
1596 13.456273515952843
1597 14.5212164279468
1598 13.001742609986039
1599 13.676169735382334
1600 12.102686206226876
1601 14.033875675646431
1602 13.417685743414305
1603 12.880725120487213
1604 12.017979440255214
1605 12.578134810145567
1606 13.43384459558421
1607 12.384399230583147
1608 14.508938709463912
1609 12.413382874776628
1610 13.635879981389735
1611 12.058369752827586
1612 11.531300206849625
1613 13.381618399997038
1614 12.182907319880806
1615 13.127446888730528
1616 13.242653115090299
1617 12.253601613192128
1618 14.27499739489074
1619 12.007513411213283
1620 14.031648744867775
1621 12.146685531015374
1622 13.95424816094983
1623 12.944718855793067
1624 12.59610572664945
1625 12.412775085414824
1626 13.465984603977107
1627 13.450876896066122
1628 12.965028172944056
1629 12.94542620915611
1630 12.488753480182734
1631 11.464093873342678
1632 12.613963761079921
1633 13.048099503497415
1634 13.438385161958076
1635 13.351473425318137
1636 13.489728854592773
1637 13.477481308071644
1638 13.044580849071354
1639 13.354574783737625
1640 13.382030491852273
1641 12.643638259010991
1642 13.029764076023966
1643 12.475324003982925
1644 13.214826535123898
1645 14.032343287421849
1646 12.829700382507454
1647 13.010186073563073
1648 13.653170698198789
1649 13.43739572804315
1650 13.580172331760265
1651 13.770937202435466
1652 12.46417698352489
1653 11.66820062803263
1654 12.659265780319048
1655 13.737355871249315
1656 13.512493503347367
1657 13.030561683828548
1658 13.272061536556771
1659 13.291008560742448
1660 13.161242786385465
1661 13.980163234691041
1662 13.141085532941968
1663 13.506200763887021
1664 12.309286730858362
1665 13.01974009504951
1666 13.281885051051885
1667 13.832586030070734
1668 13.64956387873285
1669 13.78378975216788
1670 13.00869313249421
1671 13.050955297595603
1672 13.300747180232433
1673 13.237736090121642
1674 13.667460734477073
1675 13.525388212658331
1676 13.427299541711548
1677 13.874074085140755
1678 13.826969624558501
1679 13.26823795144623
1680 13.161712635689055
1681 13.241435412651489
1682 13.263751132697253
1683 13.005510321806598
1684 13.708600000232785
1685 12.62640427050604
1686 14.006085939379407
1687 13.122071608420779
1688 12.998191074991764
1689 12.902918684564904
1690 13.885244140127071
1691 13.129726679820292
1692 13.918628624801238
1693 13.47089797478317
1694 13.662212974948508
1695 11.135323943014392
1696 12.57067975861068
1697 12.427980733114884
1698 12.874928096830187
1699 12.900199624343898
1700 13.684222830021778
1701 12.46001585541877
1702 12.858078016521805
1703 11.766019519513165
1704 13.345637087432737
1705 13.222829311150019
1706 12.475462227860492
1707 12.369086081467424
1708 12.711064331489695
1709 13.484484493033227
1710 13.060065744012887
1711 12.374624452573144
1712 13.252658457823161
1713 10.954410910426919
1714 11.732077191073046
1715 12.29263432241501
1716 12.61546262566473
1717 12.658944537684315
1718 12.144988009187383
1719 13.027865498948094
1720 12.029893696317462
1721 12.900472427412312
1722 12.636920973801214
1723 13.289685386511001
1724 13.084103833983177
1725 13.216558165008287
1726 12.549103595773465
1727 13.39313892645714
1728 12.750043871879708
1729 11.941707522152692
1730 11.660836315491363
1731 12.406473729190141
1732 12.88017088456951
1733 11.216714280396676
1734 11.713868599286487
1735 12.401943279769956
1736 12.603138619928911
1737 12.679376294535485
1738 12.54167628070721
1739 12.823849753394843
1740 12.72915805079106
1741 11.440439832409558
1742 11.770675154572457
1743 12.690157289063963
1744 12.499746141221504
1745 12.291690588288152
1746 12.841350693770396
1747 12.142030455269813
1748 12.68195838077016
1749 12.559451170186618
1750 12.29306842575133
1751 12.91438016449046
1752 12.719845795086876
1753 12.422322401290494
1754 11.449067563937806
1755 12.681031628710826
1756 11.347606252849552
1757 13.838797944852052
1758 13.212703206588484
1759 12.673387587339356
1760 12.392869910129468
1761 13.029014463240435
1762 12.390123332952447
1763 12.232650704889243
1764 12.231788040920657
1765 12.547645086321129
1766 12.47792674871789
1767 11.734683150186607
1768 11.733920841731996
1769 12.515332128772197
1770 12.15661328825484
1771 11.372613812756402
1772 13.792530911391072
1773 13.140532566234945
1774 12.682340774727056
1775 11.688993478199345
1776 11.736185669850286
1777 11.97159670806395
1778 11.540469246355663
1779 12.10084959884327
1780 13.303566125374982
1781 12.015360515963096
1782 13.298457436731491
1783 13.10606958657867
1784 11.561727649854529
1785 11.85232476485309
1786 12.178767195577988
1787 12.473990809166152
1788 11.685822873802834
1789 12.40554024955667
1790 12.100022847431958
1791 13.146682134688445
1792 13.750718410132144
1793 12.501132033887517
1794 12.711969326234085
1795 13.305599922727716
1796 13.971174937096041
1797 12.936430671883791
1798 13.016096641658743
1799 12.424104900578696
1800 13.322258775864968
1801 12.804059370736228
1802 13.90690446641811
1803 13.729163132938238
1804 13.034508470196936
1805 12.289356021756126
1806 11.285076555732171
1807 12.748737480695839
1808 12.01418307578078
1809 11.93788001072463
1810 13.479970450328084
1811 12.267863196467454
1812 13.110535151941153
1813 13.53107138120062
1814 12.89517644470865
1815 11.876892961920218
1816 12.310796308133927
1817 12.567850511746098
1818 12.301448998057035
1819 12.16104703310605
1820 12.095468311115962
1821 12.408418198079787
1822 13.887783745973485
1823 12.333774321684935
1824 12.026821102820914
1825 12.349842111732352
1826 12.59620381246884
1827 12.020843412417092
1828 12.328607968960398
1829 12.056283129173925
1830 13.427714372089508
1831 13.493728844221488
1832 12.85890007761455
1833 12.493843062789301
1834 11.480976490466178
1835 13.843851950435717
1836 12.336671621292586
1837 12.082752473022866
1838 10.922087714618725
1839 11.08011651924755
1840 12.929385593507286
1841 12.165885112342682
1842 11.867818245665855
1843 13.531983618745183
1844 13.04676834665993
1845 13.485743606428368
1846 11.931992872114241
1847 12.492814917833387
1848 11.968842591154704
1849 11.495521730564906
1850 12.135791746387453
1851 12.147600114579081
1852 12.730063669266814
1853 12.203313972258986
1854 12.53229062696952
1855 12.279226503585253
1856 12.619051889936545
1857 12.826158190864616
1858 12.159958940800935
1859 11.868080278751783
1860 11.99555764165186
1861 11.244525676746425
1862 12.378156112327776
1863 11.952088532410603
1864 12.03690204033195
1865 12.307288247906879
1866 12.2627750057189
1867 13.085392118766366
1868 12.874593701874744
1869 12.282012214315415
1870 12.06379765899877
1871 11.34165695040686
1872 13.376621204044
1873 12.462425338600209
1874 11.152366659073882
1875 13.075432473960893
1876 12.046579027756321
1877 11.607456784123872
1878 12.482669872165811
1879 12.459033874849222
1880 11.481488577138363
1881 12.566594495355437
1882 13.6425263194713
1883 12.800398997885138
1884 11.957359323857098
1885 12.814727974460117
1886 13.515009648430302
1887 11.535155116357396
1888 12.711779336163017
1889 11.970399190418103
1890 12.377071512845022
1891 13.29904660013158
1892 12.973871395765451
1893 12.875340345311614
1894 13.65865118497201
1895 13.720441323905854
1896 11.599681679536848
1897 12.484107970373131
1898 10.229225815154816
1899 11.92111936049965
1900 13.45077771663322
1901 13.190371759886428
1902 13.063363869811887
1903 13.560331215261273
1904 12.249019121035694
1905 12.2684017315658
1906 11.379074158242622
1907 13.037707478733385
1908 11.665365705124817
1909 12.82535131325273
1910 12.181168393500188
1911 12.388307074530852
1912 11.266966801353954
1913 12.500519455760443
1914 11.842205944506317
1915 13.521563459885236
1916 12.289247452034697
1917 11.177591625122401
1918 11.405713948167524
1919 12.864421309064939
1920 12.576491734204934
1921 12.259396177548675
1922 10.744459732981166
1923 11.869889174011464
1924 14.015150038333212
1925 11.602884796542867
1926 13.105196473163717
1927 12.400301161647109
1928 12.8757947016818
1929 12.485972996795528
1930 13.602422256346259
1931 12.450877789664336
1932 11.260438321190309
1933 12.53959203126926
1934 11.667889855449276
1935 12.731900627070349
1936 11.323041277932475
1937 11.717123623601532
1938 11.852598903770179
1939 12.960174210461812
1940 11.563955914594256
1941 10.363311852914121
1942 13.249994811436181
1943 13.238177366798435
1944 12.372478899260523
1945 12.30833118273631
1946 12.17108379832334
1947 11.234441373255196
1948 11.794440219754428
1949 12.173174285984807
1950 12.499301570576725
1951 11.508264245500262
1952 12.623366448262146
1953 11.87569451717297
1954 13.143621240149486
1955 13.322522420866704
1956 13.545893600126293
1957 13.519569665506019
1958 12.310585525310822
1959 11.458971677584488
1960 11.742525121716225
1961 12.92320138773659
1962 13.18681354594191
1963 12.17571766104797
1964 12.052965847937445
1965 12.606304033640932
1966 11.902889918268805
1967 13.614777469618202
1968 11.586207516319181
1969 12.448599932406644
1970 12.495112137553681
1971 13.603379903533247
1972 12.94551031611345
1973 11.592228586501262
1974 12.417590784272157
1975 13.2550858515067
1976 11.663564609690418
1977 12.30867846686262
1978 13.746121221603426
1979 11.811811623513654
1980 13.545285220602482
1981 12.158850926646195
1982 13.520441154302942
1983 12.296592097076868
1984 11.039404504517938
1985 13.014991750990541
1986 11.822329429837419
1987 13.040905219294137
1988 12.260287956541182
1989 11.445712235984054
1990 13.282934762858433
1991 12.568855490646085
1992 12.448528967671104
1993 12.9537519457283
1994 12.1848925177932
1995 12.98430206209543
1996 12.679159392944937
1997 12.478064822157306
1998 12.895011954093919
1999 14.956724598888487
2000 12.643466703853862
2001 13.438418987528088
2002 11.485010451435851
2003 13.513248765723342
2004 13.630836659514513
2005 13.509064494511469
2006 14.024995988706067
2007 14.11496715870993
2008 13.874097035212912
2009 13.89807263878439
2010 13.71079470278294
2011 14.13176827469648
2012 11.366783332458308
2013 11.243850344471703
2014 13.056058045565665
2015 13.474617420718024
2016 12.280871970938984
2017 12.574826850018294
2018 13.611843775321073
2019 13.393905749879375
2020 13.332120739795476
2021 13.483433035452908
2022 14.061486296201116
2023 13.216249330824823
2024 12.884403276226505
2025 14.071864958568268
2026 14.507895952260846
2027 14.564224444092602
2028 13.84189204568384
2029 12.352666695633998
2030 12.330800732912106
2031 13.262383817777836
2032 13.84765692265868
2033 12.385808645069611
2034 14.056243493962043
2035 13.52508087174103
2036 12.991664021596735
2037 12.317492249946383
2038 13.023279309622696
2039 12.968674396194004
2040 12.620530826329855
2041 11.711479070539655
2042 11.966939116420395
2043 12.13225509990703
2044 12.779166507556782
2045 12.889418310592243
2046 12.092140092334974
2047 13.370452394842404
2048 12.719029306948972
2049 12.676875317769941
2050 12.772711147400663
2051 13.170385988528208
2052 14.455998655518721
2053 11.219482890638186
2054 12.682794577654928
2055 11.894642602683458
2056 10.997917776255985
2057 12.136639445198096
2058 12.027334972035618
2059 13.488069843745077
2060 12.943004669968715
2061 12.505441247175746
2062 12.841796670390623
2063 13.600633912516475
2064 12.557762120295102
2065 13.097409436342453
2066 12.526566408746854
2067 12.240454678599678
2068 12.9440016007969
2069 11.911804951970817
2070 12.624009724496373
2071 13.516519578472975
2072 13.181933445804209
2073 13.247694008425485
2074 11.855854118211292
2075 13.013198830608086
2076 12.182164839486864
2077 13.792727200309379
2078 13.825636477066356
2079 13.248441968246631
2080 13.9430202439755
2081 15.680561038850263
2082 14.442313203059031
2083 14.419185389393766
2084 14.682033984406553
2085 14.62233412639639
2086 14.553685202254977
2087 15.774033904901112
2088 14.854116463439684
2089 16.098190017180734
2090 15.212668076152053
2091 12.942481399295916
2092 14.040725293133832
2093 12.654411279258776
2094 12.228660385863485
2095 11.428619660394746
2096 13.001620543549542
2097 12.877388647210836
2098 13.324494736129733
2099 13.993858577660596
2100 13.3779683112149
2101 13.057761126893205
2102 13.214842314284272
2103 13.358768032290277
2104 13.40541084807025
2105 12.579371638838714
2106 13.659875782951502
2107 13.066265347009542
2108 12.178595508221614
2109 12.76277461364527
2110 13.290254195906137
2111 12.865653013699575
2112 13.708866224815264
2113 12.897972540690585
2114 12.62358240332462
2115 12.29024910856732
2116 11.789470189612103
2117 10.77979423857783
2118 13.382270633721816
2119 12.897048608017295
2120 12.082123506483091
2121 13.128747983278778
2122 13.12370895889458
2123 11.409246526742713
2124 12.383749371351032
2125 12.561140854164197
2126 13.457878338950895
2127 12.948609617554856
2128 14.40495889485251
2129 14.22633092892533
2130 14.221374142241217
2131 13.944981941002712
2132 13.831374962094065
2133 12.88336970302502
2134 13.961601353481438
2135 12.155686492239068
2136 14.232240988049487
2137 13.0896361651472
2138 13.566526742319166
2139 12.68321537544162
2140 12.040037087927981
2141 13.114161658943422
2142 13.987506679503502
2143 11.4056739596633
2144 12.1360853841324
2145 13.148603106202193
2146 12.411563445225495
2147 13.180960965356986
2148 13.429207561346418
2149 14.027696511596679
2150 11.72559615601927
2151 12.304294531175676
2152 13.303147040369094
2153 11.529882870400199
2154 13.342531501743888
2155 13.720040244334916
2156 13.358609470140077
2157 14.085654482628538
2158 12.95851426156101
2159 13.305135691459121
2160 12.525691394355624
2161 11.519231341733143
2162 13.067780767402587
2163 12.027847375099523
2164 13.334191582243848
2165 12.934619091371566
2166 12.625314621676479
2167 12.553756637655358
2168 13.890875376506436
2169 12.980936782960173
2170 12.216840796035301
2171 12.019230728419156
2172 11.790918633520453
2173 13.54493769567124
2174 12.552210946766568
2175 12.463246543885006
2176 11.994037955640632
2177 13.11698635438567
2178 13.207634843570645
2179 13.444142235362012
2180 12.628638435965856
2181 13.047426273089332
2182 12.672321046644994
2183 13.71632905529041
2184 12.23222003977599
2185 12.761622541164693
2186 13.390778427349337
2187 12.621801936824411
2188 12.780921621747842
2189 12.293737116890867
2190 12.471872694091507
2191 12.738612283616103
2192 13.115172434004238
2193 12.95465867859469
2194 13.054316563452957
2195 12.457428491838195
2196 12.610254228593954
2197 13.737351309946703
2198 12.713928186783871
2199 13.370265925067997
2200 13.287732100032644
2201 11.830608705804655
2202 12.036208561754789
2203 12.785610505868785
2204 12.529516720657762
2205 12.966165321259773
2206 12.127646660392037
2207 12.878833374063358
2208 12.661105357183024
2209 13.262438307408253
2210 13.101495295149704
2211 12.564747261514745
2212 11.801683889535642
2213 13.75195385765469
2214 13.85314325072762
2215 11.865032210212304
2216 13.27439851502623
2217 13.229805948128107
2218 13.343088135680217
2219 13.293240043873107
2220 13.54669359926389
2221 12.252184451031804
2222 12.247882588522959
2223 13.138877842510375
2224 13.878313460934892
2225 14.315416121970044
2226 13.893997886956198
2227 13.23930122087379
2228 12.223976792091888
2229 13.08944725897966
2230 12.680653913110783
2231 13.26315022103438
2232 13.83496104674538
2233 13.787783053192992
2234 13.611298618291702
2235 13.638670014678562
2236 13.175943923525715
2237 13.715426342632737
2238 13.325761063705249
2239 13.633799988866794
2240 13.774931019578455
2241 13.197200749646012
2242 13.378590215816802
2243 13.098527254793403
2244 12.397616627554905
2245 13.241116439792918
2246 13.49017109106004
2247 13.376255803272866
2248 11.286770917056813
2249 13.091685938781724
2250 12.609331275518565
2251 12.9199818647039
2252 12.951952405530756
2253 13.427700241778622
2254 12.587892460240866
2255 12.288743933113933
2256 12.376241221747986
2257 11.763947651073316
2258 12.48758969435447
2259 13.282217732379651
2260 13.63520737191514
2261 13.67133725081017
2262 11.58809823601606
2263 11.78020957209943
2264 13.237114694093655
2265 12.163084434527873
2266 14.11999048011429
2267 13.847294542890284
2268 13.73645614054255
2269 14.036386485179431
2270 13.301026586508707
2271 12.953968063357053
2272 13.429198032616867
2273 13.079055823158873
2274 12.472565893082614
2275 13.599514248757316
2276 13.551935494341487
2277 12.96917262889134
2278 13.034418481257141
2279 13.134217819548738
2280 12.04280478939417
2281 11.879881287442306
2282 12.202313543114196
2283 12.806877797953529
2284 11.772485140608007
2285 11.846784465021429
2286 13.16167061095185
2287 12.70461020420809
2288 12.48104421930106
2289 11.855290961715955
2290 12.109686558243308
2291 13.110302495778026
2292 12.737739295816713
2293 12.995556282093904
2294 12.369142953453863
2295 12.925403194079921
2296 12.116929051332283
2297 12.248248551140067
2298 12.276615350474778
2299 12.62935575761665
2300 12.714602021754855
2301 12.189303828039105
2302 12.422250957423831
2303 12.332418223136967
2304 12.179050618398001
2305 12.390687523057611
2306 11.794872535456927
2307 11.672080596367362
2308 11.516101036026473
2309 11.036739114978536
2310 12.493775344617408
2311 11.903239116129466
2312 12.468777629591484
2313 12.071809243896514
2314 12.439279012426342
2315 11.366317443816234
2316 11.55269166676783
2317 11.608896153275198
2318 11.001865912440659
2319 11.172088861726607
2320 11.440820126980986
2321 12.100104969675888
2322 13.165518879647317
2323 10.721161507482732
2324 13.47344098280488
2325 12.745776325469352
2326 13.298178737565781
2327 12.818846814013956
2328 11.572185844927152
2329 13.909055724135316
2330 13.692759036686835
2331 11.6089996748744
2332 12.653699782975673
2333 9.971529897927452
2334 12.590795777301585
2335 13.277585852548215
2336 12.451237750378185
2337 12.131376352115984
2338 14.85895905459386
2339 13.258261522855355
2340 13.302220965124125
2341 12.424285329120027
2342 11.981727671542359
2343 12.005525241026284
2344 10.70010419056953
2345 11.741404544574271
2346 11.003664950513057
2347 11.413728373710464
2348 11.858258198982918
2349 11.80780863729996
2350 11.671085907492714
2351 12.318216091777161
2352 11.862094770836894
2353 12.831148446255462
2354 12.573600327729448
2355 12.619566969661067
2356 13.767620451917425
2357 11.892054402871464
2358 13.35771247404975
2359 11.757891233774075
2360 13.687672399151642
2361 11.625603779001517
2362 10.34302991417364
2363 11.789399844579876
2364 11.737053322837564
2365 13.275852315032985
2366 12.730124939863463
2367 11.656408045883785
2368 13.053390840600827
2369 12.626938085363143
2370 13.904793990557353
2371 13.526471181737787
2372 13.282776846748154
2373 11.744916642546528
2374 13.300595968217154
2375 13.461292883746586
2376 11.450906117397663
2377 10.261405931187568
2378 11.604477357218629
2379 12.840250170996807
2380 11.278045556536993
2381 10.965579123731766
2382 10.390798059018266
2383 11.476228621394302
2384 10.635320984122183
2385 11.842619234549318
2386 11.623096065096968
2387 11.595127535799152
2388 10.573770645578772
2389 13.069375159250939
2390 13.153438766328545
2391 11.153450539709297
2392 11.69151280680826
2393 11.67203865647893
2394 11.729537949695569
2395 11.002733357769912
2396 12.586026173080734
2397 12.173897698416642
2398 11.3025736101042
2399 11.65538733926715
2400 11.204475703778556
2401 11.573617330735537
2402 11.602668525647312
2403 11.207741018882695
2404 11.466366902722443
2405 10.913740786910845
2406 12.14678036565209
2407 10.699497817475368
2408 11.521099826711561
2409 11.640272110842687
2410 11.950466054153733
2411 12.926495719502345
2412 11.797157151984297
2413 11.184248695434027
2414 11.533349560353477
2415 12.439218616540826
2416 11.762726639059977
2417 11.560906210099413
2418 11.858939564789628
2419 11.936990971476536
2420 11.182191562505809
2421 10.795638712391023
2422 11.495639163347075
2423 10.427080482050657
2424 10.468043411469315
2425 9.966062683389918
2426 10.486523414437045
2427 10.304635316781592
2428 9.629284606062873
2429 9.879160833745798
2430 11.75403217136655
2431 11.527681573197482
2432 13.562431088547163
2433 13.923504270972504
2434 12.510036356971744
2435 12.803283090000829
2436 12.322861202098595
2437 12.786588523024424
2438 12.849494803150415
2439 12.446128381478767
2440 13.330516898171366
2441 11.80363881976852
2442 11.862795890310128
2443 11.415498464951401
2444 11.567475077725
2445 12.051799159173438
2446 12.888451386049573
2447 11.303372685211194
2448 11.11219333145755
2449 10.682632427257042
2450 10.679548990110597
2451 10.934377058345373
2452 12.368074218794865
2453 11.32479693953976
2454 12.589299722699998
2455 12.147813509649087
2456 11.989195995656289
2457 12.967513588466183
2458 12.39556406305021
2459 12.19103027671672
2460 12.150775126470576
2461 12.548349687379353
2462 12.675993302830662
2463 12.446288145659404
2464 10.828944115985243
2465 10.916030644028405
2466 12.13405780487252
2467 12.501020154845637
2468 11.45121107801296
2469 12.584782105760073
2470 11.817630460990506
2471 13.129994832582012
2472 12.693933680112178
2473 12.059683139491653
2474 12.010591189455788
2475 13.461484885083522
2476 13.389359719465869
2477 13.009579106417206
2478 13.540678885837066
2479 12.947908872878743
2480 13.164656687322285
2481 12.18591760372895
2482 12.980411927634819
2483 12.08659104624653
2484 12.306245728716867
2485 10.713297110003698
2486 10.807597173237317
2487 11.370842027446658
2488 10.98618876904876
2489 11.383952171413043
2490 10.500834714064778
2491 11.633518656557223
2492 10.720118969713726
2493 11.374585543283755
2494 11.961896229144013
2495 12.010133062829143
2496 12.372748432423867
2497 12.359819942447954
2498 12.688207367760198
2499 12.386959562367657
2500 12.23263704143323
2501 12.859555904677718
2502 12.318350465444954
2503 11.239849840024732
2504 11.599449270463042
2505 12.67096837041231
2506 12.81966917179547
2507 10.39698381497084
2508 11.839864154500466
2509 11.824646067447034
2510 10.751662348831163
2511 11.187534116969488
2512 10.97881821892764
2513 11.03238577694968
2514 10.923421684527323
2515 10.578468174363406
2516 10.83823940858524
2517 11.237736732307418
2518 11.05528498606372
2519 12.51122536821751
2520 10.986646617885599
2521 10.7451467739227
2522 11.291691360286935
2523 11.532383787445662
2524 12.398615383615573
2525 12.647144081132549
2526 12.267763413189787
2527 12.472849945891419
2528 12.333889921267874
2529 12.795694945927758
2530 12.85859109977151
2531 12.770583379950509
2532 12.273388608685881
2533 12.625651214483534
2534 12.917602872828454
2535 13.017930819374628
2536 12.983164329934842
2537 12.685049448184401
2538 12.749715668802946
2539 13.53087628060989
2540 13.160742497766618
2541 13.018281459572414
2542 13.139884157526804
2543 12.748791132508654
2544 12.958984459367858
2545 12.264311658016833
2546 11.92885744607914
2547 11.500756306402607
2548 11.626463703241939
2549 13.059010913720952
2550 12.42658557825242
2551 12.87601331414543
2552 12.908689884516521
2553 12.841001330752952
2554 12.829660109363044
2555 13.090415482947678
2556 12.138415109790818
2557 11.345100942930326
2558 10.878263368291993
2559 13.12063401830346
2560 12.906014519076935
2561 12.368660778248495
2562 12.54900087454106
2563 11.774731803740186
2564 12.379109919759724
2565 12.176336070047238
2566 11.5733989075886
2567 12.267501758418488
2568 11.36329179995896
2569 12.453525606148174
2570 11.370233439965741
2571 9.571184870636722
2572 10.69654265882368
2573 10.467929293420553
2574 9.538660878580675
2575 8.632167421989365
2576 12.990413665059595
2577 12.380136812283416
2578 12.600589254020164
2579 12.934308768711658
2580 13.275957198814732
2581 13.139374796830413
2582 12.033687761100733
2583 11.679436628199058
2584 11.536732692150004
2585 11.874033377023189
2586 11.754784062658818
2587 11.350391074282129
2588 11.208773737185545
2589 12.01705109753211
2590 13.614335720403698
2591 13.33249284075724
2592 13.094185337800116
2593 12.122661583489673
2594 11.859584384153171
2595 12.377521762632696
2596 12.161314649801199
2597 11.511866105878944
2598 10.406212769295458
2599 9.769545687809167
2600 11.735872596641974
2601 12.353002772519455
2602 12.427340100922255
2603 12.237349572167215
2604 12.571292520379208
2605 11.8314762003178
2606 11.104265413753135
2607 12.337657580145875
2608 11.864282676083715
2609 9.168133330803718
2610 8.76034265902678
2611 8.949313204024863
2612 8.735634470772162
2613 10.021149193507272
2614 8.746680019745545
2615 10.344666807438761
2616 11.921288933544325
2617 10.84146246563976
2618 11.581494398921691
2619 11.381646642838493
2620 11.824280602604624
2621 10.836422141007771
2622 12.190020182142362
2623 12.239421298053582
2624 12.179341329796369
2625 12.416109333353978
2626 12.48037142745096
2627 13.2903916396981
2628 11.939708275996368
2629 12.275644393512161
2630 12.46110438160423
2631 12.280431765011224
2632 13.532282247974804
2633 12.841196542467545
2634 11.446731226267975
2635 10.353483369538816
2636 10.910628874130229
2637 10.21407758599127
2638 10.013396941625738
2639 11.200095438619238
2640 11.200002529281196
2641 11.66243701298978
2642 11.643432405737641
2643 11.372701879804358
2644 10.60588172351464
2645 10.279312987993356
2646 12.746512744214327
2647 11.772084670669877
2648 10.499438852123133
2649 11.763193977082489
2650 9.919907901553138
2651 14.011677268986908
2652 12.509030241119772
2653 11.931097387668334
2654 12.17095302157212
2655 12.308080526485789
2656 12.49835468535849
2657 11.219384753109692
2658 12.276607760612544
2659 13.052946172810909
2660 12.580224471160207
2661 11.846773320629529
2662 12.581781571932842
2663 12.501723495808587
2664 12.164395755639022
2665 11.92026607716136
2666 11.818908140096902
2667 12.253404136040869
2668 11.928297369010284
2669 12.46839404596661
2670 12.492650202135124
2671 13.418336852893434
2672 12.781933294217815
2673 12.929579975126515
2674 11.455174775541076
2675 12.368702145631124
2676 12.805697298560547
2677 13.315102767347899
2678 12.780640051433071
2679 12.675977607904523
2680 12.402945517820163
2681 12.884239649816443
2682 12.123868638199209
2683 12.299181403422393
2684 11.15677399492763
2685 10.910261559505793
2686 10.325395913502495
2687 9.853256543608566
2688 10.775205884984121
2689 11.349769050905085
2690 11.155446466381424
2691 11.456478000568032
2692 10.144718859496958
2693 10.185727830825364
2694 10.846220882247016
2695 11.261505924029159
2696 12.09651340448161
2697 12.223266908645497
2698 12.66487784042618
2699 13.203649133171979
2700 11.599652015203452
2701 11.559199287708902
2702 11.25835579150819
2703 10.86080752354687
2704 11.207044453641595
2705 11.132773853008006
2706 9.203760097532298
2707 10.918920082032221
2708 9.938597211657777
2709 10.926209973126149
2710 11.56479283471784
2711 10.641474873925633
2712 10.25645998705634
2713 10.7031387926208
2714 10.397871619828376
2715 9.794987475011304
2716 9.5101849641693
2717 8.941017228956348
2718 9.394489425750532
2719 12.748971075332964
2720 12.922585128954015
2721 11.660545599068497
2722 11.877428151280837
2723 10.64792830168994
2724 10.620998748543391
2725 9.626493786038765
2726 10.662669477397564
2727 10.232678978252565
2728 10.847460527948638
2729 12.834194513241885
2730 11.882660282916449
2731 11.070440228400706
2732 11.841676412995293
2733 11.87179814230387
2734 12.77469481143659
2735 11.385096600927652
2736 11.67067112278414
2737 11.518497876277946
2738 11.086769192564136
2739 12.099411466930247
2740 11.986542697142474
2741 8.934656238574169
2742 7.9606970066887115
2743 8.90044750280723
2744 9.368170511781857
2745 8.54614336448144
2746 7.308718969398833
2747 7.663456815388904
2748 8.635251114226095
2749 7.588939994205168
2750 5.560913069018443
2751 6.696824093581648
2752 5.067963171387973
2753 5.932805577130353
2754 8.092329956757983
2755 8.007078831769554
2756 6.2678028793416
2757 6.647852355988472
2758 5.312227036448927
2759 5.480940377519684
2760 6.60632098183193
2761 7.080715731639935
2762 8.904677159039196
2763 5.9361160002991005
2764 6.613206561987797
2765 9.659184324133568
2766 7.278610449528965
2767 9.11472059205928
2768 8.167419497557777
2769 8.162182805813647
2770 7.368424499935388
2771 9.633415842602966
2772 9.246507943089496
2773 7.991976526305756
2774 8.341149698233504
2775 8.272834006906331
2776 9.769603059137916
2777 9.699446834169255
2778 9.963209845131797
2779 8.693644098137465
2780 8.457666690552212
2781 9.247391431780017
2782 8.352842142275703
2783 10.755655728070206
2784 8.739500426499507
2785 7.862382218927355
2786 9.9838600870381
2787 9.67734502780369
2788 10.285448574582839
2789 9.966400303970483
2790 9.001892520209426
2791 9.99365403998281
2792 9.65843267840735
2793 8.163237486351244
2794 9.64953227563063
2795 9.380425014995403
2796 8.800322564803217
2797 9.038820312465717
2798 8.559721991312694
2799 9.551491866300646
2800 8.753943561931074
2801 9.514766839479126
2802 9.873311997089854
2803 9.739393454436636
2804 10.970607560206505
2805 10.544325339964379
2806 10.32000549552991
2807 10.82056837722452
2808 9.616799640586663
2809 8.6497729348618
2810 7.18700106921558
2811 6.289958410446239
2812 6.042473564675028
2813 6.509929140001585
2814 5.874408639572753
2815 7.932853098123141
2816 9.069449730852972
2817 6.794756496808091
2818 8.668034265259395
2819 7.563991925632289
2820 9.697924855961086
2821 8.197114652772042
2822 7.746160229149802
2823 8.615136325532774
2824 7.981066080271276
2825 9.279022412685821
2826 7.485285513920694
2827 8.27221558355018
2828 8.01038439872499
2829 8.790837192789247
2830 8.797456464086642
2831 9.435353202580222
2832 8.537726865825771
2833 8.335516857652578
2834 7.3724974728050245
2835 7.4268271908744286
2836 5.917313007331391
2837 5.922451279884637
2838 7.915963908420019
2839 7.843627131134567
2840 11.314379970809634
2841 8.687296891595976
2842 9.156662125598277
2843 8.337971981296452
2844 10.144269875414869
2845 9.69942702254889
2846 9.446875620488978
2847 8.296681978247557
2848 9.308777536926286
2849 8.10376500646311
2850 8.214497738866037
2851 8.43017734173933
2852 8.953103030385575
2853 8.863946636467382
2854 8.57109761316724
2855 8.022664681967019
2856 9.70719330678348
2857 8.49970384885256
2858 8.810545284443766
2859 6.239436750424495
2860 7.680520608463997
2861 5.564029484907302
2862 6.93435115636558
2863 10.72997813547134
2864 9.394302956719262
2865 10.476072050825637
2866 9.55295035551843
2867 10.238227064537037
2868 8.117586033550857
2869 9.225045943975898
2870 7.568349125902289
2871 9.64796950155672
2872 9.696817169971498
2873 9.238119357562784
2874 10.396273312368118
2875 8.721253302215262
2876 10.522820425125044
2877 11.205419033307697
2878 9.304917343737857
2879 9.780212623531774
2880 9.98042898230978
2881 11.138131339218353
2882 9.184364960324926
2883 8.168109710701566
2884 9.641875277422152
2885 11.367342677877724
2886 11.48108456755295
2887 10.699536518364766
2888 9.884268291293006
2889 6.6580929045880515
2890 9.592119695955558
2891 8.051820124456398
2892 8.7281623552799
2893 9.93307341765275
2894 9.945754857326326
2895 11.74193789577119
2896 8.513923901551891
2897 10.831427724042124
2898 10.282620524807527
2899 9.58350623417577
2900 10.339362666781733
2901 9.840660720601322
2902 9.422675822848376
2903 9.52948201880453
2904 10.236962479973231
2905 8.238804596327729
2906 9.904475563412259
2907 7.431847302892319
2908 9.285092898447585
2909 10.7754044270749
2910 8.822446752331777
2911 9.300613273500755
2912 11.111240325693856
2913 10.751084026382301
2914 10.142532200398158
2915 9.919662812487434
2916 10.442417916232962
2917 10.54479219972742
2918 10.56323442834456
2919 10.220927911879569
2920 10.508063237892983
2921 10.247726354323587
2922 10.519087964257656
2923 10.017367565708643
2924 10.200498422450568
2925 8.26942775024456
2926 8.103980462198622
2927 8.636793284144325
2928 9.472910773644431
2929 7.4067011556638604
2930 9.129333611663997
2931 8.757152776001917
2932 9.708456936459154
2933 10.535640616039437
2934 9.714690646412935
2935 9.566149218011738
2936 10.047604601549512
2937 9.939268016613672
2938 9.597234831097095
2939 9.207768328549319
2940 8.29030126947641
2941 7.382110637317982
2942 8.065983197329363
2943 8.208296875580281
2944 7.3854110097194505
2945 7.626925400179168
2946 9.081177374933235
2947 6.963462397414344
2948 6.633560015896677
2949 6.190583387871481
2950 8.05377009516099
2951 9.35972339156491
2952 8.71653114538833
2953 9.867533558228534
2954 10.36728089015777
2955 9.856655666056167
2956 9.794727863234959
2957 10.138821010032071
2958 9.659227288660803
2959 9.584892960470013
2960 10.51489312031219
2961 8.767269436711347
2962 11.08696705593808
2963 10.580582696702768
2964 9.592313734391649
2965 10.128690852451163
2966 8.217602916763838
2967 8.548237718610935
2968 7.524732442364764
2969 7.851709923507221
2970 7.030445403185215
2971 6.765894944688596
2972 5.161738749171286
2973 3.3095459920029713
2974 3.435478618890223
2975 5.173577711358537
2976 5.61567023703711
2977 8.200472296536976
2978 6.733021947985073
2979 5.713511878886639
2980 5.859614019215161
2981 3.645708332921303
2982 3.482751890608998
2983 5.962492753064983
2984 5.902680001591073
2985 6.1005601446982975
2986 5.302109110533385
2987 6.182917862473169
2988 5.227355558648529
2989 5.4581180924790065
2990 7.864093461515416
2991 5.851327449072538
2992 8.762607507849566
2993 8.110224796665378
2994 9.138827372148405
2995 8.074454153408908
2996 9.746361803992286
2997 8.760204777526143
2998 7.412989212755411
2999 5.628253807175277
3000 8.46485158989645
3001 7.750985633447495
3002 10.453686175123854
3003 7.2539829283192
3004 4.461215322711408
3005 2.9059725962875733
3006 3.1050973490581746
3007 3.230887053245263
3008 2.6323824073265145
3009 3.0789852576288212
3010 3.663339525893914
3011 2.67150710244253
3012 2.904952879905152
3013 3.3319743622898175
3014 2.888394966446241
3015 2.8365128408755105
3016 3.315555252366398
3017 3.526986304610556
3018 3.2159997020014437
3019 3.837582412492904
3020 3.512880153086405
3021 3.947970097341337
3022 5.412969162413001
3023 5.456194371171966
3024 8.538189769131332
3025 10.655813075979824
3026 10.198936108561304
3027 7.68396034490344
3028 10.025347485999083
3029 6.941830996849871
3030 5.914296920541279
3031 5.6006656114934685
3032 3.482748449356459
3033 3.4591393201857144
3034 3.638648553592188
3035 3.448337631211997
3036 3.427774518996256
3037 5.740272442143726
3038 5.603823003862959
3039 3.842056563738022
3040 3.2369576588974107
3041 7.355291662187689
3042 7.718022043014639
3043 6.653705975888509
3044 6.811459278946206
3045 6.478931914009988
3046 6.693695620597518
3047 5.879165195063776
3048 3.552812112608391
3049 3.581461278732441
3050 3.3748041587302833
3051 3.8598741682850335
3052 3.4865468311584955
3053 3.405329101392478
3054 3.700252742696756
3055 3.6184719201202924
3056 3.626323733972166
3057 3.6311271498056583
3058 3.532399554921992
3059 3.605527795682557
3060 3.7474476771761998
3061 3.582405539290284
3062 3.690935462715152
3063 3.734874502012076
3064 3.743691109885101
3065 3.628154097415838
3066 3.5573459054154193
3067 3.5928076983120643
3068 3.6035461097150834
3069 3.584137656810527
3070 3.998722385457354
3071 3.6376233537428457
3072 2.832545957813366
3073 3.6943892866081884
3074 3.283987020453022
3075 3.0776037295087577
3076 3.591237444974329
3077 3.4805315168711743
3078 3.607865304629555
3079 3.371694969657185
3080 3.507453888355019
3081 3.8586148068388977
3082 3.842767110476896
3083 3.557984701287599
3084 3.5273682567721627
3085 3.6515544902603256
3086 3.548573153597854
3087 3.2790394479220257
3088 3.7450175377944364
3089 3.685876365607968
3090 3.8323615508152122
3091 3.5567576359696065
3092 3.576635017469418
3093 3.3918992646230097
3094 3.1669719633478715
3095 3.5338546935197654
3096 3.799633088518494
3097 3.54679575343481
3098 3.3624792409577493
3099 3.6315355307764223
3100 3.516908730688077
3101 3.4150639936005938
3102 3.6224652548793843
3103 3.6713816193229585
3104 3.6971022117914916
3105 3.7458093778554153
3106 3.3982121308637163
3107 3.636468868974984
3108 3.3289209302629983
3109 3.7469955110951045
3110 3.649259283715457
3111 3.503065219235094
3112 3.261500580533215
3113 3.6811613305010686
3114 3.558180828990905
3115 3.743667854545874
3116 3.438068029705961
3117 3.7205148664681893
3118 3.6445450579240433
3119 3.6174915168649937
3120 2.701020319549685
3121 3.736633986762779
3122 3.4815627316303943
3123 3.815500765392093
3124 3.7893712440706486
3125 3.6148456938426707
3126 3.6128606036900424
3127 3.470907768227498
3128 3.4368657742354305
3129 3.7337449727242453
3130 3.5665803019263542
3131 3.2919696324509395
3132 3.5285017384063564
3133 3.410809774381299
3134 3.6594822228672044
3135 3.3563206354615147
3136 3.7748455795170663
3137 3.699081825361157
3138 2.9941534998040167
3139 3.75223789547794
3140 3.7636395626579158
3141 3.6314784239855538
3142 3.165578088276604
3143 3.565031755696814
3144 3.47645586213065
3145 3.6983595224991155
3146 3.808019791910067
3147 3.5638069581320955
3148 3.8493871313077785
3149 3.4052760738549805
3150 3.526954393918971
3151 3.5044929555588142
3152 3.6710131944542392
3153 3.9593949329745595
3154 3.7494934692094244
3155 3.6897098164613764
3156 3.81298042748272
3157 3.7394159948475685
3158 3.7665859153905696
3159 3.7841924171175965
3160 3.594446033994412
3161 3.769302094114672
3162 3.5759443806577207
3163 3.7057434489293968
3164 3.6542214986320434
3165 3.6622606968769236
3166 3.7146390044887974
3167 3.6994787026319766
3168 3.6643238246407286
3169 3.510318027663818
3170 3.451107360705082
3171 6.192515846699392
3172 5.492224251133651
3173 5.699170457145255
3174 6.136462551967189
3175 5.420143051796265
3176 5.984759438636712
3177 7.803047743437588
3178 6.245454835358779
3179 7.508928076571345
3180 5.886613049608328
3181 5.698287716324748
3182 5.7317457098298075
3183 5.735526117273913
3184 6.72208594838131
3185 5.181304726382503
3186 5.952081046713569
3187 5.03481039453574
3188 5.497429228196047
3189 8.504615686387652
3190 9.237627696722967
3191 5.218774849952645
3192 6.292277589373863
3193 6.642549101536152
3194 6.091198208201451
3195 9.238771733891959
3196 6.9729778392246216
3197 8.129627099398279
3198 8.999972824313065
3199 8.489962177351089
3200 9.330821141113082
3201 6.989037354625609
3202 9.930718214755444
3203 10.245790048041636
3204 11.205818232739306
3205 10.701300257034912
3206 11.745520971901204
3207 11.548327802151967
3208 10.772757827814702
3209 9.938089964201613
3210 9.095944111598527
3211 7.697036820415325
3212 8.822068764754
3213 9.642972676822815
3214 5.791484380006065
3215 6.30720665212541
3216 6.114248815953605
3217 5.5370958888453226
3218 6.393866434210167
3219 5.671878760976922
3220 6.2837743979895855
3221 7.231560569537883
3222 6.945703227485436
3223 7.4074781716091564
3224 6.857633449639986
3225 6.104243352617055
3226 7.399239680954435
3227 3.733862328343691
3228 3.6474964638117564
3229 3.641631201064728
3230 7.598476347936289
3231 8.117209388602044
3232 7.852905794996423
3233 7.573201534595348
3234 10.238382789343998
3235 5.687868198964084
3236 8.890645661226548
3237 5.494606409808468
3238 5.721124358344952
3239 7.04585373794844
3240 6.909595307288038
3241 7.686610493827621
3242 9.254848939229865
3243 8.296495126884393
3244 7.198135229861745
3245 9.417780403762592
3246 7.773639027108914
3247 7.960401194062841
3248 9.003358498795883
3249 6.2620380849895785
3250 6.512800985633736
3251 7.7892517568857365
3252 5.8682425930084365
3253 5.613027315989663
3254 6.379845199869323
3255 5.878714971584352
3256 5.46953843981747
3257 6.395471126332058
3258 3.577046594367127
3259 3.7629688976037734
3260 3.7461300186933397
3261 6.45134110104094
3262 3.4580780704562044
3263 3.2930661525030254
3264 3.3547649554899763
3265 3.6129790633851626
3266 3.413655573444205
3267 3.055979211839032
3268 3.749114330023033
3269 3.552296531917666
3270 3.653655326427199
3271 3.1654320237309013
3272 3.437897813008561
3273 3.03201001944865
3274 2.914802892711022
3275 3.753212892442592
3276 3.7591179298049378
3277 3.4910164497879284
3278 3.2355222247019317
3279 3.5008163040820155
3280 2.8190859997637197
3281 3.649364832563319
3282 3.574372677699991
3283 3.654887601330646
3284 3.3747839186849555
3285 3.734366304501821
3286 3.476068763660644
3287 3.20577828037979
3288 3.5717289537172787
3289 3.6649407117397232
3290 3.226671637172307
3291 3.0777099299816473
3292 2.629608929359821
3293 3.2364990164516794
3294 3.640491593255343
3295 3.622682193786855
3296 3.4364073702980065
3297 2.8130311295916037
3298 3.762552187334597
3299 3.3604871406108403
3300 2.753517093517183
3301 3.6152805353570177
3302 3.4731984030926477
3303 2.958864276659019
3304 3.609009080819815
3305 3.0827699405594986
3306 3.690248665238678
3307 3.4982130046773863
3308 4.906794695860434
3309 3.5465419757057943
3310 3.7219164354155367
3311 3.4781806921354166
3312 2.8274679679681207
3313 2.6839792583835558
3314 2.6543941397197544
3315 3.411995898228744
3316 3.4940918862789676
3317 3.583429869831606
3318 3.7235268894362936
3319 3.609008040116402
3320 3.1260734821277607
3321 3.595027775570497
3322 3.6061810332146687
3323 3.484593051050639
3324 2.981494517292537
3325 3.4738107934798537
3326 3.4927592248664423
3327 3.0924711154890545
3328 3.679689026838781
3329 3.320047181037311
3330 3.341161105782699
3331 3.4663529865500866
3332 2.7130327567645027
3333 3.742801676020524
3334 3.569130521409996
3335 3.62608812109628
3336 3.561281751637941
3337 3.4191533848874225
3338 2.773345963775502
3339 2.9426889068253628
3340 3.602308412085574
3341 3.335606124912845
3342 3.65981593706278
3343 3.1017921278452465
3344 3.6716390540929438
3345 2.985502292156192
3346 3.682363430581874
3347 3.7650839655663075
3348 3.8719853031030067
3349 3.833233726823301
3350 3.640384362022617
3351 5.150520474997588
3352 3.982257191072178
3353 3.5170482453454515
3354 3.478140811854637
3355 3.496778579056669
3356 3.4749660915141267
3357 3.6434698546151076
3358 3.655260020144184
3359 3.718431773499462
3360 3.5334557033004135
3361 3.758324970745767
3362 3.9160271526142325
3363 3.564952258295471
3364 2.71176982900525
3365 3.625144425457633
3366 3.1582086014807036
3367 3.549668207057422
3368 3.5144677824178063
3369 3.779548202249638
3370 3.555508208844079
3371 3.644201805516884
3372 3.6070599194169017
3373 3.658326915159381
3374 3.805503475650852
3375 2.476331248447761
3376 3.2811871527241214
3377 3.305121379709484
3378 3.765018894711896
3379 3.4883936414575345
3380 3.7134564588108585
3381 3.458080882984728
3382 3.6567206377868806
3383 3.6044349970537466
3384 2.979269163910594
3385 7.703143807622723
3386 5.6953110473512245
3387 3.527908887844759
3388 7.145272578498222
3389 8.95715658855812
3390 6.992064215269423
3391 6.414234204990269
3392 7.387409949361793
3393 6.147503379152084
3394 5.868302757002105
3395 4.89449324045238
3396 5.4584692433617175
3397 7.685911946051952
3398 8.52206347313717
3399 7.305645570527953
3400 7.94746056627772
3401 6.633542096075466
3402 5.682621407646077
3403 6.541752007786521
3404 6.434005906417964
3405 6.952919220535169
3406 7.879300294880613
3407 8.102775826380118
3408 6.050349643920127
3409 7.373072242197789
3410 8.543999376375735
3411 9.272761662366646
3412 8.214878851753612
3413 8.317024738482669
3414 6.219197065899613
3415 5.736210338584395
3416 6.408566222616719
3417 6.362187538377637
3418 6.27299768838644
3419 6.588375779601764
3420 6.156280309800849
3421 5.522035462171135
3422 5.830878578451739
3423 3.6921373232344346
3424 6.327165217773345
3425 6.456307816404511
3426 4.152623762100499
3427 3.296521398545004
3428 2.806684475809117
3429 3.1881514325092106
3430 3.4996595698922612
3431 3.0859142577319902
3432 3.3080411489020953
3433 3.559478173108737
3434 6.099207593135489
3435 6.617030515320617
3436 2.5409673521811045
3437 3.5108989744647476
3438 2.940952806043382
3439 3.8781438792456595
3440 5.708018213875796
3441 6.286739582663838
3442 5.633583643643032
3443 5.731962494639851
3444 5.67611292394976
3445 3.766734856751977
3446 3.886184530463937
3447 3.8707961911094793
3448 3.799656096712263
3449 3.6424310939309845
3450 3.548336124188968
3451 3.110329972214487
3452 3.189607318883445
3453 3.1473008848156288
3454 2.9868594278945713
3455 3.609472898644203
3456 3.4293185650996603
3457 2.5491267790842813
3458 3.3494614592478715
3459 2.8461922966690163
3460 2.733295357729422
3461 3.602003691117534
3462 2.733988635376947
3463 3.4835176986294414
3464 3.136957863707459
3465 2.709124207261157
3466 3.0181385857052474
3467 3.387383757341422
3468 3.437905993873292
3469 3.0291279268725635
3470 3.6224776342922578
3471 3.5594731024643833
3472 3.810787053962746
3473 5.744625192210682
3474 3.8992401474417973
3475 3.6465620164962385
3476 3.731784951461237
3477 3.6483380385783972
3478 3.5689462699853887
3479 3.7105570711675804
3480 4.120281457642512
3481 3.661663633099025
3482 3.493120301962489
3483 3.4530234488315594
3484 3.1663667044055046
3485 3.5875690853918782
3486 3.783512409533173
3487 2.91565439617555
3488 3.579629448197311
3489 4.182332791344351
3490 3.9143522145179475
3491 3.926156657666007
3492 3.6997375141626105
3493 3.893802747344245
3494 3.6937869648228148
3495 3.6266417963477995
3496 3.7073023190244956
3497 3.6201207249382694
3498 3.6616214191592347
3499 3.721866299083575
3500 3.7060976827666177
3501 3.645431320354712
3502 3.722510240301609
3503 3.4405389705104468
3504 3.6588084237543743
3505 3.894552292761039
3506 3.6084631001083602
3507 3.6094780172098626
3508 3.612011581403972
3509 3.6092850891842496
3510 3.587537830540179
3511 3.3114904322368206
3512 3.8329660837709896
3513 3.707307319806645
3514 3.6594471921505933
3515 3.7527270176990903
3516 3.646507974787323
3517 3.983774914028047
3518 3.800546825620369
3519 3.3292290316912
3520 3.516409628371451
3521 3.8773866093204052
3522 3.4639036111364154
3523 3.6168605557270737
3524 3.6518061918534577
3525 3.9436984233152947
3526 3.708298921948856
3527 3.717487896593807
3528 3.6750748059254823
3529 3.462159684960628
3530 3.722208309804124
3531 3.742359743926481
3532 3.1579579406829823
3533 3.7570598563301485
3534 2.9816330202646792
3535 2.538622042631978
3536 3.8138393107557618
3537 3.1382678569417473
3538 3.0324947161558145
3539 3.570770380583719
3540 3.07453322798944
3541 3.2622722289710038
3542 3.656795431239473
3543 2.8656113672332952
3544 3.4522806408127527
3545 2.6750197761754233
3546 5.2224153886409095
3547 2.7246706906789986
3548 2.783746662942372
3549 2.9624701688642965
3550 3.4186483868999984
3551 2.8816405956146958
3552 2.558081040604332
3553 3.002218410183155
3554 3.4961812805582086
3555 3.6147913875696016
3556 2.624905414444722
3557 2.7663594099161717
3558 2.8454007292622037
3559 2.613312249343256
3560 3.773778566126781
3561 3.1275472226121037
3562 3.2334227446476764
3563 2.6470710489052127
3564 3.3182836876133717
3565 3.4305274757990056
3566 2.823939574398233
3567 2.7107784600215283
3568 2.8268045772712953
3569 2.924129711611256
3570 2.8993727338474238
3571 3.535974561285466
3572 2.5661317323778357
3573 3.6212655358126264
3574 3.8775209401973396
3575 3.6849775645442207
3576 3.57198406768409
3577 3.6532433845688805
3578 3.725168326040804
3579 3.846864249469681
3580 3.686224060901199
3581 3.618256251791394
3582 3.387099849028867
3583 3.645023885901664
3584 3.825016164112225
3585 3.519815429706803
3586 3.863775272938266
3587 3.7564401931245253
3588 3.5738413935954574
3589 3.481727135772875
3590 3.8149330955259613
3591 3.5875925444815584
3592 3.6198820843139647
3593 3.8918201218909902
3594 3.5945269167037637
3595 3.704808816653445
3596 3.724061220821133
3597 3.186007385007268
3598 3.5316216869315253
3599 3.660379089986692
3600 3.6747209709298687
3601 6.205950221514363
3602 5.479537582383638
3603 3.8718298705708927
3604 3.7181909169823513
3605 3.960976989529875
3606 3.7766572239658958
3607 3.5592731237648962
3608 2.908235539090637
3609 3.686600983458173
3610 3.6432973475197326
3611 3.377466216807687
3612 3.3571166691579744
3613 3.4429881794854875
3614 2.6267983681849585
3615 3.4019512275084636
3616 3.5066012209135886
3617 2.658692950029008
3618 3.4828850976272516
3619 3.475964367221677
3620 3.1757504812922717
3621 3.3171298570351566
3622 3.4132837467271
3623 3.387731352278667
3624 3.471922180574437
3625 3.268768533163769
3626 3.745379251549642
3627 3.3526733428728224
3628 3.1686974132623784
3629 3.223667803127886
3630 2.7259412571275985
3631 2.66058116674633
3632 4.8517274527697785
3633 6.2487451388012225
3634 6.3484409904369254
3635 6.130896949052893
3636 5.862777292690092
3637 5.383576468601084
3638 3.0206460459037396
3639 2.544356087881298
3640 3.1754481882121257
3641 2.796464927986716
3642 3.101900070929453
3643 2.9036440049858943
3644 3.5827696625957572
3645 2.6240074670390006
3646 2.911412182853182
3647 3.3185171977793533
3648 2.893277432518112
3649 3.3663423252395215
3650 4.89416295720337
3651 5.68772732231312
3652 6.376884183453496
3653 5.370871925960341
3654 6.4127283069218235
3655 8.182554339852478
3656 8.640885823904002
3657 5.629940911318514
3658 5.286448431541749
3659 7.254855040477371
3660 7.330433208370865
3661 6.01409270765112
3662 11.032260743333923
3663 8.827384626208671
3664 9.821791246281313
3665 12.180402277989552
3666 6.001497542353932
3667 10.50161840249737
3668 7.597028094818114
3669 9.16067346596077
3670 8.406862941521485
3671 10.388191360705086
3672 9.513485187622164
3673 10.010731233000058
3674 9.938217811085176
3675 11.064711195554189
3676 11.778963342917049
3677 9.678278888725162
3678 9.53582792851464
3679 12.2575616321585
3680 12.18068649524687
3681 11.228582854970838
3682 11.310680142434808
3683 11.227487582516606
3684 14.152934692964164
3685 12.22823374448047
3686 10.8330450027
3687 6.792679902841511
3688 6.830901516780922
3689 9.236433226234631
3690 11.01506458092303
3691 12.010794883551466
3692 10.023930855834841
3693 9.494500464005796
3694 11.987790788642123
3695 13.557849956642784
3696 12.564903398440007
3697 11.003206503978483
3698 9.597302242228796
3699 8.979806498884255
3700 5.538974894903739
3701 8.625688000650477
3702 10.984980521170266
3703 7.383165895560168
3704 5.812305997634791
3705 6.358605824616221
3706 5.312939718138247
3707 5.398847567470744
3708 3.0398695451030457
3709 2.671995081947211
3710 3.5096828050045774
3711 2.954884632270041
3712 3.38919520027236
3713 3.069818307932198
3714 2.8877690735278887
3715 3.399508030475043
3716 3.2125525729267452
3717 4.998658662856797
3718 4.906109124020463
3719 5.840771676777179
3720 7.222668322292783
3721 5.300341468465153
3722 3.196203522243419
3723 4.217230448271931
3724 5.818964395839928
3725 5.12277766714186
3726 7.181097808901983
3727 5.309336164686936
3728 6.026785714848203
3729 5.448369494334364
3730 6.7196382009696505
3731 4.530417070032528
3732 5.703871083744285
3733 5.0786802675722145
3734 7.917952820117958
3735 5.22460874591193
3736 5.433899758038212
3737 5.735369525901611
3738 5.111795655325352
3739 4.485335944279612
3740 5.972575507729149
3741 4.902044714019492
3742 5.25447418602127
3743 4.923293959956899
3744 5.011909119294961
3745 4.494395883805608
3746 2.6257583086736402
3747 3.148795298960527
3748 2.9165725230223916
3749 3.4156541837301635
3750 3.6445434830761725
3751 2.961304775010071
3752 3.3908873714949403
3753 2.4995621665602243
3754 3.3426568970717034
3755 5.636779605693685
3756 5.012371612198463
3757 3.462155834080189
3758 2.8916995883211176
3759 3.1326124269074267
3760 6.608322345252279
3761 7.540572900536017
3762 4.898064078640607
3763 6.250960576334113
3764 7.685902888238014
3765 5.402467615545059
3766 6.16096751975802
3767 6.061587842287199
3768 6.238915828163811
3769 5.381734868949305
3770 8.170977768029768
3771 8.85377193626711
3772 8.125755078536306
3773 8.989913709018834
3774 8.614987849639064
3775 8.683843143176112
3776 6.566013459820586
3777 7.018814559467824
3778 9.43688402102397
3779 8.093578630509862
3780 5.706352990317691
3781 5.307541392920728
3782 5.659405153250081
3783 5.569145838446561
3784 6.303531891220698
3785 7.7465205601752185
3786 5.874053845907557
3787 6.721735577232405
3788 6.386996365455639
3789 8.448989546455081
3790 7.014112137655397
3791 5.781266005839894
3792 5.848786023547165
3793 4.9478215567843336
3794 6.842922355041364
3795 8.394841519303224
3796 8.536819068844508
3797 6.656858320780911
3798 5.926467861388647
3799 7.463228725723211
3800 7.696632627893202
3801 11.477744952634682
3802 13.928283913498658
3803 14.716403683162747
3804 12.57811944245105
3805 11.449661525871635
3806 11.751304927682668
3807 10.27752171608142
3808 9.572108908251971
3809 8.498921691444732
3810 11.812492556166683
3811 12.290144499386907
3812 11.310914785827311
3813 10.446066030955565
3814 12.472898956359641
3815 12.058742204617989
3816 11.92688332966799
3817 11.448986109725416
3818 7.8975427615910005
3819 7.556364991782903
3820 7.261381478350963
3821 8.204395777685631
3822 8.868908627022558
3823 10.231337458047188
3824 11.092559257247965
3825 8.56505391412959
3826 8.80064309683413
3827 10.730230330868771
3828 12.16707801295699
3829 8.938389627638932
3830 9.402874791151806
3831 9.89118253791276
3832 10.129548195861641
3833 9.781959633491894
3834 10.79082393728295
3835 8.078181095295902
3836 8.838326805709698
3837 8.92325272001612
3838 6.705463323100367
3839 8.300987306822934
3840 9.107448872071672
3841 10.428276367552678
3842 11.884455132168563
3843 9.51803695362475
3844 11.124677209042856
3845 12.197262864417008
3846 11.82516326281966
3847 10.766993813078681
3848 9.884171467523544
3849 7.30837735829506
3850 9.998047560483956
3851 10.550989496337094
3852 10.051369737429246
3853 9.065873004097675
3854 7.829969383562848
3855 7.812490486519207
3856 8.20763972897542
3857 7.2344613215990075
3858 11.427402069402504
3859 11.595534649852153
3860 10.917847665782823
3861 8.583038038885984
3862 8.223947128483733
3863 8.891938673335781
3864 6.574822232009894
3865 6.240877791800964
3866 8.183055708191478
3867 7.671664439296591
3868 10.031975208497002
3869 9.93192015393155
3870 10.963275527995508
3871 9.560045034071848
3872 5.888900364044968
3873 8.883832448178127
3874 9.21065936185502
3875 9.237646452495225
3876 8.860303003630396
3877 7.39718037091817
3878 7.6370045067228745
3879 8.178368284894985
3880 8.3951080517983
3881 7.079453708242272
3882 7.958480932313731
3883 9.554336066702584
3884 10.907160134367338
3885 8.191352290203863
3886 7.367376568991362
3887 7.365426861632754
3888 8.778477539198226
3889 5.806831921804775
3890 5.389054187465497
3891 8.45038100933314
3892 9.470135178533456
3893 7.671133186852699
3894 9.118862943790626
3895 9.853834707885392
3896 9.97986703895068
3897 11.581567546185548
3898 10.64586626225736
3899 9.829203344139142
3900 10.575624452375672
3901 10.861372903977623
3902 11.129681896795368
3903 8.970942210258347
3904 10.303850282577606
3905 10.999443872025159
3906 11.149055426990303
3907 6.2255281081891365
3908 5.224147519599361
3909 5.1217419682958205
3910 8.413952105641885
3911 8.22741890222612
3912 8.154885565297542
3913 10.922940610600362
3914 9.032760247927545
3915 7.462100880748409
3916 4.834407023669357
3917 5.225422038142352
3918 8.226862111527977
3919 4.976796247401799
3920 7.625848308465718
3921 7.683534810677753
3922 6.9407859932148535
3923 9.922586077036154
3924 10.490466405066412
3925 10.393194275057906
3926 10.144091483960839
3927 8.221406312365193
3928 8.057936306703592
3929 7.138719902378681
3930 5.326496100499296
3931 6.828787480488821
3932 7.256623698603266
3933 9.04620172238942
3934 9.121742931428813
3935 8.9071808143326
3936 8.99593053206493
3937 7.93193664464357
3938 10.893743207065379
3939 9.87944987229168
3940 9.167414622538617
3941 11.655126416844647
3942 11.894649174164337
3943 10.686223263588433
3944 9.341089297210207
3945 9.578546240451145
3946 11.30064129216975
3947 10.029499309742787
3948 9.304682303637717
3949 9.991265037866777
3950 9.649804074764818
3951 11.437334906782501
3952 9.509657207294387
3953 9.407264517811054
3954 9.356510734722248
3955 9.679971723594516
3956 9.861643184367269
3957 9.234702366040558
3958 11.677478876801054
3959 10.870338169022494
3960 11.916365413573175
3961 13.074571747224331
3962 14.327130837878636
3963 10.567280725930717
3964 12.15728516928764
3965 12.744076838443334
3966 10.418728816424386
3967 8.184380320568716
3968 10.61469627301713
3969 10.601590558834298
3970 12.469784509346686
3971 13.027895937980448
3972 13.578215668807475
3973 13.223017232888898
3974 11.36830929890733
3975 10.374297039144311
3976 7.729056665520964
3977 8.758363709939402
3978 5.97641003533441
3979 6.713654584475947
3980 6.722445027052109
3981 7.348480281024065
3982 9.327843602219028
3983 13.173631281366639
3984 8.65669620167803
3985 7.91744266192888
3986 8.270915800264023
3987 5.518556128205569
3988 7.928695823344612
3989 14.52431957627547
3990 15.01738254298623
3991 14.622156835277677
3992 13.731052057868096
3993 11.111309124778058
3994 10.539631119268615
3995 14.80800390970345
3996 7.943473289731712
3997 8.750127688455706
3998 10.67293921819009
3999 11.933329771656837
4000 8.643476490034287
4001 15.278170696125558
