0 13.532329506300938
1 14.131943214095546
2 15.145494234492228
3 14.848025174443912
4 14.399738149914496
5 15.263085064896732
6 14.998582536939514
7 14.158706458056672
8 9.651893341121578
9 9.471246949047343
10 12.560245520628767
11 13.508449046847469
12 16.28759385624841
13 16.134185657928555
14 16.971241704307456
15 20.572896542790552
16 21.340211639572647
17 17.591143170501372
18 15.911453125373088
19 15.477300815696704
20 18.710582394408156
21 15.686070206006018
22 18.104503670510898
23 10.997515749806597
24 12.968316744753608
25 13.103923487750544
26 15.51110838933171
27 19.355467086710437
28 20.21809604634749
29 19.547473480485408
30 19.302214780435172
31 16.839891398528625
32 14.366686823241846
33 9.0961553982878
34 10.829337741970189
35 10.82691293157617
36 7.021617061084344
37 14.184001300065294
38 13.47132336618938
39 13.60438960693023
40 11.847955993134912
41 13.288138828315152
42 16.67006737002663
43 20.402607234920318
44 22.65264266143261
45 25.477795098930375
46 25.16654576820943
47 22.5001849888644
48 25.26132541540911
49 19.72551756437383
50 21.177493862043598
51 19.5705991647624
52 21.390318199136594
53 17.77519820782194
54 20.537334840320895
55 19.770449584342725
56 17.385523520775482
57 17.466583524308792
58 14.457810156166747
59 16.550798723153676
60 15.502306618436146
61 15.405683586706
62 18.800027976807602
63 20.745661013083847
64 18.57495518617841
65 18.10466643035931
66 17.371741518294925
67 17.151526516121965
68 14.412000624306849
69 14.61575563359962
70 14.726491923167147
71 14.305174882256818
72 19.55974407812642
73 16.66975467682196
74 20.293020530041357
75 17.499729663963027
76 17.216129115577946
77 14.044781711090291
78 15.629869548820897
79 12.37164275071044
80 13.34260570339404
81 12.804185591855012
82 13.875002353650167
83 15.711314910748005
84 16.18690592308375
85 16.30193842116837
86 17.945815077771005
87 13.826030169553317
88 11.851632902158903
89 12.041895950182136
90 14.400015308002395
91 15.865982857360281
92 16.42543603754789
93 16.799784213724276
94 18.143959502566208
95 15.979581754318255
96 19.767526439662596
97 21.943089417740516
98 18.162567186183253
99 19.29565760757016
100 18.48505512637272
101 16.80448314939999
102 18.113425957746376
103 19.136467813175134
104 18.920237647171966
105 16.664225711867292
106 15.720675337314947
107 19.41116126052086
108 14.534341890746099
109 20.84051222913062
110 19.78387772164281
111 18.9953367913046
112 21.45649594655481
113 22.564495874408532
114 22.259378947756943
115 22.056186588377827
116 18.419611024177144
117 19.900308600482067
118 19.852102138259013
119 21.936477804461013
120 19.801243103538873
121 20.22812286862884
122 21.091292290270946
123 18.500450974242987
124 20.546621662383124
125 21.004711093454965
126 18.16409251791178
127 16.32106304726909
128 15.498826204266116
129 16.542589927131026
130 13.551017572180385
131 19.490027081203078
132 20.135987848792805
133 21.384147836272007
134 22.469520702437023
135 21.102119836816982
136 18.26094729315585
137 21.864242669770892
138 22.81707121366769
139 23.794249893683304
140 21.735845049289864
141 20.20684770748261
142 24.652042008847936
143 20.84836322962959
144 22.822834172789943
145 21.68715919720485
146 21.66202444290028
147 24.98931114981546
148 25.20085181791844
149 22.814360020891687
150 23.59157285556178
151 23.162553495853224
152 21.317100362538017
153 22.452085588534743
154 22.9619054478163
155 18.658413282111706
156 21.885128215671568
157 24.513717675217787
158 22.96691602225992
159 19.20102200386854
160 20.842534088953908
161 20.658755965653466
162 16.234639276481698
163 17.70706851427756
164 14.837927472920088
165 13.86387378453859
166 14.752656059584298
167 16.966160555583098
168 16.504570680736585
169 19.06839926604332
170 16.70834435237793
171 14.28218965342533
172 15.090839755871286
173 14.56465613203208
174 14.40606732435369
175 16.851724396626345
176 15.795179008153928
177 15.7410689775458
178 19.349773471068755
179 14.756757238620764
180 16.106528299152718
181 17.95770344942805
182 20.57123661706347
183 24.864232169438644
184 24.782680870682487
185 22.3826341985773
186 19.49378961441858
187 24.38258943314545
188 21.439449571904223
189 23.605574051418486
190 21.70073318318731
191 22.657863967702948
192 22.891595666113698
193 20.532301329234286
194 19.32590621165844
195 16.82833388379257
196 17.581403158172733
197 16.406073843086205
198 19.262655932906096
199 16.6305554174368
200 18.098908229716123
201 15.5808375640566
202 9.232564694725758
203 11.463296316195795
204 9.300014212895096
205 11.087957329541645
206 7.773670109094458
207 8.428755723625518
208 9.66068828531718
209 8.526056599131762
210 5.847772863579068
211 8.978894157543348
212 12.363753693704194
213 11.727534707759846
214 12.012936884500686
215 8.729038514528781
216 5.560930496271938
217 8.457733991985732
218 6.945394606451788
219 8.690506413221872
220 7.7277280043200784
221 7.965168359562834
222 10.537495787995622
223 7.48204255393194
224 9.374428971543598
225 6.767934766717483
226 10.459370233025735
227 9.094604558172385
228 6.051944014657531
229 7.819569091829689
230 7.677974566864124
231 6.421318406063453
232 6.537101290214617
233 5.917387967067773
234 3.4079489872194357
235 2.9130891295462753
236 2.735395946139623
237 2.8139387473983746
238 2.719271585039647
239 3.3482267762026825
240 2.835371418758547
241 3.079063961685486
242 3.1390151118173577
243 2.9467703643514103
244 2.8307316436346355
245 2.578276766966943
246 3.351238045441678
247 2.848460597248651
248 2.9269803961625147
249 3.06352896557624
250 3.4343814462871283
251 2.5121626721925794
252 3.212591994106699
253 2.507086994393149
254 2.648630892651431
255 3.116411854792179
256 2.788779780950199
257 2.949499414160068
258 3.4914337024714746
259 2.8662073253902487
260 2.5646163730900695
261 2.6111256524570394
262 2.6665203917839766
263 2.5096084228597757
264 2.698045929688571
265 2.6156713203947546
266 2.700482157292477
267 2.5859528862725805
268 2.5703892463026783
269 3.1851963958853187
270 3.0051674477243653
271 2.9496708836999286
272 2.619869377737473
273 2.811998288044408
274 2.653236061823318
275 2.9213866638575388
276 3.0502940789900688
277 3.0199543018556145
278 2.724653848485174
279 2.77864495000879
280 3.333291432647375
281 3.3727071975863034
282 2.5612398953763087
283 3.071361354227631
284 2.9982253911708923
285 5.456395825798548
286 8.274681151917239
287 3.381284949621971
288 3.278239260016334
289 2.9614626523505367
290 2.568079656533137
291 3.4756075933646224
292 3.1628024743329823
293 3.432732832794163
294 3.0191901860641406
295 2.8373902338394523
296 2.617172599377423
297 2.849318944575291
298 3.1350955940083334
299 2.96386114420149
300 3.564413154101145
301 3.1426829238995064
302 3.384261001316175
303 2.7566199816484556
304 2.7287231186813545
305 2.948365755166281
306 3.2801493245582463
307 3.07379349971969
308 2.6693310237480055
309 2.600869692380601
310 5.073476091369008
311 3.3586501993394546
312 2.539216084907326
313 2.842719290804848
314 2.859135361270424
315 3.2646057105811153
316 2.589088660196698
317 3.3468318725558355
318 2.7739232356893146
319 3.153528368563313
320 2.5573905362149136
321 3.219012081878222
322 3.2447549308453754
323 2.9049327034977606
324 3.1039520635521245
325 3.7049480015572693
326 5.71127846510363
327 6.019989059668823
328 5.139132462850797
329 3.7536826899980005
330 3.4659681571165777
331 3.7414125747117786
332 3.072836008474672
333 3.6786706936857514
334 3.302714444517805
335 3.2304450569136605
336 3.07706208052654
337 3.1489834441561086
338 3.113744428669491
339 2.905240672354002
340 2.7593602055401036
341 3.8794674201232
342 6.527065147780147
343 5.281352119862473
344 3.2119844058234923
345 2.7993180496347234
346 2.7577103884143437
347 2.7332130075702388
348 2.6519351328322545
349 3.127481051251145
350 3.841711371460195
351 5.112653625718591
352 6.934040758480393
353 4.789565057141205
354 4.928607619939329
355 3.2504453434976237
356 3.672540421754142
357 2.9826064717054304
358 3.4372026369599955
359 3.598705282940971
360 3.254421201909738
361 5.707574462407531
362 9.0154791333868
363 5.843077056946879
364 2.685173545358456
365 2.747319100061364
366 2.662842089539965
367 4.665677082938127
368 3.172349270368418
369 3.190272034439257
370 3.8339111355961024
371 3.236105565771148
372 3.0197223518028617
373 2.655602007362204
374 4.601350657996191
375 2.713712831845084
376 2.7681133199255283
377 2.7345315722491885
378 2.6320664451650715
379 2.431320837099541
380 2.789564487827615
381 2.825299363741706
382 2.7854069347830914
383 2.523752888210454
384 2.7080682258651025
385 2.620832396343799
386 3.4814807655237527
387 2.746995202058925
388 2.8983909897213675
389 2.8335672984200087
390 2.906343793918224
391 2.6875171519669276
392 2.6628945017400634
393 2.604601471748163
394 2.9011053443894625
395 2.4874367492970695
396 2.5507814800124198
397 2.762970531595172
398 2.506530206633652
399 7.057722322947354
400 4.64708512628113
401 2.69386306590267
402 4.663195385505109
403 3.5224448314230914
404 3.602131890280059
405 3.436109445314157
406 3.419887932175578
407 3.4843872689755937
408 3.490726522558295
409 3.366943980923327
410 3.1241144187177095
411 3.091096986290297
412 2.851654495524459
413 3.4030327770415485
414 2.5420496839133326
415 3.126350453085436
416 3.2092358888947317
417 4.979910886497614
418 6.581754836208518
419 6.664928966241047
420 9.591654930958928
421 8.564634818753118
422 8.610121381853897
423 7.1097289998190325
424 7.721505935133543
425 5.916859806891976
426 5.651927986344068
427 4.735780804394453
428 6.655221539717113
429 8.624508229264832
430 9.34351603197026
431 8.272460878568204
432 5.660027864341309
433 7.542616141503689
434 6.961848579329709
435 7.98522048073007
436 6.1288824060217495
437 8.34240988980324
438 13.040821230719478
439 13.616617395531799
440 12.893282724662345
441 13.10677682654422
442 13.073721866961018
443 9.659573195686432
444 9.187489706733624
445 7.834746532808015
446 8.4120434082738
447 11.311510793021455
448 6.562230256736314
449 8.683165067053139
450 7.846065439556561
451 10.19160993457278
452 7.969049508390747
453 10.749621200843983
454 5.323471029218521
455 4.689105640369814
456 7.551541488623152
457 8.670409130931391
458 6.40332430751666
459 9.376411243961686
460 7.182747282239699
461 8.061016515429092
462 5.584419639312362
463 5.633213380898575
464 4.558427293852662
465 5.086872241232269
466 6.712824978315727
467 5.4872543583082
468 12.297059096412534
469 12.101414645454886
470 12.51013144652083
471 11.838039731186852
472 10.425587194945713
473 9.869636682015354
474 11.28225740442095
475 11.218764110096265
476 9.080355354869393
477 11.622358296483636
478 11.746513430548438
479 8.963869488184447
480 10.80131697544339
481 11.40109657173524
482 9.730204695522813
483 9.144821154071838
484 9.533032382092653
485 9.47325265132955
486 10.842989318515922
487 10.99571961050441
488 12.294175100931405
489 10.44559111964561
490 10.882273551046785
491 9.633486209923877
492 12.28010014944086
493 12.057807590107757
494 12.301327266568817
495 11.5535873023619
496 10.70790666997216
497 13.317370498340567
498 13.271434588528948
499 11.527964176322852
500 13.636746270855236
501 13.226352232483466
502 13.541407909701535
503 13.588519011609437
504 10.608924482305978
505 12.696950566438336
506 12.193311314581292
507 13.267523639114128
508 9.774105068128955
509 11.896538514695022
510 10.985360822000038
511 10.461292846096164
512 10.426728442595802
513 12.574982414097299
514 12.911708854140109
515 13.56202432482983
516 13.23736560826302
517 12.02857015317333
518 13.84255450499498
519 14.950462985420184
520 13.962541469803337
521 14.219142087657234
522 12.542973701788654
523 12.539814100941449
524 12.636148653283891
525 12.309226964854371
526 11.336968853506022
527 14.647205069718787
528 15.262752837966369
529 14.875889856216615
530 15.721162185128122
531 16.07279805334226
532 16.227273434151382
533 15.677937251572228
534 14.736972029401509
535 15.53245797134993
536 16.12300568854581
537 15.864163910013511
538 12.303493594612137
539 17.45165363877664
540 16.677923920965206
541 16.732284546792915
542 18.607730787477855
543 22.556855663088932
544 16.60886606901332
545 15.384058219046281
546 15.318076780482732
547 14.62957411067454
548 12.838802556152425
549 11.869171437476664
550 11.11111298604766
551 9.30252700289314
552 12.883552329495902
553 13.12726769576932
554 12.770038132099632
555 13.065309962421868
556 12.784962210542226
557 12.541305097720535
558 12.958782720384754
559 13.116804011038436
560 10.699110707628426
561 13.080898012489035
562 13.083915844072118
563 11.113542540386042
564 12.418503736831461
565 12.393913721865005
566 12.35862304560589
567 12.070203953484889
568 12.667168587836606
569 12.945662699770898
570 12.649570318415709
571 14.183120547418705
572 12.031472448864662
573 13.292628873897057
574 13.07415390259014
575 13.410298164063645
576 13.82907912801284
577 13.84128812826288
578 13.239178551378293
579 12.13927336804318
580 12.150270492494919
581 12.175978340210696
582 13.095344562695168
583 12.075763860389872
584 12.397650154069732
585 10.838705077652635
586 11.612422225051594
587 11.944191138312787
588 12.300497373993807
589 11.7626301813668
590 11.756127381584374
591 11.583766058684484
592 12.102837994070805
593 9.140087243465308
594 8.58771360244445
595 8.547190430030717
596 10.549298939919971
597 10.342584927189705
598 10.242217627399166
599 8.624287068500383
600 9.572815738234366
601 9.105298022992484
602 8.593883177236044
603 10.522807302232149
604 8.748624798725526
605 11.42029154644357
606 10.162846349918109
607 8.866591120074443
608 10.527498427378916
609 9.69220580867991
610 9.732348549720452
611 9.025502327843748
612 12.014035924363982
613 11.350163234127312
614 9.306411803168121
615 13.938820380073954
616 11.627632781743804
617 10.15023400940494
618 7.212712201843207
619 8.407883660181719
620 10.547482028542152
621 5.839281147913833
622 9.065746604445238
623 9.21897015106123
624 9.213749984022847
625 7.64755952831296
626 10.256266289426609
627 10.04737808635996
628 9.949656385690353
629 10.18153971002024
630 11.398168763705067
631 12.640378197251692
632 9.29908639066866
633 11.16045974891956
634 8.630250183140173
635 7.877826459168042
636 10.634065890088442
637 11.759286534474871
638 10.132400795625664
639 7.303269424311725
640 9.53044394909184
641 9.806221677081677
642 8.144618364063936
643 8.206886132739193
644 9.636148066871485
645 10.091851198871087
646 6.77992084052078
647 4.975311267422085
648 6.862608482521017
649 9.687738627276405
650 7.566145179133781
651 10.044198978247978
652 4.652146342766494
653 6.647089457494708
654 9.61315950581575
655 7.330399543000917
656 8.034312577627174
657 8.250057167182588
658 8.300063097802541
659 6.960958219102483
660 2.881550851339258
661 2.9641410486678597
662 3.017635139028763
663 2.884196567114663
664 5.18911658513731
665 5.492802446849925
666 5.997954447529544
667 5.3620737044206805
668 7.225106524995361
669 6.594223700728463
670 6.9478216969147475
671 5.1165525955438484
672 5.492087402960557
673 4.969413288887588
674 3.151914998292171
675 3.0371876235925344
676 3.390945114242772
677 2.785374248032594
678 2.7172119925718046
679 3.3998709335600075
680 2.63539774461399
681 2.651610437454965
682 3.2294064385690042
683 2.6041711958386977
684 8.371112183999873
685 5.704939588922388
686 7.173213044096511
687 7.584231964838424
688 8.129045798788994
689 11.050329057034498
690 11.550153581267896
691 8.766832387989322
692 5.06170986235508
693 4.623122858619734
694 2.827002485171429
695 5.682514634054772
696 5.245983705451367
697 7.110767209587848
698 7.304987389817225
699 7.180908979722028
700 9.846646872853864
701 10.6651347722439
702 11.953619456111017
703 12.18773051302146
704 13.474595959609545
705 10.071981199330406
706 9.887475180344802
707 9.907149317793014
708 10.593436074446421
709 10.157542623421408
710 11.138901451639557
711 10.075401883803522
712 7.1894422902162525
713 10.195138452706864
714 9.560146804145539
715 12.6182758403151
716 12.672143263576148
717 14.401811438326925
718 15.506806156295825
719 11.357636578610533
720 12.127057369589165
721 12.466204720744505
722 12.917129218804563
723 13.477235088063889
724 12.8660032013016
725 12.08271283338689
726 13.92166532059086
727 11.379900634211536
728 12.130592201541274
729 15.738905831275675
730 15.976696773819764
731 17.398420784286955
732 17.36217384474908
733 18.13100693062771
734 16.16623333724758
735 16.05398904474407
736 16.766583322221155
737 19.874395444338994
738 19.77468006242815
739 18.375793817887324
740 20.902651060226795
741 19.698050771876947
742 21.78861172557258
743 18.33287868856344
744 17.888882895104082
745 16.913323285758068
746 15.006023534374998
747 13.35940377749671
748 13.050597238489662
749 12.626874474873924
750 14.106863072195704
751 12.930836524840004
752 12.605479312487669
753 12.074271601283442
754 10.446051656865444
755 10.308882837534213
756 9.713405128831331
757 7.3064577780555435
758 11.201265087478795
759 11.887636571507384
760 11.33774902083747
761 11.73548993213171
762 12.833865942376002
763 11.060605286427343
764 12.014697181292837
765 14.18372905611088
766 11.322665183323862
767 12.508996033059208
768 11.55112209692522
769 11.249685756858954
770 10.427441568662678
771 10.074467015260518
772 10.159029049022756
773 10.461738448453847
774 11.952993324694532
775 11.990498653857067
776 9.848946171966581
777 14.651924154321316
778 16.943763209389882
779 15.587992434634224
780 14.550428456032
781 14.33463831934643
782 12.193794094649245
783 12.379594477543929
784 13.28966822793815
785 13.667360531559925
786 12.339526505499776
787 12.689189037387138
788 11.662882300029873
789 10.93893959436603
790 8.576461560670591
791 11.844659540092634
792 8.375297493737587
793 12.473862858076203
794 12.491731093254774
795 13.83318522515976
796 12.729009961199283
797 14.501955547874923
798 12.81063882871564
799 13.378747355466999
800 9.258865713595583
801 11.122164049895975
802 11.010606682862388
803 10.984432523549245
804 12.11058841734626
805 12.208135520307174
806 10.429335493095643
807 12.241070423194802
808 11.590965752379551
809 9.572394389628464
810 12.337353911830292
811 11.347124037180022
812 11.12700701795502
813 10.517074561196115
814 10.265188503402973
815 8.297568199474297
816 10.064960875344665
817 12.879567424845604
818 12.376733973991852
819 13.922657014442446
820 15.368912718072204
821 12.975441634643241
822 12.889065864281184
823 12.481711156861781
824 12.056031523929763
825 11.521097029003768
826 11.471964211006243
827 12.544841303213815
828 11.536410042804915
829 6.910398094866598
830 11.196173477721276
831 6.9464909591530075
832 7.662708130043889
833 11.706618238502715
834 5.599701158728477
835 5.657624130202303
836 7.299788560810623
837 4.3031190463107825
838 7.339998537007948
839 8.507905197520108
840 8.092233612044975
841 11.061078150110639
842 11.762188949445589
843 10.985240411711136
844 11.489417586211692
845 12.037122174286123
846 12.674915754533586
847 12.41106378734416
848 6.1765821052109064
849 11.233724066517807
850 9.585711456306022
851 9.9983374171824
852 9.223124706179986
853 9.775337366786633
854 7.095906066680597
855 6.84286468637979
856 8.067901001413608
857 6.012410454797924
858 11.767428437587785
859 12.578425615828571
860 10.979098097791027
861 9.610309158821176
862 12.464942494614487
863 15.152869114196534
864 12.831899248156327
865 11.299117156525282
866 9.868028783632623
867 8.265419576700978
868 11.435386530687982
869 11.8340514060348
870 9.903888944794003
871 13.134013767576237
872 12.995064166895178
873 11.403234159308601
874 8.477339793890774
875 8.001942183965852
876 7.000048915152496
877 14.14686556555642
878 8.36120312370309
879 7.015271830335903
880 7.704220519051175
881 8.242061059740458
882 8.441099575336716
883 13.533002112810427
884 11.806445833472775
885 8.680654382695932
886 13.340820384217224
887 13.440626467455711
888 12.472892754865628
889 13.669859648672682
890 9.739611166964046
891 10.830644329696664
892 7.509949267505887
893 10.428634390156345
894 10.520054205040626
895 11.918116174689217
896 11.183192456045239
897 11.31962631606539
898 11.375730806454696
899 7.863304930904701
900 9.162046994283815
901 10.340692144135401
902 6.623096564710851
903 7.359084428981008
904 4.726495976913712
905 5.45907200902521
906 7.758427225673965
907 7.472760707867472
908 7.8653646783550455
909 6.772645332409563
910 8.671054289274261
911 7.517758967285308
912 10.564790340932555
913 10.579872330615709
914 12.318419017787535
915 12.626491211643849
916 10.82223921516729
917 14.079573270606753
918 16.906121893560908
919 17.291682799849248
920 16.660828872798824
921 15.566811273453125
922 15.358149432027773
923 14.962249372511502
924 15.163589426728818
925 17.152627820361424
926 14.285933653992828
927 14.717646014094502
928 13.076158323020644
929 11.66090885487466
930 13.544336620546353
931 14.709958357348825
932 15.086146528696336
933 11.89852782803437
934 11.393896248536706
935 14.586148016848911
936 16.25741746877226
937 15.45635847288917
938 13.2192405439834
939 7.549179073960161
940 11.560068138608546
941 9.96622211991711
942 7.454429262402912
943 10.840004675115402
944 9.070163391143168
945 11.63850148645948
946 12.289663501540529
947 11.785868750473385
948 12.885580804100577
949 11.596464493203602
950 9.423778777154658
951 15.156775333196206
952 11.768008063788228
953 12.951977550443708
954 12.682790816432217
955 9.495723236246592
956 7.515092939974231
957 8.70278399768237
958 6.081636044085961
959 10.953322661155193
960 10.251315421501733
961 15.679315092543007
962 10.941260028644281
963 9.063457898257793
964 9.78007556394744
965 11.82534451572839
966 12.060766556260923
967 14.582252272439403
968 11.774466571171233
969 16.08595122351943
970 22.513543394626872
971 20.773896886597505
972 20.600387931393755
973 22.136809375298018
974 17.21188875308484
975 16.80365798372284
976 18.425523309988307
977 17.583569585193217
978 18.832632311488407
979 17.915389341637606
980 18.315187690725686
981 21.125082234385076
982 17.410760940937354
983 13.426415263162017
984 13.177163658707466
985 19.55867380931635
986 19.345018749963884
987 20.72477330910998
988 18.920483413071555
989 18.55834686637124
990 18.633361907846545
991 17.705790313000268
992 19.312963657461946
993 18.991219849825562
994 17.44573033184754
995 17.17911100368016
996 15.101143546451702
997 15.941813919455075
998 12.375242381796333
999 12.41590013532604
1000 12.819038785289184
1001 14.10845553504321
1002 9.486923961819148
1003 12.958628692191754
1004 12.957464428337913
1005 13.445353385620104
1006 13.17688918824914
1007 15.025383786446772
1008 14.107333248171047
1009 19.225426998124345
1010 19.729107165004798
1011 20.22959173958771
1012 18.419234338810824
1013 16.80683168244032
1014 21.0299816463469
1015 21.751992132715895
1016 17.71150399868187
1017 14.152800490104577
1018 15.686761151597693
1019 18.992451759431887
1020 21.983572660072245
1021 19.007258001250584
1022 21.299623653543673
1023 13.201960060942746
1024 13.078548091951518
1025 17.698985527752026
1026 15.741769887791826
1027 16.436823441725764
1028 15.54501954257513
1029 13.158867382252634
1030 23.363428849420753
1031 21.45912074308553
1032 19.621271324459894
1033 22.19700792525362
1034 23.059539024729023
1035 20.311314946651496
1036 20.9334911261687
1037 22.478006009251335
1038 21.636402531145624
1039 19.368742576833785
1040 18.79464433127462
1041 16.90193148023273
1042 19.80324214993823
1043 20.278714300403934
1044 16.874845984857068
1045 18.209791483978066
1046 21.713243725976117
1047 20.319907947693782
1048 19.469019378670506
1049 19.788786431528017
1050 26.11253480030069
1051 23.97002764700837
1052 25.817052069701187
1053 20.389780660501103
1054 26.64503041336381
1055 24.351026631923066
1056 24.41454608371071
1057 28.01132594251417
1058 24.39692698685644
1059 26.4452931395921
1060 25.22597381372624
1061 24.160727742742264
1062 24.837387973051573
1063 27.105292203307496
1064 26.19717656383463
1065 24.12976928531145
1066 25.80978619924074
1067 28.635830708056556
1068 27.636151906482702
1069 27.40441972357317
1070 28.369202911050103
1071 26.510529969313687
1072 27.460597408156385
1073 25.800247356323794
1074 27.631393090969613
1075 26.807631064014274
1076 26.866428762414184
1077 26.259390440009067
1078 26.476839289907673
1079 24.00147416832889
1080 24.07528998547215
1081 23.318056819726124
1082 24.210235203984823
1083 25.50387396020769
1084 27.543547004715332
1085 28.686548379457314
1086 26.587660650014946
1087 29.208897456172494
1088 30.427231312815337
1089 31.58872146386213
1090 28.844319022465324
1091 27.416530441765577
1092 28.680597230767454
1093 31.569934582888877
1094 31.63353207250924
1095 30.96154464096684
1096 30.911878399503095
1097 28.845044923518017
1098 29.36656143960713
1099 27.63956207295594
1100 28.776195865125345
1101 27.660808879530308
1102 30.94720089180086
1103 27.907750457129968
1104 24.896056585745097
1105 24.993758665678627
1106 22.48557526714186
1107 21.91766302021037
1108 23.779271751751654
1109 26.579744963043503
1110 22.896937303457534
1111 22.115659304889206
1112 26.192518822613724
1113 23.52560353214195
1114 23.764377703666955
1115 21.386882440513023
1116 19.86513177182525
1117 19.675326762877884
1118 17.443284846906234
1119 17.451666298956088
1120 19.49742993740097
1121 22.95116728898902
1122 26.51978332707294
1123 24.300960728025075
1124 20.819873441813364
1125 23.72212273245471
1126 26.88149716993193
1127 26.914652145947944
1128 29.316982813987803
1129 26.596267935070195
1130 28.97555423136077
1131 26.5464881526119
1132 27.452259354628776
1133 26.17332965742342
1134 26.310821221909436
1135 25.122494269837784
1136 27.559625441299538
1137 27.788883286449455
1138 27.205852225216965
1139 26.830825590269804
1140 27.22398784309207
1141 26.419132630248193
1142 25.76521024686716
1143 26.305055496282577
1144 26.62379090366815
1145 26.23386187118077
1146 23.96961268023405
1147 27.15144716259447
1148 25.912504941521643
1149 27.371374279861666
1150 26.806606933779076
1151 26.92495400019526
1152 27.943297876054377
1153 28.280253846624923
1154 28.954602013266385
1155 31.124032946511086
1156 28.689643116989174
1157 27.145580738466478
1158 22.764852941765913
1159 24.497559677972436
1160 27.07582085681501
1161 28.03994712049234
1162 28.67210042555522
1163 30.236107590760152
1164 29.894116839430087
1165 30.015609476008578
1166 30.612597029246288
1167 31.329119644631906
1168 29.744868892932914
1169 31.16791596300263
1170 30.46500534591042
1171 33.33209719428495
1172 30.68419798117656
1173 30.259426470488506
1174 32.218470863011184
1175 31.093910404541102
1176 29.158691693719614
1177 28.59150123265336
1178 28.370060674034594
1179 25.33246871851567
1180 29.194126439419517
1181 25.506247729960126
1182 27.414879191367767
1183 26.600802848861733
1184 27.080357173215514
1185 28.03339722271475
1186 28.977056384916686
1187 29.66505444149924
1188 26.6590081984392
1189 27.45155831919178
1190 26.439292371113748
1191 24.907491520627254
1192 28.076425527660383
1193 26.429738681988045
1194 28.901914643379392
1195 29.467357674185564
1196 30.54812194825497
1197 32.06576076469418
1198 32.62459906739404
1199 30.86422653301939
1200 32.513266794001034
1201 31.378222146812558
1202 28.898507031588874
1203 27.936892821293984
1204 28.113959353795817
1205 27.68283212988186
1206 26.26706436779283
1207 27.139604774189692
1208 25.4024638295115
1209 28.500911160170055
1210 30.895235109461517
1211 26.904644588922597
1212 29.636818998560248
1213 31.46799213231044
1214 31.096264652237448
1215 30.845841685236213
1216 32.82144402404506
1217 31.733668425607163
1218 32.019346798650716
1219 31.443471429485328
1220 33.27813357211203
1221 33.29428543639363
1222 30.667927931526226
1223 31.137668617309707
1224 28.64393872615451
1225 29.94323952562945
1226 31.216728404030718
1227 32.0580410681914
1228 30.997193048007926
1229 30.928186859307207
1230 29.09044763028603
1231 29.78828434217065
1232 28.536064386003247
1233 26.07419824212262
1234 28.15027133286599
1235 31.6019480038198
1236 29.754657713188045
1237 29.6855708120352
1238 30.668973951960687
1239 31.858791517961695
1240 31.27089877323832
1241 29.866470898066556
1242 29.514233475906178
1243 25.52462972036608
1244 26.908257335599114
1245 31.530957894866226
1246 32.78168956184541
1247 32.54392255271644
1248 33.8036246785659
1249 30.939667099172755
1250 32.53012663611709
1251 30.708620044506592
1252 30.880983314770045
1253 28.290870863913668
1254 28.54900352807483
1255 30.288944616384846
1256 31.111649900711026
1257 29.923051925339337
1258 28.780321886915026
1259 28.82458908219612
1260 27.403397009227444
1261 28.10020647197102
1262 29.41729049173663
1263 26.080823432175546
1264 29.748585201263108
1265 29.10719400034293
1266 26.71318848654108
1267 27.914440485564317
1268 26.979468555405482
1269 27.201591689410193
1270 27.8365117402097
1271 28.912703996136173
1272 25.209829359528378
1273 27.542494288722246
1274 27.453065859155892
1275 27.6318311256679
1276 26.8901658954413
1277 28.776538773213062
1278 28.37910885683995
1279 29.54284061279185
1280 29.96185672586118
1281 29.81695875106309
1282 31.256742887917753
1283 31.658151897872962
1284 32.49201636036551
1285 31.658792404813383
1286 30.15866016971285
1287 25.79329915960628
1288 28.993072638265144
1289 27.615727666206897
1290 27.217555429362584
1291 28.243678067351404
1292 28.204995229822682
1293 28.45097413673162
1294 31.103670939050655
1295 32.04039042388587
1296 32.339419122975066
1297 30.10987681120096
1298 31.673963935412903
1299 33.464729895797255
1300 33.14410183504385
1301 32.634192745394394
1302 31.46583881544599
1303 31.274736237535976
1304 31.65580777422481
1305 31.002364396133768
1306 31.193335591772232
1307 30.779733459231043
1308 30.803186809399584
1309 30.505790862715404
1310 30.2389976754163
1311 29.478999755691973
1312 28.78276699955288
1313 28.182332479683435
1314 27.418619416010447
1315 25.948402725719784
1316 23.94891116326886
1317 23.989119062162516
1318 24.814323624404253
1319 24.08443942757111
1320 24.78891572730034
1321 24.1053880683004
1322 28.97138874226665
1323 25.104400717690044
1324 25.878089934707912
1325 26.268673674026104
1326 25.988396704855695
1327 23.380240187967075
1328 26.07593545179695
1329 23.718770623601824
1330 25.396563538401903
1331 25.717546266411187
1332 26.272856798943742
1333 23.44875310502127
1334 23.274998826237624
1335 25.649421296193786
1336 25.387577211249237
1337 25.760454726708385
1338 25.96136097151641
1339 25.186355466736163
1340 24.609048922567585
1341 25.11127554494307
1342 23.203728991903287
1343 23.825095054028726
1344 26.319301913520253
1345 23.923773243863053
1346 24.8644557742538
1347 24.444098576018213
1348 25.10642782129453
1349 26.561132538218626
1350 28.895655550066458
1351 28.073005115104703
1352 27.936705957109577
1353 28.367506366170236
1354 27.98716586151978
1355 29.893711116637338
1356 29.452963333054424
1357 28.14151512117741
1358 29.834908720234683
1359 29.259898260595875
1360 30.056084171453076
1361 29.900727376710016
1362 29.98741030088081
1363 32.120382558841904
1364 30.631210358382273
1365 31.81855666698937
1366 32.13413734426125
1367 33.08240509492514
1368 31.32931370699349
1369 30.00838122564413
1370 31.698354941057683
1371 30.03808329584432
1372 29.967858427003097
1373 32.269980904071524
1374 29.612376615126813
1375 29.406716750387915
1376 30.200508317800036
1377 30.922546075069167
1378 32.08621689747616
1379 32.68028508824247
1380 32.4212763089978
1381 31.22008787813634
1382 30.568795000910203
1383 31.029573759176195
1384 32.74252146459013
1385 31.94501094680165
1386 31.96580399309922
1387 31.498052781195312
1388 31.033181652394205
1389 30.922107541948936
1390 29.54147879265015
1391 27.5814013262761
1392 25.5514351388057
1393 25.835974489013417
1394 27.798503972700246
1395 28.783143045954397
1396 29.31535048057893
1397 29.21282059374339
1398 28.743811111402238
1399 31.089737669880304
1400 30.201736195331243
1401 32.38025544271458
1402 30.132209116121462
1403 30.599493767933147
1404 32.134916591936914
1405 31.887209521698395
1406 32.23694125756567
1407 31.3248414662122
1408 31.34737651228498
1409 30.704443088805807
1410 30.726978833011785
1411 31.968837411484035
1412 31.88649048363864
1413 32.51361719289849
1414 32.711406053571324
1415 31.87075134035726
1416 32.67494943728412
1417 31.033161561430248
1418 33.17010665848831
1419 31.636725536115076
1420 34.08977879558524
1421 32.892018554393346
1422 33.40594499313141
1423 34.23200787948817
1424 34.50735506209335
1425 33.694261173766755
1426 32.35701534117846
1427 31.32253935652106
1428 34.939503562886344
1429 34.15211956956359
1430 32.86828878160715
1431 33.139052275586025
1432 35.4643869765837
1433 34.435539951670364
1434 33.36803772765022
1435 31.714926393470375
1436 33.741931736566244
1437 32.56223470451754
1438 34.66666935461027
1439 32.517344231924234
1440 35.785666610503085
1441 33.94550138722844
1442 34.8219047615261
1443 34.72849551498024
1444 34.01621769114043
1445 35.12376361319173
1446 34.005439334404755
1447 33.52308781852416
1448 34.442347411107775
1449 33.93643277200285
1450 33.773589104267614
1451 31.997620490964202
1452 31.56095453225928
1453 30.415076142842686
1454 32.11174971773082
1455 33.1906024415922
1456 28.778598360627353
1457 30.93906045119653
1458 29.04068746563574
1459 31.84347602426113
1460 30.347227298860847
1461 32.73366121415691
1462 30.955041973817174
1463 33.337781231741836
1464 33.14107235036485
1465 33.40012067560656
1466 33.40449863144969
1467 32.461287291427304
1468 32.10257550921947
1469 33.10876907565319
1470 33.373441834156715
1471 34.17633533003804
1472 34.258549595187766
1473 30.377016761019114
1474 32.50699926837864
1475 31.93813044762244
1476 32.8219849635382
1477 30.651140545731817
1478 32.482268818154026
1479 29.53199976641625
1480 28.986550216874097
1481 26.493989148890954
1482 25.814246952674633
1483 26.028005170382695
1484 25.42284058127426
1485 25.69600647679769
1486 26.99375903122472
1487 27.98461718427179
1488 29.21892255845046
1489 30.945530809814493
1490 30.55045961154811
1491 30.899696490331696
1492 32.83676424712732
1493 32.044151763665866
1494 32.377881645503365
1495 31.10801923659898
1496 33.5687079665814
1497 32.160133587384635
1498 31.09299799089187
1499 29.96059339702633
1500 32.898425931292735
1501 31.114133015895103
1502 29.0418042037563
1503 26.14450879772083
1504 25.951982705345404
1505 28.541794952722295
1506 28.14159736367234
1507 31.24249897810025
1508 29.486846213137056
1509 32.42779243333324
1510 32.202659319298974
1511 33.58959869145077
1512 32.377088997366165
1513 31.334767998225907
1514 31.60120750978794
1515 30.732123512041856
1516 30.01111716748923
1517 32.56048520820977
1518 30.872088207130922
1519 31.683105605328016
1520 33.239862971522825
1521 31.93091311445821
1522 31.84815011908878
1523 31.382179703389
1524 31.460093901652744
1525 30.230589099562128
1526 33.935385771111065
1527 30.405443080843664
1528 33.2884452691687
1529 32.903792993877055
1530 32.73612420758111
1531 32.83523547654358
1532 32.636579273435146
1533 31.717318782101636
1534 31.71021472813709
1535 31.562502353418864
1536 32.20839521395038
1537 31.065566311472132
1538 31.734383127202143
1539 31.82865628367932
1540 30.629919802978872
1541 33.26827986888707
1542 31.59987380869382
1543 31.11061959878649
1544 31.208997937109306
1545 30.506484326757636
1546 30.382370585456652
1547 31.951593073808667
1548 30.296862880499745
1549 32.6582682133721
1550 31.602334265578783
1551 30.20663894776129
1552 30.363638140552357
1553 31.924046775549755
1554 29.952391714593436
1555 30.544692116299558
1556 30.99555610703126
1557 31.288787934481608
1558 30.19372066030759
1559 30.566848217328342
1560 31.957266303301896
1561 32.80737298930605
1562 29.097886240796456
1563 32.20412407200201
1564 30.9557974374597
1565 29.501401880273043
1566 29.699539755392493
1567 28.240829378248037
1568 29.62733087965431
1569 30.225329187258765
1570 31.1646157518238
1571 30.150680123777168
1572 30.534320546422844
1573 31.66323210691014
1574 26.241788451723743
1575 25.714070694116224
1576 26.837147669675154
1577 26.270264914275057
1578 27.706622000983927
1579 25.25803485846641
1580 27.264598227919073
1581 27.82795623191538
1582 27.227103320210286
1583 26.097806886399912
1584 27.214326102980635
1585 28.295917598246646
1586 24.462207305888562
1587 25.618972078022768
1588 26.017609983864478
1589 26.33438075212323
1590 27.430018788442304
1591 29.179489271885767
1592 30.587341147948813
1593 30.260246118855946
1594 26.397135683847015
1595 25.12854984897783
1596 27.07028050159335
1597 29.05693940120243
1598 29.860243326359605
1599 30.712429963930028
1600 30.650109163174314
1601 30.086312232137878
1602 31.380908938799415
1603 32.18993878579464
1604 30.526918317073264
1605 29.767881240255537
1606 29.516776910304454
1607 29.011262383751824
1608 29.95037692010847
1609 30.395778097644094
1610 30.347793320100834
1611 29.87186520418508
1612 30.9526899862662
1613 29.70858017453038
1614 31.35335513375504
1615 30.307616574256354
1616 29.64280872213559
1617 26.62205835752024
1618 27.83360124541227
1619 28.468726260651792
1620 27.16720349602962
1621 28.19394256925234
1622 28.54112343745697
1623 28.424550223597663
1624 28.7410757622454
1625 28.218351112522644
1626 28.490914321614568
1627 29.579295170958943
1628 25.62600215778182
1629 26.442073726041134
1630 21.879439425009295
1631 22.90557313183458
1632 22.869182867975113
1633 23.4990746745946
1634 23.795988027216122
1635 22.8247588689484
1636 21.097077584037596
1637 27.798495759213132
1638 26.70123716012719
1639 26.727417005078053
1640 26.49894934170076
1641 29.514015957292088
1642 26.63944298992434
1643 27.587924995665745
1644 24.922085048280515
1645 24.420751016114192
1646 25.593147243384795
1647 26.02049061452898
1648 25.356804351306163
1649 23.28235775544271
1650 23.156439654285972
1651 23.515939774681087
1652 23.245008858434044
1653 22.182396250585874
1654 22.91175533741902
1655 21.370053543217242
1656 21.108937650882332
1657 22.400847459498397
1658 23.843175824894164
1659 25.34872331077879
1660 26.031301280296972
1661 25.507661937786235
1662 25.752599969628385
1663 25.078072026448307
1664 25.449108364352043
1665 26.309317598502133
1666 28.16161390426654
1667 28.124267341125687
1668 28.075834389494318
1669 27.048669037628503
1670 29.864356095791116
1671 27.08552052832272
1672 26.950274724547885
1673 27.556488735744445
1674 30.07771516340155
1675 27.28358843957268
1676 27.281788677603487
1677 29.00542407707788
1678 28.856402814785877
1679 28.567549534791198
1680 29.27131629121505
1681 30.644503872903208
1682 28.081313719815906
1683 27.787312069100818
1684 26.495499872582695
1685 27.908841600233327
1686 28.310470008790208
1687 30.815743832652434
1688 29.54037757531616
1689 29.01835131364949
1690 28.067991987242408
1691 28.823369010765358
1692 26.797931315903725
1693 28.966636757183984
1694 26.393809367846572
1695 28.457097808052417
1696 27.209645569248114
1697 26.837080850541774
1698 29.359010833220534
1699 31.0091866181314
1700 28.627472457867285
1701 26.974692090418667
1702 29.60126699483915
1703 29.423555135148238
1704 29.487774305025017
1705 29.00240169356302
1706 28.528693765020275
1707 27.98119310064377
1708 29.444335923224024
1709 28.896040596008834
1710 30.540252555073643
1711 29.81810701362791
1712 31.691228331152114
1713 29.20986336493109
1714 29.664539405594965
1715 29.62210354652648
1716 29.519435634051455
1717 30.008479864739538
1718 30.485917216613753
1719 30.426796651285343
1720 30.847937201584987
1721 29.420731900082494
1722 30.19885730941226
1723 30.68522143978813
1724 29.919045001970975
1725 30.217070279349105
1726 30.56386984367151
1727 30.689383060051036
1728 27.320777720306214
1729 29.481024700637658
1730 28.20447602470928
1731 27.606148349152726
1732 29.38439974527774
1733 26.80508035512337
1734 26.864576456014454
1735 25.162781880029247
1736 26.49244013364258
1737 26.289810563047592
1738 25.29864117003262
1739 25.64677848100804
1740 27.233557150523158
1741 23.672218244211663
1742 23.764106406233605
1743 25.484205188031652
1744 26.053190652399
1745 22.367914252488184
1746 25.61729945467998
1747 25.64416925903707
1748 28.18438052460878
1749 28.05196094769861
1750 29.852389109276373
1751 27.065760885072326
1752 27.091636427707492
1753 28.880290590949237
1754 28.093700554854056
1755 29.082645654503185
1756 28.451326199588475
1757 29.274106043770413
1758 28.164145552388156
1759 28.853885443973954
1760 27.514501988048494
1761 27.306589977060675
1762 29.458731102922297
1763 27.928308726785485
1764 26.4366639435448
1765 27.034044570930856
1766 26.829423561687065
1767 27.438626442027356
1768 25.42181234740669
1769 28.60659822407902
1770 28.66357470091195
1771 29.22199210878339
1772 28.42037994216793
1773 29.82260016878733
1774 26.98218778072228
1775 29.3925704408299
1776 26.83097389131524
1777 29.452683194009925
1778 26.661444251368934
1779 25.57244829149367
1780 25.640708746674033
1781 28.19691828312652
1782 27.310222787917283
1783 26.726018835247476
1784 26.673999369222134
1785 26.93725288278581
1786 26.615172514571263
1787 25.23248715150153
1788 24.909952062885015
1789 26.27042111849596
1790 26.632997759220498
1791 24.471216615365144
1792 28.58410409158579
1793 28.75662714414435
1794 27.607013091602497
1795 28.578313945212308
1796 30.337670012939054
1797 27.541977591449726
1798 26.499928642581363
1799 28.44849370380663
1800 25.455723270715023
1801 27.28910135189513
1802 26.997702419040554
1803 26.325236317617154
1804 28.51882901991283
1805 26.56666186036469
1806 28.284635611810078
1807 26.2444557322174
1808 27.059543914448724
1809 28.041778793454814
1810 28.009099097018517
1811 28.6289512039259
1812 30.820861843394294
1813 27.507461516539045
1814 28.577424580235398
1815 23.182150254464066
1816 27.69537031999067
1817 25.901968526080427
1818 25.036588770252038
1819 26.610559725144967
1820 27.240047040162548
1821 27.625556511182154
1822 24.75436553783115
1823 26.38092511400836
1824 26.890134780053145
1825 26.066667303826435
1826 24.770863270818992
1827 27.60023066642806
1828 29.592278684159513
1829 27.83566525179114
1830 30.114430572990166
1831 28.63632592250249
1832 28.411127213349587
1833 27.48562702409692
1834 27.324054896674145
1835 27.86410175060659
1836 28.63588587183864
1837 28.344789898427713
1838 26.739624818383767
1839 28.676989124968323
1840 27.81518980352371
1841 29.848689418067018
1842 29.773008740210383
1843 27.55509745658729
1844 26.56207247289459
1845 27.754972778483218
1846 25.380723742273467
1847 27.74429021750001
1848 27.534341645538454
1849 27.406107294840613
1850 29.445292291109123
1851 28.452326840493143
1852 28.92973565591036
1853 28.61397715717454
1854 26.921974710052805
1855 31.870426027857906
1856 31.14307555846098
1857 29.34942329970926
1858 27.586446793192234
1859 29.071491185467867
1860 27.69050667502794
1861 26.41963679304522
1862 26.98312583840142
1863 25.89001406292502
1864 26.729730531053708
1865 27.04836407327446
1866 28.298190449963396
1867 28.087831444802674
1868 28.459434284424056
1869 26.412397848210762
1870 24.212290941841975
1871 24.87909321322324
1872 25.899349785940046
1873 25.574299346425903
1874 26.57226986700703
1875 27.33528273996418
1876 27.143226815006
1877 27.856591909535396
1878 29.887237623034903
1879 28.472543643911347
1880 25.511718283116625
1881 21.459223266191273
1882 23.621151297577736
1883 21.769407148336647
1884 23.327776647124185
1885 24.819162957943632
1886 27.50259400832317
1887 27.546099855684183
1888 28.18043303547628
1889 30.29780771119014
1890 29.06573278653581
1891 28.80574750532034
1892 27.37265202271708
1893 26.50057987986556
1894 30.00442407692002
1895 28.807715833657713
1896 31.163638136466982
1897 29.489012476627085
1898 30.343069654493476
1899 29.225582305093894
1900 30.917421117130072
1901 30.46670320679343
1902 28.246419606730907
1903 29.75357996602577
1904 29.392903900499586
1905 28.426020213799386
1906 27.67726560264473
1907 27.79870822293184
1908 27.886154953772177
1909 27.80855178436747
1910 28.14698556222741
1911 26.05862865458359
1912 26.7393079491252
1913 27.12506417732219
1914 27.663935818623212
1915 29.097476038382226
1916 28.48435884444847
1917 28.89044102555014
1918 28.082798253203784
1919 28.531417356598034
1920 25.517226965331076
1921 28.122037771033824
1922 27.998495642331363
1923 28.669118094052592
1924 29.114377405348915
1925 29.589507892818695
1926 29.89295242078317
1927 29.956687433339507
1928 30.995155348828018
1929 31.79964658216974
1930 28.59447529326893
1931 27.825644605081916
1932 28.642177959429624
1933 29.40420921478148
1934 30.138567424615403
1935 29.583148627855053
1936 28.528734699302447
1937 29.118831110121025
1938 27.908051029606703
1939 28.64496512388503
1940 27.931607156767683
1941 28.96964582477702
1942 28.083235125883448
1943 25.6335312801337
1944 28.56253346583768
1945 27.021869850826704
1946 26.767192019089034
1947 20.94923038760847
1948 20.535359465058843
1949 22.48797514933023
1950 23.05339626157465
1951 22.58394003116685
1952 21.499560567722014
1953 22.47311932468218
1954 23.035697207903247
1955 22.08290465965505
1956 26.549474751968706
1957 24.690594998093776
1958 24.523574858809074
1959 25.87162078274796
1960 25.53781311094307
1961 27.289681307175275
1962 22.8186776102867
1963 22.698372182886292
1964 23.93261030958706
1965 20.503442782748966
1966 21.166171159359646
1967 21.342946209944042
1968 22.194625789945373
1969 26.156215762479018
1970 23.922075964238115
1971 22.663328353665907
1972 22.776720233022548
1973 21.23286593038542
1974 21.632094227238856
1975 23.079374735279337
1976 21.546010278655817
1977 18.61580714965625
1978 18.346783308312254
1979 17.545652883780743
1980 20.14806484749893
1981 16.942267277754738
1982 19.22135894583823
1983 17.502306022295368
1984 18.903340310423946
1985 18.833129320123255
1986 18.0866853674889
1987 17.048495193124996
1988 16.959302861623836
1989 17.465503002735243
1990 20.606623087039388
1991 22.629156921703544
1992 21.073376267410097
1993 19.390981884590474
1994 21.666011828475828
1995 20.401385921149796
1996 18.086945440875162
1997 19.736734693788954
1998 23.178333658650317
1999 20.43063284130516
2000 21.716676237446713
2001 20.90379806618017
2002 21.800487580542956
2003 22.783725094784437
2004 18.668245480221238
2005 19.754773898365492
2006 21.19015558561066
2007 20.043059903975486
2008 21.771524511463255
2009 23.554328163395287
2010 21.44013257868375
2011 18.75736465147027
2012 18.03180925614689
2013 21.376078902650285
2014 19.217292350559717
2015 18.525418381016717
2016 19.436390192252443
2017 19.028910185839088
2018 19.680946601029227
2019 15.961847794153586
2020 16.432439158989787
2021 18.18049423154583
2022 18.622983482047484
2023 24.795821087229513
2024 23.783314961667006
2025 23.02401453258336
2026 22.834152672711166
2027 24.99487297689737
2028 23.3052565522266
2029 24.27309942610632
2030 23.76200835168968
2031 25.064297357585172
2032 25.457510785832817
2033 26.369782357097304
2034 26.581111826524225
2035 25.569322265906603
2036 23.699887230810738
2037 23.248735080954887
2038 20.564917963830823
2039 21.067920404219
2040 19.727896246526985
2041 19.79882514431221
2042 20.32459490630722
2043 20.628975993420436
2044 21.37271607399873
2045 21.556897954947793
2046 22.457500999134105
2047 22.606581029483515
2048 28.162805993665152
2049 21.80244015190733
2050 24.235024227148866
2051 25.859777784698473
2052 22.319527927589043
2053 18.19777338052432
2054 20.1756892162722
2055 23.442742427074897
2056 26.999241385081856
2057 25.083085231077202
2058 26.23661014074923
2059 29.75030494754255
2060 29.40298259563934
2061 27.44461130282223
2062 27.290090295845882
2063 26.43933348324911
2064 25.43212311877051
2065 25.208135471781002
2066 25.915150222475855
2067 25.18293216652279
2068 26.992647400941873
2069 29.09064600783672
2070 28.712358051540086
2071 27.834286223233804
2072 26.989950591215827
2073 26.327063690821795
2074 25.956010389685844
2075 26.853389669550513
2076 27.327053439786503
2077 27.70689955966344
2078 27.623235840518745
2079 27.45956097862448
2080 29.739649596213066
2081 31.123708329597495
2082 30.26847980952983
2083 29.411591975744976
2084 29.04947111095443
2085 29.63856841451362
2086 28.42763839981905
2087 29.0194833486045
2088 30.248305310055382
2089 30.41487773639346
2090 30.807945986399265
2091 27.852853482309257
2092 24.52714772999681
2093 26.444821493609794
2094 27.377858053985303
2095 27.536532687522815
2096 30.59084462349484
2097 29.80074605414965
2098 30.297152472999574
2099 28.623220879397547
2100 28.420434446458252
2101 29.361473259615988
2102 28.370148863296038
2103 26.672249492155938
2104 26.43260765787676
2105 25.4518957298252
2106 24.85365301331154
2107 26.26500265438448
2108 26.90723270313652
2109 24.568895127542355
2110 26.300150825447005
2111 28.373179503561243
2112 28.8913237413243
2113 26.459138103296663
2114 28.112364499727875
2115 29.873877327278237
2116 30.674173496742803
2117 28.83782462678839
2118 25.334967228334037
2119 27.158337845793348
2120 26.10889397442733
2121 26.46306206300808
2122 25.395698687516518
2123 27.80035975957678
2124 22.242542321258675
2125 23.361430821037324
2126 23.862921528150096
2127 19.841606766873415
2128 18.424410423587613
2129 21.39419226191289
2130 21.749286062025654
2131 21.192189553173048
2132 25.510409831931778
2133 25.407469871718686
2134 24.543413525347805
2135 24.081666351023912
2136 24.71527185755561
2137 22.733886888487344
2138 20.87513141281017
2139 21.782074625432244
2140 22.352188005778128
2141 27.070837273109387
2142 25.734640274572662
2143 25.379171903131006
2144 25.88361480225181
2145 25.871217912451282
2146 27.062439964231462
2147 27.95680451995133
2148 24.102628910166924
2149 22.922201673139828
2150 23.14369100347195
2151 26.705426639476592
2152 23.99224591716103
2153 24.26238743506241
2154 24.482799759436773
2155 24.505913000373145
2156 26.04843763912645
2157 23.40949663444852
2158 22.33076490787664
2159 25.119910591234316
2160 25.801571985245978
2161 25.53986033697951
2162 25.82973998396396
2163 25.333314461645426
2164 25.846624517589834
2165 26.093271093302523
2166 26.11091971505675
2167 25.26986052305229
2168 25.230814432432396
2169 25.50647072364784
2170 26.838887924913937
2171 25.53341173283827
2172 25.607870799714632
2173 25.340190764073224
2174 24.62226647995903
2175 25.453085755526626
2176 25.409523754919327
2177 25.11698442326792
2178 26.308069758406173
2179 25.295239635930315
2180 24.56796987820031
2181 25.802337799376183
2182 28.52786638905436
2183 26.666548087308048
2184 26.13639133099004
2185 26.385436892555788
2186 26.88955774533022
2187 23.86532455140628
2188 25.48940146891795
2189 26.54729365875671
2190 27.19897590835491
2191 25.019367332235845
2192 28.40660391151215
2193 28.18612958289351
2194 25.689455127098608
2195 27.378444191678184
2196 25.184236121621364
2197 27.665334480563562
2198 27.473611010306215
2199 26.398606519018806
2200 27.540252575294936
2201 24.02492807755068
2202 24.514811678370673
2203 28.195317798846126
2204 27.615112384441314
2205 27.801090463124556
2206 28.155359180879067
2207 27.26613960102134
2208 27.30744086291714
2209 27.333232003981838
2210 26.813534549671385
2211 27.542357699797467
2212 27.38498766592549
2213 27.174415010446594
2214 27.331400567300754
2215 27.284028040886504
2216 25.39170512792887
2217 27.356829471815807
2218 29.11864110133982
2219 26.99111876490912
2220 27.45446964344276
2221 28.14902961329574
2222 31.427609604235002
2223 31.26362730667403
2224 28.89581164977157
2225 27.682618662911256
2226 31.09366255405432
2227 29.133936709053824
2228 31.085340525244085
2229 28.32682157817237
2230 27.145636143548018
2231 26.46971108561812
2232 28.245069893866443
2233 26.653247033451382
2234 29.93213139187861
2235 28.801628802573614
2236 28.233812403224068
2237 30.239703735334153
2238 28.6945198041524
2239 27.553454733242727
2240 27.324717033799274
2241 27.100823336297587
2242 30.657285898074
2243 28.49599041528469
2244 28.9932343970469
2245 29.763854647976352
2246 28.064800217294025
2247 27.139281064116005
2248 29.77083565474231
2249 28.84102002936527
2250 28.947954628933537
2251 30.294608877264036
2252 28.928521145954132
2253 28.629659284669135
2254 28.77799784245885
2255 27.22025254748463
2256 27.044300015025865
2257 27.892079452349755
2258 26.673809974790295
2259 27.746551660681792
2260 29.39268159260452
2261 28.31210811655504
2262 26.44217936336294
2263 26.734152648351788
2264 27.728806344391952
2265 29.952895796135078
2266 27.141459184690873
2267 30.76309562186477
2268 30.426346563677956
2269 29.44832500726781
2270 31.07851347901996
2271 30.62600734367651
2272 30.990959748423634
2273 29.679108173179333
2274 30.4832000034853
2275 27.430191270896717
2276 26.61212559605032
2277 25.439675182932245
2278 22.225908554233236
2279 24.911555499344093
2280 26.053727322925692
2281 25.947838966897407
2282 22.208703187941296
2283 23.204278561228225
2284 23.691480321658844
2285 21.88252932485343
2286 25.037979835029937
2287 20.07414329599194
2288 22.546385671773898
2289 23.31984706089133
2290 22.3568254906753
2291 22.479283332670132
2292 27.698468298061357
2293 28.894921117155107
2294 26.924559154589847
2295 25.951222336751464
2296 27.787398534949446
2297 27.464811042208545
2298 26.327585417146196
2299 27.15722767856823
2300 29.161512000178746
2301 28.79385198041142
2302 30.860838627894864
2303 28.967290854304782
2304 29.913897850242552
2305 30.917503617420024
2306 31.99527597572371
2307 31.671110599125463
2308 31.548766868518918
2309 31.821925381975266
2310 30.902562482734393
2311 30.191168804838092
2312 31.421931672066126
2313 30.887434627153755
2314 30.259979483326642
2315 28.242027920754285
2316 29.497804516396602
2317 27.065749048748835
2318 26.256359321684617
2319 28.53481235638323
2320 26.776481348913016
2321 27.689670381551196
2322 27.922080860585204
2323 26.81099914498911
2324 25.806557489383277
2325 27.83943585038007
2326 27.335109677064384
2327 27.45994200854004
2328 30.61798769813814
2329 31.575491665671315
2330 28.832163177748583
2331 30.022755389671932
2332 28.223685963643938
2333 29.287032381161364
2334 27.885359877982744
2335 26.098302224666455
2336 27.063068332094527
2337 29.93171882351299
2338 27.24533980596308
2339 26.727636868119546
2340 26.14635815628003
2341 30.613477313814606
2342 28.542777441206965
2343 28.33667158105808
2344 28.04455712126463
2345 28.42448533657043
2346 25.4839418616018
2347 25.693147858666254
2348 23.34046847882622
2349 22.116784421036865
2350 22.51462664019107
2351 24.317323445586464
2352 23.654863427284273
2353 21.412678592791295
2354 19.95603583208893
2355 19.168832447632287
2356 19.934011315945153
2357 20.22351875733785
2358 25.14807014799777
2359 24.657288950877067
2360 23.867042886607198
2361 24.608560516036157
2362 25.215672326568516
2363 22.720433725831306
2364 25.61168412551473
2365 26.433710490422484
2366 27.093012290026483
2367 26.42271076806882
2368 28.104895189161713
2369 27.461863504736517
2370 24.79073240280871
2371 26.951558976952857
2372 27.73598115560111
2373 26.337338479624837
2374 26.503723158855188
2375 26.42111450276124
2376 28.653329279207213
2377 26.806996472423148
2378 29.70235214562663
2379 29.82862714086025
2380 30.41220220631085
2381 30.908726582308315
2382 31.053307481694933
2383 30.953885881366695
2384 30.690540880724267
2385 29.254871512029847
2386 30.92322950407115
2387 28.274727465813903
2388 29.78612018061184
2389 29.256613012170085
2390 28.886154620876237
2391 28.473512455829354
2392 28.253798522273396
2393 27.38323521606757
2394 28.43608349381441
2395 28.671754246702214
2396 29.904924723791225
2397 28.65145512047589
2398 30.299123081725085
2399 29.179990664318257
2400 29.76928386679049
2401 29.162372427193024
2402 29.68071122749262
2403 27.629019845317167
2404 27.465317053196276
2405 28.065088347923822
2406 28.22146984798245
2407 28.28422894545568
2408 28.886822062971213
2409 29.004522064485908
2410 29.204908172824034
2411 29.338768955660964
2412 28.97651076533809
2413 29.715999529333445
2414 28.617071990259355
2415 29.421254723956928
2416 28.523142178991268
2417 28.61007678139303
2418 28.063955315034086
2419 27.650276855186494
2420 29.01335036778098
2421 29.955003839173376
2422 29.692548865856462
2423 31.045672631027564
2424 29.182058742289527
2425 29.800562479458435
2426 28.22374555856349
2427 28.259932545867755
2428 30.05833468907517
2429 29.002941294765442
2430 29.42765397240706
2431 28.39520774479203
2432 28.357617213301378
2433 29.20762547104361
2434 29.172635393959087
2435 29.542235315317665
2436 28.757732074408313
2437 27.76460421139514
2438 29.1593854198933
2439 29.841163528377084
2440 29.207551257810803
2441 29.11356665427944
2442 28.26923442836282
2443 28.51770383175971
2444 28.28888948447409
2445 27.34219586897781
2446 28.811000206085684
2447 28.22176588058268
2448 29.661514205428407
2449 29.20172560455529
2450 28.601664770798852
2451 28.57369203595497
2452 28.689357009602183
2453 29.40234948887076
2454 28.060424217883913
2455 27.664409479884995
2456 26.759891208718642
2457 25.049337029005063
2458 26.380160942744045
2459 28.26197720553919
2460 27.91099501902407
2461 27.013771246502834
2462 28.573765010976206
2463 27.140779550330066
2464 27.844522020673743
2465 28.208797173940642
2466 27.88566409399249
2467 28.927724242906837
2468 28.574862857867526
2469 27.534187947274773
2470 27.573917353580256
2471 26.360093881877738
2472 24.355854851027093
2473 23.582411651107247
2474 24.834582453322806
2475 22.87274774482224
2476 25.030105015423842
2477 24.096828972468536
2478 25.334078539934776
2479 22.262965217026444
2480 25.075167922609698
2481 24.79933060527136
2482 22.93782235529629
2483 24.194732302190566
2484 27.307171638806885
2485 26.43350767832397
2486 25.36915275274807
2487 24.469939845003275
2488 25.274913847493337
2489 24.518879880108326
2490 26.315281374103265
2491 29.167256942604055
2492 28.621698114067627
2493 29.406648752257155
2494 29.30215228787451
2495 28.788084389022686
2496 28.829394481545346
2497 28.984549490978107
2498 29.056408224805406
2499 28.613047269149142
2500 29.388054988525653
2501 30.225772831832874
2502 28.781438574900303
2503 28.07729757612878
2504 29.64162312973467
2505 29.660287180672604
2506 29.22579809524865
2507 29.15860062112907
2508 29.680687052905736
2509 29.2837507053946
2510 29.584144813307766
2511 29.72057876447152
2512 29.177685597327212
2513 29.94467864104493
2514 29.7866451351489
2515 28.603395084113
2516 29.77376184779853
2517 29.650877075295373
2518 28.71123463775955
2519 30.830313629921267
2520 30.06545521254424
2521 28.75574386093605
2522 29.75756073353366
2523 28.74143369028172
2524 28.865742119971458
2525 27.4491075321611
2526 23.749263542530777
2527 26.161298153979704
2528 26.98556201252772
2529 25.909575689237222
2530 23.97934059521837
2531 25.008282380150234
2532 26.673336432112738
2533 27.015398325280895
2534 27.763244092292915
2535 27.289213294728693
2536 28.582293508987394
2537 28.332401073623227
2538 27.754339269967236
2539 29.382896237350476
2540 29.281331802055423
2541 28.452018748015156
2542 29.92470087196056
2543 27.837875689270597
2544 28.907181756203904
2545 28.972056156570368
2546 29.29281372949843
2547 29.47721723546333
2548 28.722553590028824
2549 29.407216832170768
2550 29.2466538935295
2551 28.96194638861498
2552 28.12063223398095
2553 29.008389874904637
2554 29.608023226894524
2555 28.71412134116537
2556 28.044774880188765
2557 29.63891990407994
2558 28.3005744358443
2559 28.298304241853227
2560 27.450623792527065
2561 27.873330300889265
2562 27.951434802630846
2563 27.504532415441048
2564 29.214092834898064
2565 28.16513188788191
2566 29.130056893987213
2567 29.197135146891725
2568 27.999191651230646
2569 29.212146185205075
2570 29.827388861943263
2571 28.442250619837946
2572 28.02257394065389
2573 27.854056858961123
2574 29.423060248055172
2575 28.289793716762933
2576 29.326991337878795
2577 28.77970438314337
2578 27.173825865649494
2579 29.03708402285694
2580 28.80495810101973
2581 28.265890921360658
2582 27.502436848348047
2583 26.38135459661226
2584 28.120993573528647
2585 27.246239251292298
2586 26.51121613454674
2587 27.35453917288017
2588 27.743252031677994
2589 27.303537124261094
2590 27.310476019058854
2591 27.461887108931407
2592 27.843677170894647
2593 28.39905502176427
2594 28.43752384354195
2595 27.767819788912682
2596 28.748736775784636
2597 27.686240384667528
2598 27.59714206823201
2599 26.50802444395684
2600 26.69449094411099
2601 28.608038690854716
2602 28.195366237188058
2603 27.87635563140035
2604 28.00624314431173
2605 29.179793402063204
2606 27.817562419142675
2607 27.777153010800035
2608 28.386550091579
2609 27.70214044579183
2610 28.25285595361739
2611 29.08108729012856
2612 29.093858042699576
2613 26.637005619439705
2614 28.57344051929623
2615 28.86709304656403
2616 28.50578153220369
2617 27.984403198625046
2618 27.46509153508238
2619 27.67963896915736
2620 27.76584105418773
2621 26.80045763365283
2622 26.722762202353262
2623 27.16517891580425
2624 28.541932270852456
2625 28.665970360690604
2626 26.948716804686274
2627 27.906676905569935
2628 27.935462876598834
2629 27.443613295615826
2630 28.275030659329797
2631 29.574071984740517
2632 29.567791000693703
2633 28.276973381005945
2634 29.64078749646628
2635 28.119208179765504
2636 29.044673975610422
2637 28.413412621935898
2638 27.155853116312944
2639 28.379268205172263
2640 27.001789028802616
2641 28.752788161312154
2642 29.53206121167985
2643 30.169290889289147
2644 25.09477183063309
2645 25.36644454900256
2646 24.773810934655682
2647 28.031712590791198
2648 24.754772758265645
2649 24.54705813266542
2650 27.104113344976007
2651 24.300619543898193
2652 24.74225974905354
2653 24.71698779651581
2654 26.714529178532445
2655 24.71179916593827
2656 23.42904614762358
2657 24.273940785487234
2658 28.638304687783855
2659 30.205840744268112
2660 28.571327306046893
2661 26.01869530446708
2662 27.20400659161919
2663 28.213347971695764
2664 28.699710133966843
2665 27.541002230945185
2666 28.468202841834813
2667 27.71439532874864
2668 27.45200915173057
2669 28.22466246097202
2670 26.715633899123254
2671 24.517018129023604
2672 21.74043792788896
2673 22.261151347721846
2674 23.475158018123583
2675 24.257384485834134
2676 24.815445378688402
2677 26.018108528201736
2678 26.72191113664318
2679 26.94274991552092
2680 28.484236078262697
2681 30.733839359812606
2682 32.49625976710292
2683 30.71439675679255
2684 32.61395334026698
2685 31.276316984774404
2686 30.828077975386794
2687 29.72799384114616
2688 28.55170729718962
2689 29.66747117798895
2690 29.84404115010637
2691 30.325148247391777
2692 31.180213769593166
2693 29.46358925645759
2694 32.930800755203855
2695 31.406746974676494
2696 29.70149461688436
2697 29.965516865138184
2698 31.240504502583697
2699 28.92054258816485
2700 30.169627874480252
2701 28.885858994400202
2702 28.42156406767149
2703 27.69145699918963
2704 29.426470453643134
2705 28.52825632026322
2706 27.785951180163913
2707 27.98147907151719
2708 24.530311456500776
2709 25.314843396209984
2710 26.0281221465248
2711 26.06764608803271
2712 24.864857377625952
2713 27.25227748532679
2714 24.496398313984933
2715 23.614014578796354
2716 23.70932117483377
2717 26.563602603265085
2718 26.625177491019063
2719 26.836607690071546
2720 26.852726405380622
2721 28.06600483310591
2722 26.98508858929663
2723 24.449534915925604
2724 25.90511999650682
2725 24.614831187808495
2726 26.913805147933765
2727 26.618642206794934
2728 24.926082355963064
2729 27.38601364076301
2730 24.939332234637888
2731 24.033017592299363
2732 25.977246896999294
2733 27.326755548567412
2734 26.181554970691256
2735 26.56296535725275
2736 28.848358658801644
2737 26.19024515626504
2738 26.18807804776717
2739 25.888982507213555
2740 25.159484238425925
2741 27.258923488192334
2742 26.535458529119595
2743 25.593341995673253
2744 25.72832227222308
2745 25.705763392203885
2746 26.82059605251217
2747 26.549805996633875
2748 26.794950302257828
2749 27.73565799346083
2750 28.79578052965879
2751 27.474162823267296
2752 27.39487640057838
2753 27.634546670938573
2754 25.855293736424354
2755 24.89279829872762
2756 24.444086433610398
2757 24.913070674962427
2758 25.465334093804287
2759 24.131167756149726
2760 26.412943826365897
2761 23.450291910660564
2762 22.93355581815925
2763 24.99330165959101
2764 23.86540281293571
2765 24.350991321822246
2766 25.64292665385362
2767 23.6934378621275
2768 24.01502474762805
2769 25.991754528413463
2770 26.055074105840124
2771 24.671894687437987
2772 24.517013458780035
2773 23.89566876443353
2774 23.932624081224784
2775 24.846670057240125
2776 26.172038689263143
2777 24.588333773419635
2778 25.229683955720553
2779 26.194552861355557
2780 22.598898279057348
2781 24.408105185798934
2782 25.368716782899536
2783 25.802673726193444
2784 25.656929968425516
2785 26.230572779427078
2786 25.828991477379287
2787 23.243877263024494
2788 24.780071404688186
2789 24.133757413083675
2790 25.543525334321906
2791 25.180769756420258
2792 24.338466345804875
2793 24.568985619386986
2794 24.07309506145906
2795 24.21045461474468
2796 24.531082311424672
2797 24.251400456151135
2798 26.48176789150392
2799 25.450559052958063
2800 22.444000478895937
2801 24.526062473377475
2802 23.791013600651294
2803 22.72170782343316
2804 24.199570125104664
2805 23.48903705190407
2806 22.446731132021082
2807 22.414763600798395
2808 25.17250676202722
2809 25.197770492506024
2810 24.471033943136064
2811 22.123641480372743
2812 22.6715738180831
2813 24.20962796460934
2814 19.15152237476907
2815 16.245538939803687
2816 17.80392227017803
2817 21.414459615727978
2818 19.560883248481918
2819 20.79429319075422
2820 22.77261400231788
2821 21.783381230429775
2822 20.881871082906144
2823 22.937474625659597
2824 23.713929802081026
2825 22.632001217709053
2826 19.770457397673425
2827 22.1161294372137
2828 20.218200113460934
2829 19.033440838570613
2830 19.59392821468151
2831 20.600511357525797
2832 22.30389968583337
2833 22.647126055248776
2834 23.371658576935545
2835 22.287552897905964
2836 22.876377839831733
2837 19.97018637565057
2838 21.420332663666727
2839 25.326995492869056
2840 23.05203121796373
2841 22.47373663567668
2842 22.415031460995248
2843 23.474585787660335
2844 22.475270112685823
2845 23.93958117763245
2846 23.759641449083105
2847 23.601733169600823
2848 25.843845281800675
2849 27.108253843835495
2850 26.12328339700405
2851 26.325060964255492
2852 25.319726131790162
2853 25.29735396475348
2854 26.800455512147604
2855 24.792621221021026
2856 23.370826555229478
2857 25.52849719596154
2858 25.853732040643603
2859 24.019116120320067
2860 24.59834875898024
2861 25.66274104635219
2862 25.346065252047147
2863 23.301547679664235
2864 25.572943242665072
2865 23.53090977830744
2866 21.773968431393133
2867 21.578020311893336
2868 21.348122193138
2869 21.28092899424409
2870 21.623118401491823
2871 21.5300827810755
2872 22.079534891627926
2873 21.103103202277083
2874 20.106188947753683
2875 19.001314010075678
2876 16.818524591371308
2877 16.761885903985764
2878 14.674073338952837
2879 15.166554914149158
2880 13.616092423048714
2881 14.262229501285503
2882 12.954303465610971
2883 12.991337567448012
2884 13.190730819819372
2885 16.793082794031672
2886 16.114676314277567
2887 15.126056184875589
2888 14.07794913902169
2889 17.101016741190133
2890 15.474811791085537
2891 14.944412768336667
2892 15.313341711860067
2893 19.178624793584415
2894 17.791406249100632
2895 19.97613825810877
2896 20.254250050383703
2897 20.513819639802197
2898 20.920269106927154
2899 19.61412611357465
2900 20.013699169212366
2901 18.66999345825313
2902 21.401428272465356
2903 18.435341569898622
2904 20.659710730220173
2905 20.24610390086008
2906 17.95220180891409
2907 19.86341624408876
2908 16.19645926279511
2909 19.78384457430351
2910 18.243638343337352
2911 23.180223505031776
2912 22.309418269447033
2913 21.70794771500071
2914 19.44456374997633
2915 21.099030756235024
2916 19.024272954656293
2917 18.93397492065065
2918 19.068897769082668
2919 23.399285355895763
2920 23.283665041345422
2921 23.599724981839973
2922 21.355970156851882
2923 17.97038278960734
2924 21.931158341146244
2925 23.794621420949596
2926 22.520772193523804
2927 21.96289840085156
2928 22.290391722430023
2929 22.115599919981236
2930 25.28263183674121
2931 23.609474563118056
2932 24.650132971786334
2933 21.197115487121888
2934 20.88243036686731
2935 21.9260563733336
2936 22.361163101518528
2937 23.99757121817526
2938 26.41645585036412
2939 20.667721881648923
2940 24.804635067643165
2941 24.219911710168752
2942 22.784303267212604
2943 24.401092175476336
2944 22.406705387782612
2945 22.807402160963335
2946 22.378483663264518
2947 22.35873324714623
2948 18.89118973232145
2949 23.024862963606928
2950 20.833999787086373
2951 20.77612621588504
2952 22.037188172332904
2953 22.814425743044573
2954 23.570021220518875
2955 23.766216386404476
2956 23.109939636588056
2957 20.185436324987943
2958 22.047604814811365
2959 24.75926224523073
2960 21.373711546855418
2961 22.774593339088945
2962 19.752354845258793
2963 19.878211529530343
2964 19.571215161631915
2965 20.93228603879536
2966 19.084279409931145
2967 21.58184787093484
2968 19.61938829438639
2969 21.841615163794167
2970 21.608946740054016
2971 21.577991136449405
2972 22.178587483248027
2973 20.891886229757407
2974 19.70735398866316
2975 23.130944608242498
2976 22.144427442524467
2977 20.230121133492293
2978 22.04141146188763
2979 22.22306168429088
2980 21.42388047602321
2981 20.53677044596826
2982 25.038207110517217
2983 19.93993380984223
2984 18.862810642930285
2985 20.75937525057268
2986 22.239353596296027
2987 20.465722070217467
2988 19.125577663937953
2989 18.652221653152726
2990 20.921218741859473
2991 21.27907494219451
2992 19.38340652501464
2993 21.188829004789614
2994 16.628381290622958
2995 22.721275920234422
2996 20.781925246900894
2997 22.389201875222827
2998 21.27030540315317
2999 23.33651929517463
3000 21.81254770796476
3001 22.34524117067647
3002 24.161798841980684
3003 25.62140811597465
3004 23.2569953270121
3005 24.260049540478935
3006 23.21668801018335
3007 23.269300174067087
3008 25.455269370662975
3009 24.226921562176987
3010 21.305551351464988
3011 23.454982164874394
3012 23.022131483658246
3013 20.606531719881254
3014 20.48754796002247
3015 19.24073047258568
3016 20.635831310737647
3017 21.736707082913263
3018 22.59238596426878
3019 20.603829400947163
3020 23.755272659025355
3021 22.12483380147544
3022 22.435282247156966
3023 23.66181840820812
3024 17.61142519558895
3025 14.115093275756646
3026 17.549050326266453
3027 17.828118340544854
3028 20.28457335266351
3029 19.925383960083042
3030 24.51040100491852
3031 23.05941423305866
3032 22.675325298496002
3033 21.730234819137568
3034 24.981406998512746
3035 23.290214701049322
3036 25.126908723545675
3037 25.73772453669001
3038 20.97241402203331
3039 21.42939245280596
3040 21.821001525258744
3041 23.44040883638675
3042 24.942319738618757
3043 25.758839670194863
3044 23.45711711897655
3045 25.710810926951435
3046 25.465304461805392
3047 24.30928404930321
3048 24.563409394693927
3049 24.89158321944033
3050 25.533151517300517
3051 26.189465009681843
3052 28.662091090923127
3053 25.175920922233846
3054 26.368596913662333
3055 27.55516596304443
3056 26.513692319226386
3057 25.6320896391388
3058 25.970675997244538
3059 23.555462864227767
3060 22.125854543823923
3061 22.110128183119397
3062 21.239104898777992
3063 22.103925882513106
3064 21.12431313815552
3065 23.3008822758193
3066 25.237909836138275
3067 24.97200243811863
3068 27.382270693084703
3069 26.848355910446372
3070 25.518390450139865
3071 22.89028384621405
3072 21.865061137902337
3073 22.26921717631169
3074 25.92275409060033
3075 22.681382258510087
3076 22.84054134863097
3077 23.660367817798637
3078 23.235071201072195
3079 21.476934512454346
3080 24.82509786676097
3081 22.88502043683403
3082 21.858596156103932
3083 20.002203417939185
3084 21.799735441860168
3085 22.194368806523507
3086 23.866029697617034
3087 20.46625226605098
3088 22.712690054586613
3089 17.47672327602361
3090 25.26613237673975
3091 24.84355399957157
3092 25.60106443171116
3093 25.313348106632652
3094 25.863551421619
3095 25.884878578425898
3096 22.700677666789044
3097 21.708643676617207
3098 23.522843535935465
3099 25.530627860281456
3100 24.508778805731794
3101 23.938051400740925
3102 25.541382647483633
3103 19.679906201683128
3104 19.085678148102332
3105 19.895783851831045
3106 18.591314678359037
3107 17.78580945991076
3108 20.18586533432902
3109 20.155568233499046
3110 19.201623266821855
3111 17.43835803653913
3112 17.68279262547241
3113 19.03326670822201
3114 18.961357792633336
3115 19.989401871023496
3116 21.210435022609072
3117 21.834104170647645
3118 20.01337323563275
3119 17.79502418917342
3120 21.554306748050596
3121 20.232268268781212
3122 20.07902520279684
3123 20.06733470901544
3124 22.083049920014272
3125 21.845025526903132
3126 22.956158314842703
3127 23.324765719825795
3128 21.68498170876123
3129 22.59063858386122
3130 25.00291097426289
3131 26.265222081630842
3132 24.52667186038503
3133 25.2931815845301
3134 23.69190333493492
3135 22.440241772987193
3136 23.654319140748807
3137 20.109882037226658
3138 21.012695259962275
3139 21.82647977817015
3140 20.274776136336214
3141 19.82199456053431
3142 19.830961424913067
3143 21.494423235520397
3144 19.61348146319572
3145 21.593833335175187
3146 22.352135643224692
3147 21.989147848296334
3148 22.476000952713495
3149 22.897199604103328
3150 24.13312501473232
3151 23.44575455479561
3152 24.352062995294606
3153 22.01856454194856
3154 21.505116867106278
3155 23.200951180328833
3156 22.02433360250641
3157 21.502894177407683
3158 21.587161729416483
3159 20.014805194900703
3160 17.601817392934386
3161 19.349127424572746
3162 20.63234499493471
3163 21.220779493724116
3164 22.99090022909344
3165 21.21115075043172
3166 21.902786565360582
3167 18.306056633602978
3168 20.383533194165707
3169 20.835993574275342
3170 20.35145005997306
3171 18.298707421810512
3172 18.594538046917357
3173 19.323030952525826
3174 19.393190235377233
3175 19.16038528927067
3176 17.453515858688213
3177 21.53551492260159
3178 20.928240596787035
3179 16.52795932157611
3180 19.165444922972767
3181 18.55569958086826
3182 17.937725682005443
3183 20.836785783800018
3184 21.86813095649631
3185 24.598769752971755
3186 26.02369750871634
3187 25.36233714979946
3188 26.16225637472269
3189 23.22387989969147
3190 18.959946163923522
3191 19.292552633399964
3192 20.270705859217294
3193 17.523291226872832
3194 18.920314931649337
3195 20.16495137733594
3196 19.784511792472593
3197 20.09163869821414
3198 20.51730183022881
3199 21.66981826163887
3200 23.28972009568422
3201 27.28238683816401
3202 27.969107710102588
3203 29.013455330021145
3204 27.47173005223768
3205 25.732952041591638
3206 27.789566409204763
3207 27.40850149958437
3208 26.453406438537844
3209 24.157704086983202
3210 24.11607348921291
3211 21.501837030757592
3212 21.59106346716338
3213 21.745603468313433
3214 23.12738449267704
3215 23.581380063311197
3216 21.49427095265245
3217 22.427993609031965
3218 26.050287606524794
3219 26.386123356417063
3220 26.827032912698133
3221 24.09741843732091
3222 25.185533950171184
3223 24.73755997710026
3224 23.123965293838495
3225 23.478313566793588
3226 25.66467702567732
3227 21.417371159400147
3228 21.817877206629127
3229 18.503807314492214
3230 18.121511538283624
3231 19.04545776057431
3232 19.081964439735632
3233 20.14172190547487
3234 19.39000906438135
3235 19.19110862062287
3236 20.44805849088203
3237 19.571882383824075
3238 20.985208444640367
3239 19.391411173926837
3240 20.97116292280311
3241 20.860368632996032
3242 20.911122269472422
3243 21.74488254689981
3244 22.94819034008949
3245 24.17201467940794
3246 22.075766599864235
3247 21.800899766780628
3248 24.24159023416225
3249 22.882740425906533
3250 25.911846469881713
3251 22.98234432573276
3252 22.44583742632205
3253 22.008535673245127
3254 26.047015370376204
3255 24.616963819497716
3256 26.354723830625026
3257 25.771032182171943
3258 26.800835591456547
3259 19.02675991749859
3260 20.497994006528053
3261 19.360067612869038
3262 19.760943279301827
3263 19.493516410424828
3264 23.549575856013977
3265 23.230147109108017
3266 23.097166180734387
3267 22.24646113190547
3268 23.38037563195215
3269 21.25070889952744
3270 22.141892429100313
3271 21.146639448732575
3272 21.352819111079953
3273 20.240479514320374
3274 19.753410010592003
3275 20.173416821463235
3276 20.384073002546945
3277 19.697723258195552
3278 22.75127307125253
3279 22.06989428904136
3280 19.068263060667917
3281 19.429601891131952
3282 19.749166113215317
3283 22.284471240601885
3284 18.760627982564156
3285 20.78030507551331
3286 20.83854422110273
3287 22.169281057763875
3288 23.257513027621297
3289 22.551614129298326
3290 25.519365556717542
3291 23.406319180030714
3292 23.944326294752997
3293 20.976132539349678
3294 21.560538025621533
3295 20.6408004074756
3296 22.092178148302324
3297 22.15911792858832
3298 24.1977538901948
3299 19.72264079175908
3300 23.679459072488555
3301 22.77905787682499
3302 21.076135203204874
3303 24.522465507459504
3304 23.86202981419109
3305 23.92700970066994
3306 22.846287930395622
3307 20.810707908332805
3308 20.172546132511854
3309 21.627694878537337
3310 22.23005349424376
3311 20.7412178656825
3312 20.01198921058021
3313 20.62224569455488
3314 21.218074859531658
3315 22.42236073236731
3316 21.64774327966328
3317 22.002452804468692
3318 25.613332453071717
3319 24.208218091348083
3320 19.5513780826431
3321 21.08971664889611
3322 19.648558095160347
3323 18.404866795263928
3324 21.125507190391115
3325 21.24494846103488
3326 21.107346958038185
3327 22.228187878358238
3328 19.50109033750771
3329 17.76613163872656
3330 21.108542720563452
3331 17.33483520341522
3332 18.943016258556938
3333 18.51803801140254
3334 17.839735109647343
3335 19.83161245168482
3336 20.48507181875306
3337 19.27902256854424
3338 18.566944632092685
3339 20.068106986931998
3340 20.431957334768633
3341 21.414409421503017
3342 19.315606397984304
3343 18.8582177244226
3344 20.068829911949848
3345 21.605484166229108
3346 19.929398634969278
3347 22.027625780138074
3348 22.136657481794217
3349 18.596401643621828
3350 19.041865291908692
3351 18.3366327236349
3352 20.632050224236245
3353 18.583036469191203
3354 22.554059768796712
3355 23.069738858999433
3356 24.885541509677292
3357 24.41382777855991
3358 25.477237466564162
3359 26.73842284562354
3360 19.761680152255664
3361 19.479006049669096
3362 19.38715060989529
3363 21.349789661952958
3364 20.37177998259955
3365 20.432567415994175
3366 20.837028427747345
3367 21.069585802618164
3368 18.228478210345177
3369 19.334626818346234
3370 17.14860241200635
3371 18.554711142666083
3372 19.205872598661216
3373 21.859620479490058
3374 18.02061928915969
3375 17.779306569132093
3376 18.04749568492708
3377 20.13493668532713
3378 19.49846619326186
3379 19.702439524763754
3380 20.16839210565844
3381 18.70500783268036
3382 20.35957566671696
3383 18.06221602614952
3384 18.15315546102605
3385 17.73418026600479
3386 17.762340181839217
3387 19.34373246596276
3388 16.994522649984
3389 17.639225090938968
3390 18.52342597515962
3391 17.780554048383454
3392 19.2290575070457
3393 19.663207274931526
3394 20.766013243672823
3395 21.12466474076094
3396 19.99677992785402
3397 19.630556584851764
3398 20.040184118068968
3399 20.95540312633992
3400 21.354761106477444
3401 20.758528300364087
3402 20.670167349077275
3403 18.801178866985172
3404 17.623032537720874
3405 19.08851280354319
3406 19.473232321203117
3407 18.529844186440283
3408 21.370071447607472
3409 19.638640789539288
3410 17.69007055394727
3411 19.614932080729233
3412 18.268040730237182
3413 20.413626305833823
3414 20.448346518528062
3415 21.263784126235347
3416 18.686395191577343
3417 19.182577896707866
3418 17.038088467889423
3419 19.414025631567434
3420 16.77240165664618
3421 17.61059284735223
3422 18.466517473346478
3423 18.87241324385359
3424 19.208634270688563
3425 18.625189004438653
3426 18.311474875650724
3427 17.631642148791382
3428 15.840136354901402
3429 18.316829352219596
3430 16.017459417858618
3431 18.13414370256714
3432 17.68472378766115
3433 17.592225339828378
3434 16.390795135856298
3435 15.649030174358124
3436 15.624696484308428
3437 15.32425037471212
3438 17.464872841318883
3439 17.580855642464645
3440 18.500190864448324
3441 16.806621536751027
3442 18.38116612202285
3443 18.579946569525756
3444 19.629255802935834
3445 20.384720740916958
3446 19.483747883211887
3447 19.95664898938479
3448 20.684320459821166
3449 17.7231232500275
3450 19.593267159046334
3451 19.135539807356206
3452 22.023162376202787
3453 19.174333188555064
3454 21.416558593707773
3455 24.490103876214103
3456 25.21431587327484
3457 23.547037480128893
3458 24.48605543314575
3459 24.017937888343575
3460 22.644794114234998
3461 21.785530445644614
3462 24.637125772747993
3463 22.847775555108893
3464 24.436990608203264
3465 23.463346416507846
3466 24.61616713229306
3467 26.035511291711927
3468 25.3954789262726
3469 22.6842064636424
3470 22.758777043182484
3471 23.108914193727166
3472 25.08830919713541
3473 21.746338028503022
3474 22.527974826735747
3475 21.153767161069077
3476 22.277924388139162
3477 22.097841594745326
3478 21.991199684812027
3479 22.616369858386523
3480 21.46482347342617
3481 18.933503369258574
3482 20.043745140179748
3483 19.894232927880363
3484 21.350730603764788
3485 18.320600166568276
3486 19.304279998420334
3487 17.65212102241494
3488 23.552354630666787
3489 23.9242701622956
3490 23.80434227592249
3491 22.901373373370472
3492 24.162876666579404
3493 22.460689961340826
3494 23.46364582793258
3495 22.774525536897485
3496 21.414901053311905
3497 22.20813305616554
3498 23.271195340997952
3499 20.70259773956462
3500 22.168994461541963
3501 19.112596876360076
3502 20.223629011655515
3503 22.074189813558572
3504 20.314129676174357
3505 20.08184736766562
3506 20.589659809157315
3507 23.849710035725547
3508 20.75549164915993
3509 21.585484473451523
3510 22.2941672004968
3511 21.251533712460716
3512 21.937599046932522
3513 23.6090889476655
3514 23.213528750563256
3515 23.461540300647943
3516 22.138653521443146
3517 22.686440200174466
3518 23.275309621554413
3519 23.17342217650468
3520 22.634454182052025
3521 23.689620472552676
3522 25.03850189118104
3523 25.32753429949605
3524 23.22619718470631
3525 22.688206911180767
3526 23.884459433154674
3527 27.350900086093414
3528 23.17713426828316
3529 23.888597268798357
3530 23.105980714690833
3531 24.305237190676305
3532 23.25464373673175
3533 22.476967559743766
3534 23.85833031803771
3535 27.249023300785062
3536 25.432227381353098
3537 24.694364608033176
3538 24.0368367956981
3539 25.08654582108178
3540 25.10415090784737
3541 24.516268474946468
3542 24.028510090600637
3543 26.371649809039273
3544 26.35557919642554
3545 25.770879435753816
3546 24.01914692344641
3547 24.007257033153124
3548 24.625560453654337
3549 22.667774513461534
3550 22.510197843532797
3551 21.88914558040021
3552 22.489221822220497
3553 22.23246190477845
3554 22.78864594843124
3555 23.909917262855572
3556 25.391158313510104
3557 24.68112353093846
3558 24.368239248953525
3559 24.476050548822037
3560 23.29188882898716
3561 22.81201495083265
3562 23.732404565816005
3563 23.63781702929174
3564 24.12077369644718
3565 22.14910469130172
3566 23.86980073140473
3567 23.11440050691507
3568 21.499250494450724
3569 24.057646555284848
3570 22.622456079804245
3571 22.472966406387016
3572 20.757984387850858
3573 20.730206942927996
3574 19.153266152953787
3575 17.853934889842588
3576 18.382152082872683
3577 19.38295992282611
3578 18.533808662115046
3579 17.59150166124639
3580 18.598944420385035
3581 19.351089608009
3582 19.322229832930827
3583 19.250421318101466
3584 18.10171517316521
3585 17.146142869239572
3586 18.31821150661902
3587 19.845785961354856
3588 20.986842341017717
3589 22.025256301203164
3590 18.558224919543072
3591 21.273089969698717
3592 17.193691094651186
3593 17.443218124148785
3594 17.00849800013634
3595 18.205528267119405
3596 19.134096623994402
3597 18.62090950839481
3598 18.826821768063926
3599 20.118027384167195
3600 19.758115890926998
3601 22.66726918913563
3602 21.848318599299468
3603 23.0096438317755
3604 22.584701307484483
3605 21.635460938493846
3606 20.052418046764057
3607 21.095185466713332
3608 21.587613789446927
3609 23.614995975369126
3610 21.223922796910912
3611 22.58046862951633
3612 22.343220542753315
3613 21.707665006614537
3614 22.739825514743085
3615 22.986920201053394
3616 22.282159285841807
3617 22.810437830427983
3618 21.825530940011312
3619 21.857070737132656
3620 22.865553504489576
3621 20.964445968794703
3622 19.57842305481719
3623 22.982960285651725
3624 21.90461917130889
3625 19.887177068002572
3626 21.37237038075469
3627 18.053561933067922
3628 17.317503757931036
3629 16.325796270839568
3630 17.493339532037922
3631 17.02451516584766
3632 14.85804333821335
3633 17.121250932261997
3634 17.69936777121783
3635 16.803525502724376
3636 17.762250397144435
3637 19.148056474472234
3638 18.169755897079323
3639 18.79332619287482
3640 18.448702005727135
3641 19.42185863369629
3642 16.873548379993718
3643 18.12382490887116
3644 19.180599903873095
3645 18.983695525836307
3646 23.2146559116917
3647 22.9085205042653
3648 22.918959849691166
3649 23.16002080564002
3650 20.68392645835219
3651 19.684700595167776
3652 21.536922312635916
3653 21.017380666275283
3654 18.51771225502951
3655 19.572765762371578
3656 18.893883245960378
3657 20.397555982604842
3658 18.793608070871418
3659 19.990731259244903
3660 19.485846702852204
3661 18.377549083417886
3662 20.932984367080472
3663 20.109826027807422
3664 21.4683001003341
3665 20.796948119384187
3666 20.253206241784522
3667 20.97391567245911
3668 20.85411836321448
3669 18.435448189140125
3670 19.796746910542176
3671 18.015053648899475
3672 16.150716476375965
3673 16.38424263548184
3674 16.24920922326712
3675 18.037167238927314
3676 18.807855285429174
3677 19.51676404521043
3678 20.630799993295202
3679 18.67303565446798
3680 19.97490640343847
3681 17.74144468340828
3682 18.154225622381283
3683 20.487036562749214
3684 22.006692236329286
3685 22.568598651439334
3686 22.40279743594521
3687 24.02893743470014
3688 21.816937846345983
3689 23.661924201389265
3690 22.27695388355792
3691 24.3929927853173
3692 26.307529160729317
3693 27.33861142073743
3694 25.66101205443101
3695 25.1140974702154
3696 26.522412352762604
3697 27.84621218261757
3698 24.66822856832017
3699 23.530144932629607
3700 26.70585300822555
3701 25.362096696636254
3702 26.730659243943297
3703 29.049331344919615
3704 26.448021509950394
3705 27.663720609947784
3706 27.312832565888026
3707 26.733936623578963
3708 25.347330248195373
3709 27.480148005302933
3710 26.92595999233625
3711 26.16073761556369
3712 26.001079868576507
3713 28.049362585241
3714 28.07836685099267
3715 27.51828877096818
3716 26.191136109835934
3717 25.71873516295009
3718 26.21373776368731
3719 25.93816743793833
3720 24.162591255407108
3721 26.379052022743362
3722 24.473071582795484
3723 21.697358536587675
3724 25.68967161884181
3725 25.286958393024996
3726 28.069386110732598
3727 26.48591066027437
3728 26.869752860799196
3729 27.07060511295738
3730 26.807189863683224
3731 26.08896185743043
3732 27.425841719501804
3733 25.416365959389434
3734 26.285413614480262
3735 25.62303336810813
3736 25.74557099589871
3737 24.288299270773933
3738 25.10655496911256
3739 27.246284556792393
3740 28.530892645867095
3741 28.90567826142324
3742 29.69653031028193
3743 26.076793964531984
3744 27.504539563504192
3745 26.982204711735246
3746 27.549717887668294
3747 26.4484639451464
3748 27.49159657210097
3749 28.333797240934864
3750 28.906902953351718
3751 27.074642043941818
3752 26.72910407366317
3753 28.981849098790864
3754 28.842791049175272
3755 28.62278962525163
3756 25.516053759873603
3757 24.993370911936726
3758 26.53983432514008
3759 28.14550811295453
3760 26.520983102652764
3761 28.011724922104808
3762 26.94616759632639
3763 29.6630433132926
3764 28.33303498158471
3765 27.62734067339869
3766 27.794126075281596
3767 25.47555290947407
3768 26.670604683652254
3769 26.330785847232985
3770 27.480444650065014
3771 28.584118739515887
3772 26.506682215158527
3773 24.864889380438434
3774 27.57362745093557
3775 27.311355320011742
3776 27.30996946061483
3777 28.215529732322473
3778 28.962020260726618
3779 27.574678259984932
3780 27.434340069709304
3781 26.089064125568243
3782 26.840885992252655
3783 28.314783758610755
3784 28.90800532460766
3785 27.786404741497165
3786 27.466319304800646
3787 27.008145575025114
3788 27.2004307798611
3789 26.686156881699787
3790 27.468674151237913
3791 28.029061167603405
3792 25.59315715697715
3793 26.909813167048018
3794 25.38262418976758
3795 26.438299969399274
3796 27.18999511297819
3797 27.95013299133155
3798 26.95964025871604
3799 27.819051322860165
3800 26.555206438579127
3801 26.843839682507266
3802 25.497888730120614
3803 27.312710451316075
3804 27.93205112857162
3805 24.517209191086124
3806 23.67240144654994
3807 23.561716192914528
3808 22.68544945621178
3809 21.85335120721757
3810 20.399977050845752
3811 21.10538958976489
3812 21.097788229921285
3813 22.39793802249786
3814 23.881731625623125
3815 21.489935630820526
3816 21.12630613432103
3817 21.082980292282944
3818 20.24147514802822
3819 19.5010714004796
3820 19.246532940922098
3821 22.187823916887012
3822 19.460689815909912
3823 20.035012922899725
3824 22.019370823602078
3825 21.2840926323426
3826 22.438565488002645
3827 21.643743200404664
3828 23.885735149733353
3829 24.05789559709977
3830 21.521957722143664
3831 23.61412256197483
3832 24.36134448069833
3833 25.452430105987652
3834 24.524208680774404
3835 25.54428199940516
3836 25.52330337744201
3837 24.659622509736856
3838 25.51340589139051
3839 24.674490437882238
3840 24.47389975177209
3841 22.603050731848032
3842 26.61726591537559
3843 24.81995941892181
3844 26.150205886818433
3845 27.986321774079453
3846 27.357857157633404
3847 27.064578765376787
3848 27.184944692236527
3849 26.469285556056413
3850 28.83516928006682
3851 29.035394075116294
3852 28.988928825653705
3853 28.44425198179568
3854 28.323724095858942
3855 27.658563182112577
3856 27.19972599604072
3857 28.231336976693726
3858 28.164110837503863
3859 28.647191231979154
3860 28.63770788640092
3861 28.533874719763563
3862 27.027432722869623
3863 28.55864792548545
3864 27.104621866513078
3865 28.071043420743706
3866 25.74546628330145
3867 27.320534968744937
3868 28.927823664745997
3869 28.737830649101404
3870 28.212613675709854
3871 28.1772760980493
3872 28.51285791473346
3873 26.699351004210264
3874 24.020373559695038
3875 25.869902315874427
3876 26.69564254621949
3877 25.736452252768306
3878 25.153196510929018
3879 25.13826691898632
3880 25.10430146613696
3881 24.108630280321446
3882 25.857659622552347
3883 27.328264515919226
3884 25.829219663841965
3885 25.65681177397689
3886 26.28011877500549
3887 26.569446205453247
3888 26.713024091721255
3889 26.5517820381352
3890 25.377253146800506
3891 24.85129797362952
3892 26.04525001826294
3893 26.074018051662804
3894 24.230382419045764
3895 25.114873704116345
3896 27.795577786927698
3897 26.004168668493445
3898 26.807845021071167
3899 25.78218039964225
3900 26.613192545668976
3901 25.537489882099486
3902 26.777556176859765
3903 24.838592469178433
3904 27.792361965003288
3905 26.528272102429398
3906 28.953782219011472
3907 27.436935354567215
3908 27.121017383127484
3909 27.790193133512446
3910 25.582622100619368
3911 26.484650506149787
3912 28.29985570648462
3913 28.18883148450916
3914 28.224137536711144
3915 26.99529296834796
3916 30.408663110622488
3917 30.28187294266164
3918 28.551481739508517
3919 30.229081887270215
3920 28.486660901905132
3921 25.865333601450562
3922 27.152448344278582
3923 29.610393617405126
3924 26.0236586952451
3925 26.051769094366275
3926 26.056057134988116
3927 23.962053463306475
3928 20.89080960068632
3929 21.121061456984943
3930 21.27116743821499
3931 23.94386273165404
3932 20.926500767423356
3933 21.51737965878691
3934 20.06411934801008
3935 21.38434643245972
3936 19.944197511593377
3937 18.93494452936654
3938 17.833346411532506
3939 20.051000915772946
3940 20.035783757264678
3941 20.649576439381704
3942 20.33938672224261
3943 21.93290937740231
3944 22.282424799706575
3945 23.155796395059674
3946 21.136445285283898
3947 20.84660220599889
3948 20.542234177436136
3949 18.906792875365635
3950 21.639170820564637
3951 21.93669945666588
3952 22.671841988328822
3953 22.220374484988447
3954 26.155532214148725
3955 23.557749396892568
3956 28.01054288717398
3957 25.30250272116427
3958 26.193707965894532
3959 27.42027817418827
3960 27.546530400636573
3961 25.869142046527145
3962 25.985126656420384
3963 22.134148332727115
3964 28.158904320713255
3965 27.673045092201875
3966 26.306296225251945
3967 26.15599968506551
3968 24.09521913281999
3969 23.741439557606437
3970 26.438818360426673
3971 26.80853170040336
3972 26.25523575353937
3973 25.231247659588615
3974 26.163048655713947
3975 24.94883831503112
3976 22.713678650459425
3977 23.753541253259954
3978 25.22950019274888
3979 25.211517475129458
3980 25.426548596658854
3981 24.015226514400727
3982 25.470269705037815
3983 24.70239727337484
3984 27.37190511228801
3985 28.83293124172293
3986 27.919836593413372
3987 28.59912982139829
3988 25.666529261891494
3989 28.01504060207665
3990 25.89077963517505
3991 24.918999324901534
3992 25.52627594735564
3993 22.633359427384132
3994 24.437379182436025
3995 24.070561251847554
3996 22.804346680353284
3997 21.49413479639884
3998 25.51879201568271
3999 27.50613065946579
4000 22.676423075408753
4001 13.532334735452586
