0 25.1025842736003
1 28.259793659491525
2 26.74717737793627
3 29.0480372189244
4 27.074747665737174
5 29.52518322660914
6 28.324999749206555
7 29.269350260440937
8 24.135911459427668
9 23.4851586148529
10 27.963410060406154
11 31.431363510768023
12 30.81600193485144
13 28.913580716331218
14 29.543071560689143
15 30.05259489989788
16 28.971516708000465
17 24.95003290239206
18 25.94415191070086
19 24.693975522714794
20 21.373879517930003
21 21.549979620445253
22 23.365774687863258
23 19.109867391881288
24 19.626061932450003
25 17.093059807616314
26 20.5093992224711
27 14.862137160100312
28 21.753119759306212
29 19.253517607133396
30 20.2083334453966
31 18.28307986752292
32 18.710364433014057
33 20.600041038622336
34 14.89401086745498
35 15.784338659498404
36 13.176856564088746
37 10.027637868661325
38 15.164304550581122
39 16.057662881889737
40 15.413238425331588
41 16.772672402142547
42 12.424808998899548
43 13.46606243255419
44 13.878303181821622
45 14.359613373848871
46 15.32150103135385
47 15.065310025374817
48 18.529936657390802
49 17.00046668042707
50 19.85470846342214
51 15.915197990786377
52 13.133094203367339
53 13.48821630411272
54 16.428561424480257
55 12.72581932323102
56 11.21713338662539
57 11.339871580820466
58 8.888087648776928
59 10.34914373119671
60 10.4742631901648
61 9.085171756917163
62 11.076539558265864
63 10.59925763305423
64 14.100715935793046
65 14.47820073746593
66 13.782016663334069
67 11.841408701620887
68 12.340463080968634
69 12.780718561308435
70 9.501604065724823
71 8.12876580868297
72 11.330884326723936
73 13.174349837474411
74 15.13662946248879
75 13.093138635344662
76 12.911092700531489
77 10.682630170070567
78 8.555446397292634
79 7.0228602682084995
80 11.869615349840828
81 8.249567597131144
82 10.54975623354509
83 5.760001446274107
84 5.466054177901804
85 3.0140511652263813
86 2.847366202617039
87 3.037623878752842
88 5.278951291649504
89 2.674950185177768
90 2.6518855360663265
91 2.6660159601096276
92 3.0955913155258292
93 5.471189360671936
94 3.593005851555201
95 4.015596423292471
96 2.8441927314659607
97 2.6961964832181287
98 2.5460089926189027
99 2.628675222020922
100 3.340163298402119
101 2.8430160330539507
102 2.957799531248533
103 3.399768868165576
104 2.5916217557720898
105 2.735955966529433
106 2.5530750549817256
107 2.7073415880059217
108 2.637826912973635
109 2.8749617747547154
110 2.603856354009849
111 2.6071906797137414
112 2.7934016526960517
113 2.911915250965461
114 2.6430026936335262
115 2.788790951529189
116 2.6650330272252964
117 2.776513154038544
118 3.1874809670424247
119 2.7698635232959004
120 3.0309147436905097
121 2.753931462110353
122 2.6566242544273897
123 2.7077065642835096
124 2.587449059031037
125 3.101592597178062
126 3.0186238438887516
127 2.627500487526804
128 3.08823833184521
129 2.5376457240247503
130 2.5332483021835257
131 2.8292750834073392
132 3.097943558855511
133 3.5233319919978037
134 3.4769873766244253
135 3.399908012052403
136 3.4089032491920057
137 2.7698449363489694
138 3.318816382140968
139 3.2004243078349237
140 3.133229382870665
141 3.0816589408508372
142 2.72648557713543
143 3.057335413016499
144 3.426562425197257
145 2.4776434478659786
146 3.688991570533687
147 2.729685944329843
148 3.5233261675213075
149 2.6755798852290833
150 2.5975761565475515
151 2.4917166146371574
152 2.7767667594706196
153 3.207883086190365
154 2.8194911944186334
155 2.501793981577225
156 3.34690286633971
157 3.149005377796856
158 2.750769754774281
159 3.001616976546823
160 2.7300623090874847
161 2.9198668734388202
162 3.301304107537348
163 2.5673428258039155
164 3.4189658777707654
165 2.9476520080456146
166 3.0527430209718234
167 2.5381605892273664
168 3.0727307963492967
169 3.135004309940879
170 2.6602903009804892
171 2.865440601073932
172 2.782166771965551
173 2.5880619468666533
174 3.4101073051931388
175 3.0711348416187674
176 2.7801221406428414
177 2.88512717828532
178 2.9727663616088225
179 2.766165637540237
180 3.0859111549552116
181 3.1153995614110737
182 3.4629269959002595
183 2.7750726792727605
184 3.607261434746209
185 3.2311156206979494
186 5.714446481916383
187 4.787005255972345
188 4.459864774986079
189 2.985994879535282
190 3.644381915778135
191 2.8041496103009838
192 2.8770557347815817
193 2.8841651827311425
194 2.5819916813427426
195 3.0269119797957917
196 2.8075795198614113
197 2.6852080536295326
198 2.845053997905714
199 2.601151088620684
200 3.0414371167969785
201 2.663557373418871
202 3.221961672782778
203 3.1427777333866347
204 4.721759708960707
205 6.067633924546489
206 2.912744348582384
207 2.867183246233007
208 2.6985338927003673
209 3.282464818846786
210 3.1399109938345977
211 3.2815500190824367
212 2.552748230650939
213 2.544091369672232
214 3.329088940560914
215 2.6095588124322986
216 2.8070674377609115
217 3.1754262909000452
218 2.806981804739325
219 3.3318304391171387
220 2.9154393603491804
221 2.7353874671362663
222 3.0080180697844305
223 3.0296097988299953
224 2.5801590206723137
225 2.9536069247610475
226 2.591915880722985
227 3.292911463861194
228 3.3168392477247486
229 2.9680179262926885
230 3.4708624178729153
231 3.257937877210639
232 3.1977216849853116
233 3.4221835727032195
234 3.361931310737345
235 4.577821640984301
236 5.762126870477255
237 7.061195155232582
238 4.344591441555834
239 3.013211143806525
240 3.086302859609166
241 2.778575269781048
242 4.46416537593527
243 4.001085978337428
244 2.840391091566393
245 3.0871952552097266
246 3.1689511462372453
247 3.09437149643062
248 2.9501436538725843
249 3.293412700383708
250 3.7478479520335664
251 2.68543463516855
252 3.4386186829406307
253 3.7782410875988757
254 5.40628713818641
255 4.733246192216456
256 4.590439352314376
257 5.264764744795187
258 5.136526057464679
259 4.820302480966236
260 5.02763253726813
261 5.501351194554134
262 8.872370160988591
263 7.505467420505197
264 10.073446006558097
265 7.6067313504405485
266 7.203477409696095
267 7.916305402149561
268 8.216389568566882
269 7.279882898440876
270 7.870527296325665
271 6.558391881019036
272 5.470602823142262
273 5.757120164212063
274 7.2749234314198965
275 5.796176024708817
276 5.640314772730744
277 5.886466234426977
278 6.481879217082283
279 7.3181758606895375
280 5.948727566748455
281 5.4430813766138355
282 4.038350263997739
283 2.8036852334137086
284 3.034897075083822
285 2.656127473934771
286 2.8112349295215724
287 3.3858598894319627
288 2.8834213687360304
289 3.2633124916689784
290 2.6439239946876967
291 2.9392400488604857
292 2.7449857189632567
293 2.7187690367287822
294 2.618301298108765
295 2.6250892173571243
296 2.6784229099213794
297 2.5958913309485734
298 2.7574863099439026
299 2.75828269440709
300 2.538701251347099
301 2.86395542193347
302 3.1267763493847696
303 3.188910313170003
304 2.6021917023348173
305 3.2170435697804938
306 2.9052876218231134
307 3.0204184286577425
308 2.693592539706865
309 3.0268563728241555
310 2.7317214979421243
311 2.976807090939939
312 2.668645746780051
313 3.182306255189115
314 3.128793713839494
315 3.3786582333179154
316 2.9361922732822974
317 2.745675861698959
318 2.8460135629861716
319 2.9169412363207163
320 2.9326837412852047
321 3.5155290269045287
322 2.8750955810694383
323 2.7573837336146703
324 3.182618757916942
325 3.1861841383444522
326 2.768341709465548
327 2.6470457297881747
328 3.181946249332667
329 3.058489633695706
330 2.869596334112073
331 2.8782888945508027
332 3.3644342993953567
333 2.4971324927533893
334 3.2060493689044165
335 2.60734881715776
336 3.5809920572133414
337 2.8044904997537516
338 3.170568903470594
339 2.797556128338764
340 3.283935936587258
341 2.596693286034893
342 2.689837321361855
343 3.3223864549982363
344 3.6786360427182188
345 2.8207418231720185
346 2.8198463271175402
347 2.8031803619477302
348 2.9315696118595738
349 3.270414614282117
350 2.880645662094984
351 3.208475718115054
352 5.055341671681792
353 5.331730059894668
354 2.64927750842246
355 3.38917323403428
356 3.2954189211525815
357 3.5484988448827974
358 3.478554590339374
359 2.771641817470446
360 4.966458842616409
361 3.6253346207455484
362 4.560132136522479
363 5.35245664063792
364 4.461895562448253
365 4.889934133700271
366 4.420578159834452
367 4.952700122408942
368 5.497811018199474
369 6.059988624640522
370 4.926105505632059
371 4.484826173024348
372 8.077885849338058
373 7.3343269575053816
374 7.986288159063693
375 7.444861215257568
376 10.372129471588337
377 8.765904243339458
378 7.306989907665052
379 6.578562943434057
380 6.6383949527609385
381 4.8064669994510885
382 4.357253269168345
383 5.525538538584303
384 5.500633668915988
385 4.957890376019041
386 2.4738441296034677
387 2.785575591905094
388 2.8915215789179105
389 4.794149708393714
390 4.996827137833016
391 5.028132006794083
392 7.47163518409815
393 4.292070567938151
394 5.003001639306038
395 4.508480219256787
396 2.6985975443524293
397 3.043692559237866
398 3.181103331925417
399 2.8882227935518032
400 3.049673966292172
401 3.3058088315373424
402 2.829000287830847
403 2.9848109460702377
404 3.0726437716810904
405 2.7912102090659565
406 2.6740058429141573
407 3.1376971838056305
408 3.1313559323435256
409 2.963465441013826
410 2.9374487222318666
411 3.2502163657268386
412 2.5332284534639107
413 2.9246247683111926
414 2.5641137455297094
415 2.7778857733565787
416 2.725070065228658
417 2.5666768886308358
418 2.5235949260477586
419 2.8142206753645915
420 2.6735526899544797
421 2.6515429100033456
422 3.3053843354828714
423 2.5581918571644207
424 2.8295188166061496
425 3.0016732231712506
426 3.380163265104174
427 3.1600198576123675
428 3.051208105496169
429 2.793854212794484
430 2.6941516077328527
431 2.9837929007346715
432 2.641944557528775
433 3.407599092247827
434 2.8831191883712686
435 2.5041747019410634
436 3.4542236356940474
437 2.6242866517665906
438 2.7847748147436246
439 2.6607363225287335
440 2.5976026727369494
441 3.2767799563022093
442 2.9341561521389674
443 2.6514359996315684
444 2.6973814692755345
445 2.5275460877652556
446 2.9301201894043167
447 2.9639960291732392
448 3.0440358895362944
449 3.060609675746473
450 3.354840394737162
451 3.3139826941864805
452 3.175856004085304
453 3.238662953417178
454 3.156090865383699
455 3.1284944351440758
456 3.6612374641209637
457 2.7230218560573025
458 3.3458420550969485
459 3.3767200557138386
460 3.3784181032933334
461 3.6715540414099506
462 3.1670380443520516
463 3.0850943003520332
464 3.6360544044786867
465 2.9885361661135166
466 2.953070474758234
467 3.119954350954145
468 2.631901292100587
469 3.4710601567995867
470 3.399946424178586
471 3.2065245403445437
472 2.661762905629882
473 2.662758226662933
474 3.682136678289111
475 2.7516822050560332
476 2.7306111886163826
477 3.1406747625270306
478 3.8006481593747807
479 2.5549818145106875
480 2.798368092592303
481 3.364384099389186
482 3.6889183944632076
483 3.2703713769181806
484 2.7319655081515424
485 2.8173232492096867
486 2.613922670373407
487 2.855569783031324
488 3.160610046897315
489 3.3490401311193483
490 2.810347481694485
491 2.8916642726397592
492 3.366560657335669
493 2.7715489537274953
494 2.7798870143479926
495 2.8224405006514077
496 2.63462076082052
497 2.6008062371565446
498 3.1208290981687075
499 3.3148666205455237
500 3.261441916117022
501 3.3738747823652693
502 3.821896745424418
503 3.070380408864488
504 3.6930669387820863
505 5.276949211815959
506 5.3619266516189255
507 5.375948216038361
508 5.756405848679903
509 2.861104091340505
510 3.5284785744599683
511 3.7986877584979073
512 3.413615868876287
513 3.612240370560854
514 3.17413102690765
515 2.8456335103262558
516 2.8578033086065084
517 2.583229391803738
518 3.0189366829599154
519 3.356500568949912
520 2.60903784372068
521 7.075094006675639
522 5.871040192548432
523 5.699057367784466
524 6.629265454948732
525 6.779949414338252
526 4.970830165378059
527 5.2207873075924605
528 4.547584038159478
529 3.133694208454251
530 3.26719555488375
531 3.1500332731896803
532 3.2971048625452757
533 2.870762421368305
534 2.7055655509081524
535 2.8483994306923073
536 3.5281078192978623
537 5.642277902029017
538 5.095916391310656
539 2.6105131897394283
540 2.6459784698688043
541 3.2069254700077896
542 3.2547217859341084
543 3.2974628821809273
544 2.675910703134665
545 2.7852090712680253
546 2.735738530288659
547 3.290559352190727
548 3.1842376644880295
549 3.1603063439719503
550 3.58925479284908
551 6.294782962106738
552 5.600410375004133
553 5.1023240748672505
554 3.0499825238926075
555 3.209886642789331
556 3.3362203535691894
557 3.5585564620777594
558 3.6347278708263744
559 3.60701887639405
560 3.5401344506550005
561 3.677618304852517
562 3.7119400062620516
563 3.820918705898298
564 3.3415183913844246
565 3.7764941359689224
566 3.596238835876057
567 3.7677679696391797
568 3.424553950110669
569 3.0480883549089697
570 3.4604413486487164
571 3.5496768845213236
572 3.7586839239432996
573 3.636145620412165
574 3.682679033558697
575 3.69562434082649
576 3.0234603868094823
577 2.9519572429261225
578 3.0141409090082205
579 3.367322129036352
580 3.2183652834434393
581 3.569137725134431
582 3.641821923229509
583 2.840112594201352
584 3.6141016655177345
585 3.436370866357516
586 3.7487111957682173
587 2.438574312534163
588 3.429376454076482
589 3.130438157879641
590 2.9880515363159543
591 5.346864933721022
592 5.233679873974098
593 5.289989149522599
594 3.813949929617708
595 3.159978227664871
596 3.546228636341256
597 3.7905590689821755
598 3.2055002254833633
599 3.63379417789364
600 3.757684061366411
601 3.804528163176754
602 3.6568450424822436
603 3.7553308902464595
604 3.531768129076818
605 3.1046445073633495
606 3.6694790737077283
607 3.578033070385505
608 3.228835755267045
609 3.54244289527176
610 2.9342476546336576
611 2.9355239795590977
612 3.61614368460826
613 3.720296799712994
614 2.7893772639076646
615 3.7205574594201036
616 2.915191697482818
617 2.992636968027138
618 2.8503255514972574
619 2.8153757579728973
620 2.608381300550446
621 2.593185663151708
622 2.904552126058335
623 2.996215087285771
624 3.0723678235157785
625 2.767527802017153
626 3.6167459780078985
627 2.7905222078091083
628 2.6872224562658005
629 3.1569294195473265
630 2.6336876959003517
631 3.12503712991779
632 2.736804479044809
633 2.6369642093574317
634 2.9112028922224753
635 3.0511752008893867
636 3.2707802747630996
637 2.7857632082693904
638 2.595310883178202
639 3.1361343570495688
640 4.382101406985365
641 2.714538204770441
642 2.639795472288882
643 3.262344449966642
644 2.870479134368994
645 3.5162484204209674
646 3.449848551879854
647 3.3904915912878084
648 3.3925976242629274
649 3.4093144512477167
650 2.726434077052552
651 3.06283483003233
652 2.6751858011101963
653 2.824700807106675
654 2.6525063560768283
655 2.428291454212288
656 2.6898042197784107
657 2.690936264415175
658 2.6289174475124066
659 2.6254987691302123
660 2.972848760809098
661 2.771130822811908
662 2.7024994258007338
663 3.2795506851165666
664 2.598771089502581
665 2.6834148298410083
666 2.819369943192555
667 2.770740200811983
668 2.9652657797288584
669 2.5116418321567155
670 3.0277623838585606
671 2.8608999317017796
672 3.3374535306665702
673 3.1103554552727037
674 2.645731780101649
675 2.576088398362113
676 2.626682799772797
677 2.6382629222605205
678 3.2758806256711956
679 2.6278677148720946
680 3.025405060441418
681 2.7583892434329806
682 2.6364786609560817
683 2.550850047539491
684 2.9067630466916743
685 2.8602948043754144
686 2.671627115821586
687 2.517504991327552
688 2.7027522401621376
689 2.9568152270028634
690 2.6285360553915043
691 3.1131405350706762
692 2.3992641045602503
693 2.800696144767053
694 2.7673696628911597
695 3.0202664451037706
696 3.14854255820245
697 3.366919864571339
698 2.7150820295140297
699 3.205893654817673
700 2.9737855181967303
701 3.179097077892818
702 2.7734780773910095
703 2.7088536868160946
704 2.989011203514825
705 2.6424491740358675
706 2.756849277390502
707 2.588526883464515
708 2.72344290947777
709 2.8220906595903745
710 2.659374423366148
711 2.6803365234242102
712 2.5801749035675647
713 3.0263153132427005
714 2.7319218261937674
715 2.9371170352764584
716 2.706251892810735
717 2.8964929998480864
718 2.5832102124397385
719 2.5711237345457274
720 4.596791769375667
721 4.826890079920788
722 5.428262714937926
723 8.631322328966181
724 7.557177794337956
725 5.825253623714416
726 5.056889464656122
727 5.418923321033546
728 2.4356741722097497
729 2.9983625892473373
730 6.522426790153698
731 2.784920347984534
732 2.585341172602097
733 2.747600591209173
734 2.9374631927247132
735 2.6627117136619285
736 2.945824375288102
737 2.6493740825531336
738 2.732659106717441
739 2.719108913834089
740 2.831745337953029
741 2.9938060626321814
742 2.64549590252621
743 2.574894790431922
744 2.7096173827955625
745 2.55342998784936
746 2.756296475185424
747 2.728451349241437
748 4.306980002935157
749 2.5668874245711093
750 2.6645907982895918
751 2.725289425383132
752 2.6223026704017403
753 3.088792142870757
754 2.557295454243391
755 3.4062851444316586
756 3.352348579562269
757 3.650264369433634
758 3.462030000924333
759 2.7226491486895124
760 3.0990526388484274
761 2.84924728038321
762 2.586835863773334
763 2.5915546008475947
764 2.6993720815075397
765 2.7182359716940345
766 3.239184633739691
767 3.142207636504157
768 2.7970849833444755
769 2.8452578495443213
770 3.055176697162822
771 3.369626965362939
772 2.974861583407235
773 3.0823447311693823
774 3.061946623721914
775 2.741850018467528
776 3.0661831074323773
777 3.2474907408937987
778 3.1141543673438195
779 3.2141828129190984
780 2.958757237572838
781 2.9156278114225276
782 2.991571606618345
783 2.9371457911135748
784 2.872596875608919
785 2.9157242842610716
786 2.7208342428487833
787 5.394860005937876
788 6.012139373440005
789 4.728262932119439
790 5.094318483124419
791 4.9789249175929085
792 2.715920729501857
793 3.4176815453013525
794 3.530164317343045
795 3.3025900133872055
796 2.679648120047028
797 2.6063385466142854
798 3.3229373012123102
799 4.778447239284421
800 6.7522267241946885
801 5.610662898112669
802 5.851926802539174
803 7.674025010797478
804 5.629672671301867
805 5.419283723131535
806 6.057441483056404
807 2.850564027892387
808 5.590474486994529
809 6.197634661693146
810 5.184559351885829
811 2.745835319697915
812 5.00547899330379
813 2.811685808816196
814 3.084020709859041
815 2.999414989401278
816 2.6673963629245105
817 2.792235883985152
818 2.7902010964848913
819 3.533397838750519
820 3.25075518431673
821 4.8831998540194546
822 5.590478574316831
823 5.384211202118877
824 6.060129503186311
825 10.073270898305724
826 10.393062667830465
827 9.715177848865018
828 12.151853583840081
829 12.62717251283736
830 15.136291269166918
831 11.857054312153872
832 9.78658256867386
833 10.375116267645511
834 6.516779615880428
835 7.989433463668577
836 8.72373204529278
837 8.208103533519404
838 8.383987311832396
839 6.713926038947962
840 7.044367121474702
841 6.805310715667284
842 5.217953780749995
843 8.824273501311342
844 6.587275944007976
845 6.226068076308591
846 9.377974256719895
847 9.041913082200113
848 7.861308768516791
849 7.214708291965399
850 7.961158974012331
851 4.7506228523280205
852 4.770420200068108
853 5.213191880376433
854 5.110854543463142
855 4.94984145125201
856 5.980411965591496
857 5.33547052055766
858 6.302196980647469
859 7.639281990705029
860 5.037144049930417
861 7.060998885406384
862 6.131441783275557
863 4.849284023176693
864 5.924193137816592
865 5.07826967267275
866 5.892049297694129
867 5.623412876953134
868 5.768694458669671
869 4.600523974886685
870 5.869918606935013
871 5.2000560346776865
872 5.651617688075287
873 5.0623001799199585
874 4.936116241090638
875 5.8444550848101375
876 4.994683897080958
877 4.921447130776621
878 6.44574270155603
879 6.122902585276449
880 5.672869338102995
881 8.648342976174993
882 5.8368274144840315
883 5.994304355355042
884 6.656249906244674
885 4.974100952197121
886 4.954167891927001
887 4.962716885920721
888 5.274636303266757
889 5.416662134745991
890 5.501124394022498
891 6.1396410678759015
892 6.835468484805541
893 4.666471117334071
894 6.37141412773223
895 6.380666029317232
896 8.498677504576795
897 5.682366945832477
898 4.5731101233154465
899 5.882029927381225
900 4.870977051030527
901 5.750898161302509
902 5.960855684237044
903 4.868654121064718
904 7.869941342055859
905 6.699561043783632
906 6.328425076318859
907 8.18253814735434
908 5.92168021433159
909 5.8295995400045335
910 6.211304308280665
911 4.735161264125548
912 7.542537871339978
913 5.356923906804804
914 6.396994224793119
915 5.621593652849429
916 5.486129013191646
917 7.067169295720538
918 7.138698747385519
919 8.075954338447868
920 4.875749543615658
921 6.924024446049489
922 5.389172948120916
923 5.68545842653352
924 7.579094492994919
925 7.752326530776134
926 7.159161073884718
927 4.902881617981125
928 5.3339168233485506
929 5.378693112619577
930 7.580084480683341
931 8.390881067879848
932 8.114308722404997
933 7.249486082293103
934 7.512806788320328
935 6.831991521162942
936 7.694214502094058
937 6.018412402104626
938 6.279539168029051
939 5.857862640762974
940 8.59378511001719
941 7.736750048260165
942 8.351268541934568
943 7.829696358046947
944 7.449797233437225
945 6.502409684476164
946 6.5568909189344815
947 7.674654204293478
948 9.042273182203488
949 8.443259244107823
950 8.619526488006523
951 8.464174226071362
952 6.678425827256521
953 8.178786727358395
954 9.759442761648982
955 9.536527131504712
956 8.880918851435561
957 9.044456110814119
958 8.311765222281062
959 8.431500936634285
960 8.083584709789413
961 7.614324534490413
962 6.45181102942416
963 7.919584734665385
964 7.929029008701639
965 7.191750347807925
966 9.30776126262548
967 11.402796498406202
968 14.888639656166713
969 13.960292487701727
970 12.511580630982234
971 12.29868712463448
972 11.09913480840948
973 10.741669049421375
974 12.235451254499825
975 11.11646246887923
976 10.796561120411363
977 10.676644336211835
978 12.854981983933737
979 12.367859519793686
980 11.644453341872339
981 16.692454884017412
982 14.421019619092926
983 14.248524031164635
984 14.413241163614607
985 14.993495670936651
986 10.331543605286402
987 12.925670950146337
988 12.05618167397449
989 11.281517191301832
990 13.827499579783648
991 15.253458606188284
992 16.53211114850497
993 15.675944370618645
994 15.970919568096942
995 14.638960033907582
996 15.84423690932778
997 14.425495507627911
998 11.236591661451142
999 11.012875087970858
1000 11.645153012873868
1001 11.914079874731511
1002 8.577677004931619
1003 8.909155766216333
1004 8.954365462970886
1005 9.322811494976822
1006 10.113338595820984
1007 9.84454832421586
1008 10.54149855484057
1009 11.399020811290764
1010 9.26862392833646
1011 9.957359739748272
1012 7.918704689733554
1013 9.646040156843132
1014 10.798303103195792
1015 12.458141399226776
1016 11.52031047654481
1017 12.528889768086755
1018 16.35168055193606
1019 12.444931268498786
1020 12.503587340159811
1021 15.088716373644157
1022 13.105138450805388
1023 13.340756453152531
1024 16.303951672564118
1025 18.93087650125919
1026 14.954531721353485
1027 16.73220995054534
1028 16.46648028955485
1029 17.522556772705382
1030 18.09328617401012
1031 15.70966828212853
1032 13.044920137980515
1033 16.982464740413665
1034 17.07936219273047
1035 17.937683115423173
1036 19.95255634475388
1037 19.156743326739292
1038 20.774462230164726
1039 20.951679690231757
1040 18.869387496364148
1041 17.770208188514047
1042 19.876105148549595
1043 18.828070587966476
1044 18.396155388298798
1045 19.67955916942229
1046 18.604358714411894
1047 18.03079648726334
1048 18.942071720563064
1049 17.47747389883046
1050 17.0863238161701
1051 16.321317994107265
1052 15.760535659594934
1053 18.71080524035044
1054 19.975987349878245
1055 18.183045634445904
1056 19.375128951184042
1057 17.55295640003041
1058 18.395857466227255
1059 22.20879498465467
1060 19.138845481294734
1061 19.36756978444193
1062 19.15780482358131
1063 18.097232601943023
1064 18.13328294970572
1065 12.355299904742818
1066 13.429869362600176
1067 14.872619419949864
1068 14.487584899022503
1069 14.4859096217533
1070 14.568719196773353
1071 13.709188032864944
1072 15.081402488928163
1073 16.792603923186586
1074 16.289396573224177
1075 12.861070826488772
1076 14.388097351135658
1077 16.09512808970162
1078 13.52030233383887
1079 17.558220819222118
1080 16.532727257809032
1081 17.783154095554178
1082 17.60488858938485
1083 15.607908643060199
1084 13.270050841223503
1085 15.718176219307264
1086 14.785127766651458
1087 13.659153598294719
1088 15.382103605578678
1089 16.951243063028585
1090 14.36265871050715
1091 15.175402939101428
1092 16.499750539062738
1093 14.662307206209569
1094 14.600723895381083
1095 18.44596141800805
1096 20.504169458602597
1097 16.75959340487847
1098 17.022059507370148
1099 16.092789662356104
1100 15.299224749554995
1101 14.932257405816063
1102 15.277442904607087
1103 16.749939915337023
1104 12.690116790883646
1105 13.390879170826512
1106 14.41580910922417
1107 14.857598804426567
1108 15.757544353172078
1109 14.51886823152671
1110 11.885208397477866
1111 15.478729334688646
1112 15.739387063595348
1113 15.319507451270955
1114 18.326924606280773
1115 16.448877989563066
1116 17.184344430009762
1117 18.697914548324146
1118 16.88038837148821
1119 14.419037841148235
1120 15.856193954182398
1121 16.484199460706403
1122 13.104839066235376
1123 14.641908773791666
1124 14.947154147876853
1125 14.994927176070835
1126 15.962904498992854
1127 16.87888658467334
1128 15.610467148902387
1129 16.68953431386604
1130 13.638277321935632
1131 14.447263417549527
1132 15.48588019087036
1133 12.950461084829785
1134 13.94274599873067
1135 14.522576502203723
1136 13.558879038522349
1137 13.763630980824821
1138 11.778299912991573
1139 13.380724730087913
1140 13.260797572828803
1141 13.08425662560761
1142 10.679430638042096
1143 14.204705455483767
1144 12.348422759929818
1145 10.510079329289784
1146 10.203284555532361
1147 15.570816878522338
1148 16.901468723242882
1149 15.449022883459222
1150 14.680817057768055
1151 15.455692817664303
1152 16.196731851424335
1153 19.173205703162413
1154 17.478101844208947
1155 19.600153763071187
1156 17.756814543491377
1157 16.81229533907312
1158 15.755568580551165
1159 20.241890957709852
1160 18.98520853799783
1161 17.629537264745807
1162 20.562136330551034
1163 20.716016690596234
1164 21.422018453915545
1165 21.85133911795648
1166 18.391177070539776
1167 19.489248354781395
1168 20.605024140494024
1169 22.863147311683765
1170 21.322690843607244
1171 23.932271427859796
1172 21.67685849303187
1173 20.125988688607833
1174 21.64795616630614
1175 19.75972906733964
1176 23.996991426278196
1177 20.90890472061169
1178 18.40303790638905
1179 20.768574039547467
1180 18.52638537137392
1181 15.887500358768552
1182 15.652634937806711
1183 16.766716014165237
1184 17.805135644419348
1185 18.96018357465791
1186 18.230103267643965
1187 17.623672147601557
1188 17.978885426966542
1189 17.047332556760345
1190 16.886862798838486
1191 16.508391420039484
1192 19.030819216047448
1193 19.488630117597342
1194 18.76059421265366
1195 20.918636214039513
1196 17.78913679819697
1197 17.340166727648906
1198 19.11225966767138
1199 16.119287657226756
1200 18.57019182754443
1201 19.123420947661796
1202 15.962322066233584
1203 16.69734905688287
1204 16.44364117314565
1205 15.514844109911342
1206 17.11933230372782
1207 16.935649615911323
1208 13.833360326154171
1209 14.895784549137781
1210 15.189922142209726
1211 15.196981710816747
1212 14.1693938762767
1213 15.179264067249873
1214 14.239472120552598
1215 16.785426713317374
1216 12.528279829265573
1217 14.539381397264785
1218 16.104808424788214
1219 15.936234998435523
1220 17.442718607325226
1221 14.108872461938859
1222 14.203708632252516
1223 18.11999616050265
1224 18.01126269796914
1225 17.316871141966555
1226 18.388271470930423
1227 20.07636632428891
1228 17.78589107500131
1229 18.31492622729339
1230 19.329883922106852
1231 20.096896007851942
1232 23.23849827725593
1233 22.408591640534443
1234 23.2756971141031
1235 19.657161446725134
1236 20.271446041099182
1237 20.172989745021024
1238 20.608878071625565
1239 20.641964812317422
1240 20.833148074805017
1241 17.717751850608366
1242 16.088338430045454
1243 17.599432068680706
1244 17.816112269674967
1245 19.978506554815976
1246 18.49918886903653
1247 17.891656102844145
1248 18.055295501337046
1249 18.75982119672376
1250 17.08184512019409
1251 16.420718235844635
1252 16.746025232759983
1253 19.20051814707619
1254 21.940047237446404
1255 19.756829636216583
1256 19.31194457904612
1257 16.494758046097523
1258 17.372190403108736
1259 18.86571023469355
1260 19.684747771609583
1261 20.848348308760556
1262 19.305514505206215
1263 20.57255614544463
1264 21.77995440745607
1265 21.883916754509965
1266 23.68117342116567
1267 21.282216992158865
1268 22.83545278225694
1269 22.088380503144375
1270 20.5720223039797
1271 22.754810850782288
1272 21.298591376063307
1273 19.531161576753373
1274 18.90209633309432
1275 18.437710034267347
1276 19.22872777157686
1277 18.911938085627224
1278 20.56679282860537
1279 18.95199362397502
1280 17.826223503552054
1281 18.723284651821036
1282 20.88589432116527
1283 19.014788694248548
1284 18.911492685181937
1285 18.999964664789072
1286 19.74279399937577
1287 20.78390465246048
1288 21.58642142837294
1289 21.420682594828698
1290 20.512614487574485
1291 19.743618663035868
1292 20.602275804972248
1293 19.345823046148613
1294 19.56722762644019
1295 20.604781212945404
1296 20.882618519372738
1297 19.97100247013657
1298 19.965988919218507
1299 20.210467533742687
1300 20.558171134161938
1301 18.58648871267359
1302 19.360533845651137
1303 19.22664996142989
1304 21.02688378283519
1305 20.34496657118724
1306 18.761702729244558
1307 19.18201613640408
1308 19.051657871465782
1309 18.98006556492611
1310 17.904324907085734
1311 18.540605575812215
1312 20.353251423292516
1313 19.56379732213687
1314 18.394053015176905
1315 17.750766323343353
1316 20.30821719760975
1317 19.747739931033575
1318 20.878061550236534
1319 18.45472286664465
1320 18.179633523586798
1321 19.242593618282232
1322 18.16765239781427
1323 19.40942493040904
1324 19.34285428027844
1325 19.96289706372059
1326 19.090495667774768
1327 18.587567324818032
1328 18.610174630938715
1329 17.92568248574276
1330 17.86641603419869
1331 17.867665780049833
1332 18.177780790567663
1333 18.067109288898457
1334 17.807978919671456
1335 18.809336959088302
1336 18.786705670549402
1337 19.140346515672686
1338 18.486451492465715
1339 18.218978203513334
1340 18.73221413164559
1341 18.561000215283794
1342 17.69912633746358
1343 18.135736416573668
1344 18.33982648819674
1345 18.50562662683461
1346 18.430275170463467
1347 17.74850887682856
1348 19.64712118843722
1349 17.373962462436488
1350 18.92333261064
1351 19.17394136700167
1352 18.69090534648395
1353 18.1527763203823
1354 19.196082713981376
1355 18.08680625313793
1356 18.2991460823583
1357 19.180541655180203
1358 19.45578401721591
1359 19.900257210377774
1360 18.944982484883546
1361 19.466027358326652
1362 20.372864550574597
1363 20.402244109868562
1364 20.41788948249056
1365 19.71161056932944
1366 19.502906786859214
1367 20.072701324468234
1368 18.562370160958924
1369 19.871154095597383
1370 21.107130109689923
1371 21.45360494259561
1372 19.904568285964277
1373 19.242457047957927
1374 19.17114217659881
1375 19.698857203571496
1376 19.346477244379948
1377 20.211301854336483
1378 20.04415372973382
1379 20.37137861688882
1380 19.892194578257786
1381 19.33809901855037
1382 19.72349106341029
1383 20.506498621753003
1384 21.47431098562853
1385 20.434305950650458
1386 19.798416499657222
1387 19.705139140926146
1388 21.278396900643198
1389 22.804265721265253
1390 20.140149538874894
1391 19.505398808490547
1392 20.855192272701167
1393 20.86210028457743
1394 19.63838301196484
1395 20.465707019305615
1396 20.40407057085336
1397 19.76036318205869
1398 20.811225554836298
1399 21.704612206416705
1400 20.164833912334576
1401 22.257050816103582
1402 20.01033810011127
1403 20.533812920104005
1404 20.52770143799717
1405 19.959518120631834
1406 20.791048210549597
1407 20.343081980455104
1408 20.581816499211385
1409 19.396522208358668
1410 19.225077406391996
1411 18.166491557258013
1412 20.80237841172353
1413 20.0572664859155
1414 19.391980060368752
1415 18.2179433450419
1416 17.444722089273107
1417 18.264018262058254
1418 19.375093845696664
1419 19.01569295097506
1420 18.968503762513095
1421 19.884344274290953
1422 18.15969537109932
1423 19.63599678853024
1424 18.687365451331203
1425 18.39097190097566
1426 18.319975010343335
1427 18.375995786673045
1428 18.775410302731046
1429 19.776430408160262
1430 19.79899701146379
1431 19.703835176753863
1432 18.836383600497715
1433 17.974636698359145
1434 18.671506741024395
1435 18.76588959290648
1436 18.921678515211127
1437 18.012052337188365
1438 18.988962660386004
1439 18.765121154170778
1440 19.430414873328655
1441 18.654707434330327
1442 19.064946347733546
1443 18.650042003758976
1444 18.100952418270882
1445 17.933142581088767
1446 19.20540101760851
1447 18.47117732056365
1448 19.330854822351963
1449 18.60566554293133
1450 18.40784491669056
1451 20.09089090923535
1452 19.655711016666867
1453 19.91307393635731
1454 18.858311361482706
1455 18.70467037062534
1456 19.644441821762022
1457 18.15969472861757
1458 18.1431112417178
1459 18.417064039079683
1460 17.937320847183674
1461 18.17645087570096
1462 18.246255082847842
1463 17.953775565846627
1464 17.87585446126575
1465 17.90986880630894
1466 17.463445676173812
1467 18.58963449062417
1468 19.31572769109723
1469 18.961230337931383
1470 18.984458429500464
1471 17.93553213325067
1472 19.082898444786117
1473 18.1377696855991
1474 19.240253019434352
1475 19.91437909544896
1476 19.791505479765576
1477 18.14041880939115
1478 18.341519084905574
1479 19.450121455895268
1480 19.287882580150654
1481 19.405971717675538
1482 20.92819823258277
1483 20.63998941439985
1484 21.1511690138669
1485 20.69104777227923
1486 20.370220523965415
1487 20.14590416207353
1488 20.510027872677828
1489 19.034324747410142
1490 19.939247398024488
1491 20.129675712797564
1492 20.15023720738484
1493 21.188506597414978
1494 20.109583669952393
1495 19.395373103347584
1496 19.11766826517216
1497 18.82198478274305
1498 18.559321110329012
1499 19.616111565687262
1500 20.04925390035974
1501 20.32272570456256
1502 20.313285308587737
1503 20.879463628077996
1504 21.986261773442305
1505 20.567113902162692
1506 21.699147929220793
1507 19.41001939386483
1508 21.98871462237788
1509 20.184154668593546
1510 17.815960615516815
1511 19.520199785617926
1512 18.39144847199939
1513 19.290900470447266
1514 19.26012904784909
1515 18.48981850658313
1516 18.79018763933198
1517 20.40358452566732
1518 19.44114840867359
1519 19.98534642957429
1520 18.818543751046732
1521 19.856262009917547
1522 19.345964888081365
1523 19.854107809971705
1524 18.083140282810295
1525 19.19578968118029
1526 18.350123353966282
1527 19.31994128974953
1528 19.205820355125283
1529 18.536639311634282
1530 18.62391432005792
1531 18.277142947656376
1532 19.52181537113141
1533 18.88539628824832
1534 18.81138670195292
1535 18.81296456564736
1536 19.167178006635258
1537 19.12743595733359
1538 18.911955032354907
1539 18.78614183141345
1540 17.65495313026361
1541 18.182794496776612
1542 19.742028301816642
1543 17.87425755789412
1544 17.229747752171516
1545 18.593000133091024
1546 20.920473423920487
1547 19.782653793958826
1548 19.397680655907067
1549 20.262353644471567
1550 19.948294529728535
1551 19.535283098711773
1552 19.443819169052748
1553 20.041873671149208
1554 20.913718337502875
1555 20.571478080518126
1556 20.806111352414742
1557 19.71126149604207
1558 19.90239527456015
1559 19.334814601864778
1560 20.212270085263206
1561 20.660967764479476
1562 20.526841967583888
1563 19.877637961197795
1564 19.344202783505136
1565 20.151207416265347
1566 20.12497406326456
1567 19.05838770624849
1568 19.572854574449238
1569 19.205821220799187
1570 20.258182050251218
1571 20.16245165041192
1572 20.939815118187198
1573 21.211943652725523
1574 20.591856792556985
1575 19.691461046646133
1576 21.010665403975132
1577 20.483712860146667
1578 19.74267528311788
1579 20.150025016788728
1580 20.036915843499724
1581 19.630396985021076
1582 19.918312001736076
1583 19.170764542697853
1584 18.616789242899316
1585 19.91375874563859
1586 20.927728538884654
1587 20.181857601069805
1588 20.299970766508405
1589 19.62815701788501
1590 19.0201794320447
1591 17.728223285072787
1592 18.783098239884342
1593 18.6812894071471
1594 17.68303802879835
1595 18.868958766979578
1596 18.127095612538778
1597 19.676679309533345
1598 19.9568545766573
1599 19.031076002066033
1600 18.779519045221605
1601 19.744181484124866
1602 18.726344730593546
1603 18.349832334164777
1604 20.093248855326358
1605 19.090868102012255
1606 19.64242581868565
1607 19.236726818627094
1608 19.103007371463697
1609 19.90700520901941
1610 18.89325937107812
1611 19.914056496880118
1612 19.083164689162317
1613 20.534572753845943
1614 17.92439693808423
1615 21.06065821518439
1616 21.183080228424902
1617 22.783463142939013
1618 20.748657158183008
1619 20.022352876118426
1620 20.05761930614561
1621 19.93710257290992
1622 20.646425595887035
1623 19.656377805649278
1624 20.816625275930104
1625 20.138800147530397
1626 18.91959217075598
1627 19.024656522400534
1628 18.763160351279588
1629 19.305899009845977
1630 20.342329326513344
1631 20.110858919269603
1632 20.45288070296501
1633 20.699760477001213
1634 19.701668575283144
1635 19.10724441614979
1636 19.624664629011654
1637 20.305541754672255
1638 20.73457868285542
1639 20.50939685661961
1640 19.801045691726944
1641 19.08353369533125
1642 18.738340859753098
1643 18.574690970316663
1644 19.0679299170472
1645 19.22840270714296
1646 19.837498337398937
1647 20.20182645249277
1648 19.924494743843603
1649 19.376824848303258
1650 19.95450203106346
1651 19.093053426919866
1652 20.76798314072832
1653 20.296231638773904
1654 21.3708284236587
1655 20.693279811006196
1656 19.533309325732997
1657 20.16924102259723
1658 19.99544394074487
1659 17.899531804489115
1660 19.716207075983657
1661 18.33044380903637
1662 18.59269421979712
1663 19.336358305909837
1664 19.202619436158205
1665 18.738065859142466
1666 18.681019908669274
1667 17.936451597452436
1668 18.663783418589535
1669 19.089106303140007
1670 19.914498458206204
1671 20.192469056240373
1672 20.455342713038146
1673 20.128790829496424
1674 21.24498343891106
1675 20.212675623766845
1676 20.403727819170843
1677 20.84938857421304
1678 18.908312772930383
1679 20.276405052258987
1680 22.21993500343813
1681 21.54914440242689
1682 23.161782626594206
1683 23.19047496031347
1684 21.92137872884781
1685 20.45939444584795
1686 23.184924657460872
1687 22.58621518456696
1688 21.915603567835095
1689 21.91501264122394
1690 21.855916294430482
1691 23.88146803977753
1692 23.598860818750577
1693 22.634494801780164
1694 23.58879422258395
1695 23.286241768428393
1696 23.368612445453483
1697 22.79296199724157
1698 22.646627872348873
1699 22.184237147162666
1700 21.89535497098547
1701 21.42679514657537
1702 22.419488852509055
1703 22.421108843311842
1704 22.80223752834721
1705 22.59210739039474
1706 22.601589619527942
1707 22.22311626972435
1708 21.353841505912733
1709 21.425483372902068
1710 22.84255251923268
1711 24.811770331293
1712 23.31914211376852
1713 23.398062418281867
1714 23.61080718325291
1715 21.604058231592095
1716 22.817040542218198
1717 21.97822143512781
1718 21.94223679500341
1719 21.358420874269708
1720 21.180316544888132
1721 20.940808408120976
1722 21.78897948586722
1723 21.100871676045177
1724 22.97949890649504
1725 23.079677368501475
1726 22.078081104958326
1727 21.103880824581978
1728 22.8117256966064
1729 23.584361276816033
1730 23.110036664081225
1731 22.663624294665357
1732 22.124220926945878
1733 23.481978628827758
1734 24.73524618494996
1735 22.565127913258436
1736 23.523188967523527
1737 22.84040321084386
1738 22.52018324826647
1739 22.538706243122817
1740 21.116332354161255
1741 21.367839396905797
1742 21.90339365475188
1743 20.914488022256723
1744 21.505194742988767
1745 22.66160093024147
1746 22.1900086186701
1747 20.976456992140868
1748 21.80645099118473
1749 20.729883331105892
1750 20.219765209906747
1751 21.21045728277844
1752 22.105036837123205
1753 22.109294363052406
1754 22.347364041539922
1755 22.699766759137578
1756 23.17358034390042
1757 22.54347098026241
1758 22.741395113783256
1759 21.84977182858502
1760 22.350247212931635
1761 22.812774643407074
1762 22.1873875219977
1763 22.31379893734748
1764 21.802439709276594
1765 22.46524392751878
1766 22.8184936562873
1767 22.687773908020635
1768 23.920896483753896
1769 20.835810331841678
1770 20.77986535481251
1771 21.23438554673144
1772 21.943597073075903
1773 22.215334410141963
1774 21.29397756289132
1775 22.4721732808283
1776 22.702283262796513
1777 21.530421111776953
1778 20.912399973282206
1779 22.19069255028404
1780 22.124135007615894
1781 22.633428341194207
1782 22.702421761681663
1783 22.57398493120231
1784 22.257615521811253
1785 22.329494119151335
1786 21.946642973092775
1787 22.21947160770759
1788 23.194159864673388
1789 22.829791008808176
1790 23.686437655031977
1791 23.094020550761147
1792 22.93308812737124
1793 23.148567129130587
1794 22.16421626190046
1795 22.25420993058252
1796 21.552959990040605
1797 20.985798665524076
1798 21.977827721215103
1799 23.437683853968394
1800 21.093644704345163
1801 20.967708714125607
1802 20.975203651141427
1803 22.49600450527304
1804 22.729376262561306
1805 22.595011352819867
1806 23.0989477784263
1807 23.371938388796377
1808 22.74699066232547
1809 23.14187607884226
1810 22.600825198275473
1811 22.121092224576127
1812 23.224006585400993
1813 23.294633015994656
1814 24.546442065202037
1815 24.853433880023086
1816 24.113473968785165
1817 22.515125702489236
1818 23.697134160504877
1819 22.989929259243528
1820 23.211631467742787
1821 23.529060235021067
1822 23.57934377545118
1823 23.05401043067294
1824 23.147743580311218
1825 23.469703039853563
1826 22.413544507566225
1827 22.704474704549558
1828 22.09103331480828
1829 23.700691216895986
1830 23.204319940955376
1831 23.964326842747266
1832 23.02123599316232
1833 21.78036032793048
1834 22.22623198183647
1835 23.078450857696705
1836 23.175752568837247
1837 23.16386855993975
1838 23.343466557975063
1839 23.254739669889318
1840 23.53007955674768
1841 23.559256166397052
1842 22.01859402297382
1843 23.54450539812112
1844 23.49626957105148
1845 23.92616086204142
1846 23.019665076688707
1847 23.92468315442548
1848 24.752890973476934
1849 24.14049499962004
1850 25.4929229029085
1851 25.289115707608513
1852 25.14202247717921
1853 24.534353145378336
1854 24.80307622793465
1855 24.992274613069736
1856 24.46285990950595
1857 24.826282384229643
1858 25.0559351749719
1859 23.950436336581284
1860 24.79200023150907
1861 25.300287260935413
1862 24.851053145509244
1863 24.79290623164275
1864 25.468820572000475
1865 23.544173189764575
1866 24.374013557014973
1867 24.985119099313813
1868 24.48278379827623
1869 25.031607136966038
1870 25.62922079181122
1871 25.34446730685608
1872 24.424474877858874
1873 25.616731920221074
1874 24.662179804894112
1875 25.257130123701845
1876 24.37815931711613
1877 24.17805253528158
1878 25.128879263160567
1879 25.228541231263183
1880 25.648417225091027
1881 23.337226735604265
1882 21.899932076336924
1883 22.68224389630376
1884 22.861148644541164
1885 23.941185489103912
1886 21.26172607366144
1887 22.485428310267775
1888 20.38048757484776
1889 22.574387892695867
1890 21.86269188479124
1891 22.832298301408954
1892 22.598158434485995
1893 22.5483790330261
1894 22.814607269065093
1895 22.742746610551162
1896 19.80460246241336
1897 22.011201045098883
1898 22.15458518436961
1899 22.119248368736876
1900 22.483223904392233
1901 23.75886338209702
1902 23.69033546796421
1903 22.381189798087338
1904 23.739651266781003
1905 24.636090096167678
1906 25.173210656682546
1907 23.86117432102222
1908 23.501695529500132
1909 23.070250772404048
1910 24.094241101374237
1911 24.228208329275343
1912 23.439254927072948
1913 22.793839421299452
1914 23.718470020325878
1915 24.510067928598726
1916 21.693070254302846
1917 21.689793260010994
1918 23.08225583567465
1919 23.043241031829556
1920 22.919103022694713
1921 22.426081704884727
1922 21.778037421863214
1923 21.711118926599806
1924 19.6930578404873
1925 19.337550742045998
1926 19.32758467873239
1927 20.30474653084491
1928 19.392427099440223
1929 19.941000394682455
1930 19.080944642008873
1931 22.116433941423487
1932 20.845992408823797
1933 20.486315882037367
1934 23.7378516731627
1935 23.04058441639553
1936 23.348567609583526
1937 22.33038746307623
1938 22.128482358859365
1939 23.848226756491574
1940 21.697868966445647
1941 21.667804371989416
1942 22.588300069381763
1943 22.394183179638937
1944 23.963616738594077
1945 22.89372588731848
1946 24.58286298865856
1947 24.315442360916638
1948 22.252927439578272
1949 21.574187964513563
1950 21.92793435543911
1951 22.875560205823483
1952 21.525524039275698
1953 22.313337718840494
1954 22.15993675147528
1955 22.23844293903606
1956 20.182947811176803
1957 22.214435265914478
1958 21.571680295470404
1959 22.149889426687974
1960 21.959833030415098
1961 20.38301100870029
1962 21.69501034416594
1963 20.500498464117193
1964 21.80638382014037
1965 23.433619889531162
1966 23.723087639515686
1967 23.57244335242693
1968 23.59254414318211
1969 23.219347355992127
1970 21.640022374069922
1971 23.54030397936841
1972 23.426981903298344
1973 22.54197259389989
1974 23.970267605583917
1975 22.871049494246495
1976 24.633540016240755
1977 24.2287880985605
1978 23.348156573177942
1979 24.35695817932365
1980 23.512386142259825
1981 24.95145788388117
1982 22.215350491346676
1983 23.17890648290898
1984 24.665260363739513
1985 23.887501876281373
1986 22.75258966242086
1987 21.74488047847884
1988 19.746424530411527
1989 20.10400121136253
1990 19.358260912695183
1991 20.415253303296353
1992 20.46985337589344
1993 21.682835495231537
1994 21.86667125303383
1995 22.142113433872613
1996 22.413528468724383
1997 23.142648415110546
1998 22.510003936510948
1999 22.93995302184034
2000 21.467632407569756
2001 20.66782654008457
2002 20.491428312318064
2003 23.771003075901195
2004 21.47302994341028
2005 22.614247847066824
2006 23.766700221102663
2007 25.299675889061582
2008 22.831913218926605
2009 23.481740880033243
2010 23.190279539133698
2011 24.659516036367283
2012 24.200976462282046
2013 24.278109924463173
2014 22.849022163988533
2015 22.600242897585282
2016 22.96772562105806
2017 23.069757626851572
2018 24.115586879326973
2019 23.469553502943267
2020 22.153620989013184
2021 22.898194678830993
2022 23.08359030091375
2023 22.409657948856967
2024 22.89426437217524
2025 20.975229332200076
2026 20.672365050416218
2027 22.239795761614133
2028 24.64812072170503
2029 23.59230281461748
2030 25.067187643293572
2031 24.880287245690006
2032 23.830164681401392
2033 23.954941248846517
2034 22.17872631275339
2035 22.22249683306024
2036 22.111005930212833
2037 18.38108935767299
2038 21.698526173340095
2039 20.991744798289606
2040 20.889297416198033
2041 18.97761473863236
2042 20.074433947117083
2043 22.755716427527513
2044 24.15203801918535
2045 22.80243314770277
2046 20.455716917631463
2047 21.77328720209781
2048 21.25411559575507
2049 21.2712084761839
2050 21.526544906239394
2051 23.22749708166434
2052 22.657808259351203
2053 24.02181711869048
2054 24.16878698942297
2055 25.43903931628745
2056 23.88755743923526
2057 24.840491422132203
2058 23.34387765166642
2059 23.891174581465886
2060 23.322345295225674
2061 21.95445043999789
2062 22.170215720958616
2063 21.053582447810065
2064 23.02624872572051
2065 23.176355267152108
2066 21.728446972223182
2067 21.986905436255594
2068 22.739777262392895
2069 24.345743658006402
2070 23.28777190793712
2071 23.63631761106763
2072 24.222770517938496
2073 23.85612807763861
2074 23.685787596602566
2075 23.737193871556045
2076 25.42109111554139
2077 26.830765114594662
2078 24.1241713413701
2079 26.098882537131917
2080 25.593790394838486
2081 25.98807989973527
2082 25.88323768661904
2083 25.640520462937197
2084 24.725503547224676
2085 24.76932371364432
2086 23.41603984999377
2087 24.543509934640753
2088 26.045782840656962
2089 24.40840128888014
2090 25.21583241683481
2091 24.342818334151243
2092 23.634745285054063
2093 25.56280198921636
2094 24.68373004535751
2095 23.825235111769732
2096 24.1007001503828
2097 23.70882723600828
2098 23.387668086254603
2099 23.21082133880063
2100 19.993876895104027
2101 20.75223132901938
2102 20.424856156029172
2103 18.844001772004162
2104 17.227933408107653
2105 17.61997493430398
2106 18.352306707020425
2107 18.287570186918447
2108 16.186338799006197
2109 18.55982030650115
2110 19.539755961088627
2111 19.265500885793767
2112 19.01046827972741
2113 18.567603323433477
2114 18.281553376725228
2115 19.125711164908125
2116 19.30416207778135
2117 20.237772102474285
2118 20.23111863110254
2119 21.6680599824709
2120 19.894169505145175
2121 20.252773574132952
2122 20.086864214974693
2123 19.592358340216183
2124 18.928500380567257
2125 21.598488148868245
2126 19.466815179581467
2127 19.727645394592727
2128 19.496035735292743
2129 20.21047197499604
2130 20.69285044486881
2131 20.06057752464456
2132 21.046172918260897
2133 21.81330502269752
2134 21.95152421856475
2135 20.479640246897667
2136 22.349863013477442
2137 21.087402542913246
2138 20.423158046111013
2139 21.066471763716773
2140 22.010394297079475
2141 20.254172443331456
2142 19.03575995240657
2143 20.211108388278486
2144 20.324070988725534
2145 20.428410557161794
2146 20.12354215463791
2147 19.662981606807133
2148 19.916358236611266
2149 18.45982492246121
2150 19.18260063432368
2151 22.239249388906597
2152 19.01415835704443
2153 19.86019736527227
2154 19.78351086005907
2155 20.380179447698172
2156 18.399493442032025
2157 20.139554164634088
2158 21.333647995625267
2159 21.26361223745571
2160 19.57899453173825
2161 18.29325530910557
2162 18.884209985671852
2163 18.837282554748892
2164 17.983359730860705
2165 19.4182393993768
2166 18.223285918499517
2167 19.778779521931746
2168 18.55429469296523
2169 17.625238957643578
2170 18.716224871907755
2171 18.66942325806985
2172 17.559811540257993
2173 18.853557650385248
2174 17.986263667391555
2175 18.08683566631295
2176 19.584488724558327
2177 17.94067705835376
2178 19.2703222985632
2179 17.425520599163672
2180 17.76711176819452
2181 17.763091444956675
2182 17.244685532648816
2183 17.72695960640823
2184 19.053109622458216
2185 17.235472479916208
2186 18.10346499354216
2187 17.45988951194858
2188 16.45106585895038
2189 16.601383035061424
2190 15.58357569129494
2191 16.94999208136244
2192 18.593081119142692
2193 16.27430207300999
2194 16.922337818110083
2195 16.15273158495644
2196 16.519572005835936
2197 16.29764314666164
2198 17.303156931996057
2199 16.811102792852484
2200 16.75287502901173
2201 17.02180919382347
2202 15.577673186954375
2203 16.965533648353286
2204 16.763844770615922
2205 17.96206885998149
2206 17.824477009638738
2207 17.98205156335521
2208 17.64784144304635
2209 17.879316899822353
2210 18.1563207995527
2211 17.126165954549215
2212 16.857167369780413
2213 17.611425280885523
2214 16.09009946437953
2215 16.02900032415349
2216 16.81945199801809
2217 16.90394442282393
2218 17.084125680855603
2219 17.528552397950175
2220 18.399938995011805
2221 19.045928306839674
2222 19.096355296401136
2223 19.734010858868626
2224 19.798734186923916
2225 16.530244350485667
2226 16.873218111489898
2227 16.857704489211358
2228 16.61844712973334
2229 15.383376077634058
2230 16.050115775574955
2231 17.54442769441201
2232 17.307915712924412
2233 17.058964515201435
2234 18.292997756201355
2235 16.537897198002526
2236 16.22611107415625
2237 15.378767716904472
2238 14.081599132316384
2239 14.527131639812277
2240 13.901814286641176
2241 11.563005793281977
2242 15.5535525285071
2243 18.612972106974762
2244 18.464238582917016
2245 20.53736730401604
2246 19.386307279023033
2247 14.205940133028777
2248 16.928749987788272
2249 15.214310807023015
2250 14.940237989560757
2251 14.83116860841148
2252 14.276882874745805
2253 13.23140033268669
2254 15.002119325179846
2255 17.18003706976061
2256 14.281327769423353
2257 12.331436564720054
2258 14.913614136075305
2259 17.704129193234195
2260 17.263216435421157
2261 15.724347131808273
2262 19.34323819058832
2263 17.29030109997485
2264 18.937272190490816
2265 18.095132175499497
2266 14.869396271651558
2267 14.282472162472837
2268 13.31662845086551
2269 14.638181948212177
2270 11.781298595412512
2271 15.575927806522975
2272 19.162412708501236
2273 18.088407446171928
2274 18.1014731056617
2275 17.691500311112414
2276 18.235131382516677
2277 15.35888180288527
2278 14.25714950213757
2279 13.185263317664171
2280 9.73893455976296
2281 13.228009042442595
2282 14.164011005223221
2283 14.317681872740382
2284 15.127792003955163
2285 14.97445242903734
2286 13.736592596967217
2287 13.478310333782074
2288 14.130438137294558
2289 13.071107405174912
2290 12.367093509792605
2291 10.394620556825952
2292 14.628861227401638
2293 15.142793739649271
2294 15.965801043057105
2295 14.003405535853423
2296 13.684130847162823
2297 9.71038789031619
2298 12.165435150055712
2299 14.840728400315665
2300 14.037610520267444
2301 17.676362455224872
2302 15.149998148601707
2303 15.38729380044145
2304 14.27422451209755
2305 13.711362174692242
2306 15.239512546583859
2307 14.686292350254202
2308 13.57404049703141
2309 13.76402428136745
2310 14.79080671543945
2311 13.637959327972071
2312 15.720822054746531
2313 12.36511966004323
2314 12.168370769469844
2315 12.709196505597033
2316 13.229702657068648
2317 11.433296208256333
2318 11.924200557823497
2319 12.243593230183237
2320 13.152516084569708
2321 10.750240115870456
2322 12.667834694093251
2323 12.66722681516498
2324 10.415141939911276
2325 11.02948001593989
2326 14.136606347452888
2327 13.253846281042511
2328 11.432386229063326
2329 14.73032132794923
2330 16.8991896514758
2331 16.86828247204868
2332 16.513444885803324
2333 16.821835332884987
2334 15.732027931617925
2335 16.792584255837195
2336 17.225219836998935
2337 16.752480418507368
2338 16.29818326769823
2339 18.431919988346564
2340 17.333845124221384
2341 15.278085704944369
2342 17.486136775470836
2343 16.497111765130676
2344 17.567985873949528
2345 17.542405757884122
2346 18.011722912686242
2347 18.688722526403424
2348 15.588557343161838
2349 14.583195478760258
2350 15.618924406191773
2351 14.012402701620646
2352 13.202484217187248
2353 14.566218017292615
2354 13.235352747777208
2355 13.375682870367433
2356 15.708856729373633
2357 18.468007389224866
2358 17.555619480783456
2359 16.30829706204868
2360 15.765750165733563
2361 15.532166442777978
2362 17.383267991927305
2363 14.831379128740318
2364 17.317648313473164
2365 18.8097668966231
2366 16.846756246520833
2367 17.11018630055143
2368 14.645486869189128
2369 15.70785972201556
2370 17.13580562228308
2371 15.259139231332178
2372 14.982691568403567
2373 16.08178130479719
2374 15.855587831762614
2375 16.80109831307939
2376 15.095013816097197
2377 15.212682106604774
2378 15.288860134651829
2379 14.546563448681907
2380 16.214418425881696
2381 15.221419873371145
2382 14.18451492695831
2383 14.479674468888252
2384 15.05356371937869
2385 15.314072156667423
2386 16.216445447149553
2387 15.327572241374394
2388 15.05077753657835
2389 14.791434265914795
2390 16.879591895955034
2391 16.074702903840105
2392 16.8781525618321
2393 14.81994849696753
2394 16.745831672880833
2395 15.38380215638021
2396 13.493649731563519
2397 16.25142902436345
2398 14.24521798478668
2399 16.297393563853007
2400 13.027714286687063
2401 12.72586921376333
2402 12.070794024262588
2403 12.617449579805381
2404 13.114554255449596
2405 12.844335261719554
2406 9.819579287372385
2407 13.354382247035309
2408 13.137339230614781
2409 10.627649387772326
2410 8.935841414973485
2411 12.397537613490769
2412 11.906604634674556
2413 12.384085431541667
2414 11.78926498697563
2415 14.781919042695957
2416 12.542805581372697
2417 12.34685420168802
2418 12.567869201546117
2419 13.9249875288813
2420 12.460481265344354
2421 16.075518350743785
2422 16.550331193729914
2423 17.15058122896921
2424 18.475995549904294
2425 16.414272306166946
2426 17.46274056118396
2427 15.17366029987775
2428 17.124814943703893
2429 14.051900187737566
2430 13.123124114112299
2431 15.387288015162525
2432 13.405040607558544
2433 17.84713596804734
2434 14.745648619836956
2435 15.192810066076207
2436 13.65671965289925
2437 15.353667900663597
2438 13.505354065363637
2439 14.844946505077145
2440 15.582315892186706
2441 13.429527899426226
2442 16.481208796381576
2443 17.948322463255934
2444 17.68284689866323
2445 17.307020198922988
2446 16.915088723334133
2447 15.56415411974687
2448 15.440572862623364
2449 15.152857159307024
2450 13.838544370644893
2451 13.992170271649647
2452 12.706031971786404
2453 13.771386816463108
2454 14.702174453024337
2455 14.00078817617602
2456 11.907534708489035
2457 13.327398522799564
2458 12.03725733685774
2459 15.511137088337696
2460 15.09592398962805
2461 13.263072275598459
2462 12.377500222273804
2463 9.838134376634315
2464 10.883998107926843
2465 12.766352506321482
2466 14.219727113791274
2467 14.821584522880265
2468 12.887089004373328
2469 14.336861740898941
2470 11.147167245160961
2471 12.530122697237527
2472 12.023557013143042
2473 12.26103414153703
2474 12.03486190773796
2475 13.371580250950991
2476 12.88018325515431
2477 14.145368007270292
2478 13.478459490469593
2479 13.001148168834717
2480 10.317762147695234
2481 11.678095116614587
2482 11.97670229738827
2483 13.409455883017001
2484 11.971097483028052
2485 13.654703890016675
2486 12.035871191946944
2487 12.62586129186137
2488 15.108428641107407
2489 13.287276779640663
2490 13.784461246850627
2491 12.530280845524565
2492 12.032964092652332
2493 12.253176031951586
2494 13.90763298381292
2495 13.319907363708298
2496 12.193650175670511
2497 12.152411380737629
2498 12.453989369153984
2499 12.34175566965086
2500 12.977303830749612
2501 12.324287077366654
2502 12.48184335507701
2503 11.732014832464884
2504 12.709703396414739
2505 14.56265086408496
2506 13.096550344635475
2507 13.419624152911878
2508 14.82408250519124
2509 16.163895952048446
2510 10.830292415457908
2511 12.507515700288211
2512 12.502239547058466
2513 12.817468017038907
2514 12.166537065280332
2515 9.012090830758249
2516 9.509067932166422
2517 11.636908032892883
2518 13.090853354527265
2519 13.016903435373742
2520 12.237585726106815
2521 13.281500304741542
2522 12.19975429681513
2523 11.436417355454424
2524 12.869140827042013
2525 12.966498041492798
2526 16.371224436050458
2527 15.033572032671985
2528 12.366367107605413
2529 12.964493154790947
2530 15.982174030467233
2531 18.626057750022838
2532 19.40805690133117
2533 15.093004572447805
2534 16.471080092063055
2535 13.955033695695882
2536 13.182300943502009
2537 13.029013232841514
2538 12.470090223290832
2539 11.74333301821415
2540 14.234630767033462
2541 13.381696959628227
2542 13.192153862046824
2543 12.506667193444649
2544 11.810125205194732
2545 13.5860258714882
2546 13.528074315208098
2547 13.307084773980236
2548 15.673478802863794
2549 13.155449380655392
2550 12.856421446760537
2551 11.50781192573245
2552 13.173570702173855
2553 13.085073928041384
2554 14.286520226714696
2555 14.621665438079589
2556 15.544013851491476
2557 15.51159290184145
2558 14.799052575897894
2559 14.985106286025758
2560 15.627161506010298
2561 14.847437497464382
2562 16.27455619917204
2563 17.62150430876311
2564 16.8450745144972
2565 15.504558719777663
2566 14.59139143507416
2567 16.508240041387204
2568 14.732441983863284
2569 16.408701633787057
2570 16.305163521744632
2571 14.768274494229834
2572 14.60201220298613
2573 16.03050131491712
2574 13.607474146043876
2575 15.142473142392108
2576 16.672907270662947
2577 17.55525891935838
2578 18.92293835023968
2579 15.88250793533751
2580 17.656312010747452
2581 14.979384154329049
2582 15.432756048811562
2583 15.802439055203184
2584 13.66772365757717
2585 14.525366377972363
2586 13.109760252319674
2587 13.379039795239605
2588 12.372212556779733
2589 12.832704813349071
2590 14.566848902165667
2591 13.062743857646362
2592 12.033491564597272
2593 12.49211464370565
2594 13.542589082531313
2595 11.641912377756563
2596 12.432296394232129
2597 10.712771360794534
2598 12.520524219106473
2599 11.80138119816049
2600 14.308056644941109
2601 14.50281738554751
2602 14.06891424256346
2603 12.414973045994165
2604 12.551523720332845
2605 12.00803553241435
2606 12.444393664832335
2607 11.611018429428379
2608 11.215164739019347
2609 12.79860205532728
2610 12.479808856408972
2611 13.797175807756105
2612 13.925339847824004
2613 14.767400803124625
2614 14.76862475879045
2615 12.816808145511112
2616 14.106184840480177
2617 13.59971971733695
2618 13.688063075696437
2619 12.268852260170387
2620 11.757822187498949
2621 12.539923384887448
2622 12.103740753896068
2623 15.108117034702143
2624 14.911790523669552
2625 16.48602509768462
2626 16.3320249333855
2627 17.599608232039476
2628 14.206371223199803
2629 17.826096704759177
2630 15.451347348128301
2631 17.08479785267324
2632 18.16357354802268
2633 16.688392728527898
2634 16.539794185700828
2635 16.300732271000896
2636 16.828721382226476
2637 16.363155674259737
2638 16.199480186411733
2639 17.084413351069337
2640 19.38869732215425
2641 17.476875034488824
2642 17.265021291278746
2643 18.5849081340645
2644 18.8727553826584
2645 17.196004483323403
2646 17.230578065409965
2647 18.25515651705788
2648 16.147927402404346
2649 17.58289364957098
2650 16.637987361658265
2651 17.47668162232303
2652 19.43659732045865
2653 16.483351125268026
2654 17.12028269721655
2655 18.32923322673317
2656 18.004057842754694
2657 17.58355083387513
2658 17.51796323660099
2659 17.98182624173083
2660 18.267690696906868
2661 19.238140723078587
2662 18.327343064961898
2663 17.9394969670634
2664 19.355038524364723
2665 16.253978847040468
2666 15.885790059365773
2667 14.837543685322874
2668 14.544951844782004
2669 14.778475487563396
2670 18.664273577743558
2671 18.421020368591485
2672 19.857394389304762
2673 20.012727245293213
2674 21.30627049104445
2675 21.00075507835747
2676 17.548587327404245
2677 17.593545435248057
2678 14.839774817845344
2679 19.30258068762059
2680 16.494383832994156
2681 16.07160506944232
2682 18.492341389024435
2683 18.859157132260343
2684 15.402524287089973
2685 17.303738437444984
2686 17.90253104731622
2687 15.168471370620805
2688 16.20322118471805
2689 15.539327807967936
2690 13.700982969453783
2691 16.68890773556652
2692 17.446625083308277
2693 18.728143975334945
2694 16.66833831784586
2695 14.928149100959144
2696 16.014775686608562
2697 14.97433638917086
2698 15.687882456023246
2699 15.3213942455588
2700 15.765212453372099
2701 17.351499645800732
2702 16.781734656743865
2703 13.593637514353361
2704 16.499474760400226
2705 17.57942792758032
2706 18.334098057051254
2707 16.643145905786216
2708 16.193204555972255
2709 16.006510777482177
2710 15.767296663945197
2711 15.130695158729358
2712 14.705814317598822
2713 16.21774419994717
2714 16.519848369337335
2715 14.463464191921078
2716 13.876965041781714
2717 15.541581680439432
2718 16.747513893764033
2719 9.972915377054708
2720 9.753477319536382
2721 8.82013905560533
2722 12.657006972448256
2723 9.897679045374385
2724 7.2811905063562525
2725 7.423958633303334
2726 6.673489977396431
2727 7.269211207318064
2728 7.4705990056070455
2729 7.9625484454788005
2730 8.347548785575757
2731 7.764935144964773
2732 6.620410801338344
2733 8.481480583728276
2734 7.434180201861383
2735 6.637295537130145
2736 5.537585816419267
2737 5.927923818791485
2738 5.3093441252463105
2739 6.6531334177440975
2740 5.637900333650203
2741 7.497163200690604
2742 5.248964420458119
2743 6.005487160595886
2744 6.399363335177285
2745 6.8192296909246215
2746 5.422819636111346
2747 12.934187062587398
2748 11.047956311519236
2749 8.451361184633008
2750 7.176799208638757
2751 8.108411630389273
2752 9.661791577032051
2753 11.55516802835489
2754 10.982877237331518
2755 12.722531877488413
2756 11.748164817441928
2757 10.657695646018608
2758 11.549210555870074
2759 11.52610705214414
2760 9.866723328155583
2761 8.614579067297923
2762 7.085288515536944
2763 6.325911824721442
2764 7.82661790378787
2765 8.709072261940282
2766 7.638592895630308
2767 9.795178156543296
2768 8.354213590202553
2769 10.11590853266778
2770 8.33181294371481
2771 8.030351421416105
2772 7.836729851909242
2773 7.313372980785539
2774 8.32828542120156
2775 10.759469500095198
2776 8.439312715526677
2777 7.6399155482278305
2778 7.9034979451133065
2779 5.953485456381307
2780 7.765169707616057
2781 6.97658980586244
2782 8.048535116699519
2783 6.727237083945119
2784 6.1077772542147075
2785 8.426398818809007
2786 7.87863025117467
2787 8.384992358228786
2788 9.096624792173987
2789 8.509568683445385
2790 6.2875474099412125
2791 7.347570297988382
2792 8.450290644959166
2793 8.265270232337373
2794 8.758628836582846
2795 9.715899721933534
2796 8.001569089936927
2797 10.592247956956923
2798 10.847316034062365
2799 11.104904575618727
2800 10.17615001476201
2801 9.900733057183881
2802 7.988946934271119
2803 8.480568944091862
2804 8.140595366055418
2805 8.297484262974653
2806 9.083117250846117
2807 7.983383602919088
2808 7.231675475322249
2809 6.5640512029253415
2810 8.806936825178777
2811 8.316385448506765
2812 8.650062016182568
2813 10.657951335117929
2814 7.9974631767706565
2815 9.610668568611707
2816 9.583155569996697
2817 8.904771298915927
2818 8.221452512752789
2819 8.105873901302614
2820 6.787062838309292
2821 8.289404118454854
2822 8.17469788570045
2823 7.917671956350497
2824 8.617652128208988
2825 8.843458286309012
2826 7.7458094005121305
2827 8.630543778971004
2828 11.198225543194006
2829 10.319657360644253
2830 8.771828889134
2831 8.397228720878399
2832 8.700313969001023
2833 9.587661718886489
2834 9.778854464589228
2835 11.298052040384981
2836 12.804425023172623
2837 12.453892962348377
2838 10.60890017965505
2839 9.521455974799373
2840 8.26193256557071
2841 9.283980346143483
2842 10.41265833659508
2843 7.878682161404962
2844 8.717115153819707
2845 11.01261891157069
2846 9.443923235170294
2847 8.940983126650293
2848 9.527474089092683
2849 9.078614752129052
2850 9.89141120307848
2851 11.137304525766256
2852 10.39056872554654
2853 11.146110983950296
2854 10.934296148016529
2855 10.404187454400745
2856 10.039204018035209
2857 8.065283005179566
2858 7.0007895774231335
2859 10.84789821438318
2860 10.893669415998671
2861 11.637852141957213
2862 9.606388888961709
2863 10.825171273020086
2864 9.804096600024257
2865 9.385170587403733
2866 10.453897689300797
2867 8.07094384668962
2868 7.750709633807866
2869 8.927479646265443
2870 8.014204827820299
2871 7.653843751444256
2872 7.217542067415406
2873 10.248978334154302
2874 8.426248416582943
2875 9.0603220121583
2876 9.683320761838091
2877 10.345305650640954
2878 10.68118248354951
2879 9.160709101287562
2880 11.25934204632268
2881 10.859090052326183
2882 9.559519018419747
2883 9.664104395467254
2884 8.951506149236199
2885 10.975273271224262
2886 11.340734115333431
2887 7.620873263125073
2888 10.840839208585503
2889 8.90074956896469
2890 10.045492652904386
2891 8.982643548938013
2892 9.710520330098497
2893 6.904490412009786
2894 8.732258799119451
2895 9.739425805888526
2896 9.440505246284626
2897 8.324344098988613
2898 10.85777557733534
2899 10.220300372911405
2900 9.562086559420127
2901 8.67496789756628
2902 9.443941495518574
2903 8.283192744556844
2904 10.435057746790024
2905 12.234796883567455
2906 11.592058119819292
2907 9.748277152099325
2908 8.690869541803576
2909 8.983599468992606
2910 9.740499531668673
2911 9.118404842379308
2912 9.300194770498559
2913 11.087030583682667
2914 10.629204310931277
2915 10.734975819589385
2916 9.154715059140685
2917 9.411859578468288
2918 8.824942414960287
2919 10.964058025932978
2920 10.838750650263425
2921 10.682671070761236
2922 10.301739931125656
2923 10.104495633849824
2924 9.12059781716924
2925 8.84958798965703
2926 10.629116798738126
2927 9.016871076609702
2928 8.019309765999916
2929 9.064719095649362
2930 9.534955134495098
2931 9.916827688890734
2932 8.06737123720709
2933 8.523571394892684
2934 10.587347507789744
2935 8.143829911913839
2936 9.843460412020502
2937 9.19190270478381
2938 9.714820247839317
2939 8.396728818735575
2940 8.857477761333026
2941 8.56052351714553
2942 8.955439326139828
2943 8.121256991283538
2944 8.413982966544934
2945 8.341776140478562
2946 8.281277099014115
2947 8.651350129354096
2948 9.732919646849734
2949 8.17344225250624
2950 9.52927961671007
2951 8.943483287321593
2952 9.214794258226359
2953 7.89788110154687
2954 7.606245140256775
2955 7.60984734722039
2956 6.989499023123774
2957 7.910269842742302
2958 7.727478784777998
2959 6.7653679742467485
2960 6.121197688273373
2961 6.3905995430698805
2962 8.121715681228176
2963 9.703499930642241
2964 8.836649905487874
2965 8.29120600377759
2966 7.868878909848839
2967 11.47483535934989
2968 9.123903613301374
2969 8.711868582003675
2970 8.500178410891325
2971 9.837781734871955
2972 9.018608952703449
2973 10.548906624494114
2974 9.747648921826816
2975 10.182492583173403
2976 9.09176205400868
2977 9.12865708752249
2978 8.27705412562739
2979 8.664230654684513
2980 8.367300589915114
2981 9.958973631175157
2982 10.392173574983127
2983 9.849719351707398
2984 11.31173563583846
2985 10.987802308594945
2986 9.630960920804368
2987 10.200404084374922
2988 9.118620265195077
2989 10.131647001326034
2990 9.608386572404076
2991 10.39420736443065
2992 10.729561280369955
2993 10.38493339094792
2994 12.366773826513333
2995 10.271857737676376
2996 9.50767857832422
2997 13.183417912600921
2998 9.084862571186104
2999 11.875638498977597
3000 12.535285875237403
3001 10.660492248334874
3002 11.762530410582553
3003 10.705532715330781
3004 12.969558567603395
3005 8.97967488267497
3006 10.421252638927243
3007 11.319382455042987
3008 10.376466155509984
3009 10.123260088361986
3010 10.60484883403484
3011 8.697999459817987
3012 10.239934224427206
3013 10.572362816575376
3014 9.927840651482803
3015 13.844703507480302
3016 10.638289416061527
3017 10.602356744584984
3018 11.614477085358494
3019 9.968977385778555
3020 11.332072394076357
3021 12.965084650814998
3022 11.387943044645782
3023 10.85560413044934
3024 11.972578999103515
3025 9.677834551623816
3026 9.788221589872636
3027 11.889046236484173
3028 10.563176610171004
3029 10.302851169366127
3030 9.537490647458853
3031 10.563754432650724
3032 10.248429473100275
3033 9.53421784080139
3034 10.928260296424476
3035 8.572216100038824
3036 10.64446131227273
3037 11.88985192940612
3038 8.812935727784675
3039 10.90245535047496
3040 9.993744001605691
3041 9.91807242385725
3042 12.593187246800465
3043 9.426813228643372
3044 9.9112719061283
3045 10.334805348875157
3046 9.552628568233802
3047 9.603619902005299
3048 11.84439415351417
3049 10.908393485500657
3050 11.590213085780594
3051 10.93894794259488
3052 8.932450701206776
3053 8.411888346553292
3054 7.579135087121093
3055 7.597008289275059
3056 8.312291745439248
3057 8.370438744324112
3058 8.659344653734879
3059 8.57295789508676
3060 8.725667677553606
3061 7.467197530859119
3062 8.043284572272531
3063 7.736771559931375
3064 6.270818149906422
3065 5.8056001154237356
3066 7.797500525032276
3067 7.54666921909993
3068 7.662653090773363
3069 7.648878100149866
3070 7.877007196787908
3071 7.800245322551522
3072 8.381847030190144
3073 8.317645975021385
3074 8.990561213476377
3075 10.262282210648154
3076 9.566103676245547
3077 9.722335264578179
3078 9.649615457414175
3079 9.250660087499417
3080 8.73079763922144
3081 9.135300948056967
3082 9.319364292011132
3083 9.299129456169174
3084 9.116304352093628
3085 8.459301778961791
3086 9.663020512112173
3087 8.369218103677591
3088 7.178983958832162
3089 9.496352802669646
3090 9.714141969041313
3091 9.746792294530222
3092 8.414811964830315
3093 6.147256403594737
3094 7.479909427120324
3095 7.481303801507333
3096 8.016050592534068
3097 9.072248291494798
3098 7.913804662284732
3099 7.389096734234146
3100 9.309211217489619
3101 8.360065998932413
3102 6.62150052562272
3103 7.267220874387292
3104 8.148245485982892
3105 8.499065457031275
3106 7.246136249457126
3107 7.402130051541834
3108 6.869519546790207
3109 7.809719085726899
3110 6.677135729697092
3111 7.2575818463635136
3112 8.593464832804344
3113 7.295895785685202
3114 8.088325716156687
3115 9.265015104213276
3116 7.0992413912337975
3117 6.569302628201126
3118 6.594391798964743
3119 8.335632599989353
3120 6.937075273261243
3121 8.000712265543447
3122 8.623829471673659
3123 7.285960567823987
3124 7.544085411725681
3125 5.916980047748357
3126 6.743112259486665
3127 9.145611562831109
3128 8.764420884494562
3129 8.630800146802539
3130 6.5455255923101765
3131 6.835243579291647
3132 6.893377837191815
3133 7.409831650402332
3134 7.754681429490488
3135 6.7734606185890085
3136 6.023705173634488
3137 7.086291665819483
3138 6.6100530545553875
3139 9.380724545213571
3140 7.6724273580770666
3141 6.537409480041106
3142 6.354107161740467
3143 5.688637076740939
3144 6.069708694557867
3145 6.568399583120394
3146 6.19063758746993
3147 6.83437459935332
3148 6.930554805088251
3149 5.967691805074168
3150 5.318364178704605
3151 5.398242889500996
3152 8.355936302079021
3153 6.813130153029334
3154 5.436932608422556
3155 6.5681595474696035
3156 9.143567455085464
3157 10.695356117087474
3158 11.279388179354028
3159 11.298524893704565
3160 12.767200801728526
3161 10.817231636149321
3162 6.845185710546696
3163 7.189670844684725
3164 8.059352000292431
3165 6.240797561277247
3166 5.243085197419668
3167 5.287322014596119
3168 7.464796247826229
3169 7.06985590268697
3170 5.681433305160104
3171 5.559075054241859
3172 8.122422953134684
3173 3.016975516542403
3174 3.298137762188968
3175 6.263956141723406
3176 8.837493769751307
3177 7.834883487233292
3178 8.487898743290588
3179 7.46570363453324
3180 9.200978580592992
3181 10.681325661757828
3182 8.752489046004724
3183 10.85371897107135
3184 10.09705378046214
3185 8.758506085768273
3186 8.807964957810855
3187 8.56860702563341
3188 9.218839460967313
3189 7.943697647129128
3190 8.693846807627782
3191 7.629343025451372
3192 8.999130366889172
3193 9.70248407344427
3194 9.93815303621341
3195 7.4157970756954565
3196 6.721763353148008
3197 7.875825539083158
3198 7.727969940126923
3199 7.361870363836921
3200 5.5600914166961894
3201 7.581711632925505
3202 7.806333547644917
3203 7.811955629964133
3204 6.286839552060411
3205 8.01329699514629
3206 6.4700860479141165
3207 7.062711057929895
3208 7.434857300939459
3209 8.717415933426848
3210 8.508364367614305
3211 7.808586637165257
3212 8.986981353948488
3213 7.969772651141579
3214 7.991859046932086
3215 7.72491586248174
3216 6.979202483341385
3217 7.675728442689928
3218 7.766358818057139
3219 6.8747235468049235
3220 7.72832390867402
3221 6.449741895379715
3222 7.274211045315756
3223 7.322543694915609
3224 7.127698508998239
3225 7.01559783400736
3226 7.332139103018581
3227 6.885179136410821
3228 7.040701846663789
3229 7.528192273770278
3230 7.539299177196594
3231 7.182350089464784
3232 7.68687209488696
3233 7.491324709083194
3234 7.501605560368894
3235 9.508729609246629
3236 10.288147223583382
3237 10.010405372468954
3238 11.093465711655897
3239 10.876649015153896
3240 9.19314195040984
3241 8.439225986030582
3242 10.296065432910105
3243 8.171099525155833
3244 5.125819309303447
3245 5.726305978207549
3246 6.302402701318147
3247 6.99399354818222
3248 7.84577336172622
3249 7.741970864859449
3250 7.772269447522075
3251 7.797026765543243
3252 8.5899496753363
3253 8.212125217568891
3254 7.825814910874075
3255 8.207391153406409
3256 7.754901012334904
3257 8.69738781941404
3258 8.099011398645784
3259 10.836130065149026
3260 11.402097415320068
3261 10.275216070424356
3262 11.228627371936204
3263 10.332838485569084
3264 8.651371500644995
3265 8.591160747365583
3266 7.203357821560734
3267 4.911419563271696
3268 6.18306576076056
3269 6.140719133071481
3270 5.563294592737352
3271 5.804930352746393
3272 5.780795637369886
3273 6.657423573944358
3274 6.217894869217686
3275 6.0699853731664435
3276 5.800567871052662
3277 6.385142270074893
3278 6.233872856310499
3279 5.640103621378153
3280 6.7113165092336695
3281 6.181917306089144
3282 6.668250094868442
3283 8.345361283737075
3284 5.661371494371229
3285 5.468359477972037
3286 6.035502340148968
3287 7.182216357253054
3288 7.470167490299494
3289 9.67891030664766
3290 8.16163471827103
3291 7.114947763387392
3292 7.253298036838455
3293 6.8516386057586525
3294 8.370852429771851
3295 7.0889893552657295
3296 7.260870272386738
3297 7.762808106824391
3298 9.069029669794421
3299 6.127255563023389
3300 6.229864681605959
3301 6.765330131470048
3302 7.947888189096165
3303 7.030124697929662
3304 6.83108969087278
3305 8.299762994163665
3306 6.829246035246219
3307 5.849431495762336
3308 7.673108456608104
3309 7.228165246253998
3310 6.698728967156158
3311 12.047673641174228
3312 8.501774396705278
3313 7.239097579229864
3314 7.895322495411417
3315 8.017864018769593
3316 7.042314071077579
3317 7.110044754574323
3318 6.4678216718232
3319 6.961387352955628
3320 6.628718162894951
3321 6.290776995417302
3322 5.5135596277767895
3323 5.812896146014335
3324 5.663838567505121
3325 5.380635001986946
3326 6.121620168838917
3327 7.444937724209536
3328 6.687612102960372
3329 6.757288012073397
3330 7.808513368184984
3331 7.782345625992118
3332 13.49088556147257
3333 8.689823236456808
3334 9.469917757029556
3335 8.250511675325583
3336 7.8026017242725985
3337 10.217308976173122
3338 9.330896651675998
3339 7.693463509427885
3340 7.703753860975057
3341 9.406079486181849
3342 7.9084869368998705
3343 6.592714241494017
3344 12.139746412240688
3345 7.6210509054666895
3346 7.844527694266702
3347 7.683573825323397
3348 8.321578483590727
3349 8.714131371986895
3350 7.011270090539238
3351 7.084184119203373
3352 7.032156157321801
3353 6.855869806647807
3354 8.969063301213483
3355 6.089025187661438
3356 6.2229881528600055
3357 7.490352371241981
3358 7.897761543003955
3359 6.586588517136407
3360 7.356346861585227
3361 7.270487773964241
3362 7.325178142898487
3363 6.623513918745976
3364 7.083695043266938
3365 6.644492878392797
3366 9.600772539686028
3367 8.166262293722054
3368 10.83780389104983
3369 9.099197950044491
3370 9.302993921394291
3371 7.903486028146864
3372 9.296232421257304
3373 7.267336324628345
3374 6.987822937527116
3375 6.652944549306806
3376 8.009281901580858
3377 6.836875735278902
3378 7.93813160011834
3379 11.58704478928424
3380 12.66811001333015
3381 10.024047507683681
3382 8.3802738277898
3383 9.976656003624848
3384 8.749007860535075
3385 8.765236443631627
3386 9.751533049501045
3387 9.704383433123942
3388 9.805743488874251
3389 8.630451295354726
3390 8.440412841029968
3391 9.70087888578328
3392 8.385489662900598
3393 9.603134305306238
3394 9.559636198489367
3395 10.90304696974612
3396 9.74431592165794
3397 9.35137056295285
3398 10.33671659382757
3399 12.566035789425646
3400 11.01232712463893
3401 10.309466550847864
3402 10.745897358966932
3403 10.189118120631356
3404 9.384293474973106
3405 10.981745393160743
3406 10.899526682319046
3407 10.126419653864227
3408 9.984076015491667
3409 6.548922226624528
3410 8.209156680918442
3411 6.6816378982753335
3412 11.539754067351424
3413 11.817331984754745
3414 8.937797138616137
3415 11.163373413159555
3416 11.266586369998398
3417 10.896243036237665
3418 10.725859791115942
3419 11.266488309529278
3420 10.155260257890108
3421 8.865792125551595
3422 9.604462159889053
3423 9.718318268852318
3424 13.02949670758052
3425 12.768467155711763
3426 12.849816289041899
3427 12.537230085881978
3428 12.895437556665899
3429 12.280016438601496
3430 11.80927063901762
3431 11.370863037772038
3432 10.733895856047594
3433 11.188012678860218
3434 11.444504347468747
3435 13.020144928275336
3436 11.305732558152028
3437 12.902354370371942
3438 11.363332202009811
3439 11.322499906810425
3440 12.23295199434533
3441 11.4145108413996
3442 10.21565434321283
3443 12.873888448669035
3444 12.995855472730765
3445 14.695202616995141
3446 14.588658241976315
3447 12.450483136344285
3448 14.66792186707127
3449 14.321881466982724
3450 12.92886266658386
3451 11.242363082465321
3452 10.365943106159296
3453 9.813207337756465
3454 10.50330473855844
3455 11.116931227968337
3456 10.888538576049088
3457 9.371386412135237
3458 10.51335205544173
3459 10.744937750493449
3460 15.532018649141223
3461 12.266313817554156
3462 13.509806018117445
3463 11.65398674303712
3464 14.180998577527692
3465 10.326301449014764
3466 10.442284182747029
3467 12.008342897630188
3468 11.406400406757022
3469 10.246910344564316
3470 12.95430660381475
3471 12.636915830307371
3472 12.004078452548537
3473 12.445605571173404
3474 14.576328153893906
3475 11.942111762310626
3476 13.879810229992751
3477 10.717691755597242
3478 11.498387862811176
3479 12.230844857143918
3480 11.706235690002826
3481 12.602440628673325
3482 13.029336923926726
3483 11.493617554873145
3484 9.659893762941111
3485 12.208930195175446
3486 16.763210243830805
3487 16.087588617966063
3488 15.160333847557705
3489 11.301517455847383
3490 11.649316366022799
3491 11.711740845072502
3492 13.272561414688612
3493 14.564118589638065
3494 13.423915481265366
3495 13.09819228499394
3496 12.780792145872741
3497 10.85655858276221
3498 15.14844937336441
3499 14.596339115032318
3500 12.901041415740025
3501 16.58722924965566
3502 13.57239318457243
3503 10.924642271143542
3504 12.156755163969617
3505 12.37351549970933
3506 12.293996821091824
3507 11.935729972339196
3508 11.854802911827353
3509 15.028073072281126
3510 15.655331076840792
3511 11.386017673998648
3512 14.538382260925943
3513 11.21599015101977
3514 10.321892931131742
3515 12.195034548627687
3516 12.059432726498597
3517 11.691100027508652
3518 13.5706958906633
3519 11.786136414835104
3520 12.931931683604008
3521 16.583523251673405
3522 17.737964477135467
3523 15.753413318578769
3524 15.97515463435203
3525 15.992794382246325
3526 15.764859077460944
3527 15.214973729287921
3528 15.623503690318685
3529 14.500684099306438
3530 13.576411830036653
3531 12.122276990732784
3532 14.328772400944459
3533 14.521689528330942
3534 13.863875343445507
3535 13.323638695896104
3536 13.745714079235652
3537 16.198927219097662
3538 16.48940420001277
3539 15.10170275964131
3540 13.601003210767612
3541 13.603643181272815
3542 13.315451737583485
3543 14.095657498118765
3544 14.008760172616714
3545 14.348905088439453
3546 11.396846790281225
3547 13.779629808390172
3548 15.37824160084421
3549 11.851356998505235
3550 11.943413881633486
3551 14.692693096798424
3552 16.578656916869907
3553 9.011198005838871
3554 10.075629758714847
3555 11.124695195513361
3556 10.845034830926767
3557 12.890477419610892
3558 10.28486147774834
3559 10.776782752529291
3560 9.967473681138582
3561 11.470606886981107
3562 13.16667843577901
3563 11.398833516193525
3564 11.226642914435654
3565 11.02076154836675
3566 11.822063564637716
3567 11.123279182166412
3568 13.044266347904674
3569 11.049412053688561
3570 11.44909691073549
3571 11.493101404941182
3572 12.437573314601476
3573 12.590185151016398
3574 11.80611971646157
3575 12.431399706584541
3576 12.10840576111025
3577 12.894211419068098
3578 11.965306194770951
3579 11.951012006739463
3580 11.643535384522538
3581 12.578776056156114
3582 12.07321934152439
3583 9.857305887948911
3584 9.298776480967044
3585 11.097116055620035
3586 13.902834037745926
3587 11.033784157577822
3588 11.888599672752566
3589 11.394704800407034
3590 13.440941202667332
3591 11.24172924342612
3592 13.31240968531441
3593 11.402041324355817
3594 12.691699878358323
3595 12.616114379014295
3596 11.684408667982142
3597 13.336851394513916
3598 12.26203153801603
3599 15.08948245956778
3600 15.741308117498116
3601 11.371333750702428
3602 12.409781442296868
3603 12.917865960350396
3604 12.088846902690179
3605 12.745861413877797
3606 11.177949683679426
3607 10.761604515474772
3608 11.262222568835433
3609 10.425705070675548
3610 12.222384143639113
3611 11.498043248168926
3612 10.355962771057104
3613 11.579428047592131
3614 12.635705237926556
3615 10.87412869104762
3616 10.530603269737853
3617 14.075571524474276
3618 12.2735808788647
3619 11.68062579209746
3620 11.672795198965424
3621 11.04291287777291
3622 13.905683653980818
3623 12.361111666121465
3624 11.655065543028153
3625 13.159974179460335
3626 12.96104665497648
3627 12.769814706838416
3628 14.565591929360988
3629 15.517158098370844
3630 13.144280315157259
3631 10.650152203400394
3632 10.59442610442882
3633 9.436497332008102
3634 11.24167194604188
3635 11.369215750174464
3636 10.920384399580824
3637 10.56228876568789
3638 14.212707325573689
3639 13.665296199368363
3640 10.154343161966818
3641 10.607127058714077
3642 11.01044162914666
3643 10.326986300515138
3644 15.465327744661492
3645 18.86534096537882
3646 14.915905118379708
3647 9.657315542507922
3648 10.666749578758326
3649 9.505424090882938
3650 9.248966213545806
3651 10.14611684826749
3652 8.098550489454022
3653 8.038930145280734
3654 7.307468930786844
3655 5.879226959178541
3656 11.025662096968324
3657 11.477059382658538
3658 13.88437238220598
3659 13.734242718418077
3660 9.436975057921753
3661 9.468619522779315
3662 11.596066995920213
3663 12.40200413585592
3664 11.99311992099871
3665 11.486165962208684
3666 12.734968798943381
3667 10.802768097517134
3668 11.732717934712257
3669 15.316536827979748
3670 14.36513083074836
3671 11.336734877436783
3672 11.664433284359735
3673 13.14525699380291
3674 13.75194557924016
3675 10.590097438591002
3676 10.61422600100812
3677 11.087509975632603
3678 11.069490821865616
3679 12.870394437269747
3680 10.386968457665809
3681 10.267666819903397
3682 9.67907972201584
3683 13.966670532942322
3684 10.38001179762822
3685 11.504558636266108
3686 8.39764030773947
3687 10.46028199809535
3688 9.473498475366709
3689 9.716450868448021
3690 10.121393588653845
3691 9.534291614451892
3692 9.141923248026098
3693 10.673820357457426
3694 10.19038547030185
3695 11.012363266787924
3696 10.05105516647
3697 10.433569067327879
3698 10.422818847559551
3699 9.790310618897053
3700 9.164989815315238
3701 11.626738137166493
3702 10.87956980535023
3703 8.218899412709108
3704 11.016478090583004
3705 8.423261962377257
3706 8.061953486506567
3707 6.92684974264808
3708 8.441331411813252
3709 8.063637754519496
3710 8.098355716671001
3711 8.590757479332998
3712 9.173495683048367
3713 7.1876286347476706
3714 7.586842966109676
3715 8.462030744835847
3716 9.45946865686533
3717 10.234512580633481
3718 10.369552313361488
3719 7.2795254088395875
3720 8.859309618385309
3721 8.151737068084874
3722 8.959159160229511
3723 10.582616745422198
3724 8.038590339522896
3725 10.758925940928671
3726 9.952120020307518
3727 9.231421287443036
3728 9.504121741064768
3729 9.258644738110794
3730 9.403560364302272
3731 10.510506655735172
3732 8.59494516156642
3733 10.13703539388355
3734 7.950727600393054
3735 8.252276848680172
3736 8.050629384812186
3737 10.431212963334866
3738 10.317525270625945
3739 9.974836216091648
3740 10.264291754295861
3741 12.152712620027609
3742 9.984107607342068
3743 9.976919702120664
3744 9.802024614735311
3745 10.011949742892606
3746 7.787605448064131
3747 8.048472607260475
3748 8.296603481941988
3749 10.467703851793082
3750 8.734400439507239
3751 11.003938346446745
3752 10.62290133627807
3753 7.671594249950941
3754 10.4087679797384
3755 7.091420892830868
3756 7.936599441023972
3757 9.847312302401784
3758 7.912685988237752
3759 7.722964354512877
3760 9.549069061688698
3761 7.71711594941202
3762 6.2622058828345395
3763 5.778153072810284
3764 9.033992743023052
3765 9.07349625458714
3766 9.725953426905615
3767 8.877988550382884
3768 8.77079922904916
3769 8.431565672268736
3770 7.8713238416279765
3771 10.062272417269936
3772 8.597920816144775
3773 10.037149728786419
3774 9.068664955378441
3775 9.13577808918757
3776 8.101520646140429
3777 8.762281638742165
3778 9.227849877485696
3779 10.161014626895975
3780 8.803800881058613
3781 9.908111779396027
3782 10.406588108158855
3783 10.580659047245854
3784 8.79077655508884
3785 9.831513503903086
3786 10.761782380996513
3787 11.849548336322911
3788 11.114320770941447
3789 10.746773774947238
3790 9.95998011736747
3791 9.466600382059783
3792 9.081336136037214
3793 8.902857044904893
3794 11.47019391944707
3795 8.353730469642494
3796 9.168684496522863
3797 8.957703086262434
3798 12.523921975897553
3799 9.140400117344155
3800 9.230345784756409
3801 11.475337518652958
3802 12.245285813098993
3803 8.620510624861726
3804 9.177832017930616
3805 9.37424379778974
3806 7.782300404443529
3807 8.660248292888829
3808 8.155085616045511
3809 7.875996469772134
3810 8.96518642915063
3811 10.423197187618735
3812 8.530716399042598
3813 9.435196969586741
3814 8.423492940390819
3815 9.974455213771886
3816 10.11017554190449
3817 9.22363242928082
3818 9.794830175060683
3819 9.746292212096577
3820 10.257165012270638
3821 9.436595018178492
3822 8.722748906090983
3823 9.111961350836914
3824 8.35004134381584
3825 9.162466520532604
3826 11.112764460057395
3827 10.371768702731542
3828 10.539567954132384
3829 10.160549288610937
3830 7.853058435307336
3831 10.90685354915336
3832 9.840128075228415
3833 10.276505873993022
3834 9.557729402744226
3835 8.095306588788878
3836 8.189354041483645
3837 8.857188598431028
3838 9.728083029057231
3839 11.79661963154361
3840 11.157112332634851
3841 7.825846594451968
3842 8.090945283342645
3843 8.751201945732705
3844 8.119314286730393
3845 9.013986200510326
3846 10.284898863850316
3847 8.408554574673492
3848 8.967909689512148
3849 8.487939493883031
3850 8.461796544737263
3851 9.201652336928564
3852 10.095536678613023
3853 10.53802513919242
3854 10.278325028730594
3855 10.674168414351586
3856 8.842910952134181
3857 8.528257554229635
3858 8.937210002713845
3859 9.455821283864418
3860 9.176432954487279
3861 8.894835766399654
3862 8.851765344492103
3863 10.104505308822958
3864 8.764964513278029
3865 11.522826392166644
3866 9.62430718858925
3867 11.375905117638322
3868 10.698650970554286
3869 9.429297464405208
3870 11.132441619234951
3871 8.838216177104771
3872 10.797751453862766
3873 8.860281535688623
3874 9.44233469193764
3875 13.572675023028184
3876 15.23940639426138
3877 11.019499689611175
3878 9.419499663573056
3879 11.19924696230271
3880 11.409117576218025
3881 11.550947533123665
3882 10.20882641735065
3883 8.680475053533069
3884 11.76141140700964
3885 12.280528758779226
3886 14.942301693911434
3887 11.056123494412779
3888 12.422241948319968
3889 8.95492016039525
3890 11.286490302329495
3891 9.08178504773969
3892 8.940192003600057
3893 10.133707046955921
3894 11.76327992454011
3895 10.474696035488495
3896 9.962339795211975
3897 9.407758260808464
3898 10.130459075723365
3899 9.926147953860534
3900 10.265113068565524
3901 15.33160485435441
3902 12.012992046178308
3903 9.633776334809578
3904 9.981752569399797
3905 13.041306605787431
3906 10.924934942475474
3907 10.427017947432972
3908 10.287291463385653
3909 10.203541441869342
3910 10.526639605322371
3911 9.322525630557244
3912 9.609984200315658
3913 10.255207006038628
3914 9.278584229322036
3915 9.177664378707137
3916 8.947950163074111
3917 9.607746031982854
3918 12.378572746794934
3919 9.266797201611213
3920 10.329839676743088
3921 10.744491128991886
3922 9.941418698499847
3923 10.215151870317053
3924 10.137785129816002
3925 9.951847547903402
3926 9.869210467700038
3927 9.856040379900268
3928 11.948315281955363
3929 8.289173723189608
3930 8.247424051306787
3931 8.129730586131748
3932 8.223056183072115
3933 9.0610483545372
3934 8.644498952374951
3935 8.569540978317047
3936 8.989100882109812
3937 10.703749381453452
3938 8.55438710526394
3939 8.02370485212387
3940 7.609209717509244
3941 7.980863781027163
3942 8.44226745872654
3943 9.541438397587712
3944 8.93744889345372
3945 9.00033571939744
3946 7.222613971853841
3947 12.659660340042421
3948 12.028569335218075
3949 10.140394900606596
3950 9.777888799559603
3951 8.766399846990716
3952 8.009733397187178
3953 10.066606783616024
3954 7.997659504508431
3955 8.306317137942695
3956 8.748586433587107
3957 9.388384879395513
3958 9.388027842189645
3959 7.9344782189856815
3960 8.851120109496387
3961 9.70895299442951
3962 9.922670232611233
3963 9.880185500617422
3964 8.723190791251362
3965 8.112832422202732
3966 9.465086147603701
3967 10.273879825541888
3968 9.258777242884834
3969 10.124667875374433
3970 8.328649476975325
3971 9.629173846276966
3972 10.35785774977735
3973 14.083883314815097
3974 9.313366038358424
3975 8.648683487571468
3976 10.259814311721765
3977 9.627993229408618
3978 10.517948298166289
3979 10.036671350083653
3980 9.272998714411752
3981 10.08972012709293
3982 11.04331627048317
3983 10.228075562562573
3984 10.785078342032625
3985 8.052638295648157
3986 8.21073542396879
3987 8.071030448917083
3988 10.134788187542872
3989 7.2856372845144035
3990 9.315500144043016
3991 8.13574072084087
3992 10.539554073994145
3993 9.007624735778288
3994 8.48967399735287
3995 8.494418861490542
3996 10.152861842154856
3997 8.581428789448188
3998 9.693429148708265
3999 8.58983999225701
4000 8.951604520300085
4001 25.102578296841553
