0 26.244927071289183
1 25.431283340249166
2 27.91734733585817
3 27.57296558814038
4 27.047834378521397
5 27.858840372472457
6 24.948868770604022
7 24.612852928534124
8 20.82681886380961
9 18.61377243379865
10 17.247891132982378
11 26.177248850523323
12 24.758613755303276
13 22.61530961868561
14 21.835976360236206
15 22.844386642548766
16 21.075393679561465
17 20.802611951129457
18 18.18109748381511
19 16.07285870152927
20 17.0143569538266
21 15.139480550668047
22 16.200812990911402
23 14.229289350210719
24 15.139063165120232
25 14.392264965817384
26 13.2450262472814
27 13.843701693912442
28 14.994383216885323
29 13.080464601460974
30 15.064149830427398
31 14.271958524504585
32 13.527456487482235
33 13.73017222630867
34 11.175225802335925
35 7.983031374304534
36 10.702117397257961
37 8.040031474611748
38 7.989376889544799
39 7.915579054781764
40 6.09889264933937
41 6.436804422610936
42 8.362531108897185
43 6.628680353266718
44 7.376820628406366
45 7.732718964124211
46 9.018129076746847
47 8.570584823614933
48 9.105937148607074
49 7.644085487178673
50 10.040023777544366
51 9.325183238342962
52 11.697979782321339
53 11.832371203706755
54 12.327043928115915
55 12.660797461636772
56 10.51942191287256
57 10.948154982556158
58 9.267602833708267
59 6.796628997883086
60 9.556154473476013
61 9.810865932282747
62 10.791624765684348
63 10.336772623475358
64 10.371477876010257
65 10.547692084164844
66 9.080007441011466
67 8.46989857745236
68 7.456821135807935
69 8.936874294077793
70 10.869067099088968
71 13.51299467106406
72 14.71904381142037
73 13.107119893774966
74 16.549709620484514
75 11.37297717837823
76 11.383437446450916
77 10.137145143519803
78 10.166167005359943
79 8.402436298746762
80 9.372045728779053
81 10.629344681128376
82 8.551278660870835
83 5.3558238145122665
84 9.155883284689024
85 8.347671531524274
86 8.14128383476012
87 8.179472793342057
88 7.957671473960213
89 10.401494847705951
90 7.360659574104989
91 8.444844829077914
92 6.6806749072616025
93 8.835974025866403
94 8.442330597642396
95 9.201300179037219
96 9.187021637839013
97 7.716360103552455
98 8.64582316762746
99 8.987199606087673
100 8.572245401833317
101 8.048987887051256
102 7.254957655843713
103 7.4775671702056945
104 7.388456425909133
105 7.3231358307775904
106 6.816900685644533
107 5.620742646154947
108 5.459089281057739
109 6.921822700363623
110 5.8913595434267485
111 6.476122522800002
112 6.513864650329577
113 6.34341002759684
114 6.050673258624437
115 7.303002912791743
116 7.268403971970435
117 8.31516096389441
118 7.639796161029495
119 9.715347219205297
120 7.513944333691504
121 6.272432451915762
122 6.718803268321256
123 6.905393801215902
124 6.280383579787874
125 6.571195310555523
126 7.243361671184921
127 6.751215009736635
128 6.482306669732981
129 6.716150225923186
130 6.997505115707064
131 6.9321276489180965
132 6.933293565905907
133 8.302061647114629
134 7.74612793365143
135 6.832779233375196
136 8.065584577079992
137 8.370870174629745
138 8.97370068721741
139 8.421944683879287
140 6.823026493569104
141 8.53274339455646
142 8.184158538276106
143 9.017931011194142
144 10.108636593826251
145 6.283787606508265
146 7.999016515743902
147 8.662800879073306
148 9.315172329685222
149 7.993533537109489
150 6.7692165005925835
151 8.859923428706336
152 8.094198480880511
153 11.118216757465325
154 12.030733916457567
155 12.771761478705105
156 11.591815229367743
157 10.43927619164359
158 7.878793505175564
159 7.5684735947034785
160 7.431447747582282
161 7.899004659507689
162 8.632861941406409
163 6.856815563819675
164 7.1226563390139255
165 6.583291499695537
166 8.056423769151051
167 8.901968903827534
168 6.7910042271020945
169 6.939118144271824
170 8.21690815455448
171 8.076876996313382
172 7.169608260857973
173 7.58789636321542
174 7.280550229901323
175 8.097447154016024
176 11.121913974764277
177 12.037528356218745
178 10.525796815987945
179 11.644078897988022
180 11.582260600860183
181 9.825955930763673
182 10.48642727052857
183 13.006268663136531
184 11.683111661005078
185 11.543323942625095
186 11.280026301631224
187 12.248361282297108
188 11.643886580743535
189 10.8269762661638
190 11.202302753371649
191 9.928999669301817
192 8.425519767153371
193 10.539459465832396
194 7.057307127682765
195 7.679040268698168
196 9.391977157521337
197 7.789638113548172
198 6.407572364949952
199 8.096829048856938
200 8.724562512127406
201 8.06318028892992
202 8.309966565193239
203 6.169562378734772
204 6.284242166431432
205 5.357531047380952
206 6.039092220024196
207 5.7526017670672465
208 5.331134867707475
209 5.319134668960515
210 6.045892306507867
211 6.022436023220409
212 6.2058889458411794
213 6.304845797472751
214 7.563479040006673
215 7.77406229390941
216 7.440396857497852
217 7.96243823716986
218 6.653687842463105
219 8.937233449441452
220 8.581053359545617
221 8.805123608842138
222 8.227193584829479
223 7.137978190694612
224 8.505505047160634
225 8.993877884668038
226 8.298540700561844
227 8.941930019525671
228 9.57445140643905
229 9.23790401218561
230 8.374218928295019
231 9.084041499129079
232 9.621468994060695
233 8.937978862861296
234 8.920085301527413
235 10.019171188935067
236 8.47254665880858
237 8.746149008783476
238 9.154232746521007
239 8.530668173197606
240 9.444226174671526
241 9.358919777284283
242 7.4300509540182365
243 7.944741303715861
244 8.535258149511183
245 9.060346607881629
246 9.021092702481537
247 9.588405449279033
248 8.173319419749983
249 6.752710307020129
250 7.137569435971549
251 7.679594757596189
252 9.86279314363116
253 9.107908535855424
254 9.22774191697349
255 8.04961637277388
256 7.838109917528708
257 7.191881592770224
258 7.883158552184112
259 7.595895280741699
260 9.034703718777235
261 7.406002513709632
262 6.6278137438988445
263 7.2137895521756485
264 9.032202782449236
265 6.898844700503328
266 6.985586884625468
267 6.986081825864788
268 6.353931227524736
269 6.283519860347752
270 6.217641535531948
271 6.495413119930124
272 6.3211955261602135
273 5.847980403535165
274 5.76111583564377
275 6.25948653653568
276 7.460266632962108
277 6.878931691819871
278 6.532303412579134
279 6.147142131330161
280 6.251098514920799
281 6.42940667353265
282 6.0693069641896455
283 7.014756192075355
284 6.7794737980205015
285 7.226773712497481
286 6.600321421341324
287 7.185273788543493
288 8.273600655334999
289 7.243410163343887
290 7.4959056394186545
291 7.484481229368592
292 6.8948134928073594
293 7.489231191377629
294 8.246892832609905
295 7.525034630782865
296 7.446677101879428
297 8.2735718735403
298 7.774198690552111
299 6.839581535768612
300 8.60979468983659
301 7.243589710745722
302 7.320448822478953
303 6.76673486641261
304 6.953324730060823
305 6.853043625321199
306 7.69185105783644
307 8.015417038414055
308 7.7244399224901565
309 6.689066481071323
310 7.507682410690058
311 7.140480795630628
312 7.203207675604247
313 7.322824721503634
314 7.213888036492998
315 7.595253361389445
316 7.1338485830215985
317 7.74608842977828
318 7.383962739639036
319 7.478104894131954
320 8.12881398351986
321 7.429372549558859
322 8.173285926612216
323 7.340789419547625
324 7.886178869489549
325 7.593227773486843
326 7.936803030385792
327 6.961488737731715
328 6.9662821068506355
329 6.983858406970792
330 7.0501740201257155
331 8.528465174414903
332 7.021565395482665
333 8.640290704181382
334 9.095944270796274
335 10.429064394059886
336 10.3829794624855
337 9.7444582500945
338 8.6119994167359
339 10.124945033322513
340 10.62769759011324
341 10.009648751376846
342 11.43094053448781
343 10.594883209924678
344 11.21615509282304
345 10.371235644186232
346 10.792833804266225
347 10.66525176196964
348 10.54731720854219
349 10.929125299940146
350 10.569394520190848
351 10.543833096053822
352 9.08777369414412
353 7.213521408243853
354 9.494920824313715
355 9.701041977279928
356 9.455620410407096
357 8.58805156650465
358 7.607017100514241
359 9.56713060051791
360 9.058628973816345
361 8.882688154814142
362 9.182726419859192
363 8.533550772113063
364 9.600287326169362
365 9.45515118652083
366 7.8205967134555365
367 8.415893014634456
368 8.54559314685089
369 7.108975455917063
370 9.440028835269507
371 9.138887534690644
372 7.840769718792011
373 8.565671951295405
374 9.924889739608957
375 10.97033566569236
376 9.933324529693246
377 6.288126293141195
378 9.889197009810006
379 9.993317422691586
380 9.28209333890298
381 7.868822901723429
382 8.047212543743068
383 7.184102160504974
384 9.076718090088432
385 7.69515658095042
386 7.646060019764043
387 7.463262502798766
388 7.615871219113424
389 7.356400687360912
390 7.9339095420075045
391 7.978013935805401
392 7.630967985776069
393 7.98979413155524
394 8.510320499272844
395 8.106879727153158
396 8.054637570697151
397 8.791865092143672
398 7.925033524791658
399 9.0578546716689
400 8.677838206338269
401 9.275875854267035
402 9.843173500994551
403 9.809787252376884
404 11.340755593092377
405 10.798593684436005
406 11.305601358190897
407 10.865415669551327
408 9.721838310092927
409 9.826113697559336
410 9.606572496967217
411 8.994324307978092
412 9.873251708434635
413 9.229369644677574
414 11.109015641027748
415 9.801649220018072
416 10.661025944452044
417 10.69324357193317
418 9.927987687510655
419 9.174127397749213
420 9.446880224997349
421 8.919052537463292
422 9.519708595024186
423 7.625499470248647
424 7.601142750106642
425 7.556801616822889
426 8.5233000094535
427 9.565311853619455
428 7.897861671777838
429 8.88556475667875
430 9.687792604423121
431 9.816628343449318
432 8.878164678138573
433 9.41480168891944
434 8.996283314177132
435 10.171587611298643
436 10.17696426608375
437 11.561891046965867
438 10.915378373388025
439 12.404115332133129
440 10.006504709999637
441 9.042834001516654
442 9.234883207484657
443 9.317009004030025
444 7.389583302108619
445 9.289475295710057
446 10.798569076407688
447 9.836271676028403
448 8.787957518560704
449 9.216441099484582
450 9.487204346649063
451 11.33304082449149
452 9.774825930403912
453 9.16256974735696
454 9.335165456686102
455 9.37030111572192
456 9.378032264584474
457 9.659042460534083
458 9.421930557821833
459 9.06332290849123
460 9.431468528492108
461 11.373345024562148
462 10.35788876499391
463 9.569116778859065
464 10.113810529255499
465 11.14735036123034
466 11.793470499145373
467 8.598392374372947
468 10.131917240412662
469 8.01650106518429
470 8.993526394270107
471 8.022236774675813
472 8.754388526291915
473 8.230958003934134
474 8.020551424359942
475 8.788527433019414
476 8.081906017281774
477 6.70762951760777
478 7.874995255631643
479 7.651263122402069
480 8.351953920190835
481 7.3701397337812855
482 7.716305077977544
483 8.587689787299514
484 7.889388409742178
485 7.7535872478469186
486 8.366677483400187
487 8.180900162039304
488 8.200254165619233
489 7.641010998648392
490 8.461296336820306
491 8.122318183835814
492 8.345316863450915
493 8.232609655797198
494 8.621646316671303
495 8.522718188313533
496 8.876246175439231
497 7.717718681598392
498 8.539708447453402
499 6.330671252536792
500 7.009442632291719
501 7.9707045330117285
502 7.969572181564915
503 7.204639272139932
504 7.668076041386507
505 7.553874844604348
506 8.044335050540992
507 8.316509910937969
508 9.599987491283178
509 9.666355664277612
510 9.031367912057569
511 8.608467852374437
512 9.044426176852657
513 8.42983748653844
514 8.8593126200013
515 7.852679857821573
516 8.113750430666757
517 7.786189362036907
518 6.636571393879264
519 6.614283174528039
520 7.4305229911706805
521 7.383711518717366
522 7.629003358697722
523 7.187782926348474
524 6.68805432820542
525 6.732262809987317
526 6.351934072487295
527 6.506139368178562
528 5.891193021924726
529 6.507868301926149
530 8.010692985266878
531 7.222167059494002
532 6.46791186071113
533 7.521814481487651
534 6.461512795460577
535 6.4326742404394786
536 7.147512252922431
537 6.271865801479397
538 6.238694337792769
539 5.81087605724752
540 6.7711522538082045
541 7.415481347932984
542 7.009599261401105
543 6.43693284867111
544 6.452677317817522
545 6.998396014721611
546 6.855459995765986
547 7.120072599862045
548 7.678468184196624
549 6.644744532424807
550 9.357879827294054
551 9.22442588289554
552 8.254070540194734
553 7.796361790613861
554 10.317343291829046
555 9.114219478266557
556 8.90537718782122
557 7.859954095662944
558 7.88494690523495
559 8.508204797007679
560 8.008870284943646
561 8.298933380903643
562 7.88292595096961
563 8.063455517548327
564 9.17384425953693
565 8.68846447695899
566 8.527101199755858
567 8.882864410888088
568 7.9589375620773275
569 8.016089870914305
570 9.059596768937386
571 9.149475559152572
572 9.511206831146094
573 8.794671275562491
574 9.304482106228056
575 8.938950706880137
576 8.004503393646626
577 9.101468925887362
578 8.91100772009865
579 8.402360188740932
580 8.506602190676416
581 8.752018761612169
582 9.512100858839098
583 8.94675693160409
584 9.926718836466172
585 8.814742661483583
586 8.252262557808642
587 8.678360541779917
588 8.382328113192354
589 9.632476868238468
590 8.547201337483175
591 8.351845405456569
592 9.433354367110676
593 9.869361937440605
594 9.439755507957862
595 9.038161499299694
596 9.377814972729698
597 9.547726118756811
598 8.258073234841879
599 7.105531234268269
600 8.779151637949527
601 9.495313374441176
602 9.067774376224031
603 10.2455407520022
604 11.355863819734493
605 9.319859972462945
606 8.818781665293711
607 8.274357115887135
608 9.154156912920026
609 8.802468220585757
610 9.250641377585486
611 6.933189304445966
612 8.137628035938796
613 9.61611426536008
614 8.841819962919365
615 8.496041112894643
616 8.626866828722973
617 7.334258167742908
618 7.086050451097861
619 8.982137227684126
620 8.725606238174652
621 11.037053005272226
622 9.509492866400715
623 8.534727934137655
624 9.967193047456222
625 11.027786430492256
626 11.07546187584411
627 6.071313352452695
628 7.99669144211971
629 6.666401496739231
630 8.856725898271204
631 7.230547947572595
632 7.187478007675597
633 9.43600855722725
634 9.615506736196048
635 9.244680393898507
636 9.838085286709758
637 10.13582980959074
638 9.885776112277217
639 9.486980765590596
640 8.604178356997867
641 9.264255150685996
642 7.74225116846137
643 9.304726963374032
644 9.65533956467067
645 9.861253711008874
646 9.405186380246196
647 10.52150197065995
648 10.15456516448769
649 8.755562035316162
650 8.71032259242533
651 7.623282885910759
652 6.981746841279944
653 9.197328198617233
654 7.848453958845706
655 7.947956999645437
656 7.5422986901388995
657 6.835733972641407
658 7.433415872684202
659 7.653120838743277
660 7.824846800655481
661 7.905602882556371
662 9.010162545623285
663 7.598937222709983
664 8.300724852199435
665 6.841408963902414
666 7.393792014152721
667 6.603526806042239
668 6.875087401790552
669 7.769769280051805
670 7.744258024020078
671 6.990341576460331
672 7.134540936707656
673 7.318178274764631
674 7.294775874026206
675 7.388423012018594
676 5.878827810938709
677 7.477716146017819
678 7.597713540012216
679 7.4432931555179085
680 7.712517704329974
681 7.648113578433915
682 7.6775331817081405
683 7.293316806772886
684 8.200698016813009
685 7.488111782956462
686 6.8563916884561085
687 7.831593310021211
688 6.24698899640285
689 6.985663710283372
690 7.504781338470121
691 7.604374877198877
692 8.483128350750933
693 7.748999665704933
694 7.430364462745155
695 7.680704991450186
696 8.106791347391367
697 7.74117714568028
698 9.571670432121689
699 9.357544402039874
700 8.824735162067936
701 7.670100704268404
702 7.698243465279664
703 7.323376281549671
704 8.990413506733976
705 7.726369097722065
706 7.646992007016546
707 7.661157669355434
708 7.687039521508331
709 7.688901367285527
710 7.143696866965013
711 7.908933724395848
712 8.827153250067651
713 8.011424092585507
714 7.470671148322312
715 8.30565680123719
716 8.315848367047417
717 8.606720330179412
718 8.764564995083745
719 9.458367826541721
720 7.878791956209123
721 7.672636992377017
722 10.462719151399671
723 13.171637143776866
724 13.53298118267719
725 9.117993868483234
726 12.448990237058155
727 10.515718426071873
728 11.166921101380698
729 10.353740677088854
730 12.547708375327444
731 11.38570602365739
732 11.743149662544939
733 11.19960753352902
734 12.323021130153473
735 12.268076730982981
736 14.673127554445582
737 13.700888713997843
738 14.10024867013476
739 13.608477705468044
740 14.98327944083579
741 15.349144289501442
742 17.170778569370672
743 15.000188144982982
744 12.470324048419807
745 11.897576422145978
746 9.92236127868875
747 9.489212320684713
748 12.277414805515726
749 11.290382133484652
750 11.363516085579958
751 12.621669848641048
752 13.032997141127465
753 8.969796971689869
754 11.499998079253322
755 8.135599089583918
756 8.62219222690694
757 8.137410587600458
758 7.87777284140672
759 9.567021361960311
760 9.837024108932535
761 8.990054502230722
762 9.07849620734911
763 8.178090031097131
764 9.425693695202408
765 8.577986520719469
766 7.253842181327944
767 7.844386728217532
768 7.476617363028677
769 6.571009816641872
770 7.634850625486707
771 7.294657547090329
772 10.219168462873464
773 10.129990570350637
774 10.078621616731319
775 10.214279735266041
776 7.7390593874410705
777 8.503306983400215
778 8.59569727432421
779 8.191701312978108
780 8.437359911127833
781 9.844362547441124
782 7.454932573655884
783 7.168352010041105
784 7.828876773274017
785 9.54994719949356
786 8.336844424805603
787 7.3893562983277095
788 6.919071130759667
789 7.183740123495321
790 8.42978156244932
791 7.719149858484986
792 8.324637238359296
793 7.86502075735943
794 9.32859751047787
795 9.239227265254906
796 8.76406389546368
797 7.5563282438393
798 9.449938794378864
799 9.223713363532035
800 12.276322929556748
801 11.657522957601303
802 10.898292765476276
803 11.075647129553284
804 11.080891839433413
805 10.441787456214753
806 10.937866191973747
807 9.012903068853538
808 7.957168257521467
809 9.970278355224556
810 9.39719896082509
811 8.986404038716305
812 7.830948864578619
813 7.871147225024841
814 8.212665804928816
815 8.286575300872997
816 8.152081405435514
817 7.795346207779978
818 8.24355004797822
819 8.830588071603804
820 9.89434579322335
821 7.804659956490853
822 9.499591310565982
823 10.294486843398428
824 10.027952515183038
825 11.833721397964187
826 9.30651350090353
827 13.740134600851722
828 11.612402035402463
829 11.768419618771611
830 14.049184493649435
831 12.671148172219102
832 10.181249814310085
833 9.635063268023035
834 8.858394578277467
835 10.903619191705415
836 8.520180386887029
837 7.4450451839164575
838 10.683657907360281
839 10.565279952393416
840 11.174450953847465
841 9.897744564267969
842 9.988621658229219
843 8.136354923718319
844 8.60091879199395
845 6.22787885067595
846 9.35758077103096
847 9.289281350178756
848 8.57978314105785
849 7.9892696553871625
850 8.563805098243792
851 9.02670703448928
852 8.797335384793756
853 10.385532708205076
854 10.719220515992573
855 9.181257537277865
856 7.767714576178422
857 8.636269142794443
858 7.87508252869256
859 7.423080387317866
860 8.710590711727681
861 5.330294246896534
862 5.731412491920596
863 6.363696880851024
864 6.672839782574306
865 7.123178097016425
866 5.421896168009606
867 6.774318505502812
868 8.402496676754257
869 7.052377076157841
870 6.120354518352959
871 5.531755647173315
872 5.413638820177638
873 5.4769494380106405
874 6.084233396541712
875 5.3011838484826805
876 6.2824402136816175
877 4.8178217704349935
878 6.599963076749877
879 6.520665062765484
880 5.315888642090276
881 7.693132828900369
882 8.820521048297573
883 6.8282608845276735
884 8.332289214353839
885 7.114682099673288
886 7.775355239063494
887 5.69967009944932
888 5.363753329837982
889 6.196346421747516
890 6.4898267340236835
891 6.29671398071819
892 6.455303478956856
893 6.53999923566228
894 8.4612487901186
895 5.485584055737935
896 5.0227443115087365
897 7.502002668820209
898 6.743866705903816
899 7.083846392457291
900 6.91384440665252
901 7.956077211002172
902 7.409404413585857
903 7.445198050812385
904 5.735248191943039
905 6.1720258465323345
906 6.180139335990332
907 4.965876993439107
908 6.965578889034441
909 5.033341026320575
910 5.869687175577531
911 5.602788040405141
912 5.384321595993974
913 5.61249613330752
914 5.527177148552722
915 5.7627387743857925
916 5.289787817380053
917 5.107779656153167
918 5.2693718449369875
919 4.641473018395588
920 6.015810165578311
921 5.794927139155483
922 6.283871838443929
923 5.301696788309089
924 3.6081739037069127
925 3.712475479818081
926 3.6142286650669737
927 3.5773178587408188
928 3.6801060203252196
929 3.4381705957675304
930 4.873170305461607
931 3.720818331143291
932 3.800801831244724
933 3.5941238965780635
934 3.591957030019473
935 4.081711440081522
936 2.9842430583842323
937 3.6001838526978687
938 3.8117359151666923
939 4.65845946867839
940 5.754694777685505
941 5.208306092184198
942 4.919454815905458
943 4.437160723211066
944 4.075911593649796
945 3.2478754427147387
946 5.709514526869691
947 5.291566622837633
948 4.570949566147736
949 5.08635052596557
950 5.557883302665894
951 5.153743997294231
952 3.399288870777272
953 3.7403124926580626
954 3.5509694151832556
955 4.623028144770594
956 6.899058237576236
957 5.525148360251188
958 5.41521396330589
959 3.433161844464242
960 3.583092739057494
961 3.495756230660501
962 3.5525647559502684
963 3.4093068767099286
964 3.319237265699562
965 3.261168961899217
966 3.2853637008645333
967 2.7006224851504594
968 4.542432353606737
969 4.591677064072985
970 2.5647476256651696
971 2.591616449424095
972 2.643071839277159
973 2.8828847811337037
974 2.5321253658589766
975 3.0305529348629507
976 2.7063448264021366
977 2.937910962260271
978 2.5885462866611975
979 2.5878049378559327
980 2.7764919349153727
981 2.7388521705680136
982 3.2976913329562008
983 2.7556880035114446
984 3.5280505374063518
985 2.748496002636673
986 3.144781464721595
987 2.6878408089360875
988 3.1915077210038953
989 2.5606929926121134
990 2.722803665195811
991 2.533599769570435
992 2.5740074425478356
993 2.921347093917639
994 2.7718323606687467
995 3.0303730725603657
996 2.990413242240345
997 2.5044265699884583
998 2.923838905397894
999 2.5785478352418605
1000 2.4352829075516502
1001 2.692883014277002
1002 3.151475837499288
1003 3.3500502131209804
1004 2.621008485256971
1005 2.58157559744764
1006 2.891775739078786
1007 2.6308374314717873
1008 2.906054102324561
1009 2.8339983179442325
1010 3.245970495836511
1011 3.7182379961215877
1012 2.7107240229165583
1013 2.7682500491053963
1014 2.835040225870317
1015 2.423333201074657
1016 2.6894615542095357
1017 3.065249138282684
1018 3.089404454790329
1019 3.6307888655635354
1020 2.7788684474172816
1021 2.6294322340222656
1022 2.681763656252393
1023 2.5907814956026374
1024 5.373675184210557
1025 5.7544896836975425
1026 6.187302926549487
1027 5.100830981306602
1028 5.171946627856628
1029 4.737427862663075
1030 5.295830731808559
1031 5.694489720027335
1032 10.801157092736762
1033 8.886503621543374
1034 11.960916942161871
1035 11.892938807800725
1036 13.251641461711623
1037 11.3010270751466
1038 12.366770119644926
1039 13.348550925036726
1040 12.06360172261677
1041 13.204632810542247
1042 12.949658963461806
1043 14.908712949716705
1044 13.688741606117466
1045 13.911314137060105
1046 12.802772315149472
1047 12.225233194578362
1048 13.184579448221507
1049 10.75892485469553
1050 12.409755957493633
1051 11.225035244758567
1052 12.1843012676807
1053 10.350657274394782
1054 10.521277415387965
1055 11.227294728168003
1056 11.725585321583253
1057 11.534378159474915
1058 10.265312223224752
1059 11.868635694069589
1060 12.616369831587658
1061 12.428354306523287
1062 13.215031457317618
1063 13.215537948311074
1064 11.565532247300627
1065 11.450708046624722
1066 11.06387512688016
1067 11.12893873435062
1068 11.184088880718065
1069 10.648266740843827
1070 11.962476147476247
1071 12.29320697383066
1072 9.879257107268856
1073 9.143536441962423
1074 7.7830008154787516
1075 9.6424256662689
1076 10.665652358882053
1077 10.310124084144741
1078 10.050086034910127
1079 9.660057201571673
1080 10.15741240291683
1081 10.397001418946894
1082 9.612400123109492
1083 10.597098436066174
1084 10.636625221154308
1085 10.356262236418882
1086 9.75137302641773
1087 10.928164470982173
1088 11.799887849242731
1089 12.861928717291438
1090 9.577397099527257
1091 9.523431536078059
1092 8.79344825262892
1093 10.61961802950943
1094 9.565090957027058
1095 11.543988563775512
1096 11.271207260080468
1097 10.838351672861107
1098 11.007857792448956
1099 9.296632212486742
1100 9.900690889701673
1101 9.284623115054835
1102 9.844878710247793
1103 8.60945014677896
1104 8.588387894618274
1105 9.260433982832113
1106 10.170988479859579
1107 8.847192989303807
1108 10.402204009460592
1109 10.791301115002197
1110 9.13332093474675
1111 9.968658626318412
1112 9.643468935775365
1113 11.325119354495445
1114 9.929206623608714
1115 8.871301413607245
1116 9.295974797872262
1117 9.394438163196142
1118 8.180128820105255
1119 8.06383230044193
1120 8.601271511739206
1121 8.696645819290527
1122 9.15541283577494
1123 9.02892307969645
1124 9.288530779189543
1125 8.516324712777871
1126 8.932901479997774
1127 8.922670306300338
1128 8.82412460100698
1129 8.81506597934808
1130 9.459590046007255
1131 10.780034303915079
1132 8.753344829529711
1133 8.85422682210346
1134 9.495605401480608
1135 9.39060510914005
1136 9.78696447863785
1137 9.345425525772741
1138 9.81219259811406
1139 10.521714520075275
1140 9.882314662224069
1141 10.51708081359678
1142 9.62051300125119
1143 10.967655963889019
1144 9.703635982387832
1145 10.444064500258365
1146 10.222455847261157
1147 10.919404078563076
1148 10.20187387763977
1149 10.433285103277207
1150 10.304357449613892
1151 11.625924055426337
1152 10.180447151542799
1153 9.81494303231786
1154 10.162579874811172
1155 10.391728392425284
1156 9.832787618419973
1157 8.630916650126562
1158 8.876641352129871
1159 10.013601384046657
1160 9.713679906004202
1161 9.900762052628966
1162 10.801081744734267
1163 11.226691279177526
1164 11.008396167894686
1165 11.58181224603327
1166 11.178768691161888
1167 11.144296308151448
1168 11.928429345454118
1169 12.845153787479282
1170 12.999956550527862
1171 14.241249486508131
1172 12.981563672954872
1173 12.334498164218468
1174 13.877619213488702
1175 12.015609868224605
1176 12.831685762272102
1177 13.245219777099592
1178 13.35646976508648
1179 13.181516521136365
1180 12.892985973301846
1181 10.766183651689893
1182 10.736954475375928
1183 9.847063292994427
1184 10.412530056950898
1185 12.598224404219398
1186 10.712501248055883
1187 11.898082773100848
1188 10.92836685781427
1189 11.765072173268987
1190 11.39424217446014
1191 10.11378637639116
1192 10.899412155119158
1193 9.359152675983609
1194 11.732736731047341
1195 11.800776005463383
1196 12.279404291746584
1197 11.826497927096707
1198 11.124073393356747
1199 12.19366907431173
1200 12.183481103448905
1201 13.1216014224323
1202 11.502021563836477
1203 9.695063329355419
1204 9.401445097205817
1205 10.53370474552579
1206 12.923289255285768
1207 12.651082469478267
1208 12.810401809431978
1209 12.702518839683707
1210 13.129886195960328
1211 11.718311932827989
1212 10.832098326149612
1213 12.501958165472148
1214 14.17066579069155
1215 14.191793293295417
1216 14.38792396972319
1217 13.842687091499227
1218 11.938099623395697
1219 13.228051142730056
1220 14.131565346482066
1221 14.630253787756617
1222 15.704692686683762
1223 14.856997215036076
1224 15.210961364371743
1225 14.836739401215942
1226 15.430806647210233
1227 14.693394226674117
1228 14.783743523058739
1229 15.048448147481174
1230 15.068502783164373
1231 14.67036329884417
1232 15.018049409488635
1233 14.66463895845667
1234 13.77415281644854
1235 13.92096622884597
1236 10.618804911813807
1237 12.676307700211288
1238 12.586898737955684
1239 12.443489109650486
1240 11.718039801530628
1241 11.871189692717738
1242 10.909415786936576
1243 12.12864675069863
1244 11.984011307776036
1245 13.33856532130334
1246 11.039403497227834
1247 11.35450601690979
1248 11.156254545393901
1249 11.459624886091481
1250 11.617851746707826
1251 11.41301426261947
1252 11.21049417569034
1253 12.76170334200587
1254 11.906666182581814
1255 12.906076056378064
1256 12.65620914357386
1257 11.79276699822544
1258 12.027039621629584
1259 10.281683767150838
1260 13.295670860899587
1261 11.241469359216003
1262 11.937290983634062
1263 11.09796956972666
1264 11.978494755431175
1265 11.536518907291335
1266 11.11526196890646
1267 11.582623659953757
1268 11.181504270051324
1269 11.194725209689146
1270 11.509220072938735
1271 11.041367682177494
1272 12.192002337441213
1273 13.021395821412705
1274 11.627239970792731
1275 12.337579966556206
1276 10.961752527484824
1277 11.54850191304516
1278 12.283926246926914
1279 9.967349779515796
1280 10.82445084410109
1281 10.912035318416644
1282 13.296092497493689
1283 11.582930848416353
1284 12.550220695592873
1285 12.08898076471309
1286 12.36196750326589
1287 11.545503462977855
1288 11.646246428429611
1289 12.772457649607748
1290 11.044938496755861
1291 11.730365025206861
1292 10.478352864752916
1293 10.73889086730938
1294 10.971262427467856
1295 11.403479864487052
1296 11.838353345201947
1297 11.395849262042423
1298 10.80832250814601
1299 11.389348651125612
1300 11.779619225855907
1301 10.683614103330264
1302 11.327196838457702
1303 11.977079335668007
1304 10.751699127904885
1305 11.327723952765117
1306 11.28016417864348
1307 10.709654342459121
1308 11.183125707399295
1309 11.656741114591263
1310 11.999870930041165
1311 10.953860454762216
1312 11.606137377200312
1313 10.761213150059403
1314 12.108711435008038
1315 9.953701922530701
1316 12.306432598290522
1317 11.568361074744866
1318 12.947814997207372
1319 13.840559879405577
1320 11.769769611553363
1321 13.15860672784514
1322 12.84514471320977
1323 12.843891932595996
1324 12.97136339831953
1325 13.534709340228455
1326 12.835462095578556
1327 12.920921364224274
1328 13.354489555189184
1329 13.212678416401188
1330 13.389321512211259
1331 12.994242045545786
1332 13.319093044896562
1333 13.264610005386992
1334 12.419106074982857
1335 12.387933697759026
1336 11.843875269697117
1337 11.112832879392863
1338 12.366453607546545
1339 12.538004694604698
1340 12.569838530810243
1341 12.21321741964061
1342 12.023339688777657
1343 12.766733581653918
1344 12.419807829422215
1345 14.080352015595373
1346 12.945713997928344
1347 12.972885232390079
1348 12.484553446028553
1349 12.342002209940146
1350 12.830879815397743
1351 13.237957135923429
1352 12.926778538422035
1353 13.001269316813186
1354 12.652492065789092
1355 12.546334129359051
1356 12.95311700208068
1357 12.885850471966931
1358 12.918534753995651
1359 12.62318327643364
1360 12.323769711820978
1361 12.909328373548666
1362 12.049100445614481
1363 12.923531002423362
1364 13.210190836808597
1365 12.423981502797638
1366 11.123859305823794
1367 12.877810159962245
1368 12.682155682331878
1369 13.03945198346851
1370 13.06438620525972
1371 13.000277401886656
1372 11.728906593193102
1373 12.721427852335928
1374 13.592368059639268
1375 13.96987533022202
1376 13.660166683828924
1377 11.538183954236263
1378 12.862439918964325
1379 12.764786431829602
1380 12.645895759348171
1381 11.92420665886972
1382 13.154032595249538
1383 12.336046125432604
1384 13.315501393854628
1385 11.699808078659842
1386 12.187295555301684
1387 12.267971098032032
1388 12.055757396042862
1389 12.580206441534981
1390 11.445970358987344
1391 12.88660379656662
1392 12.580563632062951
1393 12.14997016608
1394 11.790492637250539
1395 11.820194075745366
1396 11.41587029426651
1397 11.987365259204568
1398 11.741866048522189
1399 11.469958831661465
1400 11.160212335245443
1401 11.946993512091963
1402 12.52267740926344
1403 11.533573055033825
1404 11.878400049333973
1405 10.869970499472096
1406 11.731367279329776
1407 12.570423059923737
1408 12.91867068334569
1409 13.411959161301061
1410 13.307585459149669
1411 13.585581744799725
1412 13.526058078297904
1413 14.796846155492148
1414 14.51657131571809
1415 13.429517215450657
1416 13.878083811090306
1417 13.125948344762328
1418 13.887948177932493
1419 13.21975463120094
1420 13.562768278305528
1421 14.55629358223384
1422 14.056261335328626
1423 14.321747610233905
1424 12.90062817864173
1425 12.961375394709712
1426 13.119574105108489
1427 13.153343438444598
1428 14.575536881780868
1429 13.63399924505394
1430 14.238352946869503
1431 13.47160763651978
1432 13.378380795510248
1433 13.0486916074264
1434 13.580377128434534
1435 13.247597067658603
1436 13.676186636872762
1437 13.424681875313844
1438 14.254692463684242
1439 13.658836023834173
1440 13.787349750935151
1441 13.51273394522307
1442 13.63284358985454
1443 13.564882819980935
1444 13.091467463026438
1445 13.027409795561253
1446 13.189035553802178
1447 12.525598871835399
1448 13.519550299530302
1449 14.819240437347993
1450 15.334129873391406
1451 13.846442453637028
1452 13.554588505695806
1453 13.752322722186053
1454 13.829766170486984
1455 13.175193533301101
1456 13.753637353926532
1457 13.542196307370174
1458 13.800843856885352
1459 15.066479932562167
1460 15.586774038485315
1461 14.691377879081378
1462 14.501685148671301
1463 15.071334801877988
1464 14.861829737097867
1465 15.064569967559848
1466 13.951646986675957
1467 14.344910665016533
1468 13.796313032190874
1469 13.808665037719358
1470 13.25972569960287
1471 13.236438564953895
1472 14.093896796067375
1473 12.451166124999364
1474 13.529542202932113
1475 13.651598898616742
1476 13.201834580413289
1477 13.298744066415233
1478 12.906791861166239
1479 12.883888915374767
1480 14.055406159646424
1481 13.518683140971406
1482 12.741709233642622
1483 12.60996963110388
1484 12.386480940120922
1485 11.911045501841157
1486 11.222449041852135
1487 11.702344460763033
1488 12.950687292530839
1489 12.275818949990908
1490 12.965343416243956
1491 11.502357307319086
1492 12.921366372624407
1493 11.478416300538038
1494 12.197809870764825
1495 13.094486635219809
1496 12.340642886243064
1497 11.650258090455665
1498 11.733891912089694
1499 12.044331834757083
1500 13.027250461096566
1501 12.610337588263375
1502 12.461600068961467
1503 12.542160107618816
1504 13.937936869118193
1505 12.947699425505819
1506 12.262156790595402
1507 12.18465660184455
1508 13.097918366075424
1509 12.255878559248089
1510 12.46226180389611
1511 11.749073369081358
1512 10.624802380401876
1513 12.082066405255052
1514 11.531721914770683
1515 12.217804947170645
1516 12.670089463879458
1517 12.167393293979517
1518 11.974083371691776
1519 11.81456891862427
1520 12.132604412178239
1521 12.481533343313544
1522 12.555189601814702
1523 11.552579927515477
1524 11.174460024083436
1525 11.560585265871055
1526 11.273344967246821
1527 11.743293147879507
1528 11.073567656472463
1529 11.696101330343307
1530 12.31971516521675
1531 11.652476393997599
1532 11.41512010883127
1533 11.213587399153008
1534 11.785434233122096
1535 10.715111082767997
1536 11.359182451139544
1537 10.821328279687144
1538 10.839410336917894
1539 10.367518072985364
1540 11.316309227884373
1541 11.318982122239762
1542 12.717645742047464
1543 11.013736656561333
1544 9.523845652320128
1545 9.710424826825255
1546 11.480605072066448
1547 10.322071226735611
1548 9.707775992873371
1549 10.143622046717383
1550 10.676759599306907
1551 10.731481470188085
1552 10.224789501161156
1553 11.525715481013226
1554 11.512983527655843
1555 10.636898231278632
1556 12.323278822681287
1557 11.722218958115494
1558 12.211741306755851
1559 8.923822827924253
1560 10.284881394910801
1561 10.982391558555646
1562 12.907622257818614
1563 11.113840975168326
1564 9.682469725072806
1565 10.276394863226004
1566 10.796816396906392
1567 9.670809564403257
1568 10.066970480632508
1569 9.91842258001946
1570 10.788532271095114
1571 10.874394153218361
1572 11.023244346911916
1573 11.159245784390958
1574 11.027054945380577
1575 9.810872961744867
1576 11.891551423109185
1577 10.596438015558666
1578 11.335175652679807
1579 10.835457000600808
1580 11.3423577972191
1581 10.780658443774483
1582 11.162585945372975
1583 9.846634129976806
1584 9.649296381783147
1585 11.406626584645258
1586 11.391360395607174
1587 10.824291764699472
1588 11.233385294657776
1589 11.426008068662302
1590 10.870103847427727
1591 10.446310314275713
1592 10.446845414617888
1593 10.244815893649346
1594 11.969830348980597
1595 11.463809896424848
1596 12.17360897181289
1597 12.519321129891832
1598 11.619959684555004
1599 11.403537898219279
1600 10.715366993154284
1601 11.404989780018605
1602 11.41903942985782
1603 11.061484806838472
1604 11.389665535830519
1605 12.044327350804496
1606 11.740535444176462
1607 11.05779855158232
1608 11.348289810331428
1609 11.359248558770544
1610 12.579040147406829
1611 11.256477468985558
1612 11.130660885563927
1613 10.895112491078033
1614 10.290172975456745
1615 12.180697288473267
1616 12.329786267808664
1617 11.964142782045823
1618 11.1509689913817
1619 11.444165216871623
1620 11.565462509585528
1621 11.426215232278503
1622 11.947684220601117
1623 12.15452862910305
1624 11.68271992459448
1625 12.712569143703712
1626 12.799600995639816
1627 12.719686492081259
1628 11.7493344606267
1629 12.863328648277818
1630 11.371563339185789
1631 11.883249120457055
1632 11.737661585664757
1633 12.437288385326674
1634 11.874736597806358
1635 10.618906574322448
1636 11.677407218355405
1637 12.142491577535745
1638 12.215653667785944
1639 11.451508442028357
1640 11.889369772467429
1641 12.599232059330506
1642 11.502100769557542
1643 12.693200284263334
1644 12.03084342923698
1645 12.777360292917011
1646 12.3630829455626
1647 11.920132596604013
1648 11.417055910619982
1649 11.867552345343075
1650 11.770046317399755
1651 11.270789440029914
1652 10.457157883233707
1653 11.758941276149985
1654 11.707285683704855
1655 12.183318343426013
1656 10.986671354502041
1657 11.797236894155594
1658 10.822032883252055
1659 11.34898965689558
1660 11.34373410724173
1661 11.158693193610008
1662 11.255342520169242
1663 11.639731374440426
1664 10.40222128643673
1665 11.394726604615594
1666 10.925896214305105
1667 10.082226416001184
1668 10.939018210621095
1669 11.149633658922236
1670 11.417987268124584
1671 11.445922168998553
1672 10.551480380145938
1673 11.05777029660822
1674 11.949700898390672
1675 10.87271876624266
1676 11.682443149069291
1677 11.717701143753246
1678 11.248183903300491
1679 11.471651560271113
1680 11.343504563447592
1681 11.185022784481738
1682 10.564503893851846
1683 10.841001450074675
1684 10.578381479853638
1685 10.082380453702074
1686 10.91458565652977
1687 10.971880587906544
1688 11.065180090995774
1689 11.208123275375655
1690 10.930348831229523
1691 11.990785530075769
1692 12.704635100366959
1693 10.709449226118297
1694 10.988406851954508
1695 10.36896330725239
1696 10.825381413393856
1697 11.324523079706937
1698 11.388559678052872
1699 11.563706197643222
1700 11.316391460177002
1701 11.010895973427978
1702 10.80895135880254
1703 11.061680686690616
1704 11.011566251522867
1705 11.063652802035158
1706 11.370215889015286
1707 11.159550032212069
1708 10.99377264454082
1709 11.084817373370218
1710 11.689797132508733
1711 12.355322268585976
1712 12.660646647953765
1713 11.577549468948153
1714 11.542145884640586
1715 10.587530865587622
1716 10.88016596990175
1717 10.176389593443817
1718 10.372746719586361
1719 11.86729580819675
1720 12.162773537550505
1721 11.091924459449546
1722 12.173613389597016
1723 11.323189243961107
1724 11.663371465345092
1725 11.117520118456998
1726 11.234155682159468
1727 12.748183592060125
1728 10.587119542156117
1729 11.378221838594365
1730 10.629895109093328
1731 10.813397203211837
1732 12.694617553936705
1733 11.441903643246349
1734 12.314580218728498
1735 10.978010818943645
1736 11.578237694237728
1737 12.542334953502555
1738 11.563502975006458
1739 11.79983096457648
1740 10.498510851593533
1741 11.709605538873625
1742 11.417463031506573
1743 10.899830458138561
1744 12.686502444163315
1745 11.674368319886133
1746 11.808277496644093
1747 10.685392212229031
1748 11.25924588695089
1749 11.094230654201382
1750 11.837442767318478
1751 12.534085321701578
1752 12.095044750754
1753 10.522940609064216
1754 10.95947684981637
1755 12.11103344786285
1756 11.110748053362572
1757 11.512651060822453
1758 11.054412603972644
1759 10.442510897994183
1760 10.310040896137657
1761 11.08647907168037
1762 10.683213159211776
1763 10.533080036410063
1764 11.449351318511209
1765 10.193777011259481
1766 10.32865753379923
1767 11.349867007783939
1768 11.456938417054168
1769 10.72502378362567
1770 10.661373703283243
1771 10.465976705599788
1772 10.516147594221126
1773 11.942887239750682
1774 11.662792663567073
1775 11.207620674896404
1776 11.987222942760182
1777 10.917319959484034
1778 10.297266482091626
1779 10.437923111839625
1780 11.825917287400346
1781 12.146896446923831
1782 12.169405521678755
1783 10.454513549581979
1784 11.215706515329773
1785 10.9285578151281
1786 11.367673131540197
1787 12.026189936016836
1788 10.952148464458944
1789 12.524224664931952
1790 10.692382524232821
1791 12.173431414501788
1792 11.281957014573628
1793 11.808372834830609
1794 11.434399757929116
1795 11.860871486649632
1796 11.606985542420968
1797 10.620902049375157
1798 10.343936956186587
1799 12.561000331356794
1800 11.958261925452137
1801 11.726025180533052
1802 10.33559801133564
1803 10.634798877358557
1804 11.991952432424354
1805 11.39979294652475
1806 11.33038731303103
1807 12.213826064148048
1808 11.03524674997536
1809 11.71983570153084
1810 11.83255439312598
1811 11.537199647314196
1812 12.029786856421143
1813 11.878222476069572
1814 11.870611324236801
1815 11.770370356616548
1816 12.690711816857036
1817 10.267062094699542
1818 10.765144018269941
1819 10.65199450962612
1820 11.774655988653244
1821 11.699411258393946
1822 11.02292495098854
1823 11.232549168313625
1824 11.114083695081241
1825 11.77757445423587
1826 11.861968242857063
1827 12.87273370758731
1828 12.279404081743252
1829 11.551239952017891
1830 11.686975894839929
1831 11.41785005778335
1832 11.875779427032544
1833 10.799290085953368
1834 12.117637562793336
1835 11.230104486962233
1836 11.430494481941816
1837 12.823111606707904
1838 12.581794473114673
1839 12.567795406751486
1840 12.87786286779206
1841 12.68623137413219
1842 12.080217831904507
1843 11.976255553557968
1844 11.416648998149338
1845 12.847825088799615
1846 12.534442065390438
1847 13.5583003555457
1848 11.309417357612016
1849 11.576395766014988
1850 11.92629420534015
1851 11.559681964713757
1852 12.103635532793179
1853 11.235289875768947
1854 11.790639383197384
1855 11.972326208236941
1856 12.158594684144237
1857 11.659725607824777
1858 11.79915929896626
1859 11.629973523872158
1860 12.121776545726004
1861 12.466835410774925
1862 11.659760472568333
1863 10.872259716853252
1864 11.777456988987222
1865 11.720802331029908
1866 11.875838331325514
1867 11.759116327406307
1868 11.727547157534723
1869 11.758807127005683
1870 11.97005404053105
1871 11.795866946144036
1872 11.58440767811451
1873 11.430894842088282
1874 11.11393790596331
1875 11.476770219681493
1876 11.130459379947435
1877 10.738294761723758
1878 11.366728121021254
1879 11.082304719651534
1880 11.805939984577844
1881 11.564890491976815
1882 11.056715258621542
1883 10.579233127197133
1884 11.221578390038935
1885 12.33609546270496
1886 13.082695226895524
1887 12.704702494508666
1888 11.312639515728238
1889 13.526524397370537
1890 11.777244352880492
1891 11.436693845533211
1892 12.618527248374129
1893 12.473811190913052
1894 12.840599206331383
1895 12.655380663985474
1896 13.06001725761106
1897 14.008832879256492
1898 11.960091197265353
1899 11.847815898315234
1900 11.22599922392041
1901 11.862880421528427
1902 11.401398368869135
1903 10.281929639139657
1904 10.808712624708743
1905 11.277894948592499
1906 11.277401381180795
1907 11.242945128781226
1908 11.625975109263694
1909 11.547174384152457
1910 11.667528338483404
1911 12.480459862697696
1912 11.220829013793374
1913 10.986868884123048
1914 10.692884699368406
1915 12.078534585165105
1916 11.620937703194011
1917 11.458070160583343
1918 10.9107978682234
1919 11.888097775357197
1920 10.036350850038028
1921 10.344520687174487
1922 11.491293160466538
1923 11.909931869185401
1924 11.570055077041847
1925 10.986304494975426
1926 11.24372885840792
1927 11.146800467047617
1928 12.842985834218984
1929 12.625801840161378
1930 13.136738987046833
1931 12.695308261901578
1932 13.519449966573495
1933 13.27649913614879
1934 13.339635139177647
1935 13.54907953194714
1936 13.71088150829966
1937 12.57550184974121
1938 12.87692663931989
1939 13.466983392245393
1940 12.53404146666298
1941 12.466090818160154
1942 12.283699615925238
1943 12.137117584585091
1944 12.925675371543369
1945 12.378852703321426
1946 13.090097027357857
1947 13.361392629531505
1948 13.773030566488687
1949 11.885039913511038
1950 12.092223547456607
1951 13.286530802910184
1952 12.433224897027365
1953 12.552450213400508
1954 12.197245272701467
1955 12.353205370919053
1956 12.060276360263366
1957 11.856512089078551
1958 12.981665469447242
1959 12.564819165412427
1960 11.864463846894642
1961 11.109334127764113
1962 11.839220538515306
1963 12.000949757060509
1964 11.955929262046121
1965 12.781118446687639
1966 12.225861575605904
1967 12.254012934118906
1968 12.182970286405359
1969 12.727052722116236
1970 11.120768081019051
1971 11.35805320257359
1972 11.270958343829458
1973 12.84124690754945
1974 12.328194319405581
1975 12.193115197829666
1976 11.836995419155183
1977 12.268629075983036
1978 10.873697644776604
1979 11.190600881595062
1980 12.025465009426833
1981 11.821341916446071
1982 13.207068058128497
1983 12.471741722242003
1984 11.90553560567092
1985 11.016059225776386
1986 12.286116160705799
1987 11.936256859725855
1988 11.220163607297888
1989 12.512094174204652
1990 11.70874468231065
1991 12.272623754281458
1992 11.95739883976679
1993 12.491732585575697
1994 12.004166186324309
1995 12.794334882984925
1996 13.481769682976784
1997 12.526869324214326
1998 13.105541396793022
1999 14.396296586337785
2000 12.745459638699291
2001 13.106375697533021
2002 12.631282142027874
2003 13.236710418642238
2004 12.679400570958864
2005 13.568727781726214
2006 13.763487878810231
2007 14.586509363110144
2008 12.457198397246271
2009 12.731835708772214
2010 12.872897211119593
2011 12.56918989079381
2012 12.904254089933344
2013 12.364991806837978
2014 12.191836697009355
2015 12.060216832782656
2016 13.013440171986963
2017 12.354389638857276
2018 12.814555713872398
2019 12.098546443621718
2020 11.912672740473877
2021 12.737932357744073
2022 12.520231571006402
2023 13.011913512924448
2024 12.733999525056769
2025 11.30646537006306
2026 12.73735430112118
2027 13.496438451753296
2028 11.82841268169358
2029 12.640510925277002
2030 12.87079223500535
2031 12.670983916681218
2032 12.615933040869944
2033 12.23463884039859
2034 12.558858457917864
2035 11.620829007951505
2036 11.144735762902837
2037 12.06573090231323
2038 12.067620227027948
2039 12.418940937881194
2040 12.231525533357997
2041 11.420163798720512
2042 12.626529104205357
2043 12.753113672254116
2044 12.655367301033504
2045 12.981174400231913
2046 12.821998182545617
2047 13.080719380034974
2048 11.792652668550113
2049 12.443072086525087
2050 12.19305781165156
2051 13.701718260890921
2052 13.009165278287853
2053 12.56446118196702
2054 13.503339488408976
2055 12.505738320990666
2056 12.990631059527065
2057 12.77346766105445
2058 13.384973282329977
2059 13.904858736585881
2060 14.110620768495593
2061 12.929767411479714
2062 13.324610006125653
2063 13.210396570553028
2064 12.220669550121634
2065 12.573674712160331
2066 12.080137987422663
2067 11.78355566380737
2068 12.63763566388609
2069 13.40477948244699
2070 12.987690705032131
2071 14.215975247721016
2072 12.590966012206755
2073 12.596249958087567
2074 13.00697882862522
2075 13.454313350353548
2076 13.89933022270055
2077 14.550371712202336
2078 14.572034420653805
2079 14.589213395540883
2080 16.07512614374901
2081 15.742529129649073
2082 15.569418201641366
2083 16.247334629997667
2084 15.631836917198953
2085 14.378572348659825
2086 13.689698112510426
2087 14.013588036499282
2088 15.579005891721433
2089 13.359273828914022
2090 14.31047300931722
2091 12.919385211832296
2092 11.926726836885988
2093 12.185997459214162
2094 12.084859811637283
2095 11.871091736722525
2096 12.188196460595302
2097 11.467171992753334
2098 11.134404244763289
2099 11.389653829356073
2100 10.737660122231064
2101 11.500389744531724
2102 12.406397778116991
2103 11.725889948079681
2104 10.122841656725475
2105 10.653017490213895
2106 11.03183122673499
2107 12.927515685471354
2108 11.22777617314448
2109 11.728705497201785
2110 11.571866785057464
2111 12.300865251455654
2112 11.459966776402657
2113 11.483019758338548
2114 10.362700940368565
2115 11.98977071560365
2116 11.643613524722543
2117 11.704250285744953
2118 11.062528473178594
2119 11.914979198853803
2120 11.351235637206083
2121 12.357099815586805
2122 11.644049685250106
2123 11.72036774322622
2124 12.537647634351384
2125 12.986061219633335
2126 13.391487464192132
2127 11.559900959608939
2128 11.84954922516502
2129 10.591974132848907
2130 9.509282727715146
2131 9.616373559103222
2132 13.270408464197615
2133 12.87405056420458
2134 12.081532648134983
2135 11.896964318711326
2136 13.356095979854004
2137 12.069395978302012
2138 11.683106780929602
2139 12.327841069538302
2140 14.016752468782734
2141 12.184908999925824
2142 11.91137207401076
2143 11.945556854132274
2144 10.142749748890823
2145 12.258415124216526
2146 12.419737486468744
2147 11.06466732257746
2148 11.791704457443608
2149 11.544378925467734
2150 12.359213515573353
2151 12.596717503177834
2152 12.040453575437024
2153 11.287722154023262
2154 12.180518106174492
2155 11.447323728739233
2156 12.872343817093377
2157 12.684812990824756
2158 12.885927835024175
2159 12.001662985966657
2160 12.525401939295783
2161 12.6626067329886
2162 12.93239236476859
2163 12.004640638954184
2164 11.968593538687562
2165 12.089716971332502
2166 12.278252159448975
2167 11.77894951532695
2168 11.242528152074476
2169 12.158443166683826
2170 12.677931118247477
2171 12.138530162717647
2172 11.507273488920655
2173 12.45129894040816
2174 12.357803090719885
2175 12.305518530469168
2176 11.673738013995353
2177 11.67468481934767
2178 12.452610876101442
2179 12.207916040810721
2180 11.763508865793145
2181 12.751044105655089
2182 12.341957179066373
2183 11.659587661362544
2184 12.811016581785477
2185 12.233036947279432
2186 12.788949450551208
2187 11.811401409108306
2188 10.58896259071513
2189 8.578117330246425
2190 9.514868374033286
2191 8.51068397042613
2192 11.41219123347482
2193 11.139044242007186
2194 11.530653745939198
2195 11.570986004344606
2196 11.120563044530577
2197 11.132531991463615
2198 11.590948758728757
2199 12.07823190027661
2200 11.456718639393706
2201 11.722177783640547
2202 10.451505999889767
2203 10.93586827602557
2204 10.94462025324916
2205 10.932725397523262
2206 11.361164507482433
2207 11.1591481499667
2208 11.354086780250897
2209 11.8692698751478
2210 11.795885930702914
2211 11.339235700252878
2212 11.305067789517382
2213 10.873995188628124
2214 10.152570267439044
2215 10.859155896508403
2216 10.85199826514659
2217 10.586335150513749
2218 10.460943935614372
2219 10.307088305728142
2220 10.679573713508345
2221 10.454344622641994
2222 11.411212273672842
2223 10.945844063869448
2224 11.220905562389596
2225 10.375595006665401
2226 11.15817604138612
2227 10.788745235001727
2228 11.867977789324057
2229 10.719322603879183
2230 11.27117403301023
2231 10.645749679119735
2232 11.04760613042888
2233 10.729356796136356
2234 11.219469464183666
2235 11.295351183913555
2236 11.284155789541735
2237 11.345962372774036
2238 9.549939710339567
2239 10.101147976513753
2240 9.785177043705144
2241 10.195361984438884
2242 10.602922649314628
2243 10.685957866572458
2244 10.36420204090568
2245 11.519854538318752
2246 10.526253031975752
2247 9.932271609595949
2248 10.18839445094645
2249 9.652151978018567
2250 9.407505152224015
2251 10.381861444609482
2252 10.13398420237183
2253 10.285529501882749
2254 10.152432241590576
2255 9.467398027627036
2256 9.898594504878705
2257 9.658558536655057
2258 9.008004375554124
2259 10.318542179524503
2260 9.978580584302255
2261 10.132305568559838
2262 9.852362147246073
2263 9.260955632463798
2264 11.131914438284882
2265 9.788591914480985
2266 9.725346292176667
2267 9.636735540447852
2268 9.566260144846977
2269 9.555653371306045
2270 9.278749757440018
2271 9.887450121574698
2272 9.538758219067558
2273 9.53227612472404
2274 8.93718615650073
2275 8.02072688977812
2276 8.52726304296828
2277 7.071770027171124
2278 7.093505367415621
2279 6.775198478924878
2280 5.2015118255790735
2281 6.317993124286531
2282 5.43706391999839
2283 6.823486524078812
2284 6.324578976220392
2285 7.1385599903596795
2286 7.307467114861177
2287 6.157399444564596
2288 7.303599356725758
2289 8.067620996799715
2290 6.50327017464981
2291 5.505483388444062
2292 8.813551480897488
2293 7.91930622645846
2294 8.31411297496918
2295 7.627605261415024
2296 7.673250432412174
2297 8.916397112424402
2298 8.211635098555215
2299 6.743125987968329
2300 6.557201606225642
2301 7.534877215059198
2302 8.09673378259266
2303 7.649296208040945
2304 6.729865349932775
2305 6.499738192175392
2306 8.067093241781496
2307 8.483593630662028
2308 8.720160487913443
2309 9.122838303956852
2310 8.538203731913372
2311 5.651811301969489
2312 8.187529904005881
2313 6.202843313750885
2314 6.939747826120289
2315 5.412972845914165
2316 7.382097994526765
2317 7.317658440506936
2318 7.180582163064386
2319 6.88042852930272
2320 7.396300611350468
2321 5.370276861889888
2322 5.585893974372208
2323 6.875820580803815
2324 6.775493312771372
2325 6.55144543745502
2326 7.022351634769105
2327 8.377552849254908
2328 7.7397472390617565
2329 9.761585577856765
2330 9.272212080899346
2331 8.803397694875697
2332 7.106705569733559
2333 6.877715014776132
2334 7.343138852254951
2335 6.768043113549188
2336 6.583603626870011
2337 7.663303708617535
2338 6.703318788176466
2339 9.060442108333884
2340 7.111243653480422
2341 7.330327994698137
2342 8.086276997704548
2343 6.643514195133554
2344 6.418074130868962
2345 6.71024705935254
2346 7.491078664730616
2347 6.928625142727809
2348 6.786151746067197
2349 6.134677144381251
2350 7.301403445849725
2351 7.148577275255847
2352 8.504029205910934
2353 7.4202515370798325
2354 7.270142700706014
2355 6.995719176182308
2356 6.987389111676312
2357 7.596649096368766
2358 7.126129097126802
2359 6.955422198429235
2360 7.08028101778352
2361 8.334756289685249
2362 8.553131748520675
2363 7.800091096102636
2364 7.0161108299883335
2365 8.163729959118312
2366 6.759958281981069
2367 8.021369468225416
2368 7.12863633393166
2369 6.609489041892774
2370 7.379931406669203
2371 7.569850136849991
2372 6.151510132147382
2373 7.435489898327764
2374 7.079425381444042
2375 7.698054623473987
2376 7.615763609304915
2377 8.062614264197505
2378 8.217273644840349
2379 7.6155677239133155
2380 8.33320858428372
2381 6.774140914227695
2382 7.905326579694259
2383 7.486533887080361
2384 7.472343642385819
2385 7.21577998544576
2386 7.827537715776572
2387 7.997551458444186
2388 9.133719835121436
2389 8.281012958726398
2390 9.376067143045097
2391 9.309955739245675
2392 8.60302658762112
2393 8.176091141145934
2394 8.364235872071072
2395 8.527567559980142
2396 8.261607234676175
2397 8.606057290575382
2398 8.766530023927642
2399 8.392342533368177
2400 9.577892638794363
2401 8.758459456688064
2402 8.479778987865773
2403 6.663696349183604
2404 7.106910748660642
2405 7.272270796265542
2406 7.197510607477629
2407 8.953220998396754
2408 7.4160378111730685
2409 9.304621070555953
2410 9.40521012148091
2411 7.87650393237979
2412 9.313020490728848
2413 10.147914271088178
2414 9.029459225083333
2415 10.486286275156537
2416 10.50754506245227
2417 10.90968985539061
2418 9.657377715852071
2419 10.345292438711667
2420 9.895800413322908
2421 10.260057032393721
2422 8.73807900240357
2423 10.060406068073819
2424 8.976066974091562
2425 9.608016680469031
2426 7.863289504448756
2427 9.642789221519635
2428 9.624887190835897
2429 10.24797208690523
2430 9.842590245112353
2431 9.995484866376563
2432 10.70870247013012
2433 12.61685211749611
2434 10.854604993228712
2435 11.286313821476751
2436 10.775817262536965
2437 11.623028053707035
2438 11.353153267061689
2439 11.515015694878057
2440 10.663012568793661
2441 12.834682862695885
2442 12.788261968949193
2443 13.101391746206257
2444 12.933660017929103
2445 10.502535107433124
2446 11.185715871456607
2447 11.022379271689172
2448 11.627942956211829
2449 12.711278522455366
2450 12.31452769146345
2451 11.46379880739059
2452 11.61162054417905
2453 11.63417477102937
2454 11.138538804234553
2455 11.032322558668925
2456 11.048273037766783
2457 11.530139658034456
2458 11.34853711841718
2459 11.633312399870654
2460 10.93015285318766
2461 11.078302699690957
2462 10.479002374093067
2463 10.975702530466918
2464 10.283662291656954
2465 10.322651524247162
2466 11.487316867771488
2467 11.479070725661392
2468 11.178731211011945
2469 10.531272132738895
2470 10.356305359955929
2471 10.665711037014187
2472 11.111633825203105
2473 11.185009865893111
2474 10.637833425242977
2475 10.576165968302574
2476 10.29402271429194
2477 10.847364249593056
2478 10.538820148716171
2479 9.842662656497085
2480 11.381990181214617
2481 10.549368546088367
2482 11.31983193788503
2483 11.185716314659924
2484 11.14670337308998
2485 10.546347650885108
2486 10.21480363437768
2487 10.547712456190595
2488 10.910152765843998
2489 9.693321011976167
2490 9.895155761094898
2491 11.551907593514812
2492 10.878536208923146
2493 10.926371912314464
2494 11.355217535841462
2495 10.949265167803524
2496 10.09120408751809
2497 10.560368536458327
2498 10.08831173204823
2499 9.808553045889383
2500 9.801728017541338
2501 9.755682177601726
2502 10.761473685604383
2503 9.960789294088425
2504 9.325586322096632
2505 8.686228545621608
2506 9.280178744799315
2507 10.36454351779446
2508 12.356444812809398
2509 10.830380989836588
2510 10.62482042860259
2511 11.520532715129592
2512 10.568041575596895
2513 10.360128788240155
2514 10.155859394840972
2515 10.10054226687013
2516 11.406325349177148
2517 10.295875138692598
2518 10.603946717227407
2519 11.33148841549131
2520 10.335617318876249
2521 10.520414028797456
2522 10.412649957539065
2523 10.18075611596605
2524 10.43568894602097
2525 10.294642655045942
2526 9.97410547820498
2527 11.039496610476114
2528 11.736724019523265
2529 11.435297575344258
2530 10.035595710991819
2531 10.904811070284651
2532 11.787358691699191
2533 11.626915174273751
2534 13.123848828678499
2535 11.931042740523731
2536 10.891727172668482
2537 12.047409092232828
2538 10.812150923511156
2539 10.861560259697626
2540 11.774004594461244
2541 10.744663040328051
2542 12.165710739841142
2543 10.55855692742443
2544 10.908942840436545
2545 11.347786099327982
2546 10.727609887895015
2547 11.152159671068816
2548 11.45564149403301
2549 11.315608964177526
2550 11.280386213022606
2551 11.644771354533713
2552 12.140123254254533
2553 11.470580963682377
2554 11.872022658726202
2555 10.922912996518198
2556 11.494794677786533
2557 11.628885813553147
2558 11.89088639198464
2559 10.447695807828026
2560 11.70015519024813
2561 11.782275838069351
2562 12.324903183381092
2563 12.930722445659063
2564 13.299026736106997
2565 11.660267512164138
2566 10.364444663545278
2567 13.118489167287484
2568 11.263493969817532
2569 11.552380070316092
2570 12.048679509982763
2571 11.799396292421877
2572 12.028867403084284
2573 11.448615730201125
2574 12.023369571098382
2575 11.74484517995449
2576 11.395315201515894
2577 11.506416973272335
2578 11.18799939207392
2579 10.970230667415436
2580 11.316166590937804
2581 10.147607430179177
2582 10.910907944505256
2583 9.650580047413793
2584 10.288274331676563
2585 10.678296260599907
2586 10.287085069451594
2587 10.815413066085531
2588 10.705106237634215
2589 11.308650829007403
2590 10.869819476078838
2591 13.084486997620253
2592 11.244080840896393
2593 10.565538443165776
2594 10.915553647100735
2595 10.70698053917409
2596 11.209238550357085
2597 9.914121513289933
2598 10.90709949899204
2599 10.442778723398913
2600 10.527476204670737
2601 10.236236406868647
2602 10.999604390331475
2603 10.934915571687132
2604 10.027792970178972
2605 10.518650702334929
2606 12.777339681518251
2607 11.935393713479865
2608 10.7083893963465
2609 8.947241016026167
2610 10.72607899308519
2611 10.212416993270908
2612 10.037885247882736
2613 11.273290721091948
2614 11.036433674681641
2615 12.119371224702531
2616 11.547951315570957
2617 10.743441334782673
2618 12.575395783645257
2619 10.651903527586608
2620 10.82614631775654
2621 10.469780622222807
2622 10.944332652793346
2623 10.267272338350049
2624 10.330559883423627
2625 11.2145444562389
2626 10.901366039525854
2627 11.515553216602756
2628 12.221838006179308
2629 11.514938533751511
2630 12.085878074038112
2631 11.167178781987591
2632 11.295244288344017
2633 11.989801013623671
2634 10.743836907889678
2635 11.757529750675552
2636 11.87823442485374
2637 10.782206808765869
2638 9.708242456347453
2639 11.969030930150954
2640 11.762267870765886
2641 11.911435276673826
2642 12.057913133732434
2643 11.632890191553523
2644 12.399154400206442
2645 9.98442021711053
2646 8.79157464055111
2647 9.414973495293031
2648 8.041628901366058
2649 9.036695937313258
2650 10.116755992246429
2651 9.649552471952736
2652 10.680779156498586
2653 8.935564323242797
2654 9.829238003043557
2655 8.805984941944748
2656 9.803088087146435
2657 9.294802049372803
2658 9.523815319652941
2659 9.612219725653791
2660 9.825821513224145
2661 10.212009392637048
2662 11.097113937465624
2663 9.972757505593997
2664 9.822681602999467
2665 8.302516887945956
2666 10.648750057675363
2667 9.46387779197054
2668 9.74526141940093
2669 9.036555595049174
2670 9.233342136183541
2671 8.954991224536567
2672 8.741003432997987
2673 8.64150579505726
2674 8.485831989958129
2675 9.420293727353124
2676 9.518548175720142
2677 10.273782607085511
2678 9.003744137817268
2679 8.980696177525386
2680 9.026443699219998
2681 10.623201150143997
2682 10.894446819354913
2683 9.361086454024413
2684 10.307325889344407
2685 9.550411610707274
2686 10.350718373159985
2687 8.935729829754328
2688 9.353525986713034
2689 8.485527693121044
2690 8.965961553410477
2691 7.681360658476698
2692 8.056770238163383
2693 8.935382158916298
2694 9.782957259073179
2695 8.36687405914712
2696 8.148934511807006
2697 8.215663045918745
2698 7.577461045841274
2699 8.067913297005417
2700 8.150343471477177
2701 7.8022420199277605
2702 7.879436874118711
2703 7.4735424189938895
2704 9.563362687675427
2705 8.568614372667769
2706 10.072949571310858
2707 7.506932242232178
2708 7.224411955251513
2709 7.307198014971681
2710 6.709922992027058
2711 7.538228663820032
2712 7.25785576106781
2713 7.947950885533476
2714 6.81757339913812
2715 7.309501957243287
2716 7.6039506076658245
2717 7.343423478557378
2718 8.015888870459756
2719 6.280518904223363
2720 7.121523209957005
2721 7.194670154044455
2722 8.061185264429609
2723 4.9672790120417485
2724 4.129918177166272
2725 4.349900296007144
2726 4.206669314747916
2727 4.406326002918642
2728 4.030896334115831
2729 5.71256568841106
2730 7.10221921511579
2731 5.952812048606223
2732 5.795690542422981
2733 2.963714343534332
2734 2.8770520705014553
2735 2.575570481303105
2736 2.734067694785269
2737 2.8673560130234743
2738 2.712956425814893
2739 2.5810597078417836
2740 2.7592924576681916
2741 3.1910394726894977
2742 3.5114727860310215
2743 2.9012803159907365
2744 2.92316686979881
2745 3.189599724893933
2746 3.5262716489170196
2747 3.3200208893096534
2748 3.3168804077115785
2749 3.2736347519946842
2750 3.543228234370747
2751 3.4054290393655715
2752 3.481832185079826
2753 3.576819328445904
2754 3.496936665159867
2755 3.6951556562005057
2756 3.4216187765352633
2757 2.9346591188760813
2758 3.331605335304604
2759 3.321545100026501
2760 3.698884913498069
2761 3.498616969618759
2762 3.506866821651365
2763 3.721754614382455
2764 3.5378167994702596
2765 3.6658841832657303
2766 3.379168703683688
2767 3.1923434323877213
2768 3.2826710750418915
2769 3.0978162504027305
2770 3.465680907095482
2771 3.3493683664370826
2772 3.4583806450167844
2773 3.777101675732356
2774 3.5928728780671944
2775 3.404882505529142
2776 3.491551400144606
2777 3.4617641172135403
2778 3.617162717797545
2779 3.5157711592978433
2780 3.4592846328271922
2781 3.07611315446252
2782 3.456057042507934
2783 2.8348228587689412
2784 3.7156082271530666
2785 3.72191669861679
2786 3.3839117269043983
2787 3.4033107998462233
2788 3.3411965283989207
2789 3.6579591616573417
2790 3.575846337077922
2791 3.3754117492536255
2792 3.591216137125106
2793 3.7492673600753132
2794 3.6845127465779033
2795 3.7050522878615357
2796 3.4737377775757534
2797 3.1428120232332923
2798 3.4753261857679543
2799 3.5517148155782667
2800 3.320288530249625
2801 3.5862277843337176
2802 3.545208007564824
2803 3.4177667989524974
2804 2.8641452674171215
2805 2.924193592515332
2806 3.1297473703186935
2807 2.972905908193016
2808 3.7464274596388982
2809 3.4150340546344937
2810 3.133541321729168
2811 3.2570233065516656
2812 2.872370141990033
2813 3.630489898918551
2814 3.121771349470395
2815 3.183023154148977
2816 3.305362928039969
2817 3.4641670527309025
2818 3.2295985730093806
2819 3.4955826682151137
2820 3.5277588708511747
2821 3.3471583197005597
2822 3.735417977146629
2823 3.335701816725914
2824 2.433080058396487
2825 3.3835538581688094
2826 3.262846890657671
2827 3.402404796158704
2828 3.059499025912698
2829 3.2773228866495234
2830 2.622871130911619
2831 2.7558147464978027
2832 3.0006655379677274
2833 3.549002630980191
2834 3.4336591939561174
2835 3.599628615616151
2836 3.319235886579704
2837 3.5770846787886774
2838 2.7866231301168267
2839 3.404222884042367
2840 3.2261446382710606
2841 3.1497058890971554
2842 3.046345899827657
2843 3.375504180775259
2844 3.0568882547511453
2845 3.511757088398281
2846 3.6071523277582895
2847 3.2170733710726975
2848 2.4801776865518588
2849 3.3359689948012394
2850 3.06954967414432
2851 3.500127864578475
2852 3.3238421030496976
2853 3.206752581443617
2854 3.1904010977404034
2855 2.88290024004608
2856 2.5674229340958075
2857 2.7339752221801845
2858 3.0392847680451927
2859 3.14653273987568
2860 2.948166924935035
2861 3.123563090549535
2862 3.0102298785743105
2863 2.7009868510995907
2864 2.771215872965851
2865 3.010409335065417
2866 2.6790004975901254
2867 3.090942287043952
2868 3.1865803650557174
2869 3.102504699361932
2870 3.0541435097683958
2871 2.7836652434413853
2872 2.959674132427605
2873 2.744744494283977
2874 2.8052324543533684
2875 2.7228027099829832
2876 2.719828885532867
2877 2.730191368973955
2878 2.8323398969851157
2879 2.618437828094223
2880 2.68706990421378
2881 2.811960913238636
2882 2.911300272201672
2883 2.844442897750735
2884 2.7303626538667802
2885 2.630955100464115
2886 2.6766162457680087
2887 2.6135300359245917
2888 3.0115204997720864
2889 2.883409078796553
2890 2.687041137997798
2891 2.6086323392960082
2892 2.830865101506548
2893 2.5815737530238954
2894 2.7116559873524326
2895 2.5466496233691807
2896 2.8509694270353756
2897 2.646102863711902
2898 3.0144835682385533
2899 2.5980856691006093
2900 2.6517463889201345
2901 2.6262840992940144
2902 2.630787321555757
2903 2.567251462576927
2904 2.8903288755138203
2905 2.752979926496847
2906 3.0715083526702807
2907 2.769865754386893
2908 2.933132045385161
2909 2.779886787378609
2910 2.8537495129039905
2911 2.5498184938421797
2912 2.596685816454128
2913 2.720398680152854
2914 2.649712583690889
2915 2.7664128581367557
2916 2.7429305124911307
2917 2.9400696187002704
2918 3.100995835607908
2919 2.802421046838884
2920 3.1926820320454947
2921 3.0787680260120913
2922 3.221629830864209
2923 3.3698419829332455
2924 3.6310267878927656
2925 3.58798546482325
2926 3.4742200862741064
2927 3.378223987751303
2928 3.1576961791666975
2929 3.622186576815677
2930 3.512827390589395
2931 3.351075219316252
2932 3.4422593519568085
2933 3.523156368924867
2934 3.185595980811225
2935 2.733407292773537
2936 2.9455286297027516
2937 3.319200398794595
2938 3.261068420153505
2939 3.63099558143073
2940 2.9601468730297036
2941 3.1731773111597184
2942 3.203082588324984
2943 2.895592327768114
2944 3.15706879126016
2945 3.104494189664184
2946 3.284835866377226
2947 3.507742723600284
2948 3.6353069019525748
2949 3.3028542547369897
2950 2.6180701960102426
2951 2.500683787715778
2952 2.522982514795745
2953 2.6416285878376065
2954 3.0875795524948706
2955 3.199265533086173
2956 2.819612812492103
2957 2.5802132333620404
2958 2.5561351268704495
2959 3.2539370921202986
2960 3.2940241914023507
2961 3.32776335444588
2962 3.6482700731965734
2963 3.2117473980119677
2964 3.347339853187302
2965 3.256911711549904
2966 3.267117244191399
2967 3.551841502367879
2968 3.392480001373303
2969 3.3134375951019344
2970 3.0301861897795153
2971 3.540302732639248
2972 3.0703184326778437
2973 3.293059034579816
2974 3.2962207455883394
2975 3.4752627835174437
2976 2.59201505976068
2977 3.259438651029797
2978 2.82553635925487
2979 2.7596577877348043
2980 3.037550756462797
2981 3.519292232711978
2982 2.9595938213289577
2983 2.8318078683469365
2984 3.069257780187054
2985 2.9265218130938884
2986 2.9586404067344603
2987 2.994689733790382
2988 3.290508531041022
2989 3.094748645746959
2990 3.3571339554424067
2991 2.9592965707924814
2992 3.101206868443071
2993 2.853539773338708
2994 3.03351690163499
2995 2.941660133113953
2996 3.3410387609917866
2997 3.4202048248169983
2998 3.3407001200153306
2999 3.1606614024433233
3000 3.0893459674822834
3001 3.067357071444896
3002 2.903845654417768
3003 2.811796322032084
3004 2.7098255641869904
3005 3.3717903140483574
3006 2.7803346720667728
3007 2.8365030532765414
3008 2.9656673952777317
3009 2.5790265688136453
3010 3.1959585611520223
3011 2.7344316941715774
3012 2.825924414973647
3013 3.44587505527376
3014 2.8811098024207
3015 2.912201807567181
3016 3.5019448249270284
3017 2.895290607914967
3018 4.624340805670022
3019 3.0167685235841786
3020 2.981548528860565
3021 2.781566853168944
3022 3.1628876493606564
3023 2.9868095860487
3024 3.0765059183725736
3025 2.742414762278628
3026 2.5497556232739815
3027 3.1207118317850218
3028 3.0187744988860175
3029 2.998650870558115
3030 3.1925307518687807
3031 2.7927931293155113
3032 2.625621979776944
3033 2.690960111926802
3034 3.2466728537336906
3035 3.1805453421909617
3036 3.2801852232162814
3037 2.7762914475413574
3038 2.853706326251221
3039 3.1089731720584166
3040 3.150909616804716
3041 3.6801645200770947
3042 3.39567740850066
3043 2.8594172616328004
3044 3.149842443251989
3045 2.5926050483856793
3046 2.7221229279671837
3047 3.457058030881942
3048 2.902971437273913
3049 2.6416961800039607
3050 2.867661254945744
3051 2.72122422354011
3052 2.9612800961926675
3053 3.107574388346332
3054 3.178159169668496
3055 2.572252832227959
3056 2.74927297685764
3057 3.0612799763697764
3058 3.263365025945033
3059 3.118662398282392
3060 3.169549045919913
3061 3.133655095599312
3062 3.3505500159889006
3063 3.1613417321695167
3064 5.177951035613148
3065 4.159344706277073
3066 5.0236030226507316
3067 3.6528717570417193
3068 3.429527469484501
3069 3.4865893122613114
3070 4.215719389610441
3071 2.7562973905585597
3072 2.712400797776216
3073 2.9238058720791136
3074 3.2274574602051542
3075 3.0272727017948573
3076 3.060796115509593
3077 2.933138768714513
3078 3.2469156234327827
3079 3.5216809871286943
3080 3.1008016723856437
3081 2.6752068755156504
3082 3.1828595484478575
3083 3.0109662131841444
3084 2.90613550997286
3085 3.064804929228105
3086 3.1918563805799334
3087 3.5339093657414864
3088 3.5621943943601937
3089 3.493069544826319
3090 3.2353972078845477
3091 3.5517534972673634
3092 3.472035060714839
3093 3.439063126934988
3094 3.329380314307204
3095 3.6408290436646173
3096 3.0814216624809716
3097 3.0126177904841076
3098 3.413889072175016
3099 3.2960323984353463
3100 3.4272809620456792
3101 3.2400874185130992
3102 3.3632351087592225
3103 3.2381043622560464
3104 3.234405951228389
3105 3.219883285449538
3106 3.6589186091262307
3107 3.3368238123989586
3108 3.2435520904721504
3109 2.993076678736815
3110 3.439072475260274
3111 3.2437977943011
3112 3.253644027139656
3113 2.8686972039752976
3114 3.709823693464505
3115 3.585588178283826
3116 3.380084971451003
3117 3.373839711000762
3118 3.3120942415367103
3119 2.911855714457697
3120 3.0051234844900385
3121 3.5186518927015693
3122 3.847784016557838
3123 3.3180393549329006
3124 3.2591701602902985
3125 3.0541183820372755
3126 3.101238158029155
3127 3.2301217687485173
3128 2.9642728130606306
3129 3.104108232101914
3130 3.4403823959416924
3131 3.081610826396339
3132 3.1049075699256723
3133 3.4815157923730236
3134 3.3976886975903158
3135 3.2611130229179817
3136 2.6694269381177493
3137 3.0168900803450662
3138 3.19629776031371
3139 3.2270986871040317
3140 3.39084740594414
3141 3.3549500244920663
3142 3.227436432039902
3143 2.629472527062759
3144 3.9644774134278657
3145 4.421814236518894
3146 4.048953866992175
3147 2.7399922650667343
3148 2.5946326784862253
3149 2.961592756593926
3150 3.5549993716263733
3151 3.8527491233132705
3152 3.927614868353294
3153 3.0674862929334625
3154 5.427118528677195
3155 4.893253863953986
3156 3.0919208689400928
3157 3.095953530393029
3158 3.1581447070605813
3159 2.717948141068653
3160 2.8428500121206657
3161 2.918565085592232
3162 2.728274677595301
3163 4.547999560917452
3164 3.2992015448343044
3165 2.9799697510894605
3166 2.8932741650795912
3167 3.045186065602412
3168 2.7998243075178513
3169 2.9473245233618552
3170 2.8614938425270293
3171 2.925701878514978
3172 2.8770918680557913
3173 2.586097653365498
3174 2.8007231803028274
3175 4.470179542167276
3176 4.559397604121348
3177 3.5694169429092812
3178 3.585510969590091
3179 3.5725667799150056
3180 3.9324145100889285
3181 2.722586238957654
3182 3.2585495669812947
3183 3.430701545616912
3184 3.2839562312500767
3185 3.2539719972033807
3186 3.1385269062687375
3187 3.4881672040091103
3188 3.340189562918919
3189 3.213164143241518
3190 2.9721843816960254
3191 3.186675831719048
3192 3.2410427923259175
3193 3.3231779469178875
3194 3.4718087324438094
3195 2.790054569055359
3196 2.777988068888666
3197 2.4796143004538966
3198 2.8301142477448558
3199 2.8684611346583493
3200 2.8143747568434376
3201 2.968855395956364
3202 5.090644955201819
3203 3.027399267160594
3204 2.6845723180605754
3205 2.614972134625473
3206 2.4812489794918187
3207 2.7662297808254093
3208 2.9463884349469205
3209 2.661311456744011
3210 2.996729039564767
3211 2.7339857356973116
3212 2.6118719101428436
3213 2.7742839377490442
3214 2.955642294238361
3215 3.0796547359411064
3216 3.186418394396289
3217 3.2047879162964032
3218 3.1479369770235714
3219 3.3927287158060495
3220 3.36785235628845
3221 3.2836765850651766
3222 2.941227517816113
3223 3.185228099485497
3224 3.4399220874758645
3225 3.197074333537813
3226 3.059379594029969
3227 3.363722082935947
3228 3.1531829287961557
3229 3.491295129012607
3230 3.583527443627644
3231 3.125257716180792
3232 3.205157495401937
3233 3.4288710608774258
3234 2.9956955585310228
3235 3.5184266959119763
3236 3.3638705952342116
3237 3.5697543447093762
3238 3.5271108945621594
3239 3.568760474729548
3240 3.423643911730298
3241 3.3577466468239385
3242 3.3930120033812567
3243 3.294942063796708
3244 3.225716005791788
3245 3.454308705712184
3246 2.7452598162571693
3247 3.5439606548074725
3248 3.328075876483903
3249 3.394373910788404
3250 3.3722850994141655
3251 3.3590106690852224
3252 3.008862556160735
3253 3.237989810391278
3254 2.723360287458237
3255 3.363398603998925
3256 3.1719041384812847
3257 3.104774582402976
3258 3.245757371309029
3259 3.386010292332812
3260 3.4633851680870604
3261 3.0551961992567693
3262 3.4377902212401823
3263 3.456684662187425
3264 3.5415340328326455
3265 3.498673757559
3266 2.948499788202014
3267 3.4302607997186794
3268 3.774290505943973
3269 3.4926856419946097
3270 3.6431674699198475
3271 3.4126261195580216
3272 3.172967520100686
3273 3.4113999817132084
3274 3.528224107809061
3275 3.4848162158473426
3276 3.2929645532169642
3277 3.428621269706226
3278 3.7217099320676987
3279 3.4438436541355064
3280 3.369376377855548
3281 3.461854999497252
3282 3.7684849236025215
3283 3.3242607839225684
3284 3.393297218876733
3285 3.3670907670419674
3286 3.6605005570286586
3287 3.3297578782198625
3288 2.9608288589091205
3289 3.531362566481371
3290 3.44840884173528
3291 3.6998150433922197
3292 3.4110132688727415
3293 3.2065166923154425
3294 3.2379423669790777
3295 3.3853672510184305
3296 3.896705917301072
3297 2.9009669763539763
3298 3.200878710270333
3299 2.8674226644432537
3300 3.1597606124082445
3301 3.160269014523921
3302 3.052694078133022
3303 3.450320047551359
3304 2.970288765487007
3305 3.5757233351437825
3306 3.575267180377264
3307 3.1948199187680077
3308 3.3544871306494044
3309 3.1823742893149443
3310 3.5721525865080412
3311 3.265775565884873
3312 3.434086864877766
3313 3.473193834066037
3314 3.9508684548919515
3315 2.9665134791025243
3316 3.325101438657967
3317 3.241027470378159
3318 2.794172663386153
3319 3.5563311503102986
3320 3.4242104045373027
3321 3.193059019470022
3322 5.465995344595351
3323 3.460423296141253
3324 3.479484533522472
3325 3.1126436719830726
3326 3.4302371841158013
3327 3.4618927769622805
3328 3.698202566760643
3329 3.34261263079403
3330 3.2846547864856155
3331 3.5316244614027514
3332 3.5279233890141803
3333 3.6327550608730386
3334 3.4589921998445736
3335 3.1966214407202296
3336 3.0530563560013104
3337 3.5384491904012907
3338 3.481310853405143
3339 3.2785821015671917
3340 3.6286128140138483
3341 3.297365147266304
3342 3.534600205972567
3343 3.358800372598431
3344 3.6355315995940796
3345 3.182715120329366
3346 3.424970133184927
3347 3.4714944276344926
3348 3.212881121759071
3349 3.5657726827639435
3350 3.358251233283033
3351 3.463439890302449
3352 3.2432471505909155
3353 3.2697582349186174
3354 3.427296500740374
3355 3.3065358061767673
3356 3.451466691217251
3357 3.2918518251017894
3358 3.4875842625036584
3359 3.564143881506403
3360 3.605614500756311
3361 3.398757449696671
3362 3.3353970908152446
3363 3.3888782875727843
3364 3.506876777865593
3365 3.1018929772205412
3366 5.060950745535601
3367 3.3868771832558044
3368 3.314523300964013
3369 5.468387803857033
3370 3.3921767251907995
3371 3.0221163911565267
3372 3.3696331949746363
3373 3.578798920956698
3374 3.3826374449570196
3375 3.260469346931472
3376 3.062772325267852
3377 3.674328576032946
3378 3.484383055974809
3379 3.6403438556672874
3380 3.405129959612571
3381 3.371345631953337
3382 3.260913348848563
3383 3.2601071238366752
3384 3.451706519188963
3385 3.3820431266403967
3386 4.629734935056677
3387 7.8512944808124026
3388 8.256176556315404
3389 5.765379910038128
3390 8.018910924546574
3391 5.797871402822558
3392 6.442524657967285
3393 5.955198380556355
3394 5.719756195370536
3395 8.107073579268615
3396 6.190566785070999
3397 7.030576495087639
3398 7.487399352150721
3399 6.135593024632882
3400 6.759221694992893
3401 6.331080739601846
3402 7.430336199070279
3403 6.209503976668274
3404 6.80754608295682
3405 6.008913666456782
3406 6.617772892196594
3407 5.964461614928645
3408 8.468383717361307
3409 6.5866502526663435
3410 6.236555967275336
3411 5.674818788706979
3412 6.602985918334636
3413 6.098578409988532
3414 7.024098007128373
3415 8.313127517584444
3416 8.283336071739269
3417 6.9691821665281815
3418 5.3256026445132
3419 4.725580559321742
3420 6.474950784740377
3421 7.380059808319325
3422 5.920275994904385
3423 7.577458619319833
3424 7.722277054171098
3425 10.399121651164942
3426 9.568794964030277
3427 6.304318045299455
3428 5.782079168659483
3429 6.2504248680177295
3430 7.190170286816976
3431 7.8856803214522175
3432 7.777485593455865
3433 7.130508340642165
3434 6.939952001928919
3435 9.054908205493586
3436 7.489825431511713
3437 7.477306907046394
3438 8.597161411053419
3439 6.141652548888379
3440 8.405976057595295
3441 7.452561699716775
3442 4.870155430380762
3443 3.417213435074037
3444 3.6814586205445026
3445 3.3234218240052935
3446 3.3683537620610737
3447 3.2986586268625446
3448 3.0960354210966288
3449 3.549487044567765
3450 3.2983235124626478
3451 3.037459431696783
3452 3.1578157017352524
3453 4.192294707941481
3454 3.0387065861479075
3455 3.1935220247243494
3456 2.9986088657929493
3457 3.4131787000161147
3458 3.1098161413675895
3459 3.445879883484602
3460 2.940534050119637
3461 3.25806594347644
3462 3.2020612910969546
3463 3.406956397161859
3464 3.3516950380870103
3465 3.7318355795243656
3466 3.177012238848711
3467 3.1775359481135603
3468 2.8240563382647013
3469 3.5909746025698897
3470 3.448520593323151
3471 3.487932823100635
3472 3.4416172240447276
3473 3.73006947839036
3474 3.660949375031545
3475 2.74987619350819
3476 3.40717000907878
3477 3.5391080420223133
3478 3.554027737538605
3479 3.569200812902469
3480 3.559803487106391
3481 3.520724575290029
3482 3.4290456510775504
3483 3.7452840883207257
3484 3.7887130122333885
3485 3.1388419121066624
3486 3.0839147041830377
3487 2.6346254928799837
3488 3.494676196342224
3489 3.4792506856144105
3490 3.6063623532912237
3491 3.0253847926087
3492 3.1071439710662965
3493 3.378990575637493
3494 3.229039268636752
3495 3.3099139028952194
3496 3.6230583340893063
3497 3.2830064567355337
3498 3.521959875439084
3499 3.6834798920487715
3500 3.549749812598709
3501 3.713364877163296
3502 3.514913602516901
3503 3.625561111488116
3504 3.3983534896767607
3505 4.541464786762032
3506 3.2587848076530563
3507 3.540984606714262
3508 3.6648371032965565
3509 3.333942061389359
3510 3.1049577213188555
3511 3.4883277154846355
3512 3.70928490094127
3513 3.2905957832181127
3514 3.668477995634375
3515 3.9712853589386943
3516 3.5949872747020697
3517 3.2886249214882888
3518 3.4383378739694685
3519 3.0795884808687517
3520 3.421426791112711
3521 3.2423251439268577
3522 3.541334812647653
3523 3.622063163288232
3524 3.3202725958113612
3525 3.2137662128586255
3526 3.4307067712441834
3527 3.6645482495587154
3528 3.6758035678653465
3529 3.2543511675066346
3530 3.5189706933876095
3531 3.5223443974241815
3532 3.6045961709961363
3533 3.7338580137068305
3534 3.7527884818859762
3535 3.2301340917413257
3536 3.683837128055602
3537 3.056395170611026
3538 3.476388614863733
3539 3.5200121630159797
3540 3.6563430862993624
3541 3.3460585839911983
3542 3.4882698444377596
3543 3.131810987097502
3544 3.446789366888944
3545 3.419081754728554
3546 3.4657879577272337
3547 4.832360786688416
3548 7.820982339531073
3549 7.174083107878163
3550 6.429553659713162
3551 6.245156063333005
3552 5.352955286225596
3553 3.4958683069365857
3554 3.4887035351201092
3555 3.6297011432674693
3556 3.296413637743395
3557 2.5572245209229907
3558 3.3045587741025537
3559 3.486881973908303
3560 2.870297390090407
3561 3.286800218492506
3562 2.9521148601005844
3563 2.7129672291816425
3564 2.73891727384834
3565 3.1049373646311347
3566 3.2876719726221473
3567 3.1602748671804783
3568 3.4367755777432634
3569 3.250873882489072
3570 3.170025704939625
3571 3.002736432047122
3572 3.2162843683295286
3573 3.100648756995945
3574 3.6660485385085164
3575 3.415125774788592
3576 3.5834760630268585
3577 3.0172124315789337
3578 3.587026057294917
3579 3.3060085621889312
3580 3.134734172107128
3581 3.459613621477733
3582 3.3750621888282755
3583 3.600983201872945
3584 3.5712671284714124
3585 4.195479611794924
3586 3.5311119984367183
3587 3.563151807837345
3588 3.3516023316786896
3589 3.1575055323100187
3590 3.479662534644906
3591 3.289074821830288
3592 5.720704884883337
3593 3.6166298687307132
3594 3.6004371271734494
3595 3.571319677676432
3596 3.1848979321671864
3597 4.289324212191973
3598 3.478379142641512
3599 3.439314243373724
3600 3.954221675020332
3601 3.981134622146233
3602 6.899297314236184
3603 3.4705988505288166
3604 3.569239724256974
3605 3.756191058877435
3606 3.5467562432816044
3607 3.5996039140901814
3608 3.480567241786576
3609 3.257202025211825
3610 2.7977937783130407
3611 3.345095512726906
3612 5.303085704581108
3613 3.804442065898909
3614 3.3915405684396007
3615 3.8529996358107295
3616 3.682633980720667
3617 3.6753601653467594
3618 3.371790189600595
3619 3.6159145841512133
3620 3.3759554555792866
3621 3.659997078322624
3622 3.6626094846101553
3623 3.17549513913568
3624 3.594697936716968
3625 3.580089104466429
3626 3.8560472709035682
3627 3.4758010639118093
3628 3.570144096497694
3629 3.381216296244215
3630 3.7657178197058907
3631 3.4712926109377844
3632 3.1927323557794742
3633 3.7319625725181607
3634 3.2750119481946447
3635 3.3694288454699377
3636 3.2496221854631733
3637 3.509833600482923
3638 4.055335980478641
3639 3.158783210732751
3640 3.5936293619399167
3641 3.395413320605699
3642 3.6439669212889827
3643 3.2824501941444693
3644 3.4769492674772087
3645 5.949911539270524
3646 3.5139928774399167
3647 3.450034588638265
3648 3.6081968875663923
3649 3.5022980176921132
3650 3.7229917842143103
3651 3.7818816502154577
3652 3.5846686531782477
3653 3.9403960134609264
3654 3.5032108114466896
3655 5.485535714523417
3656 5.469361572390006
3657 5.878164819319292
3658 5.110294587665184
3659 5.571425906931346
3660 4.636035995834386
3661 5.69396293689363
3662 5.256840841683566
3663 5.620089908714329
3664 5.136094452023908
3665 5.671178598109205
3666 6.70975156890236
3667 7.026134793108971
3668 6.274676870227892
3669 4.836190531931867
3670 4.569936240038232
3671 3.0927881726759954
3672 4.429063324080987
3673 5.398479540076969
3674 5.1203997214577015
3675 4.554494708747404
3676 4.032954228474326
3677 5.168956987695818
3678 5.537102673336671
3679 5.914743720313865
3680 5.4714675909573565
3681 5.868757876457322
3682 5.172311078583998
3683 5.428278547523706
3684 4.464160569623572
3685 6.2148555981305
3686 7.319557963403564
3687 8.743450616168152
3688 6.681820823215158
3689 9.511634016162903
3690 10.051974828931707
3691 6.8304111847336335
3692 6.36499939096993
3693 6.490583094660706
3694 6.048078819730311
3695 5.4336107331049295
3696 3.5764027525232835
3697 5.060379634389467
3698 5.54938473303437
3699 5.694095507599631
3700 5.800709562644369
3701 5.633661684271982
3702 5.508528607877555
3703 5.261087031435174
3704 5.665850127792998
3705 5.127315583769602
3706 5.03585802224666
3707 5.001690243181386
3708 5.814371156944891
3709 5.995699528089325
3710 5.013094710462935
3711 4.943143630475223
3712 5.602652260905327
3713 5.690297032468095
3714 5.562158228566633
3715 5.3242881959674335
3716 5.2156690928721146
3717 5.30215376600458
3718 3.3755918783527945
3719 4.4515057805245055
3720 5.303058127352447
3721 5.1748986293434625
3722 5.253065587663353
3723 5.663671206178468
3724 3.64384521863191
3725 3.3111135954904793
3726 3.808129786243964
3727 3.7923411270319063
3728 3.484712305880565
3729 3.8118766644329063
3730 3.480698346411185
3731 3.6925093308938766
3732 3.705384783825102
3733 3.442434596025619
3734 3.690165989364087
3735 3.794904569859742
3736 3.6555205550459844
3737 3.711153215170444
3738 3.684498492296654
3739 3.631787294439087
3740 3.5624160495490442
3741 3.4102252485335978
3742 3.162243743768845
3743 4.447922301032537
3744 5.473696037360356
3745 5.58994211757252
3746 5.459793210568988
3747 5.68894590325164
3748 5.14383628296718
3749 4.003008945575491
3750 3.7555170756300593
3751 6.466738082785198
3752 5.9426655443258225
3753 5.718328796685043
3754 5.9764285087637
3755 5.324699797143311
3756 5.710186477263601
3757 5.66233586883584
3758 3.8373996783638287
3759 4.9523433516148305
3760 5.700867197834494
3761 5.472284375751417
3762 6.065941235125138
3763 5.51069295634948
3764 5.520877115529554
3765 5.958714676327407
3766 5.256189561930356
3767 5.41213420437259
3768 5.786273000811817
3769 5.551267664848118
3770 5.52563138504408
3771 5.394350934379404
3772 5.9972461840439655
3773 5.510282917687364
3774 5.258078469287056
3775 5.278945209021626
3776 5.063252589219726
3777 5.019653774498394
3778 5.611269638221006
3779 5.240752479019842
3780 5.21805174429045
3781 5.434760873661732
3782 6.953128245809101
3783 3.772419182157325
3784 3.44133478284485
3785 3.646102878245794
3786 3.5499098806642304
3787 5.0135058187367445
3788 5.635404188525163
3789 5.575038954802171
3790 4.944418630184478
3791 5.150015913710351
3792 4.557190047555443
3793 5.0488384051536475
3794 5.625537165651726
3795 5.30623930424643
3796 7.080016200160654
3797 4.781986296324451
3798 5.1765471287763285
3799 3.5235534359928766
3800 4.816865268105177
3801 5.480414237356809
3802 6.142172507227314
3803 4.625246023867112
3804 5.4668570071952844
3805 5.498776770352536
3806 5.336259075490461
3807 5.274673722872947
3808 5.450052135393903
3809 5.488691506301234
3810 5.372526978667853
3811 5.157900134425693
3812 5.173573798724091
3813 5.539228791086887
3814 5.242083638572965
3815 5.486811298506968
3816 5.137955838143827
3817 5.52405295162638
3818 5.358063335271956
3819 5.304416207022305
3820 5.298339735142218
3821 5.234370241375951
3822 5.381768095766841
3823 5.317573164217391
3824 5.6952473209821575
3825 4.957991339131804
3826 5.2094259368330365
3827 5.181188334837349
3828 5.233725357455918
3829 5.263540437112336
3830 6.012836227185235
3831 5.191559942497714
3832 5.260975257914918
3833 5.534631758850603
3834 5.313684468433148
3835 5.8482464561568985
3836 5.317017952215046
3837 4.756562264219139
3838 5.513683977585266
3839 5.533521717744817
3840 5.43662797594326
3841 5.015025468878112
3842 5.116160827215041
3843 5.199975585734948
3844 5.551907284574432
3845 5.0512187564295745
3846 5.271214838021381
3847 5.383109057000971
3848 5.056535722629243
3849 5.194812103341091
3850 5.298619618945812
3851 5.147927008876793
3852 5.265618736384917
3853 3.3278339015023186
3854 5.26789702149032
3855 5.589707826412449
3856 5.47406892797496
3857 5.615985415680185
3858 5.448342919787309
3859 5.409268010063913
3860 5.246975816823208
3861 5.555034119706139
3862 5.372754048784262
3863 4.931156036373
3864 5.31587054855831
3865 4.803636588257905
3866 5.319486682336137
3867 5.996967808851021
3868 5.214348924911909
3869 5.28658096774893
3870 5.368697039414665
3871 5.469792186144481
3872 5.01135557220523
3873 5.233334345165341
3874 5.120313045946777
3875 5.785119174928113
3876 5.406539218750298
3877 5.846348491408019
3878 5.497857455941508
3879 5.010702696230933
3880 5.078007737679086
3881 4.944815837651219
3882 5.100124675499249
3883 4.577143929774516
3884 4.837045280203082
3885 5.631577606733643
3886 5.422729937274765
3887 5.678193185099242
3888 5.077913338982702
3889 5.963611394215345
3890 5.476318495204022
3891 5.089358125101812
3892 5.281113329466664
3893 4.8911102405984614
3894 5.138159759707253
3895 4.1831521395474605
3896 4.5674416357198835
3897 4.468158448155691
3898 5.14593287990464
3899 5.353437420552899
3900 5.089670120372203
3901 4.735803234129096
3902 5.2647917858661994
3903 4.118679715807849
3904 5.693613144809711
3905 3.2790679433118055
3906 2.9399039147710524
3907 3.169468631193146
3908 3.6517848912353954
3909 3.6393919011369738
3910 3.343490340204492
3911 3.0248131847884956
3912 3.415610908169187
3913 3.53636284744062
3914 3.582813451226595
3915 3.736222382974929
3916 3.494597708890181
3917 3.0957423523826537
3918 3.237692849090997
3919 3.6132251275205975
3920 3.3073963864725164
3921 3.5988090352901145
3922 3.5180223328022278
3923 3.803453492371145
3924 3.2780994514857147
3925 3.4943164005254466
3926 3.2143589786772164
3927 3.3862325343124517
3928 3.677423815430785
3929 3.607228420568306
3930 5.238951618358695
3931 3.6797924499462242
3932 3.6044391385256334
3933 5.6132241551237225
3934 4.005513442678237
3935 4.863069636636121
3936 5.513856932947899
3937 3.4603802548180664
3938 3.343690561727343
3939 3.425015462353851
3940 3.765064557094003
3941 3.531008265940046
3942 3.2837053438980135
3943 3.151628671235092
3944 3.26575609271614
3945 3.3734703176054617
3946 3.611409899908039
3947 3.3360192471220387
3948 3.449194208223348
3949 3.79075387186213
3950 3.6504337627935444
3951 5.303635043798321
3952 5.268762622900379
3953 3.429250675131006
3954 3.5848648248036756
3955 3.520047779848139
3956 3.4619343244806404
3957 5.185675711091212
3958 3.3694580364540663
3959 3.094932492312946
3960 3.5504100092138593
3961 5.337720141414116
3962 5.280836894873835
3963 4.870267630402784
3964 3.6614413078219736
3965 5.681080211357309
3966 3.6687093424625354
3967 5.417807786733566
3968 5.027890545798509
3969 5.368954286254248
3970 5.622562299212704
3971 3.3157726587655283
3972 5.1844442374670425
3973 3.559031360092711
3974 3.017306590252025
3975 3.094375533796922
3976 3.6424374943802587
3977 3.917641842924097
3978 3.651523990142401
3979 3.4154837447537427
3980 3.547564831319564
3981 3.3013342322953863
3982 3.5725334596417015
3983 3.515214645105619
3984 5.848440607364733
3985 5.518648376711504
3986 3.5004471139072457
3987 5.410064205278226
3988 5.274788895420054
3989 4.348709796439235
3990 4.355866063376323
3991 3.757458688769737
3992 4.51701329221368
3993 5.808472226003884
3994 4.680479078960297
3995 3.324137763408672
3996 4.773377232449264
3997 5.1753115065444115
3998 3.42453217323196
3999 5.511464453765209
4000 3.2656022306098818
4001 26.24493285185291
