0 30.330296032199556
1 27.586155422959703
2 33.713299367093676
3 32.4625999167165
4 31.183734112541593
5 29.826097117956657
6 28.307127474363345
7 25.171197616027907
8 23.9313177394099
9 27.13748548987389
10 23.251779598786147
11 22.596243179269493
12 24.332814845330144
13 24.682247661998733
14 22.28471990642121
15 25.199046443145253
16 28.031577683548484
17 28.428650776410038
18 25.084154674125415
19 24.601295662286145
20 27.005853136080198
21 25.993214831053425
22 26.035898568519226
23 25.187274605142335
24 24.42095032564307
25 25.447879903319706
26 25.698915605815618
27 26.55515457136461
28 24.1305974183502
29 20.389719228141388
30 22.84145554142038
31 26.44156028734678
32 26.17858356447171
33 23.022641033138072
34 25.586615642522602
35 22.216492821607286
36 22.212960842424327
37 22.517042498786694
38 24.191976245983955
39 21.802896446004006
40 18.699847713973092
41 22.678097570334142
42 24.181907978999885
43 24.686033979285778
44 24.75629732591882
45 25.81132902379694
46 27.828583555315973
47 27.37758139783931
48 27.09216229974347
49 26.661109785632767
50 27.443481841087106
51 27.583450805888795
52 30.859638999536575
53 30.775295798601952
54 34.56453971785777
55 30.117902245739234
56 28.20284580746986
57 27.794521456045956
58 23.133596011984043
59 25.557466358626424
60 24.26580437446606
61 24.16940416923131
62 27.358368738319122
63 27.019995009460448
64 24.77359044401637
65 25.12010400761063
66 22.524892869616465
67 25.617626769961262
68 25.086070094575426
69 23.742062790627696
70 28.782675692498856
71 28.530685917508556
72 30.312571214671728
73 29.422782807799432
74 33.045771118331366
75 29.132460176214387
76 28.844914510234325
77 28.25438081121437
78 26.170182598136762
79 26.431769365834164
80 25.506139841835967
81 27.541603802009462
82 26.57866510208872
83 26.93439597378384
84 30.08604381533897
85 26.141720538198378
86 28.401568816773526
87 27.833604343053093
88 27.719503441963496
89 28.5137089572642
90 25.639128363637877
91 27.931560874933204
92 26.378607850751308
93 29.251589123192755
94 31.77761236627467
95 31.21510205057891
96 30.077810366475063
97 29.90860043985395
98 32.85389301826317
99 30.269138018644714
100 31.910047839559837
101 31.540688113878225
102 30.095391402500937
103 33.53608327706494
104 32.44574702887274
105 32.41966163554257
106 29.194079513050983
107 32.41020012389505
108 29.719603558982335
109 30.807058050813794
110 31.846802645728904
111 31.002841849216015
112 31.019576259963834
113 29.472229413482797
114 31.25293981442055
115 31.643666193809832
116 30.94931552166971
117 31.690545714079764
118 27.559395667109147
119 30.519332360271445
120 29.980564549430945
121 30.773240546393797
122 28.349042843182428
123 28.414360379871223
124 30.547843629707405
125 30.49487396734466
126 26.424899504013315
127 26.46617796228131
128 26.87466910027483
129 23.465178610998965
130 25.928731160549628
131 25.966045557534486
132 26.411675778522522
133 28.76541837498281
134 29.631603345847438
135 28.577340599135006
136 27.789841910383654
137 31.47253748390086
138 31.56819186004952
139 31.446947370148536
140 30.15307000644548
141 31.690560069275257
142 29.78270165973376
143 28.248470615500022
144 30.628268096473114
145 28.49453297298095
146 31.16221752218898
147 30.177902940971588
148 29.224931230619188
149 31.179337270954314
150 29.46940370640358
151 28.921305771047834
152 29.75996572966141
153 30.7851821057078
154 33.284739352156656
155 32.8101017941842
156 32.25740074823998
157 27.93061727626109
158 25.372330441924404
159 21.29888931181288
160 20.043676376253746
161 23.47570138069421
162 23.90222824990032
163 23.742584232204692
164 22.555217745390596
165 24.16211224380769
166 24.470370807777943
167 24.31866214105329
168 24.29573504397104
169 26.802893599422077
170 26.575331530138524
171 21.508634504367496
172 21.165567049579533
173 18.555682527670427
174 18.781016726758285
175 20.168460193098664
176 24.881275713802367
177 24.258265631685493
178 24.420733396404465
179 23.996572953826856
180 24.94929555884832
181 27.73287397348118
182 28.753732522853223
183 33.21130973299188
184 31.41746779413957
185 29.205115613362963
186 30.617526971630962
187 33.1627378143734
188 31.8412806162844
189 29.70021860949123
190 29.48579047552382
191 28.203021999132556
192 29.599856782535632
193 27.575426398024533
194 28.129162606070942
195 25.0915321730735
196 25.697439846217716
197 24.71906332712249
198 22.44226526919494
199 21.645532444930666
200 21.96470318421285
201 24.409034010779163
202 22.616013067297317
203 19.017545922741974
204 20.574744479404146
205 22.09613214631709
206 19.51551636184577
207 18.130419567184234
208 18.57799815005359
209 18.080027801977362
210 20.387462703223488
211 21.05409881342138
212 20.92810061401106
213 17.699938295945447
214 19.277615260958658
215 18.90124891945217
216 19.26827289493272
217 16.160650330201726
218 17.126536550070952
219 17.528379490534526
220 17.33079813450451
221 16.178725467503146
222 20.07197233693832
223 18.169224537241938
224 16.54096148498861
225 18.009082001891432
226 18.537279975661065
227 19.25456425451748
228 18.554716706725475
229 20.011556498008588
230 19.033618392733974
231 19.305434305704352
232 19.89128065118653
233 19.415639170306832
234 21.000107749877763
235 18.70199565907588
236 19.95334904942277
237 18.606487830198688
238 19.253094991492937
239 20.275367510096654
240 19.90118494833344
241 22.857099589484122
242 22.079167679375214
243 21.279038324277575
244 22.42177883279087
245 21.38533213127737
246 20.36008191960276
247 19.530091088474364
248 18.9727379562369
249 21.355996857364147
250 21.425309965444303
251 17.299698535348384
252 15.961860170774637
253 18.73472194747149
254 18.38575033158629
255 20.32538499958834
256 19.66399757449339
257 18.290939746041023
258 18.939092982195778
259 18.21326051106046
260 21.13209756591616
261 21.468406773988942
262 22.692304662601916
263 21.578781477802302
264 25.570379072488826
265 23.458442418450122
266 23.747453479686733
267 21.48266477088648
268 20.426932240277566
269 22.141252479003672
270 22.325960888418706
271 20.17312280046691
272 21.794890036560037
273 22.456982941301327
274 18.84542825926325
275 21.920065847806644
276 21.074778438930032
277 21.19279754191403
278 22.880526209873583
279 23.067839867611138
280 22.65096879232272
281 24.72183827595482
282 22.77543382075109
283 23.336818987321124
284 23.450901918934484
285 23.089730138602903
286 22.948706863987198
287 23.54885496608103
288 23.4478218364327
289 24.05072103587088
290 25.927476260060892
291 24.959851561493338
292 24.80297062437841
293 25.147065415627964
294 28.063793834387283
295 25.6008370953078
296 28.06644813581929
297 25.711896813107195
298 26.884352078343337
299 28.21344185135106
300 24.500868989711815
301 24.19372468878405
302 23.532148316828852
303 22.54917678494302
304 21.94519324316083
305 23.869265470017574
306 23.087316759828276
307 24.408514390483532
308 25.143084283376503
309 22.966518380493362
310 19.039247289433884
311 26.32655797615115
312 22.957009595741255
313 24.896460782823556
314 26.938941521320253
315 25.031057627983515
316 21.65919452139799
317 22.460494274784093
318 20.321917920041543
319 22.253539361204783
320 21.876747522684752
321 18.536967838911494
322 23.434442033759737
323 24.346395431214958
324 20.51435062815969
325 18.824872157599955
326 16.774627892457147
327 13.96979650090364
328 15.537011763439548
329 15.765508668373528
330 16.673655909190103
331 20.628854693156548
332 18.84028353417847
333 17.00019850373458
334 19.21721920055293
335 20.46120046903867
336 20.871122789339655
337 23.4541090558136
338 24.543717992780415
339 22.716573710426946
340 25.544885630732033
341 23.718227074483337
342 21.835026089046984
343 20.906965967931338
344 21.373487143872424
345 20.81200695937318
346 20.65131731318667
347 19.44756329711456
348 21.162853407364008
349 21.233095514096846
350 21.727318755427294
351 21.224084514047878
352 21.490618460519705
353 21.105992665815428
354 22.38333832858106
355 21.58344444360642
356 20.858465396400796
357 21.561731838892698
358 21.272414548096084
359 22.070796043157255
360 22.397967547698
361 20.109157896515267
362 20.081822845319028
363 21.869525469982722
364 23.6268157227552
365 21.505562279547114
366 21.810777782946165
367 22.225779556805133
368 22.127470540368133
369 22.32277782751743
370 24.87819402979538
371 23.41578465818322
372 22.55749123767282
373 22.982342792820127
374 22.426029816823423
375 20.833645265846133
376 20.52784444802648
377 19.759040219661564
378 20.56845541646444
379 20.621466308367392
380 21.94143653814115
381 21.753144186746933
382 22.370047557433992
383 21.191631693157582
384 20.844439350259947
385 21.525733644557427
386 20.302024754539087
387 20.634192652054853
388 22.430774422221603
389 20.42978307583466
390 21.70077184144412
391 23.163435393349527
392 24.746372209113222
393 23.649011878959975
394 22.41121099991575
395 23.971806328945956
396 22.212425647561272
397 25.11837276076551
398 24.655460107428798
399 25.006022231675708
400 23.711502877964584
401 24.177113304414952
402 22.249575680817745
403 23.9168519712779
404 22.691997319942143
405 23.734826344851385
406 26.57069147315072
407 24.08574127671717
408 23.02158808041132
409 23.201168194105563
410 23.814958701729715
411 25.712540505447045
412 25.695983921976417
413 24.15009586672041
414 24.56182720084156
415 24.399560302324
416 26.501792053408547
417 25.741444516758037
418 22.70368207611544
419 25.54925790042234
420 23.207138772184962
421 22.018874454662708
422 22.235290791937434
423 23.493892858927822
424 23.382495648877327
425 25.22528122983329
426 27.454818126133766
427 24.773179027650446
428 24.659439301405968
429 25.356477505800438
430 25.25491500609281
431 26.253846267870138
432 28.03797123319621
433 28.73324572569505
434 25.899879933023776
435 26.38295821019034
436 25.732551359009708
437 25.78167384313681
438 27.250916773558643
439 29.349911855823283
440 28.637639110946644
441 26.918319424686043
442 26.28841983020611
443 26.58558669647542
444 25.97385655353026
445 28.180049494019137
446 25.727832220090942
447 25.77945436769281
448 28.432732526224786
449 25.594243176256963
450 24.39627418106476
451 26.85903123428006
452 25.401724516680776
453 24.897227825764368
454 26.502236003905207
455 25.44905646762954
456 25.904634806376436
457 25.322271042517134
458 23.59279775968377
459 25.827947119391357
460 25.30614463127731
461 25.748524574769736
462 25.52743999732281
463 25.902879225328082
464 27.189166394335633
465 24.32087411234087
466 26.604117649818495
467 30.298677482069806
468 29.835625363533573
469 29.761169551229088
470 30.450481599799406
471 28.68308762328777
472 28.95937746535715
473 29.077610111643487
474 28.91117554623373
475 28.042760055711984
476 26.397097578758366
477 24.84991366370895
478 24.770783568316176
479 26.842158724348607
480 24.871736485613855
481 25.214460842986753
482 26.236524927823837
483 25.374523795001195
484 24.627011142698493
485 26.7744106995756
486 23.614250813424906
487 26.101824652191066
488 25.50965372817395
489 25.404868554717222
490 25.70477489993472
491 26.205150984487044
492 25.15336758235279
493 26.01143673226448
494 27.19434227467919
495 26.460843768409173
496 26.229379039328144
497 28.508818251720854
498 27.612412738525663
499 26.902148573923252
500 28.28948885550869
501 26.529225996880523
502 27.058141603264374
503 28.07960521173308
504 25.856507949791197
505 25.98445047646825
506 27.28362560012137
507 27.860084561818407
508 27.150702074759188
509 27.56177753300805
510 26.33279072924119
511 25.095825328923915
512 26.552345899924997
513 27.74925669396297
514 27.26811556690028
515 24.06037220870323
516 26.1461133101125
517 28.868459363075594
518 27.457681372077275
519 25.654085894211512
520 25.09167518544493
521 28.612966972487918
522 25.70459986908246
523 26.554783032229388
524 23.28777077572945
525 24.481509940759288
526 25.737051688028476
527 26.33630291729351
528 26.27236210584361
529 26.408990303135045
530 26.998385778634535
531 23.5314168193074
532 27.168453126439275
533 27.25295237080548
534 26.264493943510686
535 27.80311772980698
536 28.447662994169974
537 25.740848629707223
538 25.634056076502958
539 24.354264043241717
540 27.33996577300355
541 26.826715613075734
542 28.592301208120087
543 29.587720685902884
544 28.040848917521764
545 27.571202072183194
546 28.37708213073783
547 26.824835925820825
548 27.461086316361982
549 25.86151329785538
550 26.60198954611096
551 27.231702518973428
552 26.39331418933429
553 24.80705828752193
554 24.848859239531645
555 26.232249679574178
556 28.55418796815551
557 26.173837149563536
558 26.280954728141282
559 28.475080265306097
560 29.804251978377046
561 28.5283506082529
562 25.270814271059226
563 25.249001033887847
564 27.531686724326722
565 23.95049810974647
566 27.63836814718878
567 25.56679108689144
568 27.207102502776877
569 27.59041673408921
570 27.568023339351292
571 28.172872010024644
572 27.439133253829873
573 26.41980831462389
574 25.699018225255514
575 26.146821167798702
576 24.09686397090245
577 26.46024544622957
578 28.04756141963026
579 30.018204523721344
580 28.491475944442474
581 30.44611177075726
582 30.68656482171722
583 30.14235242955322
584 26.77438220181273
585 25.813780061035892
586 25.105451987682642
587 26.213122658305007
588 26.0074578606398
589 27.293841192558453
590 26.374037151912862
591 28.287171258686694
592 25.163248753131498
593 27.175694597507775
594 26.017195440165512
595 25.32763965768737
596 29.210712354300835
597 29.35036673519735
598 29.768518897521492
599 28.25414672485155
600 28.31695460371828
601 27.87646521919761
602 30.55029485799626
603 28.613349652661213
604 31.90786426700556
605 27.402515951740593
606 28.82827525360292
607 30.087326654461716
608 30.294062304432163
609 29.974233862938405
610 28.824259065282522
611 28.74352323814221
612 28.764376171330603
613 29.64641550318256
614 29.53407291790597
615 32.07241080031649
616 30.62912001556306
617 28.00664165204604
618 28.39110061202237
619 27.233905172608935
620 26.948792613325146
621 27.376329538720555
622 29.360930552687893
623 26.727865895869353
624 26.855384105375855
625 30.063636156884595
626 28.304672929272574
627 25.138396256708926
628 30.335225256593844
629 31.355364895767384
630 30.192790733263514
631 30.09756772211974
632 31.408358640679054
633 29.78538764794865
634 30.50251416408772
635 27.832878668166916
636 28.64785258762068
637 27.028099317561615
638 29.57427408733226
639 31.470030837215255
640 30.681621329933105
641 29.730150735953625
642 26.45561082841882
643 29.427921243215767
644 27.64876581546922
645 31.30006830871445
646 28.75751073499837
647 28.747702156846607
648 31.332602587856567
649 27.779381982636487
650 24.78995340748668
651 26.693624250020225
652 23.611145747734223
653 23.69140253459356
654 26.122911464272523
655 24.453627449847843
656 26.2617771259755
657 23.505237273106356
658 26.079583134627065
659 23.489809997261727
660 21.8062480140577
661 19.465302295888545
662 21.406739336807636
663 25.826563046044253
664 26.895347608171534
665 26.255242413308636
666 27.351683836451933
667 26.715953941846976
668 24.831635829255298
669 22.09785735819248
670 23.466671859922258
671 23.586734811937834
672 21.977503594478215
673 20.44396061040593
674 21.795304667200128
675 22.41127071425482
676 23.094265720877846
677 23.974031019391287
678 22.63276577989539
679 23.844090019519992
680 23.033008083393717
681 24.241876825513877
682 20.413016927112867
683 21.848136741311176
684 21.929096939858837
685 22.03110456229103
686 23.08307748656187
687 24.665490574606906
688 22.938476004729402
689 22.59485477023976
690 25.56461027130229
691 22.90661893008833
692 22.489570875260597
693 21.779357997375772
694 21.9758962458724
695 21.664444362648428
696 21.96587970726801
697 22.615769277698895
698 21.242088034085263
699 22.75143051173205
700 22.488835509190967
701 24.247563684153448
702 23.38621209731971
703 23.526790122396324
704 23.533998028061056
705 24.932034734303368
706 23.76635193498844
707 24.337698020031045
708 24.10102946657594
709 21.552674974753828
710 19.754043275004477
711 21.632243524410534
712 23.652223685537415
713 23.322935156679215
714 24.289660889895472
715 22.94462825412806
716 22.475632697924834
717 24.4934419030805
718 25.946633591335463
719 23.294865223192804
720 24.94842472680577
721 23.940273826597014
722 21.825779142976078
723 24.032231827520064
724 26.057930521084334
725 25.374977605065983
726 27.306553358070403
727 24.01351420824968
728 28.0019383508809
729 25.858757613411477
730 26.19655815432756
731 27.005568113548282
732 26.12335717726622
733 28.33376693597266
734 29.059481935710878
735 26.532017700844772
736 29.54673821660016
737 33.8149558731238
738 31.013868059808875
739 30.882131108594066
740 31.454197860701534
741 33.70025311252245
742 34.79494630317134
743 32.73251572170964
744 28.1631784113589
745 27.004691103710716
746 28.003951817426238
747 25.775066121042098
748 26.965042892303483
749 25.19600671299521
750 26.54895170025732
751 25.094793693149217
752 26.453922323094385
753 25.173426010101704
754 23.259260614736004
755 23.594847179113362
756 21.620239974040473
757 20.915515439638035
758 20.151613795430453
759 21.646479003050054
760 19.84440566532479
761 22.104685223839663
762 21.908977385756824
763 22.438525420783286
764 25.722850260858504
765 22.438069097028663
766 22.277590981459635
767 19.76823897634548
768 22.883540811282856
769 23.29598511584364
770 22.143291458618112
771 24.13477748375587
772 22.84735079087412
773 22.85194619715942
774 23.588190689511947
775 22.030389614376325
776 22.612388871071197
777 23.838367028535146
778 24.319984285492147
779 26.736206437529564
780 23.327993982435157
781 24.622781979468385
782 21.03474813608243
783 25.628081132438084
784 22.46934375613358
785 24.687620522028453
786 19.064453743155067
787 22.279255134030183
788 21.564372347453595
789 25.73652436419855
790 24.16409789325864
791 22.306094976002917
792 23.8169120631188
793 24.425641734867472
794 27.144137064590392
795 28.135516058357382
796 28.135108069038072
797 26.468685747683185
798 21.639366699689663
799 24.29300026861818
800 24.111543876284614
801 18.46700205759574
802 23.1255678459478
803 24.493861064753972
804 23.757195471998465
805 21.16345105022625
806 24.226576471876832
807 26.06740950767517
808 22.309439075015774
809 23.814909063602446
810 27.156466183509142
811 27.106902831426435
812 24.44497523893081
813 24.851909521498886
814 25.364566384210097
815 28.899231887034393
816 28.469144373229724
817 32.58053431531096
818 30.54906987463023
819 31.275106437913987
820 27.72487831102332
821 29.281577084775343
822 28.177902674624207
823 28.415564425042284
824 26.225460508338386
825 24.99938475168676
826 23.994248727679015
827 24.085024645469517
828 27.264245165397483
829 30.02218170238187
830 28.304954570581476
831 27.531651581574863
832 24.32790488890506
833 23.036269199901337
834 23.51142565834835
835 21.99053290211739
836 21.774338161356738
837 23.749624931970924
838 25.678436442156208
839 22.044641953447325
840 24.452447012345615
841 23.30221215142642
842 23.686328198296305
843 21.419139398886138
844 22.218265823133216
845 22.058904352272293
846 19.335703246525004
847 18.45863286382152
848 19.894387709959982
849 18.868194238422063
850 19.265465341200695
851 18.64675326182652
852 19.32847984797694
853 20.1314867516867
854 17.883092426722275
855 18.838120258891635
856 19.356437770751786
857 24.03356007192294
858 22.48707486357259
859 25.99052703407214
860 24.95746257140086
861 25.876484363888988
862 26.063971461833628
863 26.544911123220157
864 22.838151187230775
865 27.981249439068684
866 24.62174140838817
867 26.217719117725807
868 20.9468965648747
869 23.293996505835942
870 22.12347335647779
871 20.86471922481362
872 20.94945843162834
873 20.737509118739126
874 20.799446924942774
875 22.23193736428772
876 22.025002702373225
877 24.794558272748116
878 23.49838881884903
879 23.60340823610974
880 22.74018124265885
881 23.49559798487866
882 23.684533565280546
883 23.713396800214532
884 22.50667816604789
885 23.298471317997844
886 25.187309499809828
887 24.427188671107217
888 23.963851336995273
889 22.82035005123328
890 22.34609880054832
891 22.858215012093616
892 24.240105780255497
893 26.05813523480279
894 25.484999387473643
895 25.896017276731964
896 23.96515493049491
897 23.99112681335983
898 23.96862681330651
899 24.17741627798497
900 21.111015363291063
901 22.60359778012489
902 22.331907648219534
903 22.391023590298747
904 23.54857164105997
905 23.60841099007644
906 20.952483537239743
907 19.491077037939966
908 23.822966554653775
909 25.317985109777144
910 21.236899185784175
911 22.375372373583595
912 22.379645145275177
913 23.992349325404003
914 24.269207633343484
915 22.63331247967179
916 22.863367577907123
917 23.347763852521968
918 20.684386632551252
919 23.463722613193216
920 23.94753795324523
921 24.162137637679304
922 24.924024121075846
923 23.186781979894423
924 21.147577152083777
925 24.32880673886934
926 24.342563448565137
927 23.285013973142014
928 23.961814284566607
929 21.372926924216404
930 20.22757189309939
931 17.80118887205001
932 22.063417627820254
933 24.02230932252464
934 21.79512762647838
935 20.63175087818159
936 23.525143404574678
937 20.447332301367545
938 20.22471455843081
939 24.70546958911236
940 22.513950318130753
941 23.07929794256439
942 21.938535617340463
943 21.836130073669427
944 23.862268195184203
945 18.167460065351513
946 19.778242052918817
947 20.48268942240259
948 18.521116360596555
949 19.549725457396068
950 18.647020373808427
951 22.640867700948505
952 20.720482080678448
953 19.47705146396143
954 16.860798568718874
955 17.528078111231704
956 25.021718922851434
957 21.82843464466202
958 20.588045506657473
959 20.38316941550252
960 21.204022696666485
961 21.06495871752572
962 21.37668574050189
963 20.7136289958442
964 20.502275284605012
965 19.1498679983436
966 20.69346561274941
967 19.481902738533194
968 20.960689530525144
969 21.88969459716859
970 22.783953138018962
971 20.77841020834237
972 19.41479389001486
973 22.086060599493017
974 19.74285081763312
975 16.056443626011504
976 16.75568015480092
977 19.012105911361008
978 16.103626902710523
979 17.988546410575236
980 16.83150656989695
981 16.01028744577566
982 16.082291995951262
983 17.99834527659491
984 16.819183932039984
985 17.62772813092256
986 20.108690953303977
987 20.40072086664632
988 19.78743125030433
989 21.050432029948183
990 21.863241047468776
991 20.53279478746202
992 21.61556002301244
993 22.869908743130686
994 21.40289361357676
995 22.29293104375794
996 20.701589784691787
997 20.730036538491145
998 20.17702093782577
999 20.22421603208749
1000 21.13976025476204
1001 21.089125127195032
1002 20.92331512668786
1003 17.87996418880905
1004 18.46913159517596
1005 23.347223225471907
1006 19.365514873236915
1007 20.667958461562367
1008 23.073912609545612
1009 21.156749463478505
1010 22.575231680529498
1011 19.073533639440605
1012 22.18869969180555
1013 19.703901844909222
1014 21.98116148638878
1015 19.958180352384225
1016 18.990501470428782
1017 19.724722626021965
1018 18.838793022520925
1019 19.936473845282283
1020 18.517543461663916
1021 19.542724577319454
1022 18.90236489596689
1023 19.023700097229757
1024 20.788790859323413
1025 21.270394492884165
1026 21.41001891625522
1027 24.49411916905711
1028 21.464610963670058
1029 22.90756615657611
1030 23.55671757623252
1031 22.414453820528276
1032 20.720548918108488
1033 23.88018743040768
1034 22.21710939401791
1035 25.49146714349673
1036 26.680167249804114
1037 24.265326810880673
1038 20.34033773209179
1039 22.108370976096847
1040 20.578819377125512
1041 21.940454837821907
1042 18.564189669635372
1043 19.813275157610807
1044 21.843648220001107
1045 21.632696989712194
1046 21.507686333312726
1047 21.791742309851895
1048 23.707759709025424
1049 19.910282503068967
1050 22.188683748407605
1051 18.08642815098705
1052 19.137409267967428
1053 16.574509194794597
1054 19.252837997147473
1055 20.9487858097057
1056 16.97693169145834
1057 17.05568994313153
1058 15.999475582578365
1059 17.50743931563269
1060 17.017057490306176
1061 20.489767000545747
1062 16.94936800424482
1063 16.853331268187027
1064 18.13206946647631
1065 17.31077244758123
1066 17.65917203226431
1067 20.419727492482277
1068 19.450790460877077
1069 16.808330049761402
1070 17.451203282058295
1071 16.003364345260106
1072 17.226604670481226
1073 15.970571516610269
1074 16.894684814562883
1075 16.407989068084845
1076 15.907655897799863
1077 16.12247109971571
1078 16.09729643449782
1079 15.04335267852828
1080 15.568566583874423
1081 15.467152970721099
1082 15.690814956378015
1083 15.651637179215179
1084 14.905191035154173
1085 16.9233224868467
1086 16.419250721411444
1087 15.288695818730947
1088 14.318412349559063
1089 14.561280814350935
1090 16.723268933219188
1091 18.294964605747104
1092 17.017368425329476
1093 15.332547923638383
1094 20.491400456686797
1095 18.517381258603848
1096 18.099955455204125
1097 17.187811295402724
1098 17.203354021774807
1099 15.663677035704326
1100 15.229992917987417
1101 15.548324416162057
1102 16.930848966722284
1103 17.85871721468864
1104 15.756896340755713
1105 17.260644640329073
1106 14.498425085065016
1107 17.72751225732321
1108 14.362835275704372
1109 14.02959857253846
1110 14.705340607566255
1111 15.776123575503133
1112 14.383338259405242
1113 15.763662604947232
1114 15.07073402835178
1115 15.503330575684394
1116 14.87777844595893
1117 16.611052062362365
1118 17.51383142477714
1119 13.50439652101311
1120 13.311800896578518
1121 12.146284623809274
1122 14.803266189722226
1123 15.138898410797687
1124 13.324671384748697
1125 13.428398534428698
1126 17.41994127816768
1127 15.986674045808657
1128 14.922092890556812
1129 15.311638922037416
1130 16.56051531481358
1131 18.264493635705477
1132 19.785844982579725
1133 16.206468175069173
1134 15.396245250025222
1135 16.18340402226276
1136 16.729359344242614
1137 15.77216111041697
1138 16.210280831601263
1139 14.587188948406176
1140 15.540959797157162
1141 15.319484233247668
1142 14.325634705962942
1143 15.959030585538924
1144 15.775071891322293
1145 16.028747470066616
1146 14.899416045811021
1147 16.79504160220668
1148 14.414251306422488
1149 15.575216328265496
1150 16.092767500539995
1151 15.721598387328577
1152 13.888476685501983
1153 14.67189383184265
1154 14.503411013033478
1155 16.118435777213925
1156 15.022264790249846
1157 14.58131989293565
1158 14.629344846116581
1159 15.822885052293982
1160 15.704442939735255
1161 16.501591602264924
1162 15.726035919204202
1163 16.844026931986072
1164 17.509430340768446
1165 16.4580008787114
1166 15.771660092647956
1167 19.006088589343662
1168 17.606940068495714
1169 16.45994146444637
1170 14.869513367283673
1171 17.080148135939353
1172 15.782935625329051
1173 18.40985453744655
1174 19.965412851743498
1175 19.614021651731854
1176 18.616060276749028
1177 19.60553576723816
1178 18.33314437565482
1179 18.681021512010307
1180 17.047175370092305
1181 17.004543478446323
1182 16.542959299860758
1183 17.900002621604663
1184 15.994493418778807
1185 16.861129898014685
1186 16.17860163855796
1187 17.535743389695714
1188 16.27395775749203
1189 16.274660428246147
1190 16.884175724254273
1191 16.11124999391823
1192 17.10413049601666
1193 16.709264435975335
1194 18.537419862610815
1195 17.17989760236612
1196 17.72851934749789
1197 17.539397650196303
1198 17.90088387990541
1199 18.588540843315606
1200 16.78827479444164
1201 16.864602894883856
1202 15.949736022987647
1203 16.012554996742995
1204 16.25445542459217
1205 16.174352111691526
1206 16.11798701529986
1207 17.41760537963872
1208 17.34433676840632
1209 15.569192095053562
1210 16.19748523695693
1211 16.927187693478835
1212 17.68402478932483
1213 17.608812212124462
1214 17.516410570479433
1215 17.891123038635946
1216 18.07455249670581
1217 18.18728286546779
1218 18.150308007678444
1219 17.8584261852137
1220 17.391475153656106
1221 19.020992067142917
1222 18.4273636255254
1223 17.40143178805289
1224 18.26722897419717
1225 18.549318640768988
1226 21.175956167929193
1227 20.440134904275048
1228 18.795693284283654
1229 17.82415382463948
1230 18.126125605239913
1231 16.806177857764737
1232 17.058828666499405
1233 16.89621553594678
1234 16.90035107486617
1235 19.424530779875088
1236 17.915651274394175
1237 17.403433351097927
1238 16.845810818155176
1239 17.450167682328335
1240 19.04651521855553
1241 17.865022512553534
1242 18.535215414597097
1243 17.439891351226887
1244 17.083074034182307
1245 17.20646081174902
1246 16.578103263540083
1247 16.756893122503826
1248 17.618857704967905
1249 17.698726336348823
1250 16.712270466611763
1251 17.43084135270816
1252 16.933794787040014
1253 17.235767804386718
1254 17.02471979443427
1255 20.549479679167263
1256 18.065505858040634
1257 16.298022229833332
1258 14.975315147944412
1259 15.966484886276637
1260 16.359807730205812
1261 15.721369984826099
1262 16.69240268916783
1263 15.770807016065369
1264 17.75608531292805
1265 18.85320737860994
1266 15.53196225351136
1267 16.009970019613906
1268 16.329280547779643
1269 17.534825503343384
1270 18.027838289486386
1271 18.732930031350772
1272 17.712041612225892
1273 16.484304926113442
1274 17.842883925375887
1275 17.362286873119967
1276 17.07869225904426
1277 16.993831319024203
1278 17.9276022282192
1279 17.385284480287545
1280 16.43875558124653
1281 15.542184589222767
1282 17.052643212394486
1283 16.059617139328516
1284 17.594414627014746
1285 17.552804312156656
1286 15.120738527739617
1287 17.534008039486917
1288 16.647040038857718
1289 16.352202756276956
1290 16.20746697777841
1291 17.233881515953584
1292 16.102376949158433
1293 16.400902024783512
1294 17.32924961202964
1295 16.453513488536828
1296 17.715975717568615
1297 17.002434663813645
1298 16.09221282925609
1299 15.614421521491563
1300 15.31239624998917
1301 16.826712691063403
1302 17.17858469478562
1303 17.67961805798526
1304 18.25634821173622
1305 17.350629323612424
1306 16.974736820184507
1307 19.276957671240446
1308 18.597478203628665
1309 16.186780059141405
1310 18.478676852326956
1311 17.163390172861288
1312 16.54585701550272
1313 15.939291775820005
1314 17.41218280704461
1315 16.468449750255534
1316 17.006071499059225
1317 17.1814106643747
1318 15.960133576897913
1319 16.902634698671093
1320 15.947939515864135
1321 16.10915313409719
1322 17.93917710392119
1323 16.913263081621327
1324 16.943949270791297
1325 17.426841511288064
1326 16.234142662318412
1327 17.12823284674408
1328 16.274270583858357
1329 17.107734129896365
1330 16.906124390461923
1331 16.05717078187087
1332 17.627076418130425
1333 17.3229889445163
1334 16.15057066176327
1335 17.320813100479132
1336 17.04498529807825
1337 16.135057729566665
1338 17.045485477384187
1339 17.559793436385398
1340 16.37279537290553
1341 16.52306984822252
1342 15.19159928073098
1343 17.99205370973979
1344 18.575007610815
1345 18.083939454546456
1346 17.280475131761634
1347 15.386351856619685
1348 16.065196998771654
1349 16.689440000860333
1350 17.09875129232471
1351 17.942567403411463
1352 16.79001322590769
1353 17.976615563166355
1354 17.54598680604498
1355 17.24059436322328
1356 17.314288198776364
1357 16.857493052629565
1358 16.674939733897578
1359 16.350574328892787
1360 16.96568844111875
1361 18.292165686106127
1362 15.713770649559766
1363 18.328190573820855
1364 17.90592105349168
1365 16.152341331626943
1366 18.56193469384944
1367 18.727791420678173
1368 18.139156794178053
1369 19.561178684804965
1370 20.26458415402966
1371 18.49882448010856
1372 20.69332478128685
1373 20.30437819416563
1374 19.69889283261401
1375 20.16344805834037
1376 20.331321688907966
1377 17.660675463870206
1378 18.590638868255397
1379 17.296319884126444
1380 17.473756423247206
1381 16.097159341254244
1382 16.763973329213698
1383 16.914221282369347
1384 16.589584779863277
1385 17.079691941101235
1386 17.985043949804588
1387 17.151282030732794
1388 17.99385136482835
1389 17.02583302848208
1390 17.97984259598195
1391 16.577041791252352
1392 18.268092107766538
1393 18.264686633487518
1394 17.2863369081002
1395 16.24169905644861
1396 16.41101029546722
1397 17.987405943268172
1398 16.481959914679685
1399 17.94965752726725
1400 16.524812818428714
1401 18.024463480439547
1402 16.87099120106487
1403 17.016391729662157
1404 17.882925761048412
1405 16.990109066792257
1406 16.628005087863237
1407 17.104131706968094
1408 17.800844471152974
1409 17.68907106835706
1410 18.178103893843886
1411 18.27891221345751
1412 17.249138202068735
1413 17.519669803772178
1414 16.60763528344435
1415 16.723997100184672
1416 16.38076679630816
1417 17.27677569715663
1418 18.4057628520739
1419 16.802722277795464
1420 19.133039412984903
1421 17.32125837394005
1422 18.528870406664023
1423 19.002801344945407
1424 18.3800990889696
1425 19.52531012095705
1426 18.052811545190483
1427 17.409446006215237
1428 20.70119333671632
1429 18.003590689500026
1430 17.86020020152948
1431 17.88483348405187
1432 18.167076598504778
1433 18.39005606522928
1434 16.366138504078627
1435 17.506807983518122
1436 17.582418008333487
1437 17.303003947706355
1438 18.914317100881437
1439 18.323001657008398
1440 18.14899424342334
1441 18.573104450231483
1442 18.434913294495946
1443 19.701279549183628
1444 18.754304100875125
1445 18.992319418662216
1446 18.53487878859626
1447 18.08345312794707
1448 18.607349015598025
1449 19.266614429129227
1450 18.556643902044776
1451 18.86364007531843
1452 20.01394414760482
1453 18.514499928189547
1454 18.762042173191926
1455 17.697259762909187
1456 17.822822364593115
1457 18.86008689082795
1458 17.532893498562604
1459 17.40046686532587
1460 15.859730167293979
1461 17.65422677837136
1462 17.45903027264655
1463 17.658289811808828
1464 16.800324108499293
1465 17.271684380181135
1466 17.343421271093906
1467 17.122649878261083
1468 17.590751430745414
1469 17.796309433668156
1470 17.267978968463648
1471 16.72838690361743
1472 16.78455127838927
1473 16.435005509866183
1474 15.728789745465255
1475 16.7061389961462
1476 15.5336593189389
1477 15.762770548903234
1478 16.164551424259063
1479 16.68653833134655
1480 15.419369663396202
1481 16.869463739138585
1482 17.057482068087584
1483 19.33510058196043
1484 18.210960928035565
1485 17.448052303791123
1486 18.430948310452152
1487 17.468539410939023
1488 18.703032387646008
1489 19.32394403421897
1490 18.4567783908129
1491 17.41862444293885
1492 16.495038914695293
1493 15.962861382483606
1494 17.752645738003327
1495 19.28533522141211
1496 17.64912438163239
1497 17.111073383967522
1498 17.302705172025643
1499 16.97652352397479
1500 18.078525415990768
1501 17.04191418638502
1502 18.661507673741113
1503 19.123304353781016
1504 18.35168810209581
1505 18.699356542677727
1506 18.61647526221049
1507 18.916535072866278
1508 17.389105931383817
1509 18.56678494098572
1510 17.909921987295746
1511 16.709668353549713
1512 15.859617282552557
1513 16.585054194143666
1514 16.742545032368596
1515 16.76413236875008
1516 16.420261377161523
1517 16.944310644126357
1518 16.076566632697293
1519 17.1819959927755
1520 16.91375076710129
1521 16.275146763481796
1522 16.98102372704589
1523 15.981183875235395
1524 16.811310534195265
1525 16.396616233319595
1526 16.94846195288454
1527 16.775673172566844
1528 17.01443269017954
1529 17.35246198413494
1530 16.726505999375775
1531 15.72606711965606
1532 15.167972637437785
1533 15.747047267511604
1534 17.362375411234392
1535 16.998001030862994
1536 16.71162097587767
1537 15.597167094204403
1538 15.859886818450905
1539 16.107111477489735
1540 16.405744426641167
1541 16.12547440611701
1542 15.920526675730743
1543 15.844053913555278
1544 14.858159187648365
1545 16.089066666042015
1546 16.325188890067064
1547 16.298973037883233
1548 15.20220986398126
1549 15.909321463535637
1550 16.025180797904284
1551 16.97432419956527
1552 16.486039753729848
1553 15.700399431972777
1554 15.852357222669193
1555 15.85441285692682
1556 16.804696640060907
1557 17.683719584641764
1558 15.271553947897177
1559 15.229279929956057
1560 16.05723093448558
1561 15.939860414245507
1562 15.899678137410714
1563 16.83304698862037
1564 14.570235344097872
1565 16.261515742119023
1566 16.69583352859552
1567 15.725962508284145
1568 15.153227609360561
1569 16.149531556497276
1570 14.968131145718932
1571 15.292906375591727
1572 16.517233148273483
1573 14.864411327415201
1574 16.81301532271683
1575 16.627769143961856
1576 16.222547437127968
1577 16.988809479940343
1578 15.790347221856665
1579 16.90690402132608
1580 15.653443472982545
1581 16.241711039008155
1582 15.627573529425643
1583 15.647952478707294
1584 15.697452267074109
1585 14.769854632614688
1586 16.87745170063895
1587 15.784648898835584
1588 17.34009912084515
1589 16.77034875053179
1590 16.189441060222435
1591 15.643377347383819
1592 17.467913020688606
1593 17.26496261507023
1594 15.231486647394707
1595 15.438240768929443
1596 16.368585952504908
1597 15.930407797172943
1598 15.088878458549528
1599 16.032439590516763
1600 14.91026703213861
1601 15.536397408172498
1602 16.20583187100069
1603 16.248213729728704
1604 15.787432644686104
1605 16.206516283135407
1606 16.767009956275228
1607 16.503391128965077
1608 16.30808714709792
1609 16.258356939374952
1610 16.923106406090618
1611 16.743508381385855
1612 16.527027311916854
1613 16.061232110537727
1614 15.74246931238161
1615 15.878820618325923
1616 16.50377634956217
1617 15.550976698666005
1618 16.37714661630319
1619 15.83825519423135
1620 17.20102650861692
1621 16.683095359024097
1622 16.870973943494242
1623 14.941461361775833
1624 16.139877093426556
1625 15.006350713539545
1626 16.12919022054447
1627 13.794924052888504
1628 13.570516849284846
1629 15.328054539206052
1630 15.812206921324732
1631 16.084570205613186
1632 15.71046711838791
1633 15.406381293785886
1634 15.46850195869929
1635 16.12003545842993
1636 15.83612141426502
1637 16.19415586998867
1638 15.937146786094312
1639 15.215411372751957
1640 16.56633958693922
1641 15.943150142767283
1642 15.593642075178677
1643 17.113067974524665
1644 15.799476923401576
1645 15.616824292853876
1646 15.9750738720775
1647 15.956870183498784
1648 15.089652857241433
1649 16.28215155836553
1650 16.602394701233994
1651 15.454808264161278
1652 17.628164648147152
1653 16.380111964516875
1654 17.183809473358615
1655 16.098075290524996
1656 15.679499994754101
1657 16.6863122550885
1658 16.811925338291832
1659 15.663447052020523
1660 15.969443056399422
1661 16.590455805490222
1662 16.276795551660616
1663 16.549910988933867
1664 16.173001721445804
1665 15.602906632104284
1666 16.737760776718833
1667 16.17893200292346
1668 15.163738601087532
1669 15.442244932911864
1670 17.476118187656482
1671 16.727386454491015
1672 15.487974369552829
1673 15.679751972351564
1674 16.11165686992265
1675 15.067166070307929
1676 17.187374813381012
1677 16.74421078370973
1678 16.92085391565664
1679 17.424181713767577
1680 15.374487673963456
1681 15.252320389242895
1682 15.88718571922602
1683 16.86988159946998
1684 16.154187764304897
1685 16.21314645156739
1686 15.489582876903949
1687 17.19540338930829
1688 15.823820527884546
1689 16.235048980880208
1690 15.763125427043276
1691 16.59141835754613
1692 15.829671621359603
1693 16.321510613627936
1694 15.42672757130467
1695 16.633962715131883
1696 16.01959040943284
1697 15.90931504407874
1698 15.621549676103909
1699 16.092398472317985
1700 17.609924332718762
1701 18.243292546793057
1702 15.769714989405294
1703 17.10225270049697
1704 16.606172435608684
1705 16.100556712696942
1706 15.753297444822572
1707 16.18129036461721
1708 16.211755637461742
1709 16.439344927058023
1710 16.10922501355217
1711 15.369727813809607
1712 16.809859841312072
1713 15.784696101826404
1714 16.622610017231505
1715 16.49306750593969
1716 16.254802330143942
1717 16.44001390190523
1718 16.149418736840047
1719 16.478235058461102
1720 17.019047081169983
1721 16.10256612517114
1722 16.467036050564587
1723 16.40681746405916
1724 16.218828520913583
1725 16.004108598086304
1726 15.48382527225081
1727 16.60513837435687
1728 15.637203594445804
1729 16.135934490764253
1730 16.218643083104077
1731 16.158785433540935
1732 16.561992912524534
1733 15.952165950010523
1734 16.595025302394973
1735 16.179783958928482
1736 15.802995695273498
1737 15.867504819560207
1738 15.825320232155732
1739 15.534249489416863
1740 17.33958134757115
1741 15.932355608711413
1742 15.994338904228627
1743 15.531639527356653
1744 16.449416133457557
1745 17.047754016437466
1746 15.597434233909413
1747 16.235185078680207
1748 16.834502040936048
1749 17.985822734409407
1750 16.033280171778454
1751 16.0517200126313
1752 15.805756224395552
1753 16.408523803216653
1754 16.637442096832046
1755 17.11368886379531
1756 15.692877119187928
1757 17.214313612235067
1758 16.109333098211295
1759 16.76723809434332
1760 15.879252119324043
1761 17.061015537055415
1762 16.25115651858607
1763 16.072942953834858
1764 16.466687316061556
1765 15.707097897800235
1766 16.352562348918234
1767 16.39393783828236
1768 16.041632720790375
1769 15.905911483277777
1770 16.47133905060033
1771 16.315370873063298
1772 16.428969021299896
1773 17.242174697953693
1774 16.396402784608465
1775 16.52061513759752
1776 15.768045585407085
1777 16.297011752254765
1778 15.680777924145925
1779 16.120334520405724
1780 17.648749445577785
1781 15.896194058661214
1782 16.402812713835107
1783 16.428689724399433
1784 15.058190106408539
1785 16.375550456751565
1786 15.362680887119591
1787 15.280443843029868
1788 16.206812809522557
1789 16.869379792154636
1790 16.002154457625537
1791 15.49645049339973
1792 15.843927296950312
1793 16.648041702647305
1794 15.648124001114972
1795 16.230145875713824
1796 16.376466598738286
1797 15.655287964295661
1798 16.882256462402264
1799 15.772372526646933
1800 15.109130955639385
1801 15.997028738806623
1802 16.15732601642955
1803 16.74519912619176
1804 16.672781766137483
1805 16.521869348443985
1806 17.512030418739858
1807 17.214093832211525
1808 15.775595785615046
1809 17.00378751101236
1810 15.930616327121285
1811 16.423665872445483
1812 16.154783677734514
1813 16.427515585011562
1814 15.903784860755659
1815 16.250027608171006
1816 16.60527315878706
1817 16.64897837624508
1818 16.39901353335939
1819 16.294579572190685
1820 16.280332502198355
1821 16.93116635684088
1822 16.724088103682515
1823 16.589063040773564
1824 15.97928359092034
1825 16.855033133303987
1826 16.12774214748405
1827 16.82937611405819
1828 15.896196210905257
1829 16.101072791920934
1830 17.207258308263263
1831 17.114083283158738
1832 17.139662019081197
1833 16.759774929590876
1834 16.859993109360907
1835 17.3448125823456
1836 14.498497771788907
1837 15.7417758977904
1838 16.55820310327304
1839 17.434491914574927
1840 18.09444472132731
1841 19.319813578246535
1842 16.481986978135872
1843 15.72820005031139
1844 16.832713839885937
1845 16.79707268262306
1846 16.50153688067999
1847 17.611708032811006
1848 17.796212210108646
1849 16.93178482844391
1850 19.4567970714521
1851 19.472113098938305
1852 18.950240341721454
1853 19.092384848332774
1854 19.30560053031331
1855 18.9205752815922
1856 19.67760389471174
1857 19.554316159893663
1858 18.015829387142027
1859 19.082123996270823
1860 19.33381755571941
1861 18.3578123567864
1862 17.392389835342676
1863 17.501278419781357
1864 16.018728028748352
1865 16.906720973674318
1866 16.62165602232474
1867 15.625710026300021
1868 15.950979770497028
1869 17.14206961781307
1870 18.07878737244924
1871 16.88835972644086
1872 15.950712936290271
1873 17.803852859666005
1874 16.70276520135604
1875 16.833993470173432
1876 17.013899256433913
1877 16.177235490472686
1878 15.750991128298416
1879 15.49836519299459
1880 15.261999321473304
1881 17.404787194087035
1882 16.03560155454156
1883 18.47975714887803
1884 16.081123351175282
1885 16.836817683835022
1886 14.851589392899717
1887 15.482680959910743
1888 16.591827690252607
1889 17.277688305453026
1890 15.75645036008641
1891 15.80801242392453
1892 16.00414975602642
1893 15.643375636646098
1894 15.979985002086277
1895 16.322862631334857
1896 15.996138995986517
1897 15.572877461808249
1898 16.61704161709883
1899 16.929484963772506
1900 17.37270608479814
1901 17.45193555303519
1902 18.290574142273236
1903 16.21600604325383
1904 17.08694397019572
1905 17.609326880672253
1906 15.556354932564231
1907 16.68092837148259
1908 17.02545913143449
1909 15.48412706368839
1910 15.547929985460236
1911 16.906301111512455
1912 15.145420543740725
1913 15.858933826180309
1914 16.123248780298816
1915 16.322200436868986
1916 16.784075227526298
1917 15.200398635322458
1918 17.174633296878334
1919 15.904267797970498
1920 16.385326378280848
1921 17.24832634260051
1922 17.427792259073236
1923 17.54055276910095
1924 17.070242349048936
1925 16.641854757847184
1926 15.997444833104478
1927 15.731929527006645
1928 15.824591791246233
1929 16.356908901647863
1930 15.971504752963881
1931 16.665434500180496
1932 17.28778682501445
1933 16.986150773699173
1934 16.14687054589692
1935 15.850426436532207
1936 16.28076027879133
1937 16.366363670348612
1938 16.839856850180016
1939 16.811711936602347
1940 16.711746314830915
1941 15.493669507395365
1942 16.351766299648045
1943 16.45814632583165
1944 16.490686221544337
1945 16.79600451102469
1946 16.755495657358203
1947 17.762670891507636
1948 16.592594541961724
1949 15.52722995458821
1950 15.030178435634179
1951 14.19619764727398
1952 15.15081456698662
1953 15.728084642669366
1954 15.423104448128658
1955 15.298157129229406
1956 14.721074028701699
1957 15.779474253607903
1958 14.867501146369424
1959 16.022834789095963
1960 15.957433891790737
1961 14.054505106653874
1962 14.570988508717903
1963 14.937373948131574
1964 15.32878298872404
1965 15.855767671842377
1966 14.812389947408034
1967 16.149261262657568
1968 15.775018284066128
1969 15.746126600437364
1970 14.369535778622037
1971 15.377984932397945
1972 15.31061235837923
1973 15.78680700516757
1974 15.47848794208732
1975 15.631041737912984
1976 16.125774729400938
1977 16.491667737430017
1978 15.651616445128388
1979 16.805445590023954
1980 15.79121207330253
1981 16.005484318872057
1982 18.164144318525178
1983 17.442885737110746
1984 18.006234452659108
1985 18.220607900490233
1986 18.82833557579258
1987 18.439415787016767
1988 17.440975789519925
1989 16.749379678717453
1990 14.9393731739416
1991 16.788579389000116
1992 17.69299475597743
1993 17.094863428562228
1994 15.67795850083344
1995 16.114617948107494
1996 17.485626063939627
1997 17.060728382692396
1998 17.08523944925989
1999 16.85363626391552
2000 18.372600014779916
2001 17.624702974310644
2002 16.440799214050916
2003 17.12889713431671
2004 17.2424419475225
2005 16.632116718233068
2006 17.616932534975227
2007 17.71182285980957
2008 18.035208200691137
2009 15.080029396717233
2010 15.820617509309516
2011 17.905764709275985
2012 18.440554830535945
2013 17.433945447585874
2014 17.553404299270923
2015 20.62392830364103
2016 19.238818312426066
2017 19.436379425189756
2018 20.18886861156182
2019 18.87679300269003
2020 19.431548103311492
2021 18.32365501363033
2022 18.457799458992362
2023 17.125147343209196
2024 19.653305481418275
2025 17.31444325738479
2026 18.312266505287763
2027 17.50448925502472
2028 17.216636284003254
2029 16.535631856479796
2030 15.387468305637986
2031 13.017942439760374
2032 15.013485867849667
2033 15.735695964160682
2034 17.41869270830286
2035 17.801299731795293
2036 15.138561464589136
2037 14.81582153153545
2038 16.715272053511104
2039 17.398817265637575
2040 16.172050516264626
2041 17.974976295773185
2042 16.965256748816927
2043 17.03466710343617
2044 17.449049144942105
2045 16.06125351842168
2046 14.661070031850903
2047 14.902847682463891
2048 16.07861337318748
2049 17.270003437522448
2050 17.06703648612092
2051 16.74008690510909
2052 18.037495021190797
2053 16.819717155172253
2054 16.97948479909781
2055 17.922117342700318
2056 18.428654934970886
2057 16.506272824767457
2058 17.16349885320569
2059 15.745234778530087
2060 17.73493903982782
2061 17.670165801077676
2062 17.189937337332644
2063 16.975529399818743
2064 17.09957849416053
2065 17.56132998983213
2066 16.70935660101548
2067 16.881653765985337
2068 16.342942433642282
2069 18.25661474107592
2070 18.072411753297878
2071 16.875223660549413
2072 13.69338369561449
2073 17.950972494509756
2074 16.788731638643046
2075 17.13736742355052
2076 16.672695983750756
2077 16.275347671746236
2078 18.291674617072157
2079 17.380576462190174
2080 18.097216981390204
2081 18.027015767281867
2082 18.061871289779035
2083 18.270816295929855
2084 16.279687848787066
2085 16.366075751996647
2086 16.313896841859233
2087 16.541719137283618
2088 17.14714797157816
2089 15.83823212718753
2090 17.878275409696307
2091 17.998950403841786
2092 16.816766507112447
2093 16.840811048370362
2094 19.208163636025017
2095 17.918298065939098
2096 19.760515437857762
2097 17.812222320850864
2098 18.662871216712425
2099 17.3451664228325
2100 18.197332670275845
2101 21.406856082441635
2102 20.777388323699856
2103 20.193991561002974
2104 19.122546323830186
2105 19.495435757816164
2106 17.97413842518625
2107 16.131685700120705
2108 18.2978962497391
2109 17.269302092683155
2110 18.321921759881945
2111 18.336116343034693
2112 20.029460029377674
2113 18.784489194114943
2114 16.93854379873919
2115 19.64220325471957
2116 15.546435173540727
2117 17.553971702905447
2118 18.46278576860784
2119 18.85477117801842
2120 18.22187183686305
2121 20.83644954989637
2122 20.87836217913194
2123 18.95974725065717
2124 19.786053896684688
2125 19.385975849973914
2126 19.99648595115899
2127 16.993624757234823
2128 17.061780533640164
2129 17.769812024025295
2130 16.003800945330102
2131 16.059051059227045
2132 18.080942579688315
2133 18.08081430896731
2134 17.196311437650717
2135 15.342370832015236
2136 12.883588231817834
2137 15.757406795005393
2138 14.66477614801237
2139 13.67716775611465
2140 15.75499785880406
2141 12.493311208817522
2142 16.634983914396372
2143 13.32265579613405
2144 16.2612022180211
2145 16.439199612134356
2146 15.628207400003093
2147 16.77461133963823
2148 16.04567746985927
2149 15.985456091325762
2150 18.687729894576457
2151 12.913878362074787
2152 16.808661588604984
2153 17.881274886801464
2154 15.879242968839058
2155 14.81984745643453
2156 13.972262902852679
2157 12.539799880243457
2158 13.916095608651833
2159 13.563422768605433
2160 14.755266125572456
2161 16.02113532667817
2162 14.700344249411442
2163 16.922309646299812
2164 16.183279976450294
2165 14.691885702369015
2166 17.21833811113221
2167 18.114303998854137
2168 17.92603554385144
2169 17.524220747968336
2170 15.9015313046496
2171 16.321709655359747
2172 16.616996258762015
2173 16.256113969195866
2174 16.74437326239477
2175 16.59458355307525
2176 15.035346181860458
2177 16.723764676686226
2178 14.969519170903267
2179 16.0150153082229
2180 15.845996982267932
2181 14.811583682797236
2182 15.97172660080062
2183 14.866794509058948
2184 16.301776886764728
2185 15.523386029834978
2186 17.182794236565563
2187 15.608637750132177
2188 15.613385685595121
2189 15.942437410557321
2190 16.449369221105254
2191 17.42939425335744
2192 16.779381558937445
2193 16.269930314694026
2194 15.675863275217475
2195 15.973905270937404
2196 15.650131669850317
2197 16.521705582585707
2198 15.63007231802778
2199 14.967610457611134
2200 15.03981712527866
2201 16.02267371669482
2202 16.01738787169697
2203 13.847203528053234
2204 15.099552650691226
2205 15.209339912082077
2206 14.352632615933784
2207 14.918738565412696
2208 14.301918363716993
2209 14.468918296358943
2210 16.53608552144967
2211 15.709990729689286
2212 15.74629959648728
2213 14.309733749947334
2214 15.046642371617356
2215 15.854532118240975
2216 15.41077082899981
2217 15.620187478790596
2218 15.27573498064015
2219 15.83403484949769
2220 15.05873445363888
2221 15.279013020483738
2222 16.48906209773649
2223 16.466645862577046
2224 17.190797201859617
2225 15.283390647512132
2226 16.56259631305553
2227 16.294182460732344
2228 15.514150610935017
2229 15.921754389338377
2230 14.707298285773227
2231 16.135741699509285
2232 13.7191357855488
2233 14.139129373408297
2234 13.709760841445547
2235 15.463184531761595
2236 16.151761818218855
2237 15.298117593550787
2238 15.35617132362493
2239 15.552993335903288
2240 16.834697394365126
2241 16.042393648034363
2242 15.402249070590168
2243 16.535164757999816
2244 16.29753042406432
2245 16.09771743194804
2246 16.2060134711289
2247 16.541862482458892
2248 14.092908379126834
2249 15.647845551840497
2250 16.425491224830296
2251 15.4838520397285
2252 15.645042211825436
2253 16.355334965744838
2254 15.237534213218195
2255 14.877808420022367
2256 14.784720573217554
2257 13.904629983361026
2258 13.598087535735875
2259 14.61736217695128
2260 15.964951011344896
2261 14.875307965906504
2262 15.738385707073018
2263 16.225202421505188
2264 16.46213775066448
2265 16.23946038922483
2266 16.281395572974475
2267 15.556210191835584
2268 16.31706269481054
2269 14.920670878054821
2270 15.793732683697298
2271 16.624981740231426
2272 14.812072049046144
2273 11.587612486114159
2274 12.468059679699456
2275 13.46581984600795
2276 12.581711031011631
2277 11.148089760494958
2278 13.994786074001164
2279 14.227015619774642
2280 13.933783921733873
2281 17.66430398072232
2282 13.728550085954724
2283 14.693778328081185
2284 14.36217954691243
2285 13.64968626453946
2286 16.29594193738998
2287 16.449267958669108
2288 15.149155938802929
2289 15.072427770394565
2290 14.143013824862809
2291 14.756480656784102
2292 15.831981790959954
2293 12.90111636413152
2294 13.676484147740126
2295 14.27468155311667
2296 14.09054429027076
2297 12.973421903898556
2298 14.208450294577034
2299 13.215468828745419
2300 12.526344803145477
2301 13.36171787867816
2302 11.55900057746813
2303 11.980687151892342
2304 13.720576000634914
2305 13.169142294397231
2306 16.371542910037135
2307 12.840347987524416
2308 11.757886799812661
2309 12.56670209301913
2310 11.262140265744597
2311 14.241196266395962
2312 12.651343651228578
2313 12.99084292412634
2314 13.682605914922721
2315 14.107277072075442
2316 15.78871690229292
2317 14.934293051818424
2318 14.724215204246761
2319 12.549283700767614
2320 14.101764514625694
2321 13.262280629806588
2322 13.712692482563854
2323 14.229360390421709
2324 13.528091040857047
2325 12.821777338149083
2326 13.316606106089694
2327 12.987293789466928
2328 12.764138586280794
2329 13.604350491028782
2330 12.116368786691202
2331 14.1858733606948
2332 12.125382392467746
2333 10.969143242436092
2334 12.307167699987785
2335 13.913067219518814
2336 11.584162307570804
2337 14.338373761352326
2338 12.357847986906545
2339 15.034916685632865
2340 14.338540669938634
2341 13.350195687565511
2342 12.827312452406716
2343 13.479015876750971
2344 13.857924385838832
2345 12.449478255052538
2346 15.564351890450585
2347 14.44295765990216
2348 14.849557057572266
2349 14.267147830600063
2350 15.179567358971877
2351 13.929610487820302
2352 14.561396064907498
2353 14.155146890881003
2354 13.635842687504399
2355 14.035428363874745
2356 15.077783005216801
2357 13.860690645262945
2358 14.946428314997029
2359 15.370251656113739
2360 13.681002202606697
2361 14.644159786223682
2362 15.077131368861677
2363 13.459738448269396
2364 15.434245109709636
2365 14.397951325121232
2366 13.909686574385905
2367 15.323851097487825
2368 13.79985350245409
2369 12.16819517492439
2370 11.72514747578596
2371 15.478273909933364
2372 16.440159544994447
2373 16.24062347579889
2374 14.719173851038654
2375 14.706279415609043
2376 11.561672586160906
2377 11.031569052644413
2378 13.081851956549919
2379 12.797072685685535
2380 11.319800708187278
2381 10.800489729355842
2382 10.756421807885454
2383 11.481895333296846
2384 11.919607309185425
2385 11.303666906562642
2386 11.671531647101899
2387 11.54715131924536
2388 10.80753311540052
2389 8.044656605284832
2390 10.44091771559402
2391 9.384462380537745
2392 11.600887274297316
2393 9.906817425530285
2394 8.890476188545664
2395 7.6072797841889255
2396 9.156412727057493
2397 10.99675517612244
2398 10.474736265876718
2399 11.176039882757712
2400 10.72582679015494
2401 10.05007719782531
2402 11.298655637265087
2403 9.56807874604862
2404 7.032334811379966
2405 9.036460717301322
2406 7.959789050667506
2407 9.519515007143381
2408 7.756641775065112
2409 9.083800380560183
2410 10.279088726284325
2411 7.772652109034836
2412 6.474534744344832
2413 6.202174210769129
2414 6.939302489413843
2415 5.644564404116195
2416 8.029472002691517
2417 6.800025670745906
2418 10.899548847494692
2419 10.510792292262346
2420 8.754314228096824
2421 11.504191148525383
2422 9.3564561410825
2423 10.482983433362957
2424 10.761992971718408
2425 9.794917309352229
2426 9.89551822355924
2427 9.710741402081158
2428 10.710089818810001
2429 9.413622234097673
2430 9.628900798715422
2431 8.232389698850916
2432 8.880871748677878
2433 10.014695907075854
2434 10.186404939280585
2435 9.260385520093198
2436 8.176409222481528
2437 5.387704914301931
2438 4.648339091167011
2439 5.273540575431021
2440 5.379082994980986
2441 6.12184910875713
2442 4.426017851666674
2443 7.517804714385544
2444 7.788854431284321
2445 8.31678170353403
2446 7.465974628294346
2447 7.0585204112245945
2448 6.862053508218542
2449 9.304776886310677
2450 7.332051267048045
2451 8.58118416262803
2452 6.8613397815464525
2453 8.819518097063252
2454 8.192993317593947
2455 9.030729386780193
2456 5.661695983050548
2457 9.279496884474101
2458 8.735893077210338
2459 8.802267704929543
2460 7.600181679714201
2461 8.408545405651408
2462 8.938601063107415
2463 7.982550306386965
2464 8.376018118131373
2465 9.971646762493792
2466 8.9151979958476
2467 13.186975163656456
2468 9.79146566446032
2469 10.090533399278685
2470 10.390804359321946
2471 10.391213028152087
2472 9.71035817928217
2473 9.076648108085237
2474 11.550499198627676
2475 9.96373270991758
2476 12.256253357034659
2477 11.051060865760045
2478 11.652203496864772
2479 11.28362495409997
2480 11.741295293881985
2481 11.768978059156119
2482 10.40176353509779
2483 10.009938879091019
2484 10.448705265146662
2485 11.575981044536539
2486 11.58709131589086
2487 11.791010728185414
2488 11.176167486770339
2489 11.568725766245779
2490 11.087501162994542
2491 10.462876754566743
2492 11.16854238438233
2493 11.43774530398613
2494 12.056011364388505
2495 12.042569891556324
2496 12.358878775929883
2497 12.346629491933669
2498 11.284793786623082
2499 12.478001360387703
2500 12.08260724483782
2501 12.343055419540644
2502 12.935722047042228
2503 12.653174446108284
2504 13.026449484623459
2505 12.06581818106007
2506 12.936261779903171
2507 13.152331508181986
2508 12.529869072359684
2509 12.450073832588526
2510 12.113556845266544
2511 12.587462174764218
2512 12.60153145621987
2513 10.994878693654274
2514 12.218615642961053
2515 12.359845976276798
2516 12.75694151580434
2517 12.453232747965478
2518 12.159355662332848
2519 12.787700975164883
2520 12.170464523242064
2521 12.721269406836637
2522 11.772519108788087
2523 11.647797785594191
2524 12.462808145927658
2525 11.510874785496005
2526 11.567084857327236
2527 10.6499194530137
2528 11.360423149741859
2529 12.775968631195795
2530 10.844876313915968
2531 11.37172976273787
2532 12.482681406142392
2533 12.292780043999363
2534 11.855600335111523
2535 12.429653589247867
2536 11.249998447946941
2537 11.124357349487083
2538 11.08783841607207
2539 11.56786542625602
2540 12.102916180205465
2541 12.241671267460966
2542 11.625233512483724
2543 12.05789718159245
2544 12.09939966418854
2545 12.24216604063186
2546 12.151574389991037
2547 12.533053911558245
2548 11.132790279615259
2549 11.831125352965449
2550 12.692006995397813
2551 11.11021922560146
2552 10.575787958167245
2553 11.275888239679078
2554 10.678314898492216
2555 10.784695279360854
2556 11.010891426566078
2557 12.236788914375257
2558 12.864755227402398
2559 11.55275191030349
2560 11.185252454381075
2561 11.48741108175806
2562 10.386688835103167
2563 11.325371935607867
2564 11.192935939351544
2565 11.618658241440235
2566 11.575318690769963
2567 10.84883347075469
2568 10.913531142446077
2569 9.888480638541672
2570 11.440514342625836
2571 10.701507275535175
2572 12.402898262429343
2573 10.813182208349524
2574 11.302084527522643
2575 11.320873576623013
2576 10.873022234996656
2577 11.247768656211578
2578 10.890787628488994
2579 10.300426837658174
2580 11.374167615673
2581 11.599678720549743
2582 10.461022504701647
2583 11.530430585953624
2584 11.919094032633435
2585 12.30034269803546
2586 10.650112326201533
2587 10.849038710569204
2588 10.469550131501876
2589 11.04396314445314
2590 10.747649818038116
2591 10.41501288129384
2592 11.476876660630264
2593 11.892219816791696
2594 11.866359664339202
2595 11.18698788391501
2596 11.505103652187424
2597 11.122542360881923
2598 11.58598602381789
2599 10.70764796073278
2600 10.838226592287615
2601 10.40435939923972
2602 12.03892309818087
2603 13.021007560058573
2604 12.976257158284675
2605 13.377476802401455
2606 11.75353730723494
2607 12.80892703265621
2608 11.980889500256069
2609 12.612282180672594
2610 12.128063859174556
2611 12.323858001470944
2612 11.597116658837187
2613 11.242285100924638
2614 11.51250950257189
2615 12.169689435077302
2616 12.05386116690857
2617 12.076608277710028
2618 12.822236086549623
2619 12.57862919668252
2620 12.218103793011956
2621 12.979000691710183
2622 12.699245927417781
2623 12.194172138557354
2624 12.359306468319428
2625 11.535414327051452
2626 11.477153000372471
2627 12.740424342439818
2628 11.960574131187991
2629 11.62786445742259
2630 11.549673913423764
2631 10.691558845594939
2632 9.941183983871317
2633 11.524580429293982
2634 12.238999260279998
2635 11.268728656308783
2636 10.106543131220501
2637 10.695109756603095
2638 10.799599791847246
2639 11.147798483143749
2640 10.398590185417069
2641 10.54764720608751
2642 11.689405642250716
2643 11.585444472967524
2644 10.711019337343544
2645 12.8615701410611
2646 12.354105110407264
2647 13.394159259791094
2648 13.864653752556082
2649 13.985278550018394
2650 13.962770552111264
2651 10.431641023005517
2652 13.275437074954553
2653 12.345474744921807
2654 12.390154888658872
2655 12.609784612623738
2656 13.00548436091375
2657 11.850888368446595
2658 14.435508619473477
2659 13.747157062028062
2660 14.224588710180782
2661 12.304728751400196
2662 12.77584019207588
2663 12.326013940571624
2664 14.955830083486942
2665 12.23298670937564
2666 12.007919496230873
2667 13.173041042273125
2668 12.006954031096546
2669 14.710170219383048
2670 14.351067211423876
2671 13.41742719462106
2672 13.889555877861413
2673 14.862618839031772
2674 14.600160906429691
2675 15.249689321220735
2676 14.94324614753192
2677 13.629354109238816
2678 13.382834068098289
2679 14.693878996883189
2680 11.038819661237124
2681 13.326552467239676
2682 14.74834644017889
2683 16.64103974040772
2684 15.883937820754317
2685 13.048958341642368
2686 15.558395605039063
2687 13.337223646761345
2688 12.687180523110936
2689 13.108356120988029
2690 14.136927252973264
2691 14.312897143903458
2692 13.307367185668292
2693 13.750068754416612
2694 14.909683288672557
2695 17.205934692998387
2696 14.164196579416389
2697 14.142323805013506
2698 15.636643074293023
2699 14.227146221664979
2700 15.863621954755036
2701 14.294192324011355
2702 14.222083935382795
2703 13.478114030820727
2704 15.373253155627424
2705 13.870664303850868
2706 14.491414140697508
2707 14.322485221764078
2708 13.852459839161142
2709 13.994528574276785
2710 14.48695384890096
2711 14.99461875392177
2712 15.758676983251602
2713 16.028189367591228
2714 16.27616212122621
2715 13.735043798851617
2716 14.61802970972076
2717 13.99243449809767
2718 12.010376326903124
2719 13.820191590072982
2720 13.587394153997156
2721 12.863544413942547
2722 14.725365894619358
2723 12.709935495457463
2724 14.855180026566364
2725 14.796781131908947
2726 16.28655312525546
2727 17.007876011493696
2728 13.869106334662426
2729 12.287362929335307
2730 11.974255740326658
2731 11.437975431781602
2732 11.05632101774644
2733 10.603198808162386
2734 11.110260114943646
2735 10.440168956674928
2736 11.54259909363906
2737 11.660162839486306
2738 10.750346203922446
2739 10.375325646732241
2740 11.209334698598225
2741 10.419687984316585
2742 10.266389650439685
2743 11.015380622890442
2744 9.946576859680324
2745 11.572356458373598
2746 11.906431331603835
2747 10.033502562447936
2748 10.730037452337726
2749 11.18008611920176
2750 11.942006168783246
2751 10.434991509367787
2752 10.619670511236212
2753 10.207422467186305
2754 9.714770164169144
2755 12.578637556402803
2756 11.332602897884799
2757 11.466761123810436
2758 12.654062197983908
2759 11.017169315639526
2760 10.701444745191795
2761 11.559740431173239
2762 10.629142813785876
2763 9.599567279901192
2764 10.899198500358791
2765 11.263744697123053
2766 10.647141854437807
2767 10.613166416922779
2768 10.920155357792542
2769 11.177585337362185
2770 11.511843292890882
2771 8.975909896254874
2772 10.38867316529228
2773 10.78757117023138
2774 12.095976904521926
2775 11.211508086964978
2776 10.458941160862901
2777 11.098080810311036
2778 10.268214696822499
2779 11.92492308541802
2780 10.514829050119703
2781 10.86091226815828
2782 11.739008940805107
2783 11.01851697578327
2784 11.085241254866526
2785 10.92881316121003
2786 11.14747475916434
2787 10.59027412734622
2788 12.142897771486956
2789 8.508269000149689
2790 11.50323519936189
2791 12.405567133442997
2792 10.467305289999542
2793 15.246747251595904
2794 16.479626784188245
2795 15.698082565463666
2796 15.11283540327711
2797 13.80418283997381
2798 15.928310100650291
2799 14.664743821949115
2800 13.179945966443706
2801 10.07858813864262
2802 10.626949794872035
2803 10.024937814965563
2804 15.479167456761871
2805 14.2945813034309
2806 13.261397979676902
2807 11.613552446456035
2808 10.044640375526537
2809 11.594710677060606
2810 12.114343104764705
2811 9.977806136223082
2812 10.038282799152645
2813 9.19543471122361
2814 12.285561046468395
2815 10.862406845531211
2816 10.814722990056618
2817 11.370870990599977
2818 11.371905742854928
2819 15.126320570355519
2820 13.968876077972542
2821 13.712253413849993
2822 11.513932222224062
2823 8.972557194451271
2824 10.928824160020058
2825 10.610171799120558
2826 11.248610824123086
2827 10.401136000971047
2828 11.361356035969042
2829 12.915018000088091
2830 11.931787170719906
2831 11.404802380402261
2832 10.51163091037901
2833 11.622897048317194
2834 9.715699528611582
2835 10.724118031133164
2836 12.088234898870695
2837 10.791413112535988
2838 12.473100680912504
2839 10.955771502662994
2840 9.379767362363118
2841 11.954051966585132
2842 11.54945081688326
2843 11.291442792607217
2844 10.176707615343108
2845 12.227858779258598
2846 9.795844824598234
2847 9.869635033542476
2848 10.630008984651806
2849 10.021978853686399
2850 12.32499898320183
2851 9.740870983321393
2852 10.411691349897426
2853 12.379287537326968
2854 11.627264267419267
2855 11.793251429796301
2856 11.56133144801911
2857 12.263208883320866
2858 11.521986297350395
2859 11.430284956160317
2860 11.324614973457704
2861 10.316813240099455
2862 10.545522373478686
2863 10.658019705845764
2864 11.985171889081169
2865 11.354532251109491
2866 11.357775314450521
2867 11.194534378113373
2868 12.768575665522121
2869 11.431169017329495
2870 13.402220455816915
2871 11.188813305126073
2872 10.013194864961056
2873 11.488420285148731
2874 11.694876056260371
2875 13.430415397982898
2876 12.39569980939866
2877 10.379979989962926
2878 11.563145149821175
2879 11.755038633931752
2880 11.548501462971
2881 11.076085167117233
2882 10.676678409983925
2883 10.953398199007935
2884 10.56654403614604
2885 10.98332938245672
2886 12.437821529245058
2887 14.29013275733293
2888 12.466149549292473
2889 12.176695960715005
2890 12.5399050627172
2891 10.52229973637537
2892 13.552737974703676
2893 10.049263104636228
2894 12.843279134559706
2895 11.863056933379248
2896 11.315041933145876
2897 11.31810621677584
2898 10.848543085838442
2899 11.983350450033374
2900 11.32147215303891
2901 5.815258118549257
2902 7.998755613673961
2903 6.73646878580652
2904 8.75444607411427
2905 6.188396860052754
2906 9.650367966441399
2907 10.31976991443899
2908 8.532397077341122
2909 5.691067251283802
2910 9.042789257578494
2911 11.567226606318862
2912 11.164318654485456
2913 11.026889986117782
2914 9.938291221291445
2915 7.571405327903109
2916 9.553280561852098
2917 8.551765762179018
2918 5.7507433146331275
2919 4.007908550721068
2920 4.18788127610729
2921 3.5516985603120137
2922 3.451531678389024
2923 6.875954985412255
2924 3.3937424717034186
2925 3.668333960796773
2926 3.410408100060423
2927 3.9860021634924343
2928 4.64214749321668
2929 4.345532169304562
2930 3.332747547559196
2931 4.288266498928178
2932 3.410486623722683
2933 4.382329161200884
2934 11.954032007018114
2935 9.421435236175741
2936 10.919192524223071
2937 11.350299718626161
2938 12.807787760439783
2939 10.762981797763237
2940 11.116490443650797
2941 10.063387902362134
2942 12.164031101871785
2943 11.098255500228735
2944 12.039270897134557
2945 12.010673254918212
2946 12.851568419864243
2947 10.369504293253577
2948 10.718635888508322
2949 11.496333777730362
2950 10.214559132950718
2951 10.765637056139024
2952 9.32096148376338
2953 13.025201700235236
2954 11.118182626384494
2955 10.161806459629718
2956 11.320928122244714
2957 11.510868253788809
2958 12.53761961913506
2959 13.868884565997417
2960 13.81645452716912
2961 12.798747798684952
2962 13.576331874561093
2963 12.393200033551642
2964 13.207082702551618
2965 14.13483886498629
2966 12.592705264903993
2967 12.576852525311935
2968 13.09940021914317
2969 12.395598918464625
2970 11.221650165249745
2971 11.776663965541736
2972 11.462135181638446
2973 11.082109263954493
2974 10.094888705117928
2975 10.857976792693476
2976 10.600758211822946
2977 10.688290403339833
2978 11.800540414393824
2979 11.212588401694129
2980 12.109004152498393
2981 6.619999901336961
2982 8.678297839233856
2983 6.608603734081773
2984 10.89891949934495
2985 11.006745935885382
2986 11.864738005528917
2987 12.01098442372089
2988 12.577325893616186
2989 12.20365504957395
2990 12.870985476975306
2991 13.04118356734371
2992 11.954041130613161
2993 12.926189959189882
2994 13.02954417144033
2995 12.39821627196238
2996 15.251416128383362
2997 10.840054304810819
2998 12.952058723946141
2999 11.801307290315277
3000 9.785377490525208
3001 11.158430250151952
3002 9.701703145449821
3003 11.50339247687096
3004 10.435966478121246
3005 11.864311075442906
3006 11.094351592105435
3007 12.414756765910221
3008 10.76648819775663
3009 13.477231353608973
3010 11.277954534903724
3011 8.277936308453382
3012 12.8483896680445
3013 14.037451674542673
3014 12.61543190792956
3015 14.725487426336475
3016 12.146954512000477
3017 13.638868842508119
3018 13.68067649177213
3019 13.03277834890079
3020 13.182391814159809
3021 12.382542220416699
3022 14.98544499858095
3023 13.416464125633086
3024 13.573450823559375
3025 13.119343346200232
3026 12.612648927220873
3027 11.735165511950282
3028 14.608543453297607
3029 13.769979132590857
3030 14.612084383045396
3031 12.712397705027119
3032 12.727070806663805
3033 10.248206968523249
3034 10.136845846017623
3035 13.202336080164233
3036 11.788110527733856
3037 12.22042347269709
3038 13.420293135382316
3039 14.062516089340575
3040 14.241195804474808
3041 11.962207045741666
3042 5.638376249534386
3043 8.002349401924977
3044 8.726837528287554
3045 11.175282081080763
3046 10.578869267762956
3047 9.302086742228498
3048 12.335728509635633
3049 12.524592909092084
3050 12.95025575134179
3051 9.083504852712888
3052 7.198151995680729
3053 11.64019442276456
3054 11.305111555340556
3055 10.674832861571954
3056 13.279379502748
3057 10.62127084902501
3058 5.768709294089787
3059 9.363072816734396
3060 11.74504752594019
3061 13.13142420709243
3062 14.082229433364189
3063 13.409058816961602
3064 13.467437577407914
3065 12.405518567668457
3066 12.416764596820968
3067 9.933660013941967
3068 12.756684176657071
3069 11.44544930291633
3070 11.952693956859097
3071 13.18067982132417
3072 13.2362772758716
3073 12.729210998372013
3074 12.116732656384153
3075 13.16663597126698
3076 11.873321283482694
3077 10.019151314926237
3078 8.205086813237857
3079 9.322848384285003
3080 9.109049223759405
3081 8.440154719382113
3082 8.50413223068756
3083 9.882469338998515
3084 7.662043334122164
3085 8.38716480482961
3086 11.035845840363965
3087 10.090869107093122
3088 8.544065308268639
3089 6.760621742274049
3090 4.013494028675749
3091 3.3391941964515017
3092 3.590435498339893
3093 3.9423838008635936
3094 3.3129204042105203
3095 3.330834144743424
3096 7.887914679298893
3097 9.112015151739577
3098 11.190791498820639
3099 6.020774736694513
3100 7.801661543701176
3101 7.904116375147768
3102 8.374668454113843
3103 13.808100441368985
3104 11.815030630830154
3105 6.861062315989798
3106 10.33478897173118
3107 9.917173126848496
3108 7.823739704905168
3109 8.867116762789717
3110 12.293166053707697
3111 10.40437387935161
3112 11.564877222288644
3113 7.551687198853387
3114 9.308634094156181
3115 9.791559976633271
3116 8.361504430532118
3117 7.335299676060623
3118 11.75324673460636
3119 9.874398320655661
3120 8.47678128882925
3121 6.658945705004408
3122 6.521431671956028
3123 6.921648361683595
3124 6.365987234948002
3125 5.959886298583623
3126 8.248285834975892
3127 4.883713062580844
3128 3.38287960368977
3129 3.4942995298538926
3130 3.5211433895918125
3131 3.4667557264563147
3132 3.331521547773803
3133 3.509576632118236
3134 3.477155564322779
3135 3.2797600833143656
3136 3.35410891569662
3137 3.2228394578113333
3138 3.388641601341471
3139 3.424181856358264
3140 3.789052974783662
3141 3.440351452384239
3142 3.5095110359658324
3143 3.5421641989366024
3144 4.473541596673416
3145 4.154004614781395
3146 3.772300451020077
3147 3.7730954025575385
3148 4.4066203343984025
3149 4.655604578832201
3150 7.113769052539058
3151 6.360836565832278
3152 8.73187321977311
3153 7.703591097553282
3154 7.632717814210599
3155 6.836213143229219
3156 6.696203225460194
3157 7.555582097731003
3158 8.49001475132831
3159 8.72773095604364
3160 8.62121223367937
3161 8.647740651200483
3162 7.959902430021786
3163 7.9168327313942815
3164 6.977530186775669
3165 8.527379140826039
3166 8.124668028159737
3167 8.665550193896143
3168 7.756437938403472
3169 6.817169038004468
3170 10.812059598093084
3171 10.703809845356897
3172 11.60807757551141
3173 9.891083361384089
3174 9.431771304582941
3175 13.189525381442376
3176 12.249689200918565
3177 12.18383449761176
3178 11.848288624341546
3179 12.070111304874963
3180 9.959746014379565
3181 11.185528200460608
3182 9.335394196368524
3183 9.408437127234015
3184 9.734311168224824
3185 7.232582511878545
3186 9.793495167988688
3187 8.634866156421706
3188 10.377875005941526
3189 10.646490649032156
3190 10.930060800645384
3191 9.925274861674731
3192 9.286889480653066
3193 9.115313436774104
3194 9.60100980965796
3195 9.392664090031449
3196 10.769227230079169
3197 11.269945156194678
3198 12.773630346994839
3199 9.58978683982692
3200 8.996673347581979
3201 10.355126621200398
3202 9.840475074668424
3203 8.45214372314747
3204 12.322972490311091
3205 14.616311984478983
3206 11.664909381947629
3207 11.978123846629973
3208 13.229766853562177
3209 12.213332428458028
3210 8.457807613377566
3211 10.026827121966493
3212 10.407710176863961
3213 8.911091486663556
3214 9.105946992353983
3215 8.595927315068613
3216 7.9410264003860265
3217 7.619214203302241
3218 7.398060803009218
3219 7.040737700537746
3220 8.695673998472602
3221 6.977491961015554
3222 8.562523075469002
3223 6.158145732937401
3224 7.807438384759726
3225 7.9966591084564165
3226 7.912691011079684
3227 7.913712530978247
3228 8.583845204519239
3229 9.834777240111496
3230 9.095062175295796
3231 7.93359479640206
3232 7.061608536208188
3233 8.24330843402404
3234 9.410725362669645
3235 9.611257905743606
3236 9.536380179817726
3237 7.077834160756066
3238 6.553819400707097
3239 8.593540258056159
3240 9.075321592781908
3241 9.859105973730612
3242 6.552620147340023
3243 6.137573055485393
3244 8.2815149002083
3245 9.141124497433353
3246 8.369937309518718
3247 8.828231779035509
3248 7.504096970351307
3249 8.23980188169049
3250 11.151000016930222
3251 10.964927694409404
3252 11.155716713973518
3253 12.760114602969793
3254 11.437565101046454
3255 12.508684786371958
3256 11.934539454829826
3257 12.040121901085366
3258 10.759332375936019
3259 12.820930550181439
3260 10.790842361496736
3261 9.48429374987074
3262 10.059421823154015
3263 9.487960246348203
3264 3.360693941672761
3265 3.9565092839460188
3266 5.647918833045351
3267 6.488532275849297
3268 5.5649945034219135
3269 5.056818849566055
3270 6.493347638042403
3271 6.005494427309618
3272 6.524910352982626
3273 6.2341199041892255
3274 4.389338610322808
3275 7.35173158211065
3276 4.043883108012993
3277 6.942372035551173
3278 5.944770506776758
3279 7.272675905690706
3280 10.265593433027247
3281 11.472059587901713
3282 11.305322795499913
3283 9.26111974421597
3284 11.65560028088553
3285 8.38456580761451
3286 7.298867509983621
3287 9.365764135870553
3288 7.636018414357279
3289 11.684642690371586
3290 11.277896737152687
3291 10.276645663161625
3292 11.044382070402765
3293 11.185852451195117
3294 11.320464968261314
3295 12.758796894326656
3296 11.708810883698062
3297 10.673564011773614
3298 10.788025988428938
3299 9.803134964621623
3300 8.956853473497413
3301 8.30878218013726
3302 7.478572702223689
3303 6.598713350992953
3304 10.924221628697811
3305 9.303400141114054
3306 8.910826561835398
3307 11.864369992258572
3308 10.806271277244482
3309 11.611510877915839
3310 10.480453239886073
3311 11.368815152097989
3312 10.982067223185542
3313 9.678820906763793
3314 9.610638014457567
3315 10.268670613745938
3316 4.379420288098037
3317 6.231684109768879
3318 5.318927124786981
3319 4.536485007539927
3320 5.398447445999731
3321 4.576273235132654
3322 5.448632088343206
3323 4.476370662202118
3324 3.641745554824592
3325 4.600172588391386
3326 3.8590440586965205
3327 7.607536516341308
3328 6.814435050264694
3329 8.629727416534339
3330 7.091123411369896
3331 10.221552741122078
3332 6.9091687098837555
3333 7.649610779649427
3334 7.161068556984239
3335 9.13552918065482
3336 8.688147975680096
3337 6.819518982155805
3338 10.378358855438936
3339 7.714908351293858
3340 4.9804232756470554
3341 5.736859515375655
3342 4.949045504987241
3343 4.1823313566453475
3344 4.210479991147705
3345 8.24016304363084
3346 7.495720279053089
3347 7.120357502072905
3348 6.249444604283767
3349 8.563887345375807
3350 8.722029546567628
3351 6.586099955998316
3352 6.936780031137949
3353 7.7505872512994065
3354 5.902638157919223
3355 4.754129556899574
3356 4.307193442962538
3357 4.793351712110043
3358 4.563976939794215
3359 5.829438356785477
3360 6.725268785452787
3361 7.1773097889943545
3362 8.250746413105063
3363 6.175420021383869
3364 3.4273645517393247
3365 5.4165878064801705
3366 5.515940078878346
3367 5.689648504491745
3368 7.763853215891229
3369 6.471055287900954
3370 8.738063150776362
3371 8.910115459879707
3372 8.13467814389173
3373 8.2822489123782
3374 6.039186611413115
3375 9.384358505422439
3376 10.573772146316353
3377 6.686366080609302
3378 8.126149122841511
3379 7.118463132401696
3380 6.621725693483203
3381 5.572166359151766
3382 7.590143481043556
3383 8.426926839309415
3384 5.861595238266176
3385 6.024133440297837
3386 8.21378843875699
3387 8.042677119154003
3388 8.962094739628064
3389 7.872869881170094
3390 7.935241594158406
3391 7.3371347482284195
3392 8.373565923828533
3393 7.750356894815389
3394 6.645667852645165
3395 6.1233117621282505
3396 6.912277787439522
3397 6.755929168427104
3398 7.8574232364004155
3399 7.611357041623424
3400 7.997533460206953
3401 9.21356120029005
3402 8.684956908724018
3403 8.229460869963283
3404 8.213222691540262
3405 8.792261986539895
3406 6.8244169611777785
3407 8.118845722337756
3408 7.120547759279045
3409 7.3889699128816915
3410 8.138391662386544
3411 5.410314384929319
3412 6.485514615060369
3413 6.3981979132312405
3414 7.431740638654446
3415 5.778945317708792
3416 5.954073666358645
3417 8.998384151148299
3418 12.76448222234781
3419 12.085531710722487
3420 11.000345417381627
3421 11.292302700366216
3422 9.373676221698014
3423 8.664299201791163
3424 7.505697898542648
3425 6.698058041455659
3426 8.528984889296112
3427 9.73231555574135
3428 9.567750647981237
3429 6.584954314709498
3430 10.018287345982365
3431 10.27466579390861
3432 8.301082376026697
3433 10.608816730013865
3434 11.24554789137497
3435 10.785500441473765
3436 10.554961552279451
3437 10.819890060626578
3438 9.377733664705621
3439 11.399832192383359
3440 12.12124231552628
3441 11.70589030310645
3442 9.859560642242164
3443 10.177695228019372
3444 8.644154465043233
3445 10.346921336624952
3446 10.075558010689116
3447 8.742401434037756
3448 8.168802498847848
3449 10.285330590668764
3450 12.062182017811688
3451 11.346165706964698
3452 11.522412030982586
3453 10.758077910598901
3454 12.018367469114814
3455 11.304609759471743
3456 8.828592251272449
3457 10.390142080979686
3458 9.544507700990959
3459 6.856389464971173
3460 5.24027455381522
3461 5.637004597733425
3462 6.074666858362726
3463 7.013956861579073
3464 6.303845325406579
3465 6.70056250259175
3466 7.427737238726979
3467 7.041036240580627
3468 7.4267748663773965
3469 8.36898589851527
3470 9.597367251816136
3471 9.061016704288804
3472 9.597092704195342
3473 9.337412102471964
3474 8.231091818754214
3475 9.409311342976995
3476 8.137814931916346
3477 7.379912590136057
3478 9.259561537463993
3479 9.148212345264746
3480 7.695574973262433
3481 9.358490325972143
3482 11.442994958528349
3483 11.095719304926604
3484 11.57212673204629
3485 12.93946593976061
3486 11.603309719287012
3487 11.97766841113206
3488 12.55978934679686
3489 9.351824755378631
3490 11.092512248407793
3491 9.08170107924626
3492 9.279727872352684
3493 8.187940644204215
3494 6.650561720908868
3495 8.309873200822176
3496 7.590725396474914
3497 5.855299116285082
3498 7.84097118306271
3499 8.468456779312476
3500 6.49892011605063
3501 6.8680201203478255
3502 6.699263928284036
3503 7.379956914477653
3504 7.954407949208801
3505 7.834000484443607
3506 7.716792746785121
3507 8.391602000205342
3508 7.011309261077374
3509 8.050044569189158
3510 6.594964237120028
3511 6.4500027219820515
3512 6.917549404601875
3513 6.91064791527203
3514 8.233285038201927
3515 6.9804868795196695
3516 8.574265764514603
3517 7.480893490557546
3518 6.739124591377563
3519 8.53250129505901
3520 8.778104741935312
3521 10.985091693410743
3522 10.169351814621512
3523 11.561645671541669
3524 9.481238030024137
3525 8.462494244222516
3526 7.624374923017488
3527 6.807472695511445
3528 10.98015478119771
3529 10.918612106166098
3530 9.444993111970511
3531 8.311272295923697
3532 10.438760839564068
3533 11.228132883204538
3534 9.929899277728975
3535 9.837625747520029
3536 10.806568158568707
3537 9.412749854539195
3538 8.673415761298118
3539 9.251125607116482
3540 3.864103912095282
3541 3.854137463183339
3542 4.3567970606222435
3543 4.380022509060394
3544 4.104586682102927
3545 6.555725502144748
3546 6.873605218142357
3547 7.3923319330656785
3548 8.029795540963553
3549 9.466572413445585
3550 8.29171530480033
3551 9.985015235305509
3552 9.017124495023761
3553 11.906625788720353
3554 9.507401017971551
3555 8.344804184502326
3556 8.492693551678743
3557 6.1725993677505695
3558 6.147512335526673
3559 9.5091681074155
3560 9.711827558568803
3561 10.916193401364099
3562 12.951098621066427
3563 13.10440700338486
3564 10.078070096195704
3565 10.560003611610002
3566 6.9252029998996445
3567 6.9302905237862955
3568 7.729107795627684
3569 6.212398157294114
3570 8.627714647821799
3571 8.832624228361956
3572 8.947152769146097
3573 10.034174262750742
3574 8.854211484435737
3575 6.765805247293935
3576 10.151541429972125
3577 11.052451450491102
3578 9.41974591360942
3579 8.536825930852721
3580 7.50631321550184
3581 10.279000425971962
3582 11.160964009462688
3583 8.629791103451847
3584 10.307225148723003
3585 12.38959185581716
3586 12.814417916394957
3587 12.710141709683532
3588 11.322707790691577
3589 12.173149799232911
3590 11.623584216821595
3591 11.467141180600816
3592 10.597783184304973
3593 11.251612452985487
3594 10.51350794838203
3595 9.61327139021946
3596 9.56713187166206
3597 10.186658300294482
3598 12.188142235277137
3599 11.214306224677097
3600 10.85435802610451
3601 7.9454092584581835
3602 8.90291168456252
3603 8.052877302164944
3604 6.631477860851934
3605 6.391545957090704
3606 6.282938132313772
3607 8.2057543013562
3608 8.227130078206802
3609 9.22348569733393
3610 7.124642406300896
3611 8.990213675418836
3612 8.603656685167644
3613 8.100516941693321
3614 7.139404569852161
3615 6.51388341168096
3616 6.659538846131941
3617 7.431923781587199
3618 10.108614994898232
3619 7.569333817859989
3620 9.202218795884749
3621 7.913495698674288
3622 8.957942493898974
3623 8.323742891786457
3624 8.193053692256665
3625 8.542233173571292
3626 8.474016331944437
3627 9.02029027471547
3628 6.611945288208388
3629 8.353461891560446
3630 7.739875896160607
3631 7.67615023043782
3632 9.126596373517618
3633 8.031310495835775
3634 8.271374120275308
3635 7.170392572147927
3636 6.523731111456102
3637 4.9990658685336165
3638 4.61896426469721
3639 3.5870773983585513
3640 3.3435578139507824
3641 3.447044884144455
3642 6.12962076908445
3643 3.485605986697899
3644 4.760117308420769
3645 6.037137084983424
3646 4.340914133276774
3647 6.220676990886247
3648 5.750829093275331
3649 6.071188875834895
3650 5.8106853788824795
3651 6.56591277480842
3652 6.118296841238205
3653 6.721231229895053
3654 5.782647594755707
3655 5.908605568324178
3656 5.2002647010403225
3657 5.660857853536897
3658 4.7292902291503
3659 5.743035170981886
3660 5.393422228333301
3661 4.461318847226527
3662 5.949416721837356
3663 8.09382750194012
3664 4.681838027699544
3665 4.988823196180049
3666 4.2375541696346115
3667 5.365983706221534
3668 3.8796717042395485
3669 4.228123576377595
3670 5.637196970756569
3671 5.229949283263138
3672 4.859259657303884
3673 4.620611712396884
3674 5.405780689290677
3675 4.196768237407332
3676 3.9388599729522284
3677 4.7285364392143565
3678 4.438745093428782
3679 4.79317566044414
3680 4.322512504424736
3681 4.211573041397212
3682 4.553229501191126
3683 4.681551612319175
3684 4.096069674864187
3685 4.259496540263741
3686 4.083141867457304
3687 4.519521076689224
3688 4.323477197268752
3689 4.605562109422824
3690 4.135012324464243
3691 3.8878716494413394
3692 4.328688128982605
3693 3.8372772664895978
3694 4.3784800733997455
3695 4.160820879009665
3696 4.457983709756016
3697 4.623678444338494
3698 4.360283180107891
3699 4.557928354487146
3700 4.701259988066383
3701 4.5452737554904
3702 4.590395272250711
3703 4.012864229459908
3704 4.443612249181999
3705 4.209702150286199
3706 4.029763154169533
3707 4.360895284686949
3708 4.016631923903328
3709 4.3544205250055015
3710 4.681370299989093
3711 4.810744186129945
3712 7.06908032980486
3713 6.932626388577854
3714 6.538489051357981
3715 5.929230325039351
3716 6.294483380816753
3717 6.48142714496287
3718 7.320408179293409
3719 6.609464686936642
3720 7.47862035171279
3721 7.024373220579288
3722 7.531042425077914
3723 7.3697100367734745
3724 6.7950714336759015
3725 6.852005621674776
3726 6.910224622225791
3727 6.2737448502703925
3728 6.348747409638961
3729 7.514326840381281
3730 9.228994153916151
3731 9.628087818902682
3732 9.223121455474132
3733 8.22865831761218
3734 9.189953511369476
3735 8.479378694562097
3736 9.925757405808785
3737 5.88786216263941
3738 6.915784764236916
3739 6.435176962608133
3740 6.397664544172372
3741 6.45266325746731
3742 6.368106158578604
3743 7.6248575732690185
3744 6.707689181128759
3745 7.2289401574445735
3746 6.893133489535779
3747 6.211306317409893
3748 6.792662083723815
3749 6.421433431768134
3750 7.410747649329899
3751 6.7294212431949525
3752 7.071129116762551
3753 6.5489688182594925
3754 7.196260599104603
3755 7.1441467705062855
3756 6.889690419944823
3757 7.32160050645301
3758 7.138812839919121
3759 7.257589220752137
3760 6.264943461960652
3761 10.254204604744128
3762 9.228347798436458
3763 8.962459028303147
3764 9.888689530100317
3765 11.667002442141106
3766 11.589391290918522
3767 10.568607262394282
3768 10.434849201919606
3769 10.374290470595916
3770 10.342412077627397
3771 9.554422232691294
3772 9.878759572210656
3773 10.416308741021021
3774 10.538528765447985
3775 9.799925609420157
3776 9.768608457115898
3777 9.65495434896645
3778 9.051119728665004
3779 10.101249046301087
3780 10.23507308616959
3781 10.729765042208179
3782 10.480579517674022
3783 10.382395738328013
3784 10.432902174811844
3785 11.008133944267062
3786 10.473250522915695
3787 10.258212788175229
3788 9.421583314000197
3789 10.420265091225984
3790 9.645441103242861
3791 9.547264478905355
3792 10.543187854055871
3793 9.97445055073528
3794 10.290326933227913
3795 9.99197297691725
3796 9.214555405686326
3797 9.792767388066807
3798 9.764085925864276
3799 10.426697266153395
3800 10.106914487411082
3801 9.820929770743392
3802 10.360949495230654
3803 9.811000911289801
3804 9.874514512400118
3805 10.995262609537317
3806 10.285386398905098
3807 9.36497038910489
3808 9.9079329228116
3809 10.564922983259017
3810 10.590065207263507
3811 10.412366462869016
3812 9.735695289252597
3813 10.212752719998129
3814 10.20420766897798
3815 10.683111178258573
3816 9.780117510832147
3817 11.292336936766274
3818 12.745336174527344
3819 12.023337776734314
3820 12.11973125800562
3821 12.156479078183887
3822 12.642326722212886
3823 12.230170438634065
3824 10.96530982531698
3825 12.177017518106142
3826 13.422627816319586
3827 12.480455866522256
3828 12.332925082103571
3829 10.973641777169245
3830 11.592486646071794
3831 12.455932950767073
3832 13.10924393850211
3833 11.265465183443064
3834 11.614589770718103
3835 10.371954008677651
3836 10.649479982549572
3837 11.052277983827516
3838 11.064937949793574
3839 11.17067293149576
3840 10.572369758113233
3841 10.848210265044843
3842 10.241663942922061
3843 12.943214833777063
3844 10.586148428063707
3845 11.280874477726092
3846 10.423607702333808
3847 10.70236724783896
3848 11.008112177917399
3849 9.52079486106507
3850 10.226949649206974
3851 10.484476483792896
3852 10.801361849200754
3853 10.845261674180483
3854 10.524053573597163
3855 10.90735224614829
3856 10.465868327405197
3857 10.886782513820851
3858 11.114592437172229
3859 11.417289386482414
3860 10.742084700867395
3861 10.754180040278625
3862 10.27050943615332
3863 10.731564145922428
3864 12.510723965097363
3865 9.720283702318412
3866 10.11083331414282
3867 10.468124650587253
3868 10.834365931513972
3869 10.751308038187398
3870 10.348918964448853
3871 11.355140855385056
3872 10.404584248286705
3873 10.539513815038934
3874 11.131615766780287
3875 10.945493917744246
3876 9.63858664355696
3877 10.18380137249709
3878 9.8223975377163
3879 8.782800010160464
3880 10.179940087651179
3881 9.787061084594708
3882 9.564671257299079
3883 10.498725586549083
3884 9.84018364632452
3885 9.764072427373346
3886 10.070902892043726
3887 10.355974134585507
3888 10.717453842402673
3889 10.329909208460638
3890 11.13623332132661
3891 11.040464633096372
3892 11.02594389032338
3893 10.703914269343692
3894 10.96160465701078
3895 10.745128962676064
3896 10.501622379599747
3897 13.843494694590525
3898 12.23589010272436
3899 12.637882410287999
3900 13.149955501476668
3901 14.207722286067447
3902 11.625257558864282
3903 12.786532078347868
3904 13.584114144518466
3905 12.30876230055841
3906 13.067353830162576
3907 12.795640449477789
3908 12.415620336999929
3909 13.08674661975081
3910 11.782346578660674
3911 11.677631336832025
3912 11.467869701382602
3913 11.943606152369663
3914 11.307680892597842
3915 12.552649576209314
3916 12.614891370871764
3917 12.438023744176562
3918 12.915998993948735
3919 12.003009948268948
3920 12.897823622424488
3921 11.55425536285899
3922 10.675642990494154
3923 9.928006691462059
3924 9.631752433722971
3925 9.085202914361455
3926 9.834496662737884
3927 9.766189357252351
3928 10.332611307740638
3929 10.317414995940375
3930 9.509283263764877
3931 8.983390156299365
3932 10.066949448783017
3933 9.857654834366265
3934 10.284046412957844
3935 9.764930661889142
3936 9.17736196195931
3937 9.907741340048636
3938 9.074818544207627
3939 9.17852365434641
3940 9.352622540620875
3941 8.747278734953305
3942 9.437220721395427
3943 8.715866954095812
3944 9.221970731843216
3945 9.172794257820295
3946 8.690804128273244
3947 10.19951705268559
3948 9.041344822187703
3949 9.586609678448367
3950 8.702146265111596
3951 9.035536692680113
3952 8.87488841418776
3953 8.569214776310483
3954 8.55628454536903
3955 9.462469140367206
3956 9.370252598249797
3957 9.72853075330314
3958 10.384815332947067
3959 10.470723753941828
3960 9.558840199476165
3961 8.243451542813991
3962 10.153610478453569
3963 8.829979980647545
3964 8.881782384831116
3965 8.724142884371265
3966 9.500711949209036
3967 8.065840932235576
3968 8.735904484667314
3969 9.1219479865289
3970 10.158890322587725
3971 9.956674158183862
3972 10.577749400127507
3973 10.478044929255319
3974 9.776566855320908
3975 10.210451646814509
3976 9.598080411979014
3977 9.392068153032294
3978 9.968328038295777
3979 9.578061760643397
3980 8.943088319523664
3981 9.51029826334435
3982 9.529160671290505
3983 9.481613262911205
3984 9.72069853389711
3985 9.626272639228104
3986 10.648303438788373
3987 10.44955751844271
3988 10.610400022227989
3989 10.042356820091284
3990 10.041176405129772
3991 9.763958528743926
3992 10.262914469168326
3993 9.898041460786242
3994 11.031070090253673
3995 10.94385945441902
3996 12.212143111055417
3997 11.211350233810478
3998 9.488095290996938
3999 10.575662853289874
4000 10.849868536103113
4001 30.330297802542958
