0 21.182603254009422
1 21.486781814831808
2 20.83978847312273
3 21.609869978062854
4 20.830171339014363
5 20.662030530189995
6 21.449218732322002
7 19.2310129036359
8 11.82585974234579
9 12.140192920089511
10 16.7226892856107
11 24.185116387466852
12 19.49225579013317
13 17.37728671115937
14 18.44276159282637
15 19.124672654248204
16 18.19612631435335
17 15.996391912190301
18 17.05577801498225
19 16.03978352712203
20 16.367662407433915
21 15.251446712825405
22 18.973210528726348
23 16.898353894127766
24 17.4313317637206
25 13.452258241274212
26 15.276871049187973
27 13.219750458560931
28 16.976919375331676
29 15.450310996866861
30 15.879134613211514
31 15.232083207325271
32 16.239532757648448
33 16.457084144694303
34 13.341373344030233
35 13.539537036030179
36 11.507638326209559
37 10.079383247068677
38 10.566176880454456
39 10.698334206232738
40 10.183712886708282
41 8.549156819848353
42 10.18732093626024
43 8.908670530793938
44 10.696538212300867
45 11.536859697059286
46 12.453079365898994
47 13.022173741443593
48 15.847080626215906
49 12.361793247120449
50 12.64300923923183
51 12.772409616995663
52 14.039494690781728
53 16.4496082269938
54 16.61147669135553
55 14.071625522287555
56 11.822603319459649
57 12.379312821946703
58 12.26046466077596
59 10.460454085727005
60 10.505642892013668
61 12.440151283228484
62 13.318822009317637
63 13.875397112193294
64 13.828183532936404
65 14.300918851877498
66 13.61591755897023
67 13.600826010639942
68 13.94917716533142
69 14.315841903259372
70 12.664315062871228
71 14.164297860810947
72 17.962145659052823
73 17.415149556829594
74 19.213278409699228
75 15.895328701542343
76 13.668577193952368
77 16.07035032876987
78 14.491609502140971
79 12.81122028664199
80 16.654768940112522
81 16.33603928467802
82 16.091978284467146
83 14.452549987242339
84 12.711626488247479
85 12.701279148834196
86 12.152519002500155
87 12.750659474869284
88 12.243750506165156
89 12.752932079231426
90 12.876896195769262
91 12.72530115013426
92 13.015497494721386
93 12.7657900182141
94 12.795518356269088
95 12.730580529569192
96 12.516654110946913
97 12.753173968258729
98 11.778929278966183
99 13.775466331716459
100 13.494761582171526
101 13.184466247752384
102 12.230182426450257
103 11.247660372087584
104 11.98944506311538
105 12.27332141644419
106 11.553113438348223
107 11.388881351241396
108 10.939546727235271
109 10.900887355492133
110 9.754447490819963
111 9.36777745419023
112 12.430758664280733
113 12.24584929182183
114 11.939321542571104
115 11.068149186427572
116 10.562236698713466
117 11.753555173498178
118 10.520863536016222
119 10.750590069145115
120 10.338571486456242
121 10.62126273096396
122 9.530303217019487
123 9.980141856346895
124 9.68619834391115
125 9.220348748423646
126 9.242827984927025
127 9.36320964948507
128 9.283966646061616
129 9.699072397930344
130 11.408900182612523
131 9.859888440444577
132 11.021507342177012
133 10.806988698395372
134 11.09508955725589
135 10.80546577999605
136 10.747529945092422
137 11.80724462003246
138 12.411264689369899
139 11.741373820464958
140 13.210871902328217
141 12.571130128372982
142 12.945710146312326
143 12.938633256219925
144 12.66228357935651
145 12.496219074670135
146 13.132928145932452
147 13.134074108423729
148 11.530942458904487
149 11.236023221449479
150 10.349937684687717
151 11.28635913302342
152 11.246810320328331
153 12.335533607919745
154 15.786644254157423
155 14.696111472960453
156 14.807378401147155
157 10.840578244261438
158 11.976220142235688
159 10.344951462630574
160 10.495898629181854
161 7.265758614575712
162 7.30214470374884
163 10.030072348157839
164 8.549957543341225
165 8.673275377764265
166 9.971381349439717
167 10.184285599866246
168 11.00616740737459
169 12.374183377967123
170 10.151396233048407
171 10.449164393556703
172 10.946122986476569
173 10.756273911712345
174 9.823448119008441
175 10.588609286768044
176 12.435038865309602
177 12.618909498638342
178 13.288382622877956
179 12.015412713693571
180 12.967453711984477
181 13.824775598288737
182 12.79595715799635
183 14.718224007249491
184 12.265105614750773
185 13.469710059952988
186 13.847514948095927
187 14.444993225181152
188 14.63607824260368
189 13.94748438449935
190 12.097346129508695
191 11.388435437771522
192 11.53630449483136
193 11.963118449681984
194 11.231090525452032
195 9.887459293248458
196 12.295715720750113
197 10.986462311958357
198 9.267596984801916
199 10.17962844478075
200 10.756267896020116
201 10.557109246508281
202 10.691336467978072
203 11.523979499043147
204 11.325138455116184
205 11.449130691112016
206 13.028987617598744
207 12.727577127415902
208 14.076003928121885
209 13.400456343953373
210 13.348067163456085
211 12.819682747223037
212 12.905859778881515
213 12.215928529293373
214 11.3639098980954
215 12.560444737114267
216 12.53893034928864
217 11.985041161293207
218 11.784842153407554
219 12.083769038891297
220 12.004627849844454
221 12.413750370667266
222 11.994517713855762
223 12.184932917621978
224 12.751249509971974
225 13.936037631184849
226 12.021391948644775
227 13.186361087161965
228 13.253249945415503
229 13.259540750944826
230 12.785114050973217
231 12.42156441804188
232 12.66359139790989
233 12.146513933326332
234 13.029320551621364
235 12.166439762424744
236 11.536954098765408
237 11.239604903639757
238 13.125359770111988
239 13.045580078890515
240 12.55029803702969
241 13.213365763584486
242 11.002220438237158
243 11.869416137836758
244 13.044106948949018
245 12.787124215342212
246 10.89584285198404
247 11.449110157268365
248 10.49212987429767
249 7.838281285143378
250 8.250588297728918
251 8.859116584962713
252 10.090568967494303
253 10.502058314112496
254 10.350648720871563
255 11.321661344749295
256 8.990328162873375
257 8.78137102549572
258 7.7156833144860215
259 7.3950064240658175
260 8.01284075327011
261 8.59911339798597
262 8.924480103905323
263 8.579818906763652
264 11.198896845850827
265 6.209804359586473
266 7.074773300152145
267 7.742452429780179
268 8.364276213039913
269 9.038750793685171
270 7.104711530875097
271 7.9948662139413615
272 6.870447210338889
273 7.383879009753021
274 5.980408903836548
275 5.940322173661853
276 7.330734547114925
277 6.449241692378365
278 6.119424554536432
279 7.687916208009177
280 7.790448265058561
281 7.351574962943181
282 8.026728855043046
283 7.276783952361664
284 9.546092051028266
285 8.713359914456785
286 8.204604878231907
287 9.096849677525153
288 8.01855902419406
289 9.37179868323598
290 8.332382890333184
291 8.405191874588267
292 8.714149247635614
293 9.016167004586542
294 8.405273122626184
295 9.177325477614165
296 9.270279470635309
297 7.976409754024148
298 8.706686140958109
299 8.69263512485267
300 8.41197993464792
301 8.612037863418484
302 9.842399124353408
303 10.261639559288414
304 9.700863138868584
305 9.448165988711114
306 8.353584500480434
307 10.512498393202355
308 10.110308169867098
309 8.510733919246011
310 10.19186082076267
311 8.787841139444602
312 9.363572964846613
313 8.533153169290681
314 8.681264426871374
315 8.417151441534736
316 9.008454890822208
317 9.190169388598644
318 7.9842378152978375
319 8.955331338861528
320 8.473417458566539
321 8.79351692312709
322 9.322896517780332
323 9.945921580105665
324 9.15024172562658
325 10.570212520822858
326 8.83184060333376
327 8.01567511263816
328 8.871942467354277
329 8.785640736003838
330 7.913475512692805
331 10.283451718565477
332 9.766061973975802
333 9.054187592198906
334 11.095000800622357
335 9.843875360998936
336 9.905188520121708
337 8.763144638492692
338 8.075262381150552
339 8.701742804556483
340 9.868364885778654
341 9.078102779059394
342 8.39822716034053
343 10.431609721478292
344 11.828435797898216
345 11.485733525425177
346 11.40345077060202
347 12.353483514657455
348 12.32074142045907
349 12.145154589332947
350 11.494888236162327
351 12.347786280975665
352 12.791966561233936
353 12.44332636478407
354 12.991107492083481
355 13.884187228049306
356 12.14394841459404
357 12.609661434266954
358 12.502581443468044
359 11.981656509786745
360 12.076795000250502
361 12.124631684490572
362 12.328612244932003
363 12.552531081092217
364 12.98136610991759
365 12.160490530373432
366 12.684172262178189
367 12.576044083496564
368 12.439218854512339
369 14.04903944084008
370 13.792821073380994
371 14.99008056130403
372 13.991302381077608
373 15.01561350399977
374 15.034534158648112
375 14.472667192029633
376 10.664535551694982
377 10.496968997281867
378 12.899306995971008
379 12.50024827366063
380 11.459999394384027
381 11.718131314072192
382 13.123898333369441
383 11.286759542621951
384 14.123803854470605
385 13.749910747890924
386 13.967516221009943
387 13.681762517413793
388 13.82704968299191
389 13.831043710557303
390 14.033072953304947
391 13.665440770343475
392 13.488756531912486
393 13.056219697894845
394 12.853270270390668
395 13.345516973539546
396 12.177664568892492
397 12.776710266239283
398 10.48536741436328
399 12.14422063457227
400 10.72922866423929
401 10.973421340959511
402 10.137368446184517
403 11.659732586658016
404 10.207166628022872
405 9.886565695428231
406 11.184258301811324
407 12.182097176155397
408 11.98760107990383
409 11.003773704331005
410 11.170894121466864
411 12.384362891654282
412 11.34825326904167
413 11.77841828846407
414 13.163554901078061
415 11.242224660282085
416 10.810187039518322
417 12.038951214517711
418 12.545986233348152
419 12.367378585405216
420 11.444238105236042
421 10.984955280824055
422 11.023400159330379
423 10.369823050028316
424 11.059139499545017
425 11.220677687363596
426 10.99585301864065
427 11.125221725895056
428 10.941865205230739
429 11.843575886519965
430 12.452741414740192
431 14.179775815734713
432 12.845616632483095
433 13.196352165530826
434 13.159412517596666
435 13.652317776151332
436 10.670369647560397
437 8.38324599735588
438 9.853120948488428
439 9.985841680973166
440 11.268892603086973
441 12.166493085056853
442 12.8210335391988
443 13.527172324324605
444 14.511820787464906
445 12.602643297286106
446 12.894026972790735
447 11.706693176190555
448 13.900716160996845
449 13.530341677754327
450 12.599608385813251
451 13.03280529326908
452 13.135058573293078
453 12.22139941336465
454 11.531254628217964
455 12.290131786562243
456 12.324344618885505
457 12.666459321691024
458 8.873683159164685
459 9.975082480489322
460 12.615106421351882
461 13.897599729100246
462 11.822527868989255
463 11.602613285683969
464 11.81918396309869
465 12.438451204329205
466 13.906518874472296
467 11.637475406871125
468 13.89644242582018
469 11.340023753700935
470 10.937559845268517
471 12.22394747831306
472 11.2343926799781
473 11.160866596663109
474 11.578657126037529
475 11.357959332123437
476 11.341103386060746
477 11.830330578790388
478 11.04536172974864
479 10.325936866135832
480 12.663070674227484
481 10.818720390258274
482 11.682014947870291
483 12.35860011651663
484 11.829351768501594
485 12.066174155062114
486 11.768646279062907
487 11.370282009791186
488 11.540493577024995
489 12.966407274694758
490 13.069341004740037
491 11.51904717585027
492 10.71366143663422
493 8.474333046030138
494 11.149698497244032
495 9.86397744998266
496 10.457702743387125
497 9.012913404244646
498 9.869661341214348
499 9.516989297676151
500 8.341017387238645
501 10.932272416754893
502 9.47600530954874
503 9.846599957914975
504 10.235087188368562
505 10.438118274108305
506 10.094617160683878
507 11.831099970897714
508 9.775049860289624
509 10.774818271460859
510 9.364910413453657
511 9.832648965314052
512 9.388349692991742
513 9.346708086234186
514 11.150582055471183
515 12.614446207140341
516 10.649181936018683
517 9.586924158582388
518 11.471853563493323
519 10.664880328937505
520 9.392342017366746
521 12.156513065267536
522 11.43034287940954
523 11.263353840937329
524 11.295047805773702
525 11.108666622931132
526 8.312772823590455
527 11.077876383200573
528 10.458039255851592
529 10.37822499786568
530 9.078893679806338
531 10.309120206100916
532 10.103847635239822
533 10.408129304679964
534 11.119875031395289
535 10.076642385420843
536 10.945954603987362
537 11.509959901137202
538 8.309634095186283
539 10.871669135785046
540 11.406194594258166
541 11.971205521687988
542 11.080421082938916
543 9.984266654160015
544 11.457778939588682
545 10.300856037752409
546 11.700212859476627
547 12.122668451582062
548 13.710747502413215
549 11.351642838616096
550 11.34442717450347
551 11.541145691750225
552 9.561208812316941
553 11.49286306787846
554 10.77080545769859
555 10.773567503835228
556 10.918894246119166
557 10.33048877738115
558 11.918731111158044
559 10.813794090139083
560 10.786169256248838
561 10.384533504465479
562 12.52633070428813
563 10.737252412617973
564 11.361000277582152
565 11.806309505098222
566 11.195851106581832
567 10.89512972120428
568 10.737314801682453
569 10.240086952824768
570 10.698606638949972
571 11.390928514931264
572 11.014662840295857
573 11.847605807494316
574 11.283264378445342
575 11.256514181931278
576 10.514034430141951
577 11.386843478027844
578 10.311783801332451
579 10.950835193085528
580 10.439274700885282
581 9.544325486455877
582 11.641142013870938
583 10.970660265768414
584 11.966887087169018
585 9.374705401631042
586 10.967173233051867
587 10.529797566018868
588 10.273550099640637
589 10.886082495369239
590 9.490520310445433
591 12.034704058518713
592 11.749876012724439
593 11.634708874400793
594 11.669407648582332
595 10.844920041047844
596 11.000028635577374
597 11.511672324517024
598 11.048583802904506
599 11.618369311160075
600 12.039345222107762
601 12.445806720080098
602 12.418287407073104
603 9.776037908766124
604 10.002898070890542
605 8.236128322104895
606 11.01315370017185
607 10.449322158951315
608 10.651995684119361
609 9.928932428202978
610 10.023828133372895
611 10.096851147034434
612 10.897822937562653
613 10.1320192370473
614 9.932862587299228
615 10.743007310763238
616 10.528002326707288
617 9.836670711323258
618 9.218025592234927
619 9.618277755715798
620 9.552862949342588
621 9.502028695021904
622 9.098150324293893
623 9.01160875097278
624 9.495716541211097
625 9.51120248294195
626 11.233627903012865
627 9.124197261084937
628 9.593336459656443
629 9.718238707255505
630 9.51161192910739
631 10.048696369100023
632 9.628591712823665
633 8.792226520770484
634 11.22676673997222
635 10.125644501999393
636 10.588201199968339
637 10.32021739982163
638 9.984137991659582
639 10.547430919087677
640 10.48448650807807
641 9.600195941198926
642 8.153676100625075
643 9.803332816881642
644 10.205502197230317
645 10.031095252591658
646 9.96950492318468
647 9.959251290029194
648 9.866083921895308
649 9.484990295986693
650 10.649192088691418
651 9.937623322035588
652 10.579690869148928
653 8.877698400373024
654 8.821386625842742
655 8.492019403725209
656 8.648446428002734
657 8.628066957740804
658 8.78203907639842
659 8.408010314100608
660 9.352889419361821
661 8.755933725619432
662 8.81893316291851
663 9.088774213071222
664 8.22844385001042
665 8.8519640011634
666 8.386026450329345
667 9.507535337573046
668 9.019859451420473
669 9.327008611435494
670 8.629561066765046
671 7.800330420716278
672 8.712749313406734
673 8.204469047263979
674 9.249729238559906
675 10.313476659408343
676 10.16822867212635
677 10.31670824581483
678 10.734993524929246
679 13.187763480991158
680 11.305885854008698
681 10.651067717423564
682 10.433842473519231
683 11.461557990219662
684 11.152293155673176
685 10.661633080080364
686 10.559203891946755
687 9.44667368400476
688 10.939391644455897
689 10.17088226865062
690 11.693400079660492
691 11.289656773191517
692 11.9046863600186
693 12.425023327876044
694 11.534463516947095
695 12.567656708034246
696 12.962078931747985
697 11.388496618685515
698 13.120067422334756
699 11.536974375219343
700 9.659285500049497
701 9.842185629510244
702 10.181462873791574
703 12.254074110761852
704 11.905584970496987
705 11.282109028498418
706 12.820937479650496
707 11.114207999447055
708 11.987308366917222
709 12.70836612035221
710 12.138883107201597
711 11.454551062782542
712 11.824977916995872
713 11.555900291721718
714 11.197478035635777
715 11.015948821703356
716 12.879660761849792
717 11.423502004438259
718 10.6669928008861
719 13.059513088108176
720 13.968742636900322
721 13.633629018572961
722 14.189038956771505
723 14.93478736636968
724 14.919768864270697
725 14.469158519226147
726 14.101912346066545
727 11.702705498978549
728 10.596886794270459
729 8.58138071541671
730 10.542182441836088
731 13.626094123964535
732 12.208301910181698
733 12.975397958522606
734 12.162508734361504
735 12.448794882302469
736 13.433286661857137
737 12.500620430654102
738 12.953693352090854
739 14.662909933905947
740 13.295122716193891
741 15.54850756022902
742 13.824267740183798
743 13.535735758811636
744 12.753768906469485
745 12.850115157151086
746 12.100078828287762
747 12.295018739815017
748 14.758742367889877
749 14.502225269490348
750 13.090417410517645
751 12.951567191366479
752 13.455856714776802
753 12.091707441798972
754 12.417880026446687
755 12.43976248223122
756 13.1160090300823
757 14.348634425673577
758 13.693216808169106
759 12.780252645918038
760 14.585747808798288
761 14.723510961612055
762 14.19450533895668
763 13.40423113942034
764 14.324150455708983
765 14.183136844469388
766 14.110756147523889
767 14.191794766942257
768 13.598513018324534
769 14.145629073147356
770 13.81370269941396
771 13.13296736981863
772 14.626386943505764
773 13.310049091425514
774 13.912784903434918
775 13.047573150648162
776 13.594558985671565
777 13.255204757671448
778 13.677562587890394
779 13.004842059486833
780 12.452820688631117
781 13.220536210443884
782 11.625728680552967
783 10.403727199681892
784 11.82599451779531
785 10.7934401514852
786 10.913264031197134
787 9.34289525560659
788 9.095819606835988
789 10.311894300100763
790 9.532809974801042
791 8.650934621432388
792 9.647419740494175
793 9.480638097060105
794 10.097332486574864
795 9.519353819563591
796 10.085556349685872
797 9.54190493088797
798 9.274202742129896
799 9.969686799789391
800 10.047976397643442
801 8.8643552490832
802 9.569122541137858
803 8.802031416944606
804 9.898510263119995
805 7.301759566943615
806 8.691851881483947
807 10.734111327446422
808 8.802003021819203
809 9.730266145632148
810 10.339217824665017
811 10.426892783266453
812 7.711375294098456
813 9.719587825387887
814 9.485234144958543
815 10.235402212143107
816 9.66933655846731
817 9.40810430179271
818 9.232908155199333
819 8.869137856390234
820 8.006800566216222
821 8.06516978625843
822 8.844489661852133
823 8.643022482311073
824 9.37228751588662
825 9.950091259868993
826 10.381496162854392
827 9.637465900763363
828 9.669641188444185
829 13.739449770654897
830 15.291391979600059
831 16.078147946260387
832 13.100319749556663
833 13.401461832960134
834 12.422419205240065
835 11.981715725107385
836 12.45309804880896
837 10.9351074200919
838 11.364582746897305
839 9.810134533695539
840 7.694257945174077
841 9.351083577082266
842 8.971556816877817
843 6.478244512035554
844 6.0823747410512015
845 5.5923605644449905
846 7.348093372539768
847 5.505101107883446
848 6.195276984185458
849 8.656019102291392
850 7.863821879025285
851 8.621291906287757
852 8.144279080708118
853 7.000663402844063
854 9.108463340327589
855 8.161939291421263
856 8.873937902809747
857 6.571476671293071
858 8.3807608064695
859 7.309755073651149
860 7.581060414888612
861 5.106418831657288
862 8.267093652660538
863 7.046337678293037
864 7.209973609338052
865 7.294369717435969
866 6.078396629941555
867 7.435268419013276
868 7.760015444201592
869 6.622049539928981
870 6.948155519268691
871 6.556869802092333
872 5.763085987146264
873 6.357257057199053
874 6.529945357888931
875 6.342157322010281
876 7.364538793375469
877 6.509333195098027
878 6.987108860705567
879 6.654219107497794
880 7.7246508812912005
881 5.080914477555563
882 5.783240071075692
883 6.307206132470381
884 6.147229591808635
885 7.539200380863925
886 6.838913055750328
887 6.894615501214157
888 7.573858751301097
889 7.140796536170061
890 8.765619769040926
891 6.2008991229389885
892 6.041125397585943
893 6.87528649993511
894 6.8475830790646555
895 6.673854429433372
896 6.173237326036606
897 6.650906705381856
898 6.630739354584835
899 6.535369605402528
900 6.871322700405256
901 6.783083332203045
902 5.827805477143421
903 7.261984039837084
904 6.381720939217279
905 6.989703183513136
906 8.113903530880547
907 7.938306578979676
908 6.316810995559725
909 7.898623968498139
910 6.536139068687083
911 7.333030139947026
912 9.58375208795651
913 7.74323058640744
914 8.028255408334113
915 7.0564402520817024
916 7.619424841693448
917 7.618439714180819
918 9.178348302083432
919 8.59524881265961
920 6.913062910404032
921 5.336888416856941
922 5.399489641024456
923 7.602896609387414
924 7.874700099502695
925 6.266682096237047
926 7.023907991191571
927 7.785644867639618
928 6.351089454848843
929 6.728990079767193
930 6.585956946888141
931 6.548423844539111
932 5.318130103310621
933 5.314826285252168
934 6.701185041020742
935 4.47907385517718
936 5.745750835417678
937 5.512194401101588
938 5.573925217015781
939 5.6696756398807935
940 6.162765753102042
941 3.8985323038888446
942 3.0839970983689313
943 3.576599380945946
944 3.375681935455934
945 2.6400400173279173
946 3.2613634551116495
947 3.3478613136561597
948 3.046980305689339
949 3.045902297170624
950 2.8890178207329704
951 2.5444364197274862
952 2.8812015326520224
953 2.630367922558589
954 2.5762859447526054
955 2.87200249863016
956 3.394151208814573
957 2.609868281759877
958 2.8156064783114068
959 3.0329699177005844
960 2.6867812782461074
961 3.8120069297348107
962 2.5764382387535503
963 2.952770668434784
964 2.5871003047430152
965 2.887313565666935
966 2.877453664880467
967 2.7973082372313423
968 2.695309563546421
969 2.693669015751995
970 2.488884326753668
971 2.649684276277773
972 2.866233567580777
973 5.436249433862139
974 2.8157717125196835
975 2.557116178811326
976 3.198128757769903
977 2.7034152458914122
978 2.7395370005939528
979 2.9022523007798147
980 4.350045347492348
981 7.332004274975467
982 5.582379745237489
983 6.39539103621113
984 6.070303377870717
985 4.259790623855282
986 7.662933932242685
987 5.079246763722515
988 7.331082740746158
989 7.555210713770842
990 8.92334850096087
991 10.820293824445303
992 11.466597811477662
993 12.071926438799167
994 11.15554370124565
995 8.991355732246996
996 8.911611112421497
997 9.123022651869418
998 9.474417429467413
999 6.868905925676451
1000 9.620835562604606
1001 8.790196060928368
1002 2.768177983081422
1003 6.270933162480854
1004 2.5300096676025987
1005 2.86553171520429
1006 2.6906730263718304
1007 2.6346087871486126
1008 2.580135804384226
1009 3.179883995580132
1010 2.581562877991533
1011 3.0645082972398154
1012 2.582686764074915
1013 2.7106981187799652
1014 3.269956556963557
1015 2.6492240570386296
1016 3.034618993289726
1017 2.7072638143585754
1018 2.552733997539992
1019 2.8274402461685524
1020 2.7352774654750287
1021 2.7849141160787894
1022 3.3160904360599996
1023 2.597015594172258
1024 3.0812451860185655
1025 3.3596344967167617
1026 2.707573431696282
1027 2.7218200666901247
1028 2.677078942283008
1029 3.1072344145360016
1030 2.7349745171671156
1031 2.5955509607914142
1032 2.588470403227163
1033 2.634257247450859
1034 2.9479730362749343
1035 3.1593699061302036
1036 2.480852863347782
1037 2.8012284761072235
1038 2.641439805307715
1039 2.6273072223116443
1040 2.5262747673130828
1041 2.624748499283239
1042 2.9174561406586657
1043 3.0486518033888355
1044 2.81575632970119
1045 2.822914061815219
1046 2.824892988223195
1047 2.7166202404916455
1048 3.2056606293948215
1049 5.529651647429991
1050 6.659871501430896
1051 5.524750538438822
1052 6.43867178245916
1053 5.1163741857317255
1054 6.487318032597692
1055 5.637559060347723
1056 5.517513687124901
1057 6.2486837141752005
1058 6.179803355277433
1059 6.297551074519287
1060 7.1358452422618335
1061 6.836806984106234
1062 5.5123209606380295
1063 7.665905463383313
1064 5.674352999070374
1065 5.420234273938517
1066 5.755427307651597
1067 5.673225687278216
1068 7.215905797809665
1069 9.524194242425201
1070 9.779369968723673
1071 7.424991241455132
1072 9.247483973019918
1073 7.242371272829365
1074 5.8630287735670485
1075 6.371823672791225
1076 7.890936783173616
1077 8.603561287213228
1078 7.767381239254509
1079 7.250841972343428
1080 5.87597540082101
1081 6.951448432877222
1082 6.655365469720453
1083 7.163324274861588
1084 7.308445645464035
1085 6.258925808170751
1086 6.061762480562185
1087 8.1238645503232
1088 9.14555710736709
1089 10.552469134618551
1090 6.644503210140672
1091 6.735644864237203
1092 6.615691028812251
1093 6.624346791668506
1094 7.236164562508292
1095 10.409324846387987
1096 10.242935458782426
1097 9.634535351782937
1098 10.14104375188859
1099 8.939403470766417
1100 6.622043316635764
1101 5.495450863312861
1102 5.8226766106347965
1103 7.23390311129719
1104 7.013106474142888
1105 5.981843543377369
1106 7.868908360931317
1107 6.800472272522076
1108 6.8150306074079765
1109 6.239194532892585
1110 5.661713602397283
1111 5.874257012320846
1112 5.959506582791255
1113 5.1611961603294825
1114 5.728800541103743
1115 6.2026366454113715
1116 6.189529794889347
1117 5.456006810807184
1118 3.0462640548344146
1119 3.1520439961696485
1120 2.7566908943325648
1121 2.6711636080192753
1122 3.1780462097838047
1123 2.8409683325735107
1124 5.001529170005323
1125 4.738695485054222
1126 2.5862344505916446
1127 2.60655176698523
1128 5.926733851158477
1129 6.649871269075504
1130 6.908754673766313
1131 7.212090809023059
1132 5.635674372820165
1133 5.542475860092375
1134 6.15355961337847
1135 6.729089949636834
1136 5.615434471163512
1137 6.096352196550579
1138 6.487231357903809
1139 6.139829138949628
1140 5.607792872940059
1141 5.976105584815745
1142 5.423791331858435
1143 6.691644313118761
1144 5.875016931128972
1145 5.727956721506308
1146 4.08429661442569
1147 7.215836361361475
1148 6.651431444572655
1149 6.39551183350962
1150 4.918012112291471
1151 5.640844029925532
1152 5.748716930237896
1153 7.533410830829689
1154 6.211617095784712
1155 6.53075709512694
1156 6.538031564141933
1157 5.546728988234399
1158 5.575511123302066
1159 5.12740830687962
1160 5.688258377119987
1161 5.64153556643804
1162 6.540098522043741
1163 6.091462017890703
1164 6.745269822141502
1165 8.121131789346496
1166 6.972865587940976
1167 6.662882753869687
1168 9.505727576234085
1169 6.225653090937586
1170 8.871416507283348
1171 8.294080336478197
1172 6.889583951246679
1173 5.508428085753947
1174 11.531828767345504
1175 6.1400214174376995
1176 7.589399399754026
1177 7.586793132302827
1178 8.365385399866158
1179 8.463338924423809
1180 7.697475756185747
1181 6.336930104667052
1182 6.383279977813585
1183 5.387111812055999
1184 10.744506064346512
1185 11.282685136051857
1186 8.65534549986872
1187 12.276869103921284
1188 9.403665907746307
1189 9.366773899791026
1190 9.12010919246506
1191 9.098021071340884
1192 8.763103586174203
1193 8.510814147183247
1194 9.542754610427686
1195 9.655852645372509
1196 9.222555791243208
1197 9.73632159008385
1198 9.016268100845416
1199 11.464708548634386
1200 9.986387104313273
1201 10.936143288627276
1202 10.163514667903534
1203 9.55764135193971
1204 7.412626095817879
1205 6.555952090703986
1206 8.216401514734248
1207 6.547503981968575
1208 6.8129548336976775
1209 7.839052941575306
1210 7.205715618611092
1211 6.907303325056675
1212 5.793278151385243
1213 6.830378737671309
1214 8.638361939282172
1215 11.589412938572263
1216 9.844811323459442
1217 8.970008911417613
1218 9.930916456753756
1219 9.496185120302643
1220 9.659555976093717
1221 10.774608861213913
1222 11.433971232052102
1223 10.882116102357537
1224 11.477944744638357
1225 10.861805340048559
1226 11.441852203296829
1227 11.566840505242572
1228 10.93680815369179
1229 11.12012425847431
1230 11.956802399944038
1231 11.438645755935777
1232 11.137597362160582
1233 10.342512764853044
1234 11.240055755125464
1235 10.195406805875798
1236 10.176741332917711
1237 11.000793534804304
1238 10.591485332756148
1239 12.696133644361316
1240 11.965533319584287
1241 11.141650683565443
1242 10.968413547566252
1243 9.087043685522794
1244 11.236245635467212
1245 10.00368753559461
1246 9.96822299919464
1247 11.373286300450722
1248 11.841572147848604
1249 11.346253192899862
1250 11.780917930786886
1251 12.521437261309648
1252 10.458874580935134
1253 11.90822752260688
1254 12.378900273278695
1255 12.255456766296787
1256 9.583664094643034
1257 7.9790989098901015
1258 7.828705542931348
1259 9.639329325824118
1260 8.453720898016364
1261 8.67182512338118
1262 9.028003101350043
1263 9.476420002118502
1264 10.443283437794069
1265 10.199899614775568
1266 11.14457787235974
1267 9.278051838775028
1268 9.849063389278589
1269 11.167886667827883
1270 10.696003454215651
1271 10.00502373474881
1272 10.355537335922524
1273 8.918688058984644
1274 10.19014220073971
1275 10.338168211235468
1276 9.726000810606315
1277 10.696612187489057
1278 10.857488264606072
1279 10.343748461106099
1280 9.485573176479043
1281 10.514563973712288
1282 10.676709255626273
1283 10.74043486739894
1284 10.669741362610015
1285 10.613278173737914
1286 10.176096848363683
1287 10.402940913628694
1288 10.447466069132167
1289 9.482756643648408
1290 10.448836809180388
1291 11.384097032554017
1292 10.897914354183866
1293 10.472945182051124
1294 10.150943355528678
1295 11.060081497430742
1296 10.684384312900914
1297 9.737961529158547
1298 8.881447954607449
1299 10.238174910326942
1300 10.715147997698352
1301 11.552043405479184
1302 10.173227365834274
1303 10.683085400098706
1304 9.885104441962083
1305 11.662144072276645
1306 10.102331053094806
1307 10.061207569369545
1308 10.17045624188875
1309 11.18212888317568
1310 10.03204571476711
1311 10.63521299621784
1312 11.136107545063368
1313 11.782642661660015
1314 11.09580175156527
1315 10.833081355605607
1316 9.400126535822618
1317 10.326687720368366
1318 11.37026554136803
1319 11.09513555065069
1320 10.948031638496225
1321 10.8845861626999
1322 9.94973872845497
1323 10.773372428877359
1324 10.65258291653748
1325 9.619080756556786
1326 11.287505072341961
1327 10.643445259826166
1328 10.874104874459155
1329 11.137180102420242
1330 10.775450405117239
1331 10.232722813925522
1332 11.040837080362941
1333 10.279327519316187
1334 10.763586439496079
1335 10.976124760234272
1336 11.30701501333763
1337 11.212018677314344
1338 11.523428978286058
1339 12.445547450260506
1340 11.32090670159918
1341 11.471762415041443
1342 8.71638814230821
1343 10.449457624387378
1344 11.205904262610018
1345 10.677436080452312
1346 10.804685968009947
1347 10.39210773402336
1348 11.25075213251866
1349 11.022308295202947
1350 10.594690017669473
1351 9.111264052478324
1352 11.078740241810667
1353 11.015711474483455
1354 10.342848216671243
1355 10.035265874074232
1356 10.395985433121652
1357 10.98763337684263
1358 11.528060719098242
1359 10.923422297689742
1360 10.65684687318032
1361 10.1097716516068
1362 10.909021906659573
1363 10.366816146297376
1364 9.791619608623789
1365 11.08632998962547
1366 10.434252595267765
1367 8.640235765738419
1368 8.790408458745691
1369 9.54038441513552
1370 8.505700585760446
1371 8.43725107597629
1372 8.849325143720275
1373 8.436651694106224
1374 9.203942211407108
1375 8.37976056442418
1376 8.579709745536954
1377 9.152076850619208
1378 8.515263293281361
1379 8.557953061087826
1380 8.794750718342295
1381 8.912703825559268
1382 8.68919070437606
1383 8.535227244235355
1384 9.315190426025898
1385 10.343829791784326
1386 8.628819647703061
1387 8.895374227012711
1388 8.708246085148598
1389 8.365994486320238
1390 10.075448568884301
1391 8.119440797803414
1392 8.494013805126334
1393 7.856073457057015
1394 8.836037041299177
1395 11.242426625922505
1396 10.641534163146845
1397 9.287725792012525
1398 8.769297885434801
1399 8.405441530200612
1400 7.804778434563424
1401 8.349343394064922
1402 9.546798144623482
1403 9.214802443674612
1404 10.64892422826452
1405 10.323666450375615
1406 9.260322671800283
1407 11.834473299878457
1408 11.037372099019567
1409 11.073380828713342
1410 8.83251407418261
1411 10.308109452288207
1412 10.279415014898275
1413 10.437105545437149
1414 9.168477114955445
1415 9.014771287576073
1416 7.890050659406805
1417 7.7623170669405575
1418 6.699976202739413
1419 6.995991737899378
1420 6.975146338459552
1421 9.024897225682194
1422 8.345361016970774
1423 9.386587353106634
1424 9.879064474487297
1425 7.153312112626342
1426 7.97264174748826
1427 8.894788829150567
1428 9.377682373341061
1429 9.718373165803202
1430 9.740659629693143
1431 9.675666979924028
1432 9.678446163281293
1433 10.436107603918096
1434 9.815169748558008
1435 8.655723728225514
1436 7.8769230647383495
1437 8.79336718532807
1438 9.526887023157181
1439 9.403758589379045
1440 9.147506717039256
1441 8.401811684477858
1442 9.18189973052699
1443 9.34512323615664
1444 9.791106574750522
1445 8.694021981043745
1446 9.490082648333786
1447 8.680436842340576
1448 8.682250013419267
1449 8.495089399600772
1450 9.488921075237196
1451 8.243469892003322
1452 7.97845975338107
1453 7.956340806950668
1454 8.552147433440016
1455 8.385657095781598
1456 8.730590823310191
1457 8.905476343524189
1458 8.492384965842914
1459 8.246299431025173
1460 9.355442113088854
1461 9.98404656012483
1462 10.194914132247051
1463 10.930416288903999
1464 9.3492020307521
1465 11.31003617636054
1466 8.439794978506809
1467 9.200007777003627
1468 8.600239410972007
1469 8.810599022984567
1470 9.499235300708904
1471 8.678083357177325
1472 9.502150855633214
1473 8.69491326725924
1474 10.359273986196845
1475 9.012888893404208
1476 9.367383202058711
1477 8.159108172660762
1478 8.58214439422723
1479 9.270439041589489
1480 9.67817189238869
1481 8.316477369412468
1482 9.498379878702535
1483 9.328045275110071
1484 8.875208687922823
1485 8.296128675717165
1486 8.319894329465697
1487 7.9595693373117955
1488 9.40923182564166
1489 8.91675395337788
1490 9.348356105211598
1491 8.220038993169334
1492 9.097236156911897
1493 7.852955089599303
1494 7.381539065940887
1495 9.60726758204881
1496 9.599125241010059
1497 9.361262457309376
1498 9.213657884565524
1499 11.086504427800191
1500 9.818977261522752
1501 10.165759877756974
1502 9.734643963386635
1503 9.86638186490758
1504 9.00000066138533
1505 10.11649069323141
1506 9.447432749646971
1507 11.335898218094266
1508 11.194309484155362
1509 11.142940121065646
1510 10.867110009176864
1511 12.213394875421361
1512 10.946672530215157
1513 12.306564270750252
1514 10.904990656594675
1515 11.111837180593083
1516 11.678911616291378
1517 11.01044488907332
1518 9.049577396539393
1519 9.87694754648707
1520 11.258424353657094
1521 11.703737394079345
1522 11.1822185566412
1523 9.483846983620667
1524 12.140132340302834
1525 7.852163112523518
1526 8.408425328439241
1527 7.834139682301889
1528 8.271131999487372
1529 11.379885565480565
1530 12.481099404548848
1531 9.85046199292464
1532 12.516353161305968
1533 10.737694610361148
1534 9.169574764299727
1535 10.791293131048283
1536 9.553944457644596
1537 9.848028869606134
1538 8.994731944294346
1539 10.386640816641588
1540 8.711727810283111
1541 9.879099069751714
1542 9.470025363231644
1543 9.171024296503305
1544 9.917319052806155
1545 9.243089259388299
1546 10.01723019150461
1547 9.80351151174039
1548 11.769811739784384
1549 10.508183178656523
1550 9.954062802600877
1551 10.522890640589388
1552 8.770513667485497
1553 9.385549366419896
1554 8.383107431159567
1555 10.562559485346512
1556 11.862919418141914
1557 10.318971884622288
1558 11.924841853535522
1559 8.841519656683001
1560 9.53480250729693
1561 12.79982507270316
1562 12.918656613276697
1563 11.024751001848307
1564 10.62390524604786
1565 9.39463417514881
1566 8.910965666926185
1567 8.82720101022356
1568 10.157050832309384
1569 9.375818888552951
1570 9.971469075016522
1571 10.769783556792655
1572 8.907066538261951
1573 9.025004523703043
1574 8.132850053385658
1575 10.609909790691605
1576 10.029491097118592
1577 11.486812648661731
1578 10.586318161399282
1579 9.988163057969683
1580 9.899674192982273
1581 10.431475275807788
1582 11.008855315393319
1583 10.110468088288691
1584 10.406220839744517
1585 10.099109077515772
1586 10.16398391659366
1587 8.699921800109164
1588 8.819304195309732
1589 9.96877859701858
1590 10.254071998736045
1591 9.598056832113032
1592 9.246590953904743
1593 8.819860672749027
1594 8.935132833647927
1595 9.405329629658965
1596 9.902210431796235
1597 9.728338975575715
1598 9.902268975157364
1599 9.782782420005939
1600 9.025660778594066
1601 9.480173312830551
1602 9.638265427180514
1603 9.90435108291352
1604 10.070069799551696
1605 9.156604768037623
1606 10.461583322345332
1607 9.780381550598413
1608 9.421022306639683
1609 9.742140850437952
1610 10.360922128591834
1611 9.807219127847084
1612 8.389199176531976
1613 9.82269366999188
1614 9.446415320395834
1615 10.123626777419997
1616 10.509429649176917
1617 10.036132404809615
1618 9.670371050812468
1619 10.156401798526336
1620 9.37109047560513
1621 9.790592787490839
1622 9.819500949555607
1623 8.790255062669322
1624 9.012200508297227
1625 8.903124818504352
1626 9.76127688020882
1627 9.159848452652195
1628 8.708314867599702
1629 8.11790117407017
1630 8.367699358469304
1631 7.213713440793056
1632 7.979213879726321
1633 8.017100739918359
1634 8.822924269055799
1635 9.296081023823225
1636 9.22888000884757
1637 10.121793537808538
1638 8.478184919984068
1639 9.105409602212767
1640 8.814309638261165
1641 7.932578005168595
1642 8.897934703236812
1643 8.583287522554121
1644 8.514340755728877
1645 7.9966344496573205
1646 7.995402154788145
1647 9.249483539247237
1648 8.695060250512842
1649 8.531108144983868
1650 8.892326817024447
1651 9.34280281178564
1652 9.506873140257087
1653 9.209320244326507
1654 8.88577740515867
1655 8.78871024589496
1656 8.983518521167351
1657 8.962523374137106
1658 8.856598142170078
1659 9.388091274694574
1660 9.256406831742876
1661 8.074485994307796
1662 8.621255695197634
1663 8.137328471966788
1664 8.722926613064253
1665 9.214540664478008
1666 8.492607443745205
1667 8.520768529410613
1668 9.553513677553354
1669 8.870014582885041
1670 9.305203310610796
1671 8.601292146271874
1672 8.501391580641606
1673 8.42363676104763
1674 8.290897798044973
1675 9.218941747376968
1676 9.372182592117397
1677 8.996892816652075
1678 9.290235904290327
1679 9.336993074890275
1680 8.64481128105078
1681 9.537282971957898
1682 9.334973533365584
1683 9.766568106181555
1684 9.761634940415162
1685 9.927993333020826
1686 9.690702227336793
1687 8.392321714456433
1688 9.46974759806034
1689 9.38905639083813
1690 9.498013276532818
1691 9.700947249659347
1692 10.229458682674252
1693 9.506924681869693
1694 9.398526707791195
1695 10.061158472254734
1696 9.791236386104318
1697 8.698398428992787
1698 9.693195519219358
1699 9.483628423658505
1700 9.498638540028766
1701 8.907202347317197
1702 9.510611605067252
1703 9.316925551488605
1704 9.089704902907629
1705 9.020312859974284
1706 9.525932187265509
1707 8.992216301846478
1708 8.59097422358827
1709 9.471335568857853
1710 9.633432606182412
1711 9.977043731359597
1712 9.362392315765835
1713 8.95581864432961
1714 9.540370124660537
1715 10.079122830560161
1716 9.75536597773453
1717 8.985854426938555
1718 9.178292458994527
1719 9.74765956469258
1720 8.952691748557783
1721 9.220277259284458
1722 9.455902659209084
1723 8.89376892302599
1724 9.522986635497599
1725 9.096503704434172
1726 9.967146589389598
1727 9.960026271433545
1728 8.645960399702238
1729 9.677677037388024
1730 9.549915431667689
1731 9.226161506290518
1732 9.41771997230169
1733 9.221541806062552
1734 9.15707212806123
1735 9.305691593795594
1736 9.42449927670017
1737 9.746349601398778
1738 9.395859188974933
1739 9.730605238530272
1740 9.22894139386642
1741 8.938316108033366
1742 9.55720840516283
1743 9.384375710881812
1744 9.530897770771885
1745 9.050879591294882
1746 9.232464957609102
1747 9.686392964096983
1748 9.421633175410022
1749 9.346875484120487
1750 9.770143994038895
1751 9.44184097620303
1752 9.562510131990642
1753 9.98192087008768
1754 9.76757794035864
1755 10.232015823852397
1756 9.66798576403455
1757 9.71393180350257
1758 9.684580896199098
1759 9.915374868196942
1760 9.336667143709466
1761 9.990178400686448
1762 9.804641378908268
1763 10.030872791384047
1764 9.160865141898995
1765 9.554576745353527
1766 9.568944548600987
1767 9.429490751268851
1768 9.212091310464182
1769 9.254748315094618
1770 9.10847989755903
1771 8.835905940484821
1772 8.464175557042077
1773 8.699312257616123
1774 9.369382017067228
1775 9.90446380157645
1776 8.745371393308856
1777 8.844107991165142
1778 9.182707354011432
1779 9.088345909827469
1780 9.201940015500666
1781 9.496482390067204
1782 9.512621601791775
1783 8.900253192773256
1784 9.240778365773542
1785 9.787010328029652
1786 9.25562352368236
1787 9.519699142736732
1788 9.097442868721181
1789 9.324087411851622
1790 9.071562776868458
1791 9.642174287439705
1792 9.365365550846931
1793 9.624037279607341
1794 8.66577205021273
1795 9.41566463026993
1796 9.750266874917722
1797 9.20078536479592
1798 9.805559244583785
1799 9.83623271661924
1800 8.391299615264108
1801 10.18560548311423
1802 9.612300110725258
1803 9.114170680988918
1804 9.542746231878942
1805 9.79372418922348
1806 9.735838356383969
1807 9.253127087112652
1808 9.338845888025004
1809 9.672452189117253
1810 9.56321660551052
1811 9.77123969070357
1812 9.415283234686173
1813 9.113339292705831
1814 9.909309936579367
1815 9.892438184784178
1816 10.109616093431539
1817 9.724576313272975
1818 9.494697295678822
1819 9.619368605008821
1820 9.27867625003245
1821 10.184942737807225
1822 9.34099361370661
1823 9.142933715764983
1824 9.255072966483882
1825 9.857856168223842
1826 10.187161976754462
1827 10.136379437513293
1828 8.971240908335393
1829 9.49691051094969
1830 10.442823120409344
1831 9.62222534533144
1832 9.719232764243412
1833 9.752545333793886
1834 9.368317827982505
1835 9.477315218087757
1836 9.992769668222882
1837 8.930722167670815
1838 8.691563315998227
1839 9.246552405317706
1840 8.447823822237423
1841 9.531194654841087
1842 9.01371275535994
1843 9.241573944957532
1844 9.100333748032908
1845 9.660688318013728
1846 10.087042549889953
1847 10.185920018861152
1848 9.119191417658245
1849 8.780388414660514
1850 8.358536696890319
1851 8.684097974689426
1852 9.815894689996883
1853 10.127878391614816
1854 9.411833511087913
1855 9.746775373058924
1856 9.88350556696604
1857 9.211706243930188
1858 10.224198293133853
1859 8.539378822393397
1860 8.78704862613831
1861 8.873275995232785
1862 9.050816934207273
1863 10.331751911101165
1864 9.050299627839726
1865 9.81852376124664
1866 10.123334621737213
1867 9.408964072598783
1868 8.722362374086238
1869 9.05252404741807
1870 9.433102544395698
1871 10.172757748396181
1872 9.73012005033488
1873 10.005086755644033
1874 9.517671600711605
1875 9.904164552612768
1876 9.11829136687394
1877 8.748768014819559
1878 9.690361619312224
1879 9.680287482828367
1880 9.307399389077101
1881 8.862766378901902
1882 9.55724143590757
1883 9.417973878998682
1884 9.170001738786421
1885 10.066618388365775
1886 9.16325010752016
1887 8.21251291083199
1888 9.499080128998509
1889 9.547315686353066
1890 9.706752201961233
1891 9.284077666308624
1892 9.591034678473276
1893 8.366912835793082
1894 8.92439608448303
1895 9.38324495907146
1896 9.177301029884843
1897 9.269234624909611
1898 9.146095050472944
1899 8.939896651238103
1900 9.247592802674856
1901 9.919947123848633
1902 8.991490898376014
1903 8.752091969776977
1904 8.08857490822895
1905 8.383106421779354
1906 8.455113109912768
1907 9.258460011063612
1908 9.511043618721569
1909 8.676473815257378
1910 9.876933945039557
1911 9.186615884067784
1912 9.7251749227583
1913 9.553163737859448
1914 9.444336758334996
1915 9.60097511226897
1916 9.209979550885675
1917 8.541124308189431
1918 8.888836222833891
1919 9.307090196222827
1920 9.839059255648138
1921 9.949258436777423
1922 9.727466106530159
1923 9.301335856492683
1924 8.422541401899563
1925 9.336308989326588
1926 9.314786873805065
1927 9.077270295634518
1928 9.022262086847837
1929 9.459891471644077
1930 8.421147764998459
1931 9.588926658828742
1932 8.465924631038174
1933 9.679485990579842
1934 8.83575241719259
1935 9.172114553810124
1936 8.437276924498391
1937 8.335238497136327
1938 8.905119909371448
1939 9.896071997541842
1940 8.545447974966034
1941 8.523684446887117
1942 9.244554406214336
1943 8.740743716304365
1944 8.758019015011225
1945 9.297189307810946
1946 9.111186465523552
1947 8.768712443419004
1948 8.747959494919545
1949 9.078045385690482
1950 8.5318298137491
1951 9.163760817813532
1952 8.976317388815593
1953 9.086435501236455
1954 8.918976570657398
1955 8.977075101975673
1956 9.008851226415935
1957 8.069121569696312
1958 8.758435463390834
1959 9.004706626998042
1960 8.57274578446657
1961 8.676080961929435
1962 9.206208171558782
1963 9.4491305882399
1964 9.501267088306793
1965 9.362013949033873
1966 9.338522560844126
1967 8.68452681619143
1968 9.459266357365259
1969 9.953942906019892
1970 9.6168020832005
1971 9.734307009067756
1972 8.762690610809562
1973 8.011305925113943
1974 8.960585886754695
1975 8.203696949556516
1976 8.829336591189401
1977 9.20062827080018
1978 8.790106993153188
1979 9.292379671541308
1980 9.507560077795551
1981 8.999266518440184
1982 9.627923133445181
1983 8.991657657751222
1984 8.962402815759186
1985 8.561893691202584
1986 9.726487364168186
1987 9.538755272970235
1988 8.400121663257542
1989 8.899801017949596
1990 9.337648750890938
1991 9.364708714555798
1992 9.283737316645468
1993 9.896418748395913
1994 9.31077495689109
1995 10.001348553328011
1996 9.45573628561107
1997 9.11053680706155
1998 8.759509169710991
1999 9.597062079060288
2000 9.886547571426686
2001 8.87805166504499
2002 8.032123727210827
2003 8.480814595324135
2004 9.428446685273443
2005 9.18654156220152
2006 10.890145161614509
2007 9.142066505762381
2008 9.315633953349279
2009 9.320744964723254
2010 9.08670649690913
2011 9.500323483712055
2012 9.806027310413
2013 8.482453871202413
2014 9.983774604620786
2015 8.564109212293609
2016 8.616300838779866
2017 8.270404022019157
2018 8.434238787065546
2019 8.38457047310424
2020 8.699011691204664
2021 8.819123113124185
2022 8.841871690717987
2023 10.003599857575354
2024 9.645342835722284
2025 8.943888246418235
2026 11.003777475493631
2027 10.17310875609469
2028 9.937475584065947
2029 7.979623875753663
2030 9.83062667083231
2031 9.051206978415756
2032 8.924001440869594
2033 10.373034406328738
2034 9.458371257300943
2035 8.997244191139453
2036 9.611858641818491
2037 9.066490258811271
2038 10.681243218131408
2039 9.06363222899508
2040 9.365380805034345
2041 8.889322091722091
2042 9.748748687263976
2043 9.380946056101491
2044 9.320496514819027
2045 8.717814875860737
2046 8.59897007421926
2047 8.809797295914185
2048 9.433130975644557
2049 8.70329921770881
2050 8.951640954411673
2051 9.7043825729641
2052 9.75618176363437
2053 8.871294465856343
2054 9.683719385311864
2055 8.919852698357738
2056 10.193639990779356
2057 10.121267797572985
2058 9.56395907986089
2059 9.803885516255047
2060 9.404725504582723
2061 8.560779373665573
2062 9.652494262362874
2063 6.5507098933528525
2064 9.351291518424876
2065 9.3013873493333
2066 9.769489841555178
2067 9.208489296741512
2068 8.32053394897235
2069 9.0496277084077
2070 9.278217060131993
2071 9.685853535742185
2072 8.917672087279785
2073 9.773773274358579
2074 9.763798781824514
2075 9.553283368885943
2076 10.160398452264351
2077 9.968878395254107
2078 10.577123019690964
2079 9.804816704126036
2080 11.948555356415959
2081 11.129687795246355
2082 11.7988034296634
2083 12.533974444779815
2084 10.662480676882087
2085 11.298024629355472
2086 10.21095222105403
2087 10.475487051336346
2088 12.091818137953904
2089 10.480490851956029
2090 9.744200114760973
2091 9.908248026215832
2092 9.55945239202651
2093 9.402885421161963
2094 9.83003899459125
2095 9.220583823167578
2096 9.154223564554144
2097 9.875982570936491
2098 8.828146415997068
2099 9.58039618324163
2100 8.951963729841479
2101 9.027269490379982
2102 10.486320288343459
2103 9.89330694995621
2104 9.557696882817329
2105 9.72624874509894
2106 9.724856772891176
2107 9.518827753825022
2108 9.286991262393077
2109 10.65589041187917
2110 10.778690336713824
2111 9.891075056723624
2112 9.843063085068378
2113 9.993518008137071
2114 9.831027588250425
2115 9.15058483602274
2116 9.408325757583507
2117 9.245002141183168
2118 9.50228189460692
2119 10.187311163566022
2120 9.035716899471797
2121 9.576444620585253
2122 9.981165553281146
2123 8.92133675638921
2124 10.502780127221115
2125 11.360828050334588
2126 11.182328722893926
2127 10.109739813170016
2128 9.913676449401814
2129 10.290055592856625
2130 10.090840515958089
2131 10.56343521250539
2132 10.069133901619752
2133 9.834994074904925
2134 9.9150146567382
2135 9.584540574948662
2136 10.797457760737789
2137 9.79073551645284
2138 9.71364193670217
2139 9.975145682974441
2140 9.574824320324538
2141 9.697308925982053
2142 9.28625132373059
2143 8.676597651610534
2144 8.861883254185036
2145 10.159836092250686
2146 9.764204178675048
2147 8.9017312421293
2148 8.894958588547512
2149 10.114400104683593
2150 9.073640578419838
2151 9.191932741726273
2152 10.044215499071417
2153 9.637048095241306
2154 9.375288867300648
2155 9.031314410658306
2156 9.294396926663921
2157 10.377796093774428
2158 11.248148102785379
2159 10.584577841650068
2160 9.72073624769946
2161 9.671614028690811
2162 9.971913242402326
2163 9.68897356941264
2164 11.52832934521621
2165 11.574720494960854
2166 10.38635754517124
2167 11.159220244128106
2168 10.607179669780045
2169 11.097065833002798
2170 10.63228544483823
2171 9.974788180674013
2172 10.01313971921824
2173 10.567199994520127
2174 10.972811610990831
2175 9.436716800605225
2176 9.855815236645334
2177 10.40734481772932
2178 10.525477842960075
2179 10.090129380092781
2180 10.113806591674999
2181 9.893444523388862
2182 10.226636941471563
2183 11.008939013245843
2184 9.906453139017371
2185 9.937015774890499
2186 9.17036669739875
2187 9.864887147502198
2188 8.659960584661306
2189 9.216662852484466
2190 9.175346700246616
2191 9.31190076303555
2192 9.081911553145602
2193 8.798275775185662
2194 8.786289838529795
2195 8.795044024493881
2196 8.585401025295813
2197 8.192336406082275
2198 8.380713662143414
2199 9.338873141848163
2200 8.508835129860685
2201 8.409165981003273
2202 9.119164454936802
2203 9.055624660981755
2204 9.052419888853914
2205 8.7301739900616
2206 7.926356273324395
2207 7.996919461532886
2208 8.68902930137806
2209 8.698626532169225
2210 9.234523671522464
2211 9.661120275929411
2212 9.047709418327054
2213 9.955187588921783
2214 9.969848882820239
2215 9.198868530942285
2216 9.76842252586484
2217 9.803024124030278
2218 9.396379395918807
2219 9.266501013954906
2220 9.707724053577012
2221 10.229342418658401
2222 9.533483246068291
2223 9.621113640849362
2224 9.149001637508656
2225 8.366737845535237
2226 8.027961984254548
2227 7.940941429827189
2228 7.694702477015248
2229 8.079461648498912
2230 9.217320674254534
2231 8.747194721818495
2232 7.8328999587402155
2233 7.647278302898082
2234 6.753382187828795
2235 6.868795220745684
2236 7.080303289957061
2237 6.370434633582241
2238 5.161922812942759
2239 5.701322308488323
2240 5.391405285043868
2241 3.6403793187678923
2242 6.385250746815617
2243 8.749871698278655
2244 8.31084275142015
2245 10.138472941154163
2246 8.102092489224315
2247 7.959999983707945
2248 8.659956118010102
2249 8.68384546340028
2250 8.532836228774055
2251 9.315440489615579
2252 8.862237287020733
2253 9.124944896293972
2254 8.233276069174876
2255 9.22536768343072
2256 9.10623594816328
2257 4.611205768250684
2258 5.609425624200671
2259 5.693809599613922
2260 5.975120577825608
2261 6.144259652597572
2262 6.267322601993894
2263 5.126374430139419
2264 4.783188762146789
2265 5.531193000181241
2266 5.7234987803693125
2267 6.567099675475216
2268 6.498993988597559
2269 5.949415721385517
2270 5.522684841698403
2271 5.834138858542069
2272 5.215421292050846
2273 5.278788698432171
2274 6.182597450392106
2275 6.049827538169851
2276 6.030563231280589
2277 3.4203121535889136
2278 3.0906583318165035
2279 2.847503136158559
2280 2.9658191536241523
2281 2.7232163971325973
2282 2.5818852227446887
2283 3.2862025742579593
2284 2.7300248560672586
2285 3.2204348904390727
2286 3.232875356222586
2287 2.7347410279677566
2288 2.600185272661357
2289 2.5317584064857677
2290 3.0610899650801606
2291 2.663770290461132
2292 3.04342413202887
2293 3.0068385882745754
2294 2.4625251036036104
2295 2.678534736346786
2296 2.8995126383168675
2297 2.684316565345499
2298 2.7155893779933127
2299 2.760108724475171
2300 2.8166316159001137
2301 3.344996929087642
2302 2.7713785689392156
2303 2.8107124595659703
2304 2.8150923762279865
2305 2.9559795381551455
2306 2.877896670688421
2307 2.662157530066568
2308 2.8394333833185077
2309 3.124683269109037
2310 3.303988513919699
2311 3.5097944785296926
2312 2.6162629293346438
2313 2.6455661030936737
2314 2.9558310983122698
2315 3.24534795273982
2316 2.8735967289430944
2317 2.932890354465919
2318 2.987235372030129
2319 3.1608881547297383
2320 2.799111624816655
2321 2.719360073213049
2322 2.6036639609899543
2323 2.863671950668567
2324 3.1311861948340582
2325 2.8744752398076936
2326 2.6260358982008642
2327 5.032442762925616
2328 3.3270597501130386
2329 4.762810749962925
2330 2.5409100952132375
2331 2.746354066723713
2332 2.7690504833394254
2333 2.906089676310379
2334 3.071810958250245
2335 2.6743298829600843
2336 2.6379366886209605
2337 2.7820988645498135
2338 5.444689580162981
2339 3.115229234424467
2340 2.7319229033137837
2341 2.5625299886499353
2342 3.000416824381929
2343 2.491115392567758
2344 2.634586741058421
2345 3.076533921404528
2346 2.615661748595252
2347 2.5611697909925057
2348 2.705968572424098
2349 2.8168997032319227
2350 2.4280393447263617
2351 2.5889671655316477
2352 2.632348442973405
2353 2.678644715847769
2354 2.5251700977456033
2355 2.7301340912818133
2356 2.982010386245552
2357 2.810397591482119
2358 2.7598991992090536
2359 2.6236047468504076
2360 2.76550525429661
2361 2.5184584443968254
2362 2.6251385720220375
2363 2.7420280413491604
2364 2.6586673685377216
2365 2.599176933593099
2366 2.835580920893983
2367 2.6875060146612624
2368 2.51273273449255
2369 2.7207389439572713
2370 3.135195590648043
2371 2.6784885989956173
2372 2.6087094415856744
2373 2.629535215381633
2374 2.589602619458386
2375 2.7868738781394575
2376 2.4962028753416576
2377 2.9967341568274994
2378 3.519778994225633
2379 3.0889237274553176
2380 2.5059984820529047
2381 2.6726924782008714
2382 2.739608729477172
2383 2.5522049793390558
2384 2.654184842312199
2385 2.549858349635066
2386 3.0772309605492496
2387 2.6087043042577056
2388 2.6575378070815097
2389 2.765773093122341
2390 2.8460324969378097
2391 2.7163089369079434
2392 2.639603080969113
2393 2.6727697897796046
2394 2.607319103488834
2395 3.2515036851613575
2396 2.567977181640825
2397 2.6522220324294485
2398 3.051695390616024
2399 2.649248078393314
2400 2.9108212891039913
2401 2.6427604646592866
2402 2.587693527294273
2403 3.146851506171208
2404 3.0442205186191
2405 2.6500203174446457
2406 2.5930978142786283
2407 2.6720789612920512
2408 2.7845880633182767
2409 2.6652070070685254
2410 2.698203671301741
2411 2.6661534974801118
2412 2.965243524907976
2413 2.755759540409538
2414 3.2923219041594267
2415 2.883931662637813
2416 2.7085098961524574
2417 3.0649672058770654
2418 2.5504574348380835
2419 2.9953703759326924
2420 2.814405679253722
2421 2.7228948010284273
2422 2.8288046166386502
2423 2.883241882417101
2424 2.7910473892773218
2425 2.5115408310324105
2426 3.541233230484912
2427 2.6728506676461934
2428 2.6769768610881592
2429 2.8546196861044195
2430 3.3133843711894646
2431 2.7518590903427764
2432 2.6704840340681613
2433 3.2822169829347154
2434 3.457807363232362
2435 3.265629583300311
2436 2.726398348616973
2437 2.696868955604067
2438 2.5505806591708513
2439 2.986550455929088
2440 2.761543019517592
2441 2.56623918906479
2442 3.057968856794479
2443 3.4396548774502493
2444 2.5521561444826273
2445 2.700423161735073
2446 2.823185571862014
2447 3.082123617073173
2448 2.703241115033486
2449 2.4832187979001135
2450 2.621297539485431
2451 2.6659782174738313
2452 2.726106592156532
2453 2.6990726836851766
2454 2.6238649416031445
2455 2.704339272157153
2456 2.5126309698665574
2457 2.4542811868718144
2458 2.592075285913391
2459 2.978483571550387
2460 2.7938947151177653
2461 2.6270887482509653
2462 2.779266199109693
2463 2.6921202835603713
2464 2.750622666212177
2465 2.8078073576968143
2466 2.872818470591298
2467 2.937534744123188
2468 2.8078871280591273
2469 2.85426782897166
2470 2.577792922505962
2471 2.7157932905564577
2472 2.7222012554793573
2473 3.059171926615305
2474 2.759840956009269
2475 2.676466737302033
2476 2.6192550220414663
2477 2.712410867544167
2478 2.929453398990003
2479 2.8253937995047824
2480 2.592546840386742
2481 2.757939819233456
2482 2.6532295154373187
2483 2.776056740746175
2484 2.6457289468998653
2485 2.911165627191354
2486 2.8660093495457866
2487 3.107104642344348
2488 2.6877273477746466
2489 2.5399105963406665
2490 2.727821752662077
2491 2.6302144245352306
2492 2.555613071780709
2493 3.089915209107418
2494 2.6522877303939527
2495 2.6314894974348912
2496 2.8723157465632325
2497 3.011525627126605
2498 2.9427554052294544
2499 2.540925122694812
2500 2.5631274196762326
2501 2.8533684208242374
2502 2.617409736957778
2503 2.673977046290575
2504 2.551610322720128
2505 3.10006550677052
2506 2.5504688116248593
2507 2.8452521557367914
2508 3.1643252056261666
2509 2.7085193133399046
2510 2.6989285887836694
2511 2.634018824300794
2512 2.6255391053792825
2513 2.7513459957411457
2514 2.691602714742396
2515 2.9641689163867606
2516 3.190902059608153
2517 2.545091209964654
2518 2.6499876253832846
2519 2.890282884111394
2520 2.832989321246633
2521 2.779337897196102
2522 2.593474367081234
2523 2.57649930811254
2524 2.675855793902202
2525 2.8358623873752626
2526 2.708320174749186
2527 2.5451778483172927
2528 2.5792289309149563
2529 2.9905611941801853
2530 2.851015441962073
2531 2.77187222582501
2532 2.89816420334597
2533 3.53435637965261
2534 5.318684938424018
2535 2.6374779960136383
2536 2.6351162633296794
2537 2.7405897087890425
2538 3.6467870761037773
2539 2.7499428272299564
2540 3.27051913816602
2541 2.887504391637073
2542 2.731267201274948
2543 2.4810187339623453
2544 2.643608507494039
2545 3.0769407228677492
2546 2.7267667268288314
2547 3.9709445719503846
2548 3.031195292125288
2549 2.6282379975250056
2550 2.51587818110638
2551 2.6285388029156325
2552 2.864453246731999
2553 2.790117710056706
2554 3.4779610696424648
2555 2.9732314505059336
2556 2.560956400245817
2557 2.6446603406271074
2558 2.5487594034150574
2559 2.449858551319064
2560 2.6641049466245725
2561 2.451876900313175
2562 2.6724667550473735
2563 2.9017645351792187
2564 2.6909654072100477
2565 2.5573076658039673
2566 2.693618226000898
2567 2.6335807658348873
2568 2.619551410569226
2569 3.129487021841788
2570 3.444492758959625
2571 2.6426730249617076
2572 2.916577013429232
2573 3.088271609612751
2574 2.9374320032056995
2575 2.9314891127192624
2576 2.732208689308138
2577 2.8936367861411525
2578 2.6379612853582373
2579 2.5889425527215293
2580 2.9792144305864063
2581 3.162851673224995
2582 2.8246673817611074
2583 2.969655997399004
2584 3.0080893160998388
2585 3.112916888771646
2586 2.716981199948846
2587 3.2063227388160214
2588 3.2823397346464853
2589 3.1800510493628282
2590 3.3993752421657404
2591 3.159145321018357
2592 3.4497197766652383
2593 3.7006898865763915
2594 3.516857024143224
2595 3.0543710388993675
2596 2.917177392278627
2597 3.5076052503613293
2598 2.7909421485368346
2599 2.800532609153154
2600 2.9601511468300465
2601 3.0630066236337172
2602 2.8234277573315634
2603 3.0449489410181867
2604 2.63343981335744
2605 3.250001212734001
2606 2.554933739883779
2607 3.1947999674975107
2608 3.0816836830745507
2609 2.9417911969037824
2610 3.3147302343498772
2611 3.0095632420105245
2612 2.842631370714844
2613 3.1388858922864755
2614 2.9004986735474363
2615 2.7541931782168185
2616 3.6566163444952795
2617 3.391646719936683
2618 3.474791736547089
2619 3.2268107307560876
2620 3.353979117424864
2621 3.36342902119069
2622 3.2532404832694266
2623 3.3256067779588667
2624 2.5530690864083048
2625 3.0628091474095385
2626 3.6601603113473975
2627 3.115767459541837
2628 3.811412698379583
2629 3.3399088877976024
2630 3.3395926495548633
2631 3.1552625664800185
2632 2.5435725041833583
2633 3.522324268747576
2634 3.1320887755800384
2635 3.3001575000115095
2636 3.4441551346400123
2637 3.276158755712476
2638 3.279044310746966
2639 2.5996196107733174
2640 2.992710749728803
2641 3.4412497543538483
2642 3.0079613711176876
2643 2.6362116873605443
2644 3.049563712266034
2645 2.6138346673250736
2646 2.981112555642836
2647 2.6815979085548114
2648 2.8915523736781528
2649 2.61091929007334
2650 2.8623283026977675
2651 2.6363756469536814
2652 3.109485839602974
2653 2.706200186401717
2654 2.4799052484956357
2655 3.1102434454447003
2656 3.1715631516688703
2657 2.751959142400111
2658 2.962840592403869
2659 2.869480855956279
2660 2.9113070197498154
2661 2.6768392223019646
2662 2.9952425348758744
2663 2.6412275027014642
2664 2.615362206322502
2665 2.789483767098383
2666 3.1956698536645383
2667 2.7401788767491997
2668 2.6072804851372995
2669 3.483629342351503
2670 2.781368091884695
2671 3.1260745842882036
2672 2.6463537398719295
2673 3.6653559088705783
2674 2.589601971301394
2675 2.82531620437087
2676 2.7213347932501666
2677 2.9903692123437042
2678 2.5797662058342827
2679 2.531304971442418
2680 2.667226823665982
2681 2.774081031193821
2682 2.8192751833737453
2683 2.586760159347886
2684 2.5824594786665034
2685 2.6169806809917593
2686 2.6799444787896554
2687 2.798650428060304
2688 2.6386264403865383
2689 2.6640271181403774
2690 2.6227910223468527
2691 2.60179739755686
2692 2.9789617376046427
2693 2.5688723911408067
2694 2.774158620490306
2695 2.727638512189173
2696 2.8638654012849645
2697 2.581929680777403
2698 2.5693442494488528
2699 2.8423286653416713
2700 2.6081400099545764
2701 2.620775503457659
2702 2.943627614323935
2703 2.586493147461894
2704 3.580502711548814
2705 3.2496569544692036
2706 2.9793684181335016
2707 2.83927518488378
2708 3.219783164361567
2709 3.0903803737610196
2710 2.6448194278458868
2711 2.6690986946593185
2712 2.6197392387816185
2713 2.6745722973186523
2714 2.684859052259291
2715 2.5893391264603514
2716 4.293110892148773
2717 2.549362360506053
2718 3.2468813441281323
2719 2.753078304733829
2720 2.722545775704621
2721 2.6750004395220945
2722 2.859680375602402
2723 3.291554709661601
2724 3.6450398620641624
2725 3.6632869481805415
2726 2.75991369776045
2727 3.650858984433264
2728 3.631947965426644
2729 2.5813098643047465
2730 2.99204881573484
2731 2.4900980152663985
2732 2.636855012689061
2733 2.7411291443978287
2734 2.5314108495038594
2735 3.008823686062912
2736 2.5737509960170324
2737 2.5480533167513912
2738 2.6415590578352024
2739 3.365951598974863
2740 3.4524577553279223
2741 2.702672108862274
2742 3.372597938965477
2743 3.0975504444991913
2744 2.959602394991888
2745 3.1475208919937687
2746 3.394948130508403
2747 3.4782661792939984
2748 3.113300788541767
2749 3.4654464619052563
2750 3.485446164505026
2751 3.4078317130734184
2752 2.909231622475209
2753 3.634440685621319
2754 3.522395895402675
2755 3.0494985882456667
2756 2.640035275893729
2757 3.3142565144112877
2758 2.94873817277105
2759 2.857221451447458
2760 2.9343971621318734
2761 3.1022233021672827
2762 2.780194800709691
2763 2.6720191296012112
2764 2.6864966306403915
2765 2.8410014141215303
2766 3.836069684324459
2767 2.777379368629177
2768 3.18049889927927
2769 3.3679035883674566
2770 2.635058873369615
2771 2.8215336504872983
2772 3.1339289720328103
2773 2.9856902342100247
2774 2.6799194372262996
2775 2.9743880206399838
2776 2.550630503185428
2777 2.7385679598708608
2778 2.910196919027541
2779 2.7227733767273676
2780 3.2087676007720045
2781 2.6667197914061993
2782 2.7984057443695414
2783 2.7147395615741567
2784 2.9566463393546334
2785 2.5585237311699616
2786 2.5505679442854183
2787 2.5150696634552245
2788 2.802762332180362
2789 2.625713748069645
2790 2.7067490783795507
2791 2.7172067515279212
2792 2.5722869523880605
2793 2.6383424913624505
2794 2.5980641867215613
2795 2.676530956516465
2796 2.509349813267194
2797 2.6711517864411047
2798 2.6321314551825865
2799 2.660995810981124
2800 2.5805130121838906
2801 3.695997392310277
2802 3.175589393277928
2803 2.7824483614760394
2804 3.259126093932168
2805 2.9932109017094906
2806 3.247587775978137
2807 3.1853021108949133
2808 3.1325087071186726
2809 2.837007809608758
2810 4.625036968682972
2811 5.150587627039104
2812 4.782498716929329
2813 5.153633431155771
2814 5.023731612882247
2815 5.060113277751106
2816 4.549784990369114
2817 4.6254093654758694
2818 4.291929329927471
2819 4.2093499308360265
2820 3.4113151372460337
2821 3.246846429556685
2822 2.7992986610109196
2823 3.2372693467692453
2824 3.632765862016284
2825 3.1984800367191197
2826 3.1776246494996285
2827 2.6859202030309333
2828 2.900939411208408
2829 2.78086918697724
2830 2.870641555059887
2831 2.905415097126879
2832 2.838420860329747
2833 3.0214195760133205
2834 3.024945156392988
2835 3.5733968093178032
2836 2.7316310710833367
2837 6.292112049486909
2838 3.155923512468992
2839 2.998283443949713
2840 2.9116689386164984
2841 2.9025031227286244
2842 3.581688263133301
2843 3.432181327683194
2844 2.919395911819739
2845 5.228847560936377
2846 5.732968943231485
2847 3.4892757291714847
2848 3.420024342597672
2849 3.0401754281051208
2850 2.7474381924650326
2851 2.667792376996181
2852 3.7312193996917506
2853 3.3787181665076966
2854 4.809835908283515
2855 3.6629075276065337
2856 3.5229803349488997
2857 3.207418185921612
2858 3.193234687935658
2859 8.553539781033127
2860 5.164411008919385
2861 6.147304515983957
2862 6.4975822184628695
2863 6.523312723357891
2864 5.913745197437069
2865 11.055482827093956
2866 8.608516220749829
2867 11.82326015920491
2868 12.252450340936793
2869 12.413344717120285
2870 12.43325167161981
2871 12.101450924982556
2872 9.809443301585073
2873 8.199544095275915
2874 8.979137969583212
2875 8.210085421459507
2876 7.9332595806852755
2877 9.887511442043685
2878 8.952619766675594
2879 8.668420687208084
2880 7.946650721558235
2881 8.807353751587863
2882 7.527626801345314
2883 10.18311297090493
2884 11.504379654547424
2885 10.86427076221147
2886 11.649006440916315
2887 10.180381309101273
2888 9.312672282958443
2889 6.910967529514551
2890 3.8273193346667567
2891 4.356590667415235
2892 3.747868506374073
2893 3.57924875656896
2894 3.332333176628371
2895 3.7694457315071146
2896 3.4560330713780747
2897 3.4606095651396327
2898 3.793588764019898
2899 3.665311939242166
2900 3.7663322407930746
2901 3.5897151275121852
2902 3.539155821929678
2903 3.528824987051109
2904 3.700329400326572
2905 3.512955440894391
2906 3.6588421052098683
2907 3.542110087518498
2908 3.5972659077147737
2909 3.6762993096859247
2910 3.5164436095737583
2911 3.857706720497621
2912 3.7773104509991766
2913 3.6099918824020274
2914 3.7710688060154616
2915 3.639269409853909
2916 3.622604014166891
2917 3.5592071812162516
2918 3.750506730087664
2919 3.5863608214586167
2920 3.640534504227258
2921 3.6351357561972635
2922 3.5095949962069484
2923 3.6006498845864283
2924 3.38328941590946
2925 3.6050525732362115
2926 3.4197182085297273
2927 3.328306443356674
2928 3.6702111969780447
2929 3.663908975330509
2930 3.4168284682802272
2931 3.5638587128537074
2932 3.519043784757507
2933 3.7192555365590043
2934 3.615368103881317
2935 3.4106032167485028
2936 3.5576260812712794
2937 3.674386193327175
2938 3.7624874381039777
2939 3.427916394745612
2940 3.7473455803166633
2941 3.5844955472530433
2942 3.393319950520686
2943 3.381599024112269
2944 3.4050443387108733
2945 3.757210645673332
2946 3.494065966796482
2947 3.3979184216553455
2948 3.7639284231617225
2949 3.6770572960723484
2950 3.5109634098860623
2951 3.421700387288962
2952 3.6414566374319497
2953 3.4213121161482363
2954 3.535767445655948
2955 3.7795557114217204
2956 3.5211011820145757
2957 3.4318219024575076
2958 3.4927488933373603
2959 3.369543600904495
2960 3.4115003476768373
2961 3.3560438689946377
2962 3.764866994509718
2963 3.044123550334662
2964 3.5585387177644323
2965 3.724779535319888
2966 5.310630088540036
2967 8.826130138016682
2968 8.710056293100559
2969 8.132346624318044
2970 8.921932083573385
2971 8.461136012358708
2972 9.236274341341664
2973 7.801161520820843
2974 8.076385381098374
2975 8.276837341183176
2976 7.93053016400955
2977 8.890525008708027
2978 7.414476674829113
2979 7.5594481350585285
2980 8.393232776971708
2981 7.6907135847403625
2982 7.78968620363785
2983 9.437891266371002
2984 6.600505089594063
2985 8.551600069292617
2986 8.053941357293564
2987 9.144937549126833
2988 7.931976014247833
2989 8.541368664635694
2990 9.093792875779569
2991 8.45223938949508
2992 10.07603877746113
2993 8.344440355690208
2994 8.224131545024832
2995 9.459796391694711
2996 8.563602195113903
2997 8.77634320134644
2998 10.25215934405307
2999 8.816252600289943
3000 8.868532380632214
3001 9.146761613120708
3002 5.793126089009579
3003 10.60843790418218
3004 9.48089503220024
3005 8.273781867318478
3006 9.196332826748677
3007 9.374322899377058
3008 8.472167241647847
3009 8.116681059286126
3010 8.242535563964182
3011 8.557883742409306
3012 6.704578526029077
3013 9.57046288163225
3014 9.727382897207303
3015 8.794788925477565
3016 8.757574806863431
3017 8.977623902383128
3018 9.209341098771368
3019 9.626917082194897
3020 9.437997737066233
3021 9.434345738581312
3022 8.13066217585753
3023 10.444265850411806
3024 8.61117453934331
3025 7.9547119240031625
3026 10.15325102763132
3027 10.746988466085263
3028 10.831081832435451
3029 8.943781806386788
3030 7.7652547967683585
3031 8.82309860711172
3032 8.929994008745012
3033 8.323346202271924
3034 8.69935725940269
3035 8.555616802319635
3036 8.112559080687836
3037 6.740796606830602
3038 6.9390610689129755
3039 7.587285047325481
3040 9.108026082722976
3041 8.399767655479609
3042 9.802845982604984
3043 8.640478170729883
3044 8.79028013614723
3045 8.258489778473256
3046 10.11630664058795
3047 8.052623189647356
3048 7.754279117983308
3049 9.621775238343172
3050 9.619505920729363
3051 9.248069429509336
3052 7.696642540319381
3053 5.390558350474583
3054 5.676029812715434
3055 6.959907424246078
3056 7.15941289189301
3057 6.972266215894631
3058 6.248151360152171
3059 7.799746196632507
3060 5.9926084251666625
3061 6.3202660997181175
3062 6.554500599569927
3063 7.025429536008211
3064 6.6630097260885846
3065 6.1303741206504325
3066 6.268129465325378
3067 6.338356763603501
3068 6.601410991812646
3069 6.208973745667787
3070 7.221710373183467
3071 7.119908146642036
3072 7.023963759160394
3073 6.923428154108853
3074 7.290130306281185
3075 7.998930879298611
3076 6.784051679600242
3077 7.077278137934907
3078 7.597359693461614
3079 7.767713230182533
3080 7.142140727610219
3081 7.2529721886612455
3082 6.606082293597135
3083 6.152363727772252
3084 7.501093783569711
3085 7.175547839586126
3086 5.867878789587201
3087 6.97133686736201
3088 7.6101769178973875
3089 8.713062961688356
3090 7.294305118046549
3091 6.139155233592004
3092 6.602155148489792
3093 7.377225992774919
3094 6.761848697120955
3095 7.404053268036727
3096 6.958014235523882
3097 7.241478780764128
3098 6.547508110869293
3099 5.667782316241723
3100 7.046131846337813
3101 5.4790380807315655
3102 5.846704791059281
3103 6.986522306611666
3104 6.784143162980366
3105 6.683463249614303
3106 5.8976650942946325
3107 5.430385218494493
3108 5.949797488317589
3109 5.239019368854074
3110 4.885561575185416
3111 5.189714179431142
3112 7.3772465826888345
3113 6.29076080839844
3114 6.054794452938969
3115 6.825008965791719
3116 5.288508043956209
3117 4.793616092256003
3118 6.078007877153517
3119 6.1591659037061035
3120 5.598451031768935
3121 5.401126341584521
3122 5.387231012345883
3123 5.2295458302976705
3124 5.313790591603482
3125 5.126419696061552
3126 6.245420887358813
3127 5.4066015087444
3128 4.8636083469640665
3129 6.31378393792245
3130 5.9831088033796975
3131 5.133744018046512
3132 4.263269560409473
3133 6.101971861143437
3134 4.723401558939557
3135 6.022313462249759
3136 4.756443348713479
3137 5.371967682594518
3138 5.8159964174788925
3139 4.737572703750419
3140 5.414482344297887
3141 6.989537959843396
3142 7.58917132150065
3143 7.199115118329165
3144 8.535223487918318
3145 6.344256837580522
3146 6.3243627723317815
3147 5.325433826382625
3148 5.996638368234164
3149 5.343598853401975
3150 5.9252052874204155
3151 5.7562646651215585
3152 4.860749812902413
3153 5.913549042690573
3154 6.470863061739394
3155 5.579171554020125
3156 6.067903781535992
3157 5.594965604484611
3158 6.370040017426444
3159 5.562219143964695
3160 5.72215488818448
3161 5.913843260364349
3162 6.673535312389972
3163 5.661380706040546
3164 5.201677022921564
3165 6.267258952756881
3166 7.141009809427038
3167 3.306014629460176
3168 6.704336835253126
3169 6.589687686636871
3170 6.038758809221793
3171 5.002659674852232
3172 4.159825212402304
3173 3.539993564794285
3174 3.3300360107769684
3175 3.5786080219068084
3176 3.8390817084651885
3177 3.2039747558073057
3178 3.157868994919321
3179 2.8117755813581824
3180 2.799593751320093
3181 4.332472067790556
3182 5.3127179436055085
3183 5.947842090802774
3184 5.902952564797352
3185 9.02743395265666
3186 6.759361554307419
3187 5.613735866762457
3188 5.844044634404365
3189 6.450861119120526
3190 5.858463039971885
3191 5.512211705844846
3192 6.05970816888657
3193 7.314567679448516
3194 5.155278164513682
3195 4.878476503854337
3196 6.142486575607183
3197 4.465632020628219
3198 2.9275058546398953
3199 3.714016388877878
3200 3.2199559984822974
3201 3.6089730792441737
3202 2.9179002760893207
3203 3.598447022642561
3204 3.6385215762565655
3205 3.657200516858594
3206 3.2072491678157165
3207 3.19728578377029
3208 3.282750889762462
3209 3.54412043347071
3210 3.107097478993118
3211 3.28727132163157
3212 3.6596601270070113
3213 3.206603672209113
3214 5.847263822844985
3215 5.576709550069242
3216 5.216416304771495
3217 5.951894412519922
3218 5.98620410314586
3219 6.27282151931929
3220 5.429521086990152
3221 5.939228189978774
3222 7.124330291115675
3223 4.857971534952394
3224 5.098248918044658
3225 5.560510209372106
3226 5.358189952036519
3227 6.0616539018264115
3228 6.205859236206801
3229 6.160178324236619
3230 8.097090324277406
3231 8.16234095887439
3232 7.328799339935578
3233 7.70089733632504
3234 8.950261024810663
3235 8.226029761508553
3236 6.821386491566156
3237 9.032701173555019
3238 9.225101050840056
3239 6.560584991705819
3240 6.170985031637413
3241 3.1800859432527915
3242 3.344980907080071
3243 3.2430146784610745
3244 3.200987960894611
3245 2.906571110140233
3246 2.903669204148385
3247 3.1022916393563054
3248 3.9841984437374447
3249 4.889252951259141
3250 5.191842857218895
3251 4.6347197144080035
3252 6.683133544120491
3253 6.333283176962221
3254 5.7266658140584035
3255 6.018095678840781
3256 6.468618998475739
3257 6.837787468204195
3258 6.602820438124248
3259 7.23826835557466
3260 7.062249375911663
3261 7.306208522189415
3262 8.261773823512156
3263 8.234087631372427
3264 7.574801953639793
3265 7.007954721008904
3266 7.551320413287934
3267 7.484680390961456
3268 8.277803854934485
3269 7.919824883038186
3270 7.824086459531514
3271 8.307785339600022
3272 8.064129648659698
3273 8.12263370881887
3274 8.026421884419877
3275 8.111594582369827
3276 6.591667673966258
3277 8.883629449295238
3278 9.05291773369817
3279 8.899202702161734
3280 9.222261238761497
3281 8.901367822528124
3282 8.446136564359092
3283 9.055316653181798
3284 9.474037331184073
3285 9.385341081474078
3286 8.614090316488406
3287 9.074508716496235
3288 8.758254235732274
3289 9.15114114668455
3290 8.925233770306505
3291 9.540716121835892
3292 8.593025037611643
3293 9.095240980818765
3294 6.639514116067252
3295 7.716338345041991
3296 7.749224995511605
3297 8.820151011068429
3298 8.20308343404662
3299 8.329804437183522
3300 8.77007948714518
3301 8.28419094466179
3302 8.26633458692979
3303 8.653490257526943
3304 8.211174386765945
3305 8.192302253123517
3306 8.468863978676334
3307 8.665454398875173
3308 8.465299357188956
3309 8.492434847641297
3310 7.531955956363507
3311 7.559243466101893
3312 9.222769299674896
3313 9.613343745357732
3314 9.100614904992256
3315 8.118256713545762
3316 8.270491201259482
3317 7.635294418807214
3318 7.357086461405181
3319 7.972150109868558
3320 8.397546253128693
3321 7.9102053094568845
3322 7.550441232181993
3323 8.437989109541881
3324 8.26574681143153
3325 8.0611695068249
3326 8.062139818295009
3327 8.342927385128437
3328 7.938521415583385
3329 8.248458827292412
3330 8.292823918766995
3331 7.10568901689108
3332 8.692085671478576
3333 7.774922818306889
3334 8.753021528404153
3335 9.626590476312526
3336 8.268004462785848
3337 8.966175967873998
3338 9.139107647668057
3339 7.666481055540077
3340 7.8588757454929805
3341 8.495276937029574
3342 7.507711003479336
3343 8.65958869679831
3344 8.742957035868871
3345 7.841823910193244
3346 7.49631474706078
3347 7.634706858647206
3348 7.250304936174478
3349 7.509780205611242
3350 8.724796584592433
3351 8.45594118913147
3352 6.750153685910121
3353 7.823354242292236
3354 5.7618748199272245
3355 6.343353142895322
3356 5.605237120113507
3357 6.533624828273143
3358 6.877477647363338
3359 6.3916607680852096
3360 6.728923097696454
3361 7.455835649922514
3362 6.704850715501407
3363 7.457536631031434
3364 7.6708028677012425
3365 7.740292894012341
3366 8.36640353661725
3367 8.122791332540915
3368 7.178261516998741
3369 6.254683684503746
3370 7.1223759603384975
3371 5.865037524536308
3372 6.731769311963033
3373 7.58275127775652
3374 8.356088563971477
3375 8.938328435236226
3376 8.874208657331918
3377 6.636016762739217
3378 7.822991810374524
3379 7.795883409164198
3380 6.3121832297465446
3381 6.748712386344837
3382 6.177029951885809
3383 6.603041623783001
3384 10.357320044612882
3385 8.442270209905006
3386 7.342985898587285
3387 7.980531161709659
3388 7.8673114210240636
3389 8.129336167339611
3390 9.216872707345471
3391 7.762479019113214
3392 7.708338064145259
3393 7.219614138239883
3394 8.747772134244045
3395 9.22462350018574
3396 9.23962413981346
3397 10.455413548138704
3398 10.04526224381802
3399 9.898376845420364
3400 9.822153532929466
3401 8.405009570280267
3402 9.85923546254737
3403 10.628796187068616
3404 10.478281602847057
3405 9.267989638683922
3406 10.023709984560643
3407 9.407730322418033
3408 11.1166103531919
3409 10.757993160633445
3410 10.370440765042137
3411 9.827266870032371
3412 9.45642546747054
3413 8.135808900317183
3414 9.634317038323319
3415 10.785597619913242
3416 9.719403954429184
3417 10.7101180921188
3418 8.657256237172877
3419 7.515301608128275
3420 9.289371909025544
3421 10.04493577161108
3422 9.49427868803748
3423 10.30056094699538
3424 9.852014051144836
3425 10.233718125690382
3426 12.757694582254956
3427 10.212117858538072
3428 10.36124314534671
3429 10.24306571711154
3430 9.079322789351846
3431 11.208086201274192
3432 11.050558421254411
3433 10.06412439114711
3434 10.229529373889019
3435 10.97071735460356
3436 12.303562127854594
3437 11.461457229225472
3438 11.782253025386868
3439 10.456887748902242
3440 9.91154464247543
3441 9.347338254378649
3442 9.73202451401672
3443 9.49745707189956
3444 10.3394446669913
3445 8.89906238477552
3446 9.80661617694879
3447 9.997664164984547
3448 11.18556864159765
3449 10.459467319982194
3450 8.056076211197377
3451 11.834836801970697
3452 10.216615237244202
3453 10.077788212570832
3454 10.233069620354621
3455 10.188925039852858
3456 10.438398234091986
3457 11.300250979251768
3458 11.726817301646049
3459 12.429191835792315
3460 11.838280513953762
3461 9.38913964088866
3462 10.515348060641607
3463 10.459126016198013
3464 10.807895093478782
3465 11.95933520131422
3466 10.320584689958425
3467 10.14925002701554
3468 10.649615370777115
3469 9.74030337243565
3470 10.58046148213303
3471 10.275265257446534
3472 9.477953232441783
3473 11.013088737970714
3474 10.232628675711426
3475 12.083151960760416
3476 11.175084548802202
3477 10.543997527326498
3478 10.565661996230718
3479 10.041386110440804
3480 9.913435645109299
3481 9.391291608776173
3482 9.855702506256502
3483 10.429337935607172
3484 10.462749002982735
3485 9.959302718878638
3486 6.2473574275533865
3487 8.900373985149256
3488 9.053149930037396
3489 10.224436738036706
3490 11.547559400572712
3491 11.036552599502558
3492 11.93094696571375
3493 9.940106111264514
3494 11.030473495933174
3495 10.948737923409048
3496 9.584699001213052
3497 10.37838364381059
3498 11.711463479735501
3499 10.90253955753092
3500 10.031711063809519
3501 9.195811428425362
3502 10.464169104008583
3503 10.540963056096476
3504 10.803518513764278
3505 10.769615240495211
3506 11.949159438640702
3507 10.90219710298649
3508 10.51406496977918
3509 11.436578731734759
3510 11.824838236051852
3511 10.446048994844567
3512 11.008171170871012
3513 10.696859191549052
3514 10.508948430414748
3515 11.74509947077786
3516 11.584763901783205
3517 10.913251103407017
3518 9.660496282054597
3519 10.619545554665958
3520 11.477783896049734
3521 10.760615888789854
3522 8.813323260179997
3523 8.876637889927705
3524 8.58101568839314
3525 7.158357740273092
3526 6.430562181118754
3527 8.137105377803874
3528 8.11782650670774
3529 8.798912753825338
3530 7.427891763884438
3531 6.307894149242558
3532 7.798589469039736
3533 7.919157383727008
3534 6.188326645136974
3535 9.387129471579994
3536 8.593203652823313
3537 9.802895716119783
3538 10.209457815874957
3539 10.930545616529123
3540 10.264000683438338
3541 10.945003736416945
3542 10.589972848976615
3543 10.862181694538265
3544 10.495984602382183
3545 10.900782053201207
3546 10.925543876258217
3547 12.564112316309874
3548 12.487267143638725
3549 11.663617316233353
3550 11.121614623274274
3551 9.823701565818562
3552 10.782856715931619
3553 9.424992922835997
3554 9.868855198697117
3555 11.818657825713075
3556 11.109269453626842
3557 11.937173144659269
3558 11.117723099307947
3559 9.75301852899787
3560 10.419929996336375
3561 10.537778996117384
3562 11.372094183170347
3563 10.247231153585593
3564 10.554020551007216
3565 9.501612648866958
3566 10.443934909246497
3567 10.980242714901427
3568 12.366399993435468
3569 10.977868963968454
3570 10.593264791877946
3571 10.0772099443786
3572 12.034726057688536
3573 11.935014977065578
3574 12.728821019837586
3575 11.85927910561468
3576 11.161328376551916
3577 11.983342031958431
3578 11.112756143612815
3579 10.961234370980428
3580 10.865325391439715
3581 12.09430136029977
3582 11.829820696390586
3583 11.687454648641285
3584 11.422938001337611
3585 11.417706639625306
3586 10.754433768747614
3587 11.89696950314675
3588 9.493953021494514
3589 9.989438729319547
3590 10.479759595239862
3591 10.789484209915141
3592 10.749251719565786
3593 11.191432153112322
3594 11.576111867413287
3595 11.117700778050365
3596 10.589780834983381
3597 12.038324466792252
3598 9.693325138467085
3599 10.952644512213302
3600 11.602990337680861
3601 9.4014336594126
3602 11.353109436278542
3603 11.430918566221823
3604 10.86691016008283
3605 9.887082875091888
3606 11.848860433776391
3607 11.304770007833275
3608 10.686828039916776
3609 12.735014046465963
3610 12.176027982266302
3611 11.769091314732192
3612 9.824137954751913
3613 10.977789795573697
3614 11.409743767685697
3615 11.704932512938896
3616 10.624276154759023
3617 10.408280214403925
3618 7.757110152880594
3619 7.765429236249133
3620 9.40880260417935
3621 9.8550616538319
3622 10.161238957205969
3623 8.801037263431015
3624 8.105926085556058
3625 9.53906753621588
3626 8.132407445842814
3627 10.463022196985213
3628 11.101061376746856
3629 11.497334732158865
3630 9.570237331261106
3631 10.285476017363713
3632 10.543817679414095
3633 10.772600482395749
3634 12.044039836476745
3635 11.854134884935469
3636 11.909592149480357
3637 11.980682838480005
3638 11.316418927979573
3639 11.424521098512598
3640 10.78046406647971
3641 10.015500833805278
3642 9.675544798111682
3643 10.916890287537017
3644 10.19822177922206
3645 11.047762568564725
3646 10.039907583141286
3647 9.362339937724387
3648 10.114185813988687
3649 10.526265711052178
3650 12.971009807056001
3651 11.826820761712492
3652 9.557268764491038
3653 11.276496832442957
3654 11.694991317562122
3655 12.678520416736099
3656 12.378099053637746
3657 11.592911803414943
3658 10.803866175203082
3659 11.757622753154767
3660 12.617555481284649
3661 12.287417452251061
3662 10.586328081476358
3663 12.483041603078776
3664 11.407810687588748
3665 12.580132216532043
3666 12.839521391201082
3667 13.106129488573124
3668 11.367699296227089
3669 12.403705563584674
3670 12.97769672183857
3671 13.083666263313589
3672 12.829004232489476
3673 13.234393001023705
3674 12.577591207011134
3675 13.515054546646791
3676 13.241032893640309
3677 12.346558137490431
3678 11.331792261597268
3679 12.506925684546577
3680 13.043185163521672
3681 12.18266056286471
3682 12.454097960470632
3683 13.875434646534835
3684 14.304677492178195
3685 13.600549961751318
3686 13.862983238613797
3687 13.664454198741932
3688 12.484105630540412
3689 13.407708439300045
3690 14.251248209899678
3691 11.951021955644872
3692 12.685207184877612
3693 10.423083255194367
3694 11.74449463778247
3695 12.88257271288489
3696 12.534744109931912
3697 13.301889372778312
3698 13.419798807947185
3699 12.6799113210999
3700 11.563783720439973
3701 12.11451997909142
3702 12.278448952383313
3703 13.034521644516383
3704 12.470461251998433
3705 12.088235633533696
3706 11.186677232070915
3707 10.98112141252025
3708 10.142632159140904
3709 9.934310676609332
3710 10.940631974079828
3711 10.68289360880053
3712 10.372622942156575
3713 10.802102848266372
3714 10.789859606915481
3715 10.297487227507892
3716 11.184911363137687
3717 12.709578554504029
3718 12.382180843205902
3719 12.085815109271367
3720 13.278574751075727
3721 12.075436219734371
3722 11.054925167636478
3723 12.383360586870499
3724 11.87948840789815
3725 12.442826020530378
3726 11.984855819873529
3727 12.323330654102916
3728 12.72701318959122
3729 11.695003611096809
3730 11.516460842504328
3731 12.626296258534168
3732 11.762538969294242
3733 12.701386230026875
3734 12.077280276492745
3735 11.782449585540201
3736 12.398182709336254
3737 11.438326153979181
3738 13.153536085786179
3739 12.849932018887367
3740 12.063067911866733
3741 12.8603303010821
3742 11.931293568919122
3743 11.719006489446487
3744 10.890131539147763
3745 12.142253558789655
3746 10.761613042386307
3747 10.869266174590917
3748 10.601835669874177
3749 9.957179244977345
3750 10.986414772714552
3751 10.36409959473414
3752 11.268934416537489
3753 11.148712872990906
3754 9.681005090601285
3755 11.549748457180604
3756 12.617022655960604
3757 10.382930117067366
3758 10.509948869140455
3759 10.67248482298466
3760 12.13125283101256
3761 11.77905043345104
3762 11.098380822453569
3763 11.178544547620328
3764 11.67434919993584
3765 11.275533872159095
3766 11.694681935652728
3767 11.076528174719627
3768 11.59511818296379
3769 11.197833604150293
3770 12.309934430169577
3771 12.085723110500206
3772 11.754971262947658
3773 11.494890556006158
3774 12.353176047272331
3775 11.937762220449189
3776 12.038374168527994
3777 11.711787099210046
3778 11.717825400765262
3779 14.041109060626917
3780 12.152068687684745
3781 11.563559517942098
3782 10.467994688969007
3783 11.616807498672166
3784 10.133558940694089
3785 11.148197246476162
3786 10.359740647936368
3787 11.831174753054281
3788 10.8073946621694
3789 12.573511037114146
3790 11.85960158690547
3791 10.703222052559038
3792 11.703936023941102
3793 11.027091842360642
3794 11.573202079528656
3795 11.889821149871535
3796 11.942692992449414
3797 11.60609486265122
3798 11.699945929573614
3799 11.445535449715573
3800 13.069294866851756
3801 12.934481144113203
3802 14.879600958038813
3803 11.693092693505651
3804 10.662365970252072
3805 11.118519492425545
3806 11.950393627181253
3807 11.608856600332876
3808 11.573895478976008
3809 12.095957309327845
3810 11.964927591121938
3811 12.353521976653813
3812 11.085563204873173
3813 11.177094684130152
3814 10.4089668601151
3815 10.428136603221242
3816 13.491614576903396
3817 12.958885260371511
3818 11.510853061168367
3819 11.817543008857811
3820 11.67487810451196
3821 11.328215922453731
3822 9.302571945637936
3823 11.69094903035693
3824 12.045745218739839
3825 12.703543456506594
3826 12.461322153399584
3827 12.676246835994489
3828 13.766457680465274
3829 13.408893978925462
3830 11.721522581649957
3831 13.740213131008751
3832 12.775443646695628
3833 13.149718146375129
3834 13.388009262529144
3835 13.043638931920553
3836 13.677328222609741
3837 12.803686134532521
3838 11.641460831796211
3839 11.754158131105456
3840 10.553878549826905
3841 11.151913783581678
3842 11.85719283836977
3843 11.66032746707429
3844 12.123151518814703
3845 11.57317405413833
3846 11.540933631404663
3847 10.997646538759628
3848 10.676337700321435
3849 12.589076685965294
3850 11.739837026165068
3851 11.44025924915843
3852 12.601503849505661
3853 10.02290476468443
3854 10.928385855248777
3855 11.911022415669908
3856 11.094243257286422
3857 11.863836198099227
3858 12.31865263934706
3859 12.537850215809323
3860 12.523314372470905
3861 11.186570419580281
3862 11.011945482270292
3863 12.522159694222186
3864 11.762421739504022
3865 10.263424749604702
3866 12.637956911545988
3867 13.053508524560067
3868 12.151006138119842
3869 11.39522101007106
3870 11.72929404480006
3871 11.809481609250462
3872 10.949866196466722
3873 12.3197995863448
3874 12.415443305321686
3875 12.286431521524097
3876 11.740759336490912
3877 11.795557811656886
3878 11.249110615887014
3879 11.140884450460584
3880 11.37803654806661
3881 11.62708556180475
3882 11.237896966596079
3883 11.24275772169255
3884 12.412246656156347
3885 12.63723596428759
3886 11.092451188210454
3887 11.101912249562536
3888 11.743637968088345
3889 10.65916088333694
3890 10.610308719284694
3891 12.596477994743244
3892 13.00777016113776
3893 13.269010428908139
3894 13.672856785230946
3895 12.98312775885015
3896 13.971327600549646
3897 14.938581544423286
3898 14.433199313265122
3899 14.633259922918498
3900 14.458507102946227
3901 15.157054973816233
3902 15.036015648747181
3903 13.986439514704593
3904 13.695649530746786
3905 11.277932429244062
3906 12.797093020016666
3907 11.3709577971282
3908 11.723759667617811
3909 11.437563732801346
3910 14.147139230467568
3911 12.513851679916383
3912 13.416508269486842
3913 13.994628995916402
3914 12.512243634475109
3915 12.822583646391877
3916 11.158553934581828
3917 11.534229379154112
3918 11.42576249177182
3919 11.814266456825004
3920 12.974569675259106
3921 12.05866881983808
3922 12.44694504352157
3923 13.667254571101841
3924 12.474800215535792
3925 12.185846313214636
3926 13.122835283147063
3927 13.110326513129062
3928 13.280345938325521
3929 13.339434069771695
3930 10.836674008125998
3931 10.740699640855185
3932 12.664164588807228
3933 11.742067101247224
3934 12.291898889808415
3935 11.476719064703644
3936 12.312752607235968
3937 11.956116390329639
3938 13.267863743615361
3939 14.098626001440978
3940 14.166083240825872
3941 15.036526764970565
3942 12.797967602548887
3943 13.338968712210953
3944 13.206862998850669
3945 13.192431257979068
3946 13.0026376065019
3947 15.73358579381923
3948 12.6510446011318
3949 12.877455319725016
3950 12.208238872766353
3951 13.346105546491588
3952 13.288378141194315
3953 12.901023033031937
3954 12.675483819218814
3955 12.918594570309995
3956 13.5908479445398
3957 13.535616474521646
3958 13.777987004981759
3959 13.363724067540938
3960 12.562965054140237
3961 13.765572288304613
3962 13.297059767842459
3963 12.988779403804706
3964 13.27896696617189
3965 11.822836137150489
3966 11.903423399818097
3967 12.530823787817512
3968 12.321538181826224
3969 12.47797178299705
3970 11.600027265419266
3971 12.219728323981345
3972 12.782046211735457
3973 13.651642297594604
3974 12.664425202835949
3975 12.406179072702669
3976 12.723699455817341
3977 12.083658024146683
3978 12.998717337555236
3979 13.210119920660164
3980 11.85954165938776
3981 10.824011192640961
3982 12.263692791307127
3983 13.383197865084615
3984 13.053373439570384
3985 13.494757235968034
3986 13.773216520746356
3987 13.479320376103374
3988 11.592182822793422
3989 13.068202902159118
3990 13.003419927801279
3991 12.375074837322192
3992 12.965029042278491
3993 13.05677684647667
3994 14.248576692032184
3995 12.470154640690446
3996 12.461397473970607
3997 12.847954230354858
3998 14.769992857191207
3999 12.797566575723163
4000 13.90184572625529
4001 21.182603039706592
