0 30.801393361493435
1 32.017788184156664
2 32.443360739432904
3 31.009055648962715
4 30.067902590066666
5 31.994395239739305
6 34.25358655014205
7 32.62385523577614
8 28.798711188271767
9 28.41728957531409
10 25.627012657909287
11 27.265883269235225
12 27.439980553514292
13 25.8411340904228
14 24.63830591334763
15 27.56426645633436
16 23.70526365895148
17 22.88965898503426
18 15.966711306569152
19 22.83589752237635
20 21.61621859107466
21 22.5693983204565
22 17.59139630832101
23 21.104637679509292
24 21.767390644200884
25 20.11461818832898
26 21.146176996903748
27 20.97153973185279
28 22.864916531547653
29 19.53621925233258
30 18.01316078453244
31 21.695143372998388
32 23.747002947942146
33 22.490532612888817
34 22.208754209209555
35 19.21045565144496
36 20.303838419568
37 20.288093950473225
38 21.954058894318404
39 19.854556685088898
40 18.06704344826953
41 20.31473334244299
42 22.205533082797572
43 20.26563347477013
44 20.517854150168088
45 21.273305321323775
46 22.257813988804894
47 22.101576577941955
48 21.00704370403848
49 22.26733054229848
50 21.086282161182705
51 22.49209282070478
52 23.66445033630777
53 23.11344759082618
54 27.563871721263272
55 22.98265714439789
56 23.18705568468813
57 23.492469410608877
58 22.5099918618723
59 21.956049834620806
60 20.819148342736366
61 23.144235344243675
62 25.73001186243928
63 24.49661174877228
64 20.26295971303827
65 21.638356026231282
66 19.978387826222637
67 23.893701755803576
68 22.41815218714605
69 21.185444401018298
70 27.65839207212581
71 28.835526870070268
72 27.39018364839073
73 27.84566631104864
74 28.85839753013803
75 25.37767300730543
76 26.01622873878199
77 22.870657548674423
78 22.523120792070667
79 23.63249634572551
80 24.23313270921828
81 23.40002443048314
82 23.422162878088482
83 24.79238895760139
84 23.459926887572657
85 21.585331247771187
86 22.857506739871578
87 23.327004400780588
88 23.569285739885384
89 25.162582169755222
90 22.529570294523158
91 24.274559060838794
92 20.510606429540637
93 23.258246773853564
94 25.45198032937419
95 25.390361234570936
96 27.00295369493788
97 23.36322744293901
98 25.464380716582
99 25.473249388773784
100 24.920673119494793
101 25.988216785288945
102 23.34996264980192
103 26.15460951323047
104 26.00588483881306
105 25.317051769555167
106 24.808882944710543
107 27.809320833813345
108 23.901813930649393
109 24.74134706198741
110 26.060203843920927
111 24.2742325030208
112 23.02035710324268
113 23.42150213279846
114 23.962807195905185
115 25.78600189242346
116 26.831359962931597
117 22.61517445893244
118 21.538524150067616
119 22.01846217777491
120 21.958314230205325
121 22.23775222104486
122 20.329581398028484
123 20.08504696731514
124 21.460628331388815
125 20.768250630639162
126 20.854405684334708
127 21.900930242650258
128 20.165986476642534
129 19.260124790347906
130 22.195772970647052
131 20.161547898064626
132 21.933824169901303
133 24.449450045769193
134 26.269783270929967
135 22.057237696680065
136 20.535102524995235
137 18.989679959010108
138 20.262715693857295
139 19.931665084111643
140 18.98107160032224
141 22.499655111850643
142 17.625683059287404
143 17.13024322389579
144 19.162294831955993
145 17.09614904305295
146 19.14074831110637
147 17.517924775400605
148 17.937467365601844
149 19.564466616825335
150 18.91152444156866
151 17.336110915004653
152 19.745451825954444
153 20.90059592377992
154 22.710999876126724
155 24.809294334714462
156 22.583758473571933
157 17.03997623496256
158 16.000307486949485
159 12.656817687873009
160 11.14025815432177
161 12.50432749837504
162 14.795405170864818
163 14.942629274859394
164 15.4986132564661
165 15.08347961318937
166 16.463434182091774
167 15.72195736387804
168 14.817224425733606
169 17.51997793464424
170 19.086680638754185
171 17.42475204455345
172 15.870477359983044
173 15.4821585743958
174 16.023802826534993
175 16.121263180414733
176 20.19945376648293
177 18.02804122800609
178 17.213694947166953
179 17.49648272241788
180 16.11126417110925
181 18.53653417008797
182 19.760229587298788
183 21.72942501087878
184 20.943920742628713
185 18.83835768953402
186 19.799459066082008
187 22.30989217316918
188 22.655855862191846
189 20.377106816245977
190 19.652656821102923
191 16.88541339515833
192 20.431907634207363
193 17.667134719675843
194 17.419553581862843
195 15.814467524253091
196 15.481077496636118
197 17.724027432595594
198 15.965372992312531
199 14.437207863847663
200 15.039373646718685
201 15.513996204754772
202 16.345501887480886
203 14.227378471560613
204 16.3748287267749
205 17.245931415061577
206 14.483538728295262
207 15.082979277086032
208 15.776277700134683
209 14.611696542848367
210 15.017051402073243
211 16.18013418747427
212 16.466670625819663
213 13.934060320690815
214 18.24021473802891
215 16.519114246854546
216 17.54680232843595
217 16.105521089882682
218 13.88787369620366
219 14.034008016158921
220 14.159221147528777
221 13.294425843614235
222 13.814182506822
223 16.607730281781546
224 15.617796338119895
225 15.172241013221818
226 11.589689951424248
227 13.61551233114088
228 15.317682002781961
229 15.693576263626795
230 14.856280675479958
231 14.839220241583146
232 17.434261279810794
233 17.419284554083173
234 22.449482134312706
235 18.27362936000265
236 17.57678678453786
237 17.668777369603838
238 17.626812228999558
239 18.271463814631428
240 17.90724185689758
241 18.619590194382155
242 17.379432759631054
243 18.926592314080548
244 18.5414453427587
245 19.609937155732187
246 21.26963423902397
247 20.310731864618536
248 19.15731005474871
249 18.83543674702712
250 17.419811863959396
251 18.46345034862788
252 17.676249475345465
253 16.331170716824833
254 17.210371940796048
255 17.56655440430005
256 17.85762668216857
257 17.642033089166308
258 20.905286285525808
259 19.983389575153478
260 18.160068253628904
261 19.69349844730573
262 18.339352954117878
263 18.34856109164584
264 20.036032472037355
265 19.741244482955995
266 19.94733326495063
267 19.75984987258969
268 18.637993925023352
269 19.142040031791023
270 18.737277994078482
271 18.006937768654534
272 18.988006035809747
273 19.039321517832285
274 17.286050108470953
275 18.137984976273973
276 17.39736413773725
277 18.64039855148947
278 19.160663797396708
279 18.916123774908204
280 18.305366475869555
281 18.807183976725092
282 18.92147784915726
283 18.86564840351776
284 18.46721005984785
285 17.671266818593143
286 19.161653211207025
287 19.721493384655936
288 19.671541200613476
289 20.548706830017384
290 19.65656895530543
291 20.51931723540857
292 20.840022361160166
293 21.638227570075443
294 19.62689296043518
295 19.216809166845657
296 19.508693049749883
297 20.498605534766774
298 20.09319424558533
299 20.475220601822183
300 22.28537302012908
301 21.82712882759973
302 22.24231857225493
303 22.140508701362158
304 20.10453686305769
305 19.64080017366492
306 19.265938894798673
307 18.288695500526384
308 16.941472590541082
309 19.109166294962176
310 15.18244096213847
311 18.51260813838022
312 18.71540658988202
313 18.9878571521736
314 19.402571534913232
315 19.897020395353564
316 19.902523402777234
317 20.410879612343777
318 20.848602927951674
319 21.361757250503693
320 20.82210089004589
321 19.606961591236967
322 21.508634804257802
323 21.662145745069004
324 21.16744942445179
325 16.68496377383962
326 17.201894808135073
327 15.555710264660366
328 17.77172456510284
329 16.798552496581294
330 15.211757192965827
331 16.21133143745661
332 17.2866386693709
333 17.849421792803945
334 18.57992628012937
335 22.00363400497707
336 21.546406311069596
337 22.011410104903135
338 25.220477078836083
339 24.398550885783624
340 26.03402491009051
341 22.204966509191642
342 20.93411578800395
343 23.218977730473167
344 24.205498030434192
345 23.131844714065245
346 25.636218746837688
347 25.04614733701414
348 24.473957657758554
349 25.46866148900133
350 25.96930790858414
351 24.669914111083546
352 24.109017222503958
353 24.16369442807437
354 25.351037381329856
355 23.751718319601814
356 24.575918361579163
357 23.678070420389858
358 21.994865020044355
359 21.68352313097016
360 22.369456215456818
361 20.000902310256457
362 20.725916884239027
363 20.64571765465265
364 23.092798725622526
365 22.53658270603448
366 21.914591490013887
367 22.446740759477112
368 23.031586444187518
369 22.164628504592596
370 24.13745704317114
371 23.029168053856008
372 21.849905078568867
373 23.462857537091818
374 26.104353197238233
375 22.619973481621987
376 24.889135561837534
377 23.679597758376023
378 24.194163677661695
379 23.090031182343587
380 25.131781729185267
381 22.834386544025463
382 22.913688952162325
383 22.2107842903187
384 21.10483428887256
385 22.931877502903635
386 22.27762045994489
387 22.972130676114418
388 23.524867403509802
389 21.94428536767583
390 21.999773037867648
391 20.100904544348474
392 22.938871260943
393 22.42725329608014
394 21.795830355916333
395 22.596565261462338
396 24.73302335713336
397 22.0620004692589
398 22.666385364298314
399 21.15976700751655
400 21.664584601563217
401 21.853203762308166
402 20.754311526383844
403 22.025778416865556
404 22.291831165831283
405 25.189019112065758
406 26.06881682550737
407 21.781332936627063
408 22.30980786539732
409 20.4668995893241
410 21.842714680003176
411 19.90818825567968
412 20.430617950047516
413 20.10610783799359
414 21.828729790176546
415 22.858130392007407
416 21.55414313092132
417 23.00710255636222
418 20.394227004001884
419 20.11538238022893
420 20.00065173706812
421 22.105892158868752
422 21.87342019244712
423 19.612088285636567
424 20.881596992258082
425 23.080734128466222
426 23.820263767788397
427 23.078675288314756
428 22.451237922676608
429 22.17342557369163
430 23.469191470326383
431 21.762887773153302
432 21.744611361278512
433 20.85405337855657
434 22.100487611610944
435 22.321650868724582
436 22.56902217527973
437 23.881739197278055
438 24.555434653239
439 25.59865469389283
440 22.379316174970416
441 21.758457161332988
442 23.413895558303214
443 22.026292424806037
444 21.24186314219692
445 20.09087200487096
446 21.518133567564792
447 21.755521351865724
448 22.383396753353946
449 21.829096163499916
450 22.383279440597132
451 24.12032523361086
452 21.988551435131274
453 22.310018042540815
454 22.557069589398946
455 21.109103571442677
456 22.876579813647474
457 23.468593600488532
458 22.491795279977634
459 22.029655579426006
460 23.535777225588998
461 20.752583174055463
462 21.70427941208728
463 22.628579303912694
464 21.494440373780915
465 21.612553541514025
466 20.20869534478038
467 20.03317554724495
468 20.33646108286128
469 20.213545504606277
470 20.860309489088582
471 19.66644427643106
472 19.83235081121295
473 19.311384391417466
474 19.455230754881995
475 20.154897470939424
476 19.590499169300685
477 17.437298570863824
478 18.329531518587473
479 18.881905622555784
480 18.804393928243996
481 18.06069706117658
482 19.744108137197856
483 19.86700119326197
484 17.88134234925076
485 20.60224260118413
486 17.962360967818146
487 18.645324308299713
488 19.593374133134404
489 19.536160769045715
490 18.847363815350562
491 19.01949579054985
492 18.83847046286829
493 19.42692715427161
494 19.927906924801544
495 19.182602916981924
496 18.55251507501195
497 19.2374688515815
498 18.154859077021374
499 18.447748355209878
500 18.867292078653247
501 17.59819978978581
502 18.83633071352376
503 21.20889267160393
504 19.996807451126653
505 19.363773671766985
506 20.976049582886006
507 21.00221757372936
508 22.421640505565854
509 20.95670121681405
510 19.035256402768738
511 19.351453902476425
512 20.360481406649242
513 24.259578720311108
514 24.660818294821095
515 23.1142977567393
516 19.70636483944741
517 19.17777575963513
518 18.50118007585418
519 19.974238109808073
520 18.72083158508549
521 20.698330013415273
522 19.50046403876835
523 18.101605816342744
524 16.7331975576118
525 17.517828592234537
526 17.11907745634207
527 15.570164474341489
528 16.673297322340566
529 16.6024999064707
530 19.67778246092408
531 16.441494056076177
532 18.221903606723945
533 17.42540547339646
534 17.006821990620907
535 17.479281495728348
536 17.055980439454498
537 16.259086925546036
538 15.036071579640529
539 14.637836901052788
540 18.029409630903228
541 16.240901199949352
542 17.299318605600938
543 15.788839451742945
544 17.093911405807585
545 16.64659754013693
546 16.87189911103386
547 17.314427577611806
548 18.279779909026857
549 18.995490919950697
550 18.356454542426512
551 19.96439842701382
552 19.659600031206168
553 19.471420260497236
554 21.87327760120649
555 21.181368304020598
556 20.208088244649083
557 20.763436583619903
558 20.910686139051716
559 20.3430900735494
560 20.458014832418566
561 19.29862817221202
562 18.69465006148038
563 18.935634030729087
564 18.673066547454592
565 20.089365166002004
566 18.513888511314647
567 18.10536692442338
568 18.570040986453595
569 20.17340641545152
570 19.967300172226807
571 21.207164274545082
572 19.61305191678137
573 20.558738916584613
574 20.56943246312771
575 18.75709401817328
576 19.12791576029469
577 21.41306853710826
578 23.36310134675301
579 23.119019187097017
580 19.046706287573077
581 21.426239662054808
582 21.771542598494165
583 21.13519403079883
584 21.151193263332033
585 18.53625481729092
586 18.954769254849364
587 18.87496524911902
588 20.04178431722804
589 20.799814522948637
590 20.05501049672532
591 19.40297124408161
592 20.87563556362435
593 21.99958182023452
594 22.26155524277391
595 19.963636954553905
596 21.509487386534794
597 20.46759921110063
598 21.56401100360288
599 21.619158133698797
600 19.451175766659524
601 21.82922096934116
602 25.32722519450116
603 19.892419867052904
604 23.130222222825395
605 21.30564403088254
606 21.139445512826796
607 20.62960441214191
608 22.190415067068706
609 22.838308260151585
610 18.89151341645341
611 18.847572589449094
612 19.933971566928165
613 21.26345255625237
614 21.11650774272581
615 22.689927251405564
616 23.079235561316278
617 21.554805088023304
618 21.60643187170567
619 22.25312318592642
620 19.786498258620732
621 22.909833992692306
622 26.31073611385242
623 22.860719833870437
624 24.838067592059744
625 27.59956193859072
626 26.84227982512994
627 23.099279297673064
628 26.896343840935998
629 25.412145361472355
630 22.383030617226254
631 21.672483971665294
632 25.99927693433929
633 26.57762668442645
634 27.339884017742413
635 26.451009839307957
636 26.38234414866567
637 25.552910949430185
638 27.81234605995575
639 28.390723657907863
640 27.152621382738396
641 26.24499551521863
642 26.056734245541822
643 25.670443476417795
644 26.711357726425895
645 28.70976197093921
646 29.18352035775786
647 28.885616167391355
648 28.987920913587605
649 25.331120493180777
650 25.71577652281988
651 24.4544661197493
652 23.06871735754761
653 25.127775396026657
654 25.78112244061218
655 23.097768178150783
656 24.23494277200816
657 26.12335123918853
658 26.482055338618625
659 21.687006507233395
660 21.74892799959782
661 22.630700861200786
662 23.10426884199373
663 24.563401072217797
664 23.85601020742388
665 22.17750312762841
666 22.500704192138617
667 20.59825769051376
668 20.030629944126183
669 19.87892953710799
670 20.773129195160564
671 20.130599365711145
672 20.246063598496345
673 20.33611129534336
674 20.48156002562783
675 23.069211024596484
676 21.820368773059972
677 23.13519742029323
678 22.302156840621404
679 23.539697260708206
680 22.3014936035846
681 22.539342454509722
682 21.765521759218306
683 21.80221163518514
684 17.844847299547656
685 16.818581481001843
686 18.227637957771737
687 21.36070485332033
688 18.704577600004445
689 16.784673391865375
690 23.804511193133447
691 20.129335939427694
692 19.140691467900055
693 18.609720985676045
694 22.451843939892502
695 21.901778322523718
696 20.381364961985604
697 18.42951935982114
698 20.141502859750126
699 19.41319825355133
700 19.724440355616284
701 20.153752730182106
702 20.45970501139967
703 20.561527785227725
704 17.175759981712726
705 21.516135983066643
706 18.123042129762815
707 20.488585742363654
708 22.515440355626726
709 21.32170160457778
710 22.862650291711045
711 22.899260872425977
712 25.124646194020528
713 23.159382185228125
714 23.402861720737008
715 19.825999262587555
716 19.730537859562112
717 20.342956057673533
718 25.850425093871596
719 23.88281725590991
720 23.901639422756677
721 22.521734909406437
722 21.933648537555726
723 21.24229896951844
724 23.732649731046305
725 23.986388057991807
726 25.46750780494407
727 23.517137555140025
728 23.728186411650505
729 22.704845817061976
730 24.784950604060157
731 25.624851244084194
732 25.992778355454007
733 26.080979590508008
734 26.466842575433706
735 24.993909602440663
736 25.127741645131387
737 26.689554958350097
738 26.74576344313959
739 28.118674943363075
740 28.600554115877795
741 30.62557518892577
742 30.850834400988585
743 27.842345197037286
744 24.36674152498841
745 24.872083013561674
746 22.257442760564533
747 25.67616722543985
748 23.88276438004314
749 27.155898158756283
750 24.95116608349273
751 23.91880540945295
752 26.923939862425485
753 23.79249406232407
754 24.328502669322514
755 21.601369048640645
756 16.96626666698663
757 22.54298567018989
758 22.723524103244586
759 19.73074443955428
760 20.107984396879
761 19.220899662157777
762 21.178883132128682
763 23.234444648782638
764 22.918551379390177
765 22.729611057024186
766 22.342312199644308
767 22.892590060460865
768 23.799942832797534
769 22.188090137750244
770 22.72950478932594
771 21.497766075719817
772 25.567212005185112
773 24.569265602048368
774 24.775544653563212
775 23.76353525148847
776 26.243614897889536
777 23.24477374309885
778 19.441907164856183
779 23.813245058006537
780 21.618268655553823
781 23.739605693572532
782 23.156461472517105
783 26.067290061065883
784 22.247513194902673
785 21.471669918740545
786 18.25438184284804
787 20.96813772124659
788 17.347292849327594
789 23.396438259708475
790 23.843232099697985
791 20.25872422705278
792 23.65491448756617
793 22.22906468593149
794 26.43370170365471
795 26.962543637663362
796 23.106559087404346
797 18.88744576619414
798 19.1547199987544
799 19.679044264030104
800 19.24651039165682
801 16.792961082145013
802 18.316784336247977
803 21.13903755474157
804 21.584516852334893
805 21.452763378340528
806 24.070313388996503
807 18.421092158620645
808 21.883520437571583
809 23.28866695608092
810 25.315651197191844
811 25.35118640764731
812 24.857457897659987
813 23.639832452785395
814 22.676641557021934
815 25.294152906847927
816 23.439445465539283
817 25.27820084174361
818 23.24217111143105
819 24.296961479595435
820 24.452714593479506
821 24.628895321226572
822 22.895725055989057
823 24.084003363932183
824 25.060470393067042
825 22.51651365753847
826 17.701582175270342
827 20.545687498980755
828 21.200825537225413
829 22.392172951733343
830 20.068934715664913
831 20.13154735984798
832 19.382545057345514
833 18.15085365009546
834 17.671252543992928
835 21.033977444676655
836 20.605176627583976
837 21.91993121333287
838 21.4745826080068
839 20.011325654255845
840 18.94757038717777
841 16.968159746271965
842 17.81280541468141
843 16.715019877119964
844 17.393897538680065
845 16.069392887799765
846 17.287481021807523
847 14.376941752277858
848 15.61723053424079
849 15.116818698112091
850 16.37704131786218
851 14.853806375680675
852 16.3423670284687
853 16.32866318240346
854 16.34344729318523
855 16.988173507686902
856 16.244921966332434
857 17.06334431017666
858 16.06473316049097
859 17.53019491175996
860 15.942952789969507
861 16.986115755769546
862 17.39605176914088
863 16.25903460206109
864 15.957155580730525
865 16.77516890792648
866 16.330959593925463
867 16.178415835067206
868 12.857916234370704
869 15.485289141871824
870 15.62745079997318
871 14.506538865857657
872 13.874425666117933
873 12.346861098910408
874 16.32269113785689
875 16.32688398996231
876 15.591698577979168
877 16.099131788298223
878 16.89676505331542
879 16.876857344990878
880 15.99124187875668
881 16.341119172712276
882 16.52946292426002
883 16.98463323794228
884 16.35218994887207
885 15.329862910525675
886 17.270107646456587
887 15.787950071016702
888 16.444139074906854
889 14.65925737631215
890 15.651945931305399
891 15.460145462874586
892 17.33865263792978
893 17.93002458760184
894 15.767322125397818
895 17.19263480245762
896 15.798667692168529
897 16.28876587461341
898 18.137641462316836
899 17.604916285338533
900 15.589096792904419
901 15.008485392487925
902 16.07875771917175
903 16.276579422632327
904 16.775762682820904
905 16.495722785232243
906 14.992917238549571
907 14.143309460863227
908 16.469673118464748
909 16.968839637280343
910 13.806307341958153
911 15.220556311424927
912 15.494217088444012
913 17.967814378966732
914 17.290292685239123
915 15.219102368185954
916 15.120654375319402
917 16.24878986446835
918 14.067425091695597
919 15.897200423603836
920 16.299330992519263
921 16.397958258864428
922 15.72296792126621
923 14.89196903331044
924 13.090396828714319
925 14.246694626214449
926 14.242696072768302
927 14.457829621074392
928 14.448940041860466
929 15.270206668140847
930 13.194934614311505
931 13.495668250802353
932 14.742825073231767
933 16.43206880376606
934 13.97924433443753
935 14.67281119164532
936 14.870363510427529
937 13.287104686761033
938 15.116337101024577
939 15.937050066345247
940 15.717642422849254
941 15.053198772710891
942 15.194738458072212
943 15.685466885525107
944 14.34129266549519
945 14.647585446377088
946 14.799562861921228
947 15.08429740774274
948 14.454346585880282
949 15.14063016447882
950 16.056543682362452
951 15.024379964762254
952 13.826871195004133
953 13.311030065082358
954 14.742966799600534
955 14.085444612749544
956 17.32964426400553
957 16.140575131802667
958 16.072917176199947
959 14.53505622106806
960 14.426718808503018
961 14.293420501729747
962 14.710077922341153
963 14.768304227441723
964 15.430518206476094
965 15.039285090209697
966 14.313604735538005
967 13.904773109993174
968 14.677019988385135
969 14.8686933505386
970 13.095694533994383
971 12.900673659241711
972 12.651127410152448
973 10.91719608816699
974 12.935316367275187
975 13.93029140687702
976 12.745674176903982
977 13.479269925506937
978 12.080369432154567
979 13.049388871981975
980 12.726357192274673
981 12.3664409063939
982 11.94133407523078
983 13.933294718146778
984 12.852845093824874
985 10.984624741940026
986 12.93598037494387
987 12.089969508285616
988 10.091123312896244
989 13.572962062870161
990 13.937913982070148
991 12.918032587107358
992 14.05137126989647
993 14.41242864242172
994 13.878592680812114
995 13.570912921178314
996 12.943938090195475
997 13.753492479980885
998 13.487040084432685
999 13.606309510789208
1000 15.209654888196086
1001 13.956961045605897
1002 14.60611136119325
1003 14.151693924674182
1004 13.40841149627332
1005 15.981231108042826
1006 13.99746777395564
1007 13.88087242661316
1008 15.609868323563203
1009 14.667934025882673
1010 14.33567384870361
1011 13.727197244069478
1012 15.382225103255061
1013 14.265867316584842
1014 15.093386144822796
1015 12.488811679138658
1016 12.667859660985481
1017 13.18664782888972
1018 12.93568179982968
1019 13.985945895194623
1020 13.413652801262007
1021 15.551242817297469
1022 14.911747536494888
1023 13.169498329756685
1024 15.853167107142214
1025 15.991641679144497
1026 15.35803255169924
1027 17.99813768605689
1028 15.857626355741557
1029 17.606446885096858
1030 16.699651908785366
1031 18.799252482363563
1032 20.21440845854477
1033 17.12284603842257
1034 20.353207398980803
1035 20.834703184436737
1036 18.272223450835277
1037 12.593236963889542
1038 11.961828275109475
1039 17.196750019353207
1040 16.39759558458252
1041 14.73747849110779
1042 13.307465854540517
1043 14.22759385139648
1044 13.542014845841065
1045 12.381127790144902
1046 10.921755075410532
1047 11.066744833100525
1048 14.096554694589454
1049 13.799277915769323
1050 10.218384341166448
1051 7.253504440006008
1052 7.3643887651470505
1053 4.88782321523389
1054 9.670296492198428
1055 8.198740567033802
1056 4.324886095786243
1057 3.8291507747583364
1058 3.4560513455224573
1059 3.5385907409676243
1060 4.851166187731103
1061 6.380383495616219
1062 4.722198730449194
1063 6.488518231398327
1064 7.144185002322294
1065 6.9627171037688695
1066 7.2974363535673215
1067 8.382694570696845
1068 8.13668372186317
1069 7.875436249247991
1070 6.958132746482515
1071 8.072382284125784
1072 7.292807378316308
1073 7.212875848049441
1074 6.671256860687103
1075 6.289314573491273
1076 4.089895274745522
1077 3.415863973992382
1078 4.199773846749134
1079 4.612894271326268
1080 4.814401169226296
1081 5.183810128087968
1082 5.519598289085293
1083 4.240979773526783
1084 3.630771651922527
1085 4.350534598950585
1086 3.702839257028819
1087 4.237201883701612
1088 3.956011142076279
1089 4.712739955309633
1090 5.344267470630855
1091 6.974873625394491
1092 5.0409405108997
1093 6.147096102782544
1094 6.872597925195785
1095 7.427387151122559
1096 6.770967162754376
1097 3.5422264108989636
1098 4.097494346169861
1099 3.385150041910308
1100 3.543815218630695
1101 3.889469633756648
1102 4.2107511246300025
1103 4.021354647085514
1104 3.748740181158701
1105 3.9206993743868455
1106 4.28861868197614
1107 5.89552505907553
1108 5.482585727069685
1109 6.406135570378495
1110 5.019745934503491
1111 6.340710195976501
1112 5.90541050337683
1113 6.9493525717107545
1114 6.088596406329653
1115 5.862281866185721
1116 6.866225076570183
1117 6.990037754793557
1118 7.3039359441901155
1119 6.6326348109314415
1120 5.849665530709193
1121 5.579760077912763
1122 6.501240042953479
1123 6.5001187987600435
1124 5.678361396224916
1125 6.159099488899971
1126 5.680810120321147
1127 6.4903745882295985
1128 6.287548243826151
1129 5.874986444279626
1130 6.256329178431615
1131 7.109006861298168
1132 7.375499714079871
1133 5.369418449351326
1134 4.532935838646477
1135 6.1601656568126435
1136 4.2741155537535676
1137 3.539118241116774
1138 4.0081423158367055
1139 4.696410323766098
1140 3.7244956019081488
1141 3.526837488665585
1142 3.3718507205807002
1143 4.197554407274874
1144 3.4010466575177567
1145 4.7557810969251815
1146 4.662167462668374
1147 3.9750267411670386
1148 4.83507346741975
1149 3.545506587406152
1150 3.9389501878589996
1151 3.577762791434167
1152 3.472995300416544
1153 3.476485823498722
1154 3.4026398739717196
1155 4.194931375709309
1156 3.1888916186260103
1157 3.755048375679084
1158 3.45887757413951
1159 4.07369982946475
1160 3.603617152587124
1161 3.5151886238409245
1162 3.383277768120752
1163 3.4024456042870876
1164 4.588619022181781
1165 4.114744649767636
1166 3.366243444200252
1167 7.055961590310034
1168 4.599454664091217
1169 4.211994995356585
1170 3.4950431702233677
1171 4.280716259705971
1172 3.413331944993464
1173 6.060135914044656
1174 6.840987149299198
1175 7.485509298356135
1176 6.270712494366318
1177 6.416931924889292
1178 6.190647100350978
1179 6.583969746459434
1180 4.79143182547774
1181 4.6284618633478
1182 4.323706253999081
1183 4.65687175280043
1184 4.01599504934688
1185 4.9319141948680505
1186 4.285238276670653
1187 4.951200239176218
1188 4.3233011262296275
1189 4.3466441613394045
1190 4.359803156187014
1191 6.131040604941095
1192 4.256847293803716
1193 4.789599590048745
1194 6.085597095615465
1195 4.9285637473095125
1196 4.988415362272555
1197 4.818148918287209
1198 4.842053845138888
1199 4.465961179014993
1200 4.680341051903642
1201 3.3865501298072114
1202 3.396081406046997
1203 3.6143173049447443
1204 3.5749491530464277
1205 3.624713497058205
1206 4.856798896260908
1207 4.411881958931331
1208 5.004799346070836
1209 4.392176932740566
1210 4.661343341117973
1211 4.667286268537166
1212 5.106581783536825
1213 4.2801007682023675
1214 4.797683621255442
1215 4.579217115269632
1216 4.603476795059121
1217 4.941192871436969
1218 4.646059108333477
1219 6.036891460001365
1220 3.5881034131366487
1221 4.85574743939387
1222 4.785667615154639
1223 4.744018869376027
1224 5.955004756915394
1225 4.6845596320952945
1226 7.705264254427371
1227 5.977931683702979
1228 5.578329370242025
1229 4.856894892959704
1230 4.58781794929172
1231 5.405793709694633
1232 5.734856370944932
1233 6.773415874884099
1234 4.087045787304425
1235 4.828895644432462
1236 4.787430116864145
1237 5.153772557336252
1238 3.3343417192967397
1239 4.413533513667419
1240 4.982699687176504
1241 6.446848476403133
1242 3.3550947393459762
1243 3.449713600287254
1244 4.719250968980434
1245 4.756964555863622
1246 4.665169468011721
1247 4.322106358350466
1248 4.655228891944094
1249 4.548271811781014
1250 4.380829380502417
1251 4.495483752736092
1252 4.851764791308989
1253 4.887647647659788
1254 4.565865027880922
1255 5.7548037942326635
1256 4.474860733699711
1257 3.611908261901155
1258 3.506595661717217
1259 4.53439725198298
1260 4.6766719189117705
1261 4.875838276773854
1262 4.167575570079346
1263 6.389424627303509
1264 4.513133537158975
1265 4.504399901255389
1266 3.4352825875922837
1267 4.519734938365595
1268 3.973144499094477
1269 4.442521002383079
1270 5.670876006890632
1271 4.718237491984234
1272 4.550977299947159
1273 4.461493176202719
1274 4.7572138800230075
1275 5.09867162895243
1276 5.4727149399906745
1277 6.153705286447615
1278 4.752449719060579
1279 4.697648164611083
1280 4.58031803644936
1281 4.13351525204015
1282 4.543513539929218
1283 4.821554228474996
1284 4.610056450376476
1285 3.8565099444432565
1286 4.513285345826242
1287 4.605569622584061
1288 4.731192120221756
1289 4.704883147922659
1290 4.238592987289269
1291 3.322709332769948
1292 4.216984663561792
1293 4.4546475918025905
1294 4.422638467196512
1295 4.3289530413677815
1296 4.208005864844469
1297 4.371232440292644
1298 3.5357979288389267
1299 3.5292410264573224
1300 4.709776787946849
1301 4.021489190708291
1302 5.176637446969734
1303 4.3282184985937935
1304 4.297964031033361
1305 3.4035307788780367
1306 4.573810904790812
1307 4.355311326837911
1308 4.521704465561562
1309 4.292173136377349
1310 4.132798345795131
1311 4.924761922832895
1312 5.069009873565946
1313 4.4935827574163385
1314 5.001756339648331
1315 4.622065850991642
1316 4.849482265156952
1317 4.663481856629935
1318 4.833761859642265
1319 4.710548486853413
1320 4.432006206236472
1321 4.845137368674829
1322 4.730987820183141
1323 5.080674216786045
1324 5.033371379954692
1325 4.616606451394656
1326 4.624568533024796
1327 4.63862871891576
1328 4.775987592204599
1329 4.597193140672196
1330 4.796503604631222
1331 4.648522303257791
1332 4.4214680765741825
1333 4.707016213507917
1334 4.334829071793993
1335 4.913086564102525
1336 4.707621363155596
1337 4.445971679690707
1338 4.699683539395326
1339 4.544204984770988
1340 4.556983932023604
1341 4.618163265355554
1342 4.9395112728141735
1343 5.401826549474665
1344 5.641401669057464
1345 5.270039178095505
1346 4.550236127343954
1347 4.396862444649419
1348 4.893857240045794
1349 4.736047405203681
1350 4.805364792493618
1351 4.893871261753644
1352 4.389999472839659
1353 4.607825346851972
1354 4.772060904683255
1355 4.742725158148356
1356 4.6438192777548535
1357 4.566787433003535
1358 4.694475691139888
1359 4.551597935912254
1360 5.1667879254659725
1361 5.159613968754755
1362 4.304445409654616
1363 4.384202268625872
1364 4.709068394438568
1365 4.721724402658879
1366 5.296969507796477
1367 4.166751840102809
1368 4.00048336484592
1369 4.624044646096283
1370 4.606154010610706
1371 4.891621813336949
1372 6.124632702890025
1373 6.853773632479876
1374 7.690401260981929
1375 5.667253667743895
1376 5.285359699573104
1377 4.656878237461968
1378 4.677838011970896
1379 3.6046354188566476
1380 4.17669319008521
1381 3.9684958558292385
1382 4.199075105429491
1383 4.314924637983051
1384 3.8815298392379995
1385 4.419513907042344
1386 4.141134638264442
1387 4.045970726356119
1388 4.420740612310858
1389 4.282344240314414
1390 4.281542963701761
1391 4.444318869924076
1392 4.2629614171410655
1393 4.532130558385869
1394 4.520492258437418
1395 3.529333850229801
1396 4.097481682296183
1397 4.540800451781035
1398 3.8641688158527367
1399 4.463116077760934
1400 4.1439805475842695
1401 4.981889552005776
1402 4.082478666383323
1403 3.8887969144111185
1404 3.9335416334353788
1405 3.6500830698342033
1406 4.577768984430325
1407 4.379573629990606
1408 4.185368824742297
1409 4.426101495603597
1410 3.6675744543930153
1411 3.890336289003136
1412 4.2731446004422375
1413 4.8504769854478
1414 4.863903475822433
1415 4.2262483431528395
1416 4.912539034831335
1417 4.541260250038885
1418 4.756112928982343
1419 4.460114545983986
1420 4.655665751288543
1421 4.855040591685719
1422 4.700267448899677
1423 4.536723096666638
1424 4.211768698630327
1425 4.069067532245997
1426 4.256182932149691
1427 4.67524950014884
1428 6.4837942828868265
1429 4.76844457817815
1430 4.920137373106759
1431 3.994300856650174
1432 4.323584789770748
1433 4.398673280757133
1434 4.804938726781008
1435 4.830951455419021
1436 4.305301465388112
1437 3.653861101904506
1438 4.900295262486017
1439 4.5097580956963945
1440 4.233226220711696
1441 4.224825321016702
1442 4.172568054753486
1443 4.4132855810187275
1444 4.502482930853411
1445 4.250216443265657
1446 4.374176202203914
1447 4.783999793560159
1448 4.235881201512288
1449 4.127208893343015
1450 3.585960877074066
1451 4.798475211831377
1452 6.876935682943345
1453 4.852990065654178
1454 3.510150564361328
1455 4.571270071888794
1456 7.222467482609109
1457 6.973064391382551
1458 7.023231420938002
1459 4.157372166396492
1460 4.154903548889322
1461 4.3082249943337105
1462 4.294541765601041
1463 4.6704292650144685
1464 4.12233902051021
1465 4.427522108733938
1466 4.292087761231
1467 4.578599410928762
1468 4.927878238744647
1469 4.443199120090511
1470 4.3275304006061885
1471 4.430555735496274
1472 4.103879342424058
1473 4.712863797405347
1474 4.0718025651014225
1475 4.45592858424067
1476 4.318666743517616
1477 4.5523834345477345
1478 4.1453581271103666
1479 4.584185552078601
1480 3.8673046585242936
1481 4.078102973642442
1482 3.5198830865829747
1483 4.2689663263076145
1484 4.884493763920967
1485 3.6750240838523016
1486 4.346826662317293
1487 3.923564158590951
1488 6.07682739400325
1489 5.347553439039186
1490 6.132349738697978
1491 4.106051594021598
1492 4.057920859746747
1493 3.4237193667375245
1494 3.7314844006617505
1495 5.9803042472554555
1496 5.375075270235894
1497 4.801727202789866
1498 5.798987461128339
1499 5.91200295852937
1500 4.3160802656143575
1501 4.707141643928802
1502 5.059148906560736
1503 3.4473435301680375
1504 4.5243596825741195
1505 4.320939055981863
1506 5.055272836774185
1507 4.331527471711168
1508 3.705661380257107
1509 4.697588834386896
1510 4.585247636673716
1511 5.524499585353686
1512 4.768375084900142
1513 4.631659714752807
1514 4.457604857144604
1515 3.5953120040592403
1516 3.5274223858535274
1517 4.519708710536473
1518 4.902373654136422
1519 3.8292385922817425
1520 4.469021240368486
1521 4.407055527252052
1522 4.811656386776697
1523 4.359023760929361
1524 4.581214976256452
1525 4.585330168122725
1526 4.200746812658785
1527 4.029712955746962
1528 4.200785506010098
1529 3.5586990997749575
1530 4.384374959805166
1531 3.537323364477274
1532 3.3837727942998557
1533 3.494575791564009
1534 5.826221405306397
1535 5.284654071980118
1536 4.577170995853576
1537 3.3749167862442038
1538 3.4185317213541113
1539 3.4631875583843015
1540 4.917891721637321
1541 4.119656256725743
1542 4.651121219035369
1543 4.858066968492039
1544 4.5347985084832825
1545 4.762161161788238
1546 4.694520905272749
1547 4.118236097823495
1548 4.6515357270367295
1549 3.3976443924932727
1550 3.362482266492433
1551 3.834506119337887
1552 4.859770619844028
1553 3.7141640246865966
1554 4.461472783001119
1555 4.53662141918102
1556 4.691105719940147
1557 5.6045511354683475
1558 3.568628988245951
1559 3.6068358489678003
1560 3.3878900061132953
1561 4.0461953558127695
1562 3.6118539758545416
1563 4.265471928377426
1564 3.337758932533401
1565 5.200309578084828
1566 6.548834452160866
1567 4.039876685659692
1568 3.428767503031774
1569 4.980864919588342
1570 4.553953732479566
1571 4.553241959313916
1572 4.214991066854527
1573 3.5223166103172967
1574 4.695762024796731
1575 4.097949480405689
1576 3.992926251526104
1577 4.6917630210007095
1578 3.3520224173698354
1579 4.63202515000176
1580 3.395285775680038
1581 3.499092304495484
1582 3.3499706106650597
1583 3.511873428984014
1584 4.190614775052122
1585 3.2847326167363007
1586 5.654088611205129
1587 4.514815587227341
1588 5.224580986541034
1589 4.5754412662590696
1590 4.910880774607319
1591 4.579705436599368
1592 6.054505710280942
1593 5.721326686262437
1594 4.953464182550854
1595 3.450142514740744
1596 4.055561871677323
1597 4.010852250938885
1598 4.479322619621017
1599 3.6719967397990727
1600 3.999615466731006
1601 3.4797330024577287
1602 3.9363246393621423
1603 4.2609232171682505
1604 3.730977379522861
1605 3.469071265057035
1606 4.73237664846358
1607 5.7759895145175975
1608 4.764032383803749
1609 4.627799535697157
1610 5.282366559544631
1611 4.447698053837736
1612 4.601726421525808
1613 4.561908668072371
1614 3.9964494552787073
1615 3.4081811922304923
1616 4.197340129882949
1617 4.464712001135903
1618 4.329051624050964
1619 4.728756053057969
1620 5.557382859421399
1621 5.095322405889184
1622 4.650071878008293
1623 3.311456214021264
1624 4.474953589741994
1625 4.925038688771483
1626 5.492874761950356
1627 4.300477082158816
1628 4.731214158647837
1629 4.4211941640345875
1630 3.857632094659624
1631 3.849949872834233
1632 3.4135557844035858
1633 3.488210847168251
1634 3.4829811032983193
1635 4.474423632094255
1636 5.9439952895458035
1637 4.553072366381826
1638 4.512315664841543
1639 3.4621065829426785
1640 4.567194028361647
1641 4.10010864517175
1642 3.4656815234904412
1643 4.539593434108098
1644 4.727034448664066
1645 4.594034056054374
1646 3.5437776330731308
1647 3.5556031518755566
1648 3.581487313303275
1649 3.8362496036435396
1650 4.49607903120182
1651 4.195214556066665
1652 4.136644985424931
1653 4.585524347559895
1654 4.159790298404003
1655 4.374789599646722
1656 4.692141339444934
1657 4.979285578536298
1658 4.519410564553869
1659 6.264821869327717
1660 5.037807293608068
1661 5.247756402311286
1662 4.279857254347572
1663 4.616002004427618
1664 4.942014178369928
1665 4.931288071800869
1666 3.846202055779432
1667 3.3469663978837505
1668 3.352252958075849
1669 3.89848940144785
1670 4.353590386380118
1671 4.797600320616771
1672 4.55215213562063
1673 4.607187082383275
1674 3.9342064659736855
1675 3.704468350565659
1676 4.315667434708647
1677 4.532366621615597
1678 4.517287571180625
1679 6.222590383021639
1680 3.5588714912876527
1681 3.679062129796478
1682 4.304779936569344
1683 3.735789021022095
1684 3.861271703381637
1685 4.4161814994362505
1686 3.9816923179569526
1687 3.980696056104673
1688 4.407141486828923
1689 3.5737316302056423
1690 3.571801580725251
1691 3.3538671079846787
1692 3.42448098936196
1693 3.59692498534618
1694 6.187273734733462
1695 3.4380018775263843
1696 4.787785406781697
1697 4.843685732711541
1698 3.6340838623912632
1699 4.488889134207023
1700 6.042474879719817
1701 6.246920272852355
1702 3.338746459979566
1703 4.216306805158152
1704 3.401861983731629
1705 5.755457955033884
1706 5.426269213915463
1707 4.78569545662105
1708 4.67810198339193
1709 4.24740131439536
1710 4.026418217117518
1711 4.552773472635982
1712 3.4505125103146206
1713 3.3636125948343483
1714 3.7536587776095636
1715 3.7287213908738597
1716 3.4631360145637355
1717 4.0704825497435175
1718 3.691556463361831
1719 4.20393386695804
1720 4.106571264979304
1721 4.236959114678447
1722 4.192292312520984
1723 4.122077283697533
1724 3.7539156525860493
1725 3.701594730249391
1726 3.4899150460374924
1727 3.512471733490792
1728 4.107973491191114
1729 4.177507992705322
1730 3.5552686936181517
1731 4.0591199825860285
1732 3.6910969352620113
1733 3.39732625445203
1734 4.259934406606916
1735 4.526582708972517
1736 3.450573517778649
1737 4.568231006230736
1738 4.179639507408383
1739 4.167929826520585
1740 4.663648319691942
1741 4.559449245369738
1742 3.465733235087201
1743 4.6848676417184905
1744 3.4546117157820797
1745 5.5962500147427905
1746 3.4389111949557205
1747 3.5628574103958925
1748 3.5843832088769347
1749 5.52557098316739
1750 3.5436930582280985
1751 4.663907520720195
1752 4.253317500183287
1753 3.42493343713133
1754 3.5202673581779043
1755 4.5089132478046485
1756 3.39681983076117
1757 4.351229294640231
1758 3.5697584402829903
1759 3.528024924377055
1760 3.8432049178697145
1761 3.620103001409978
1762 3.4686276510129628
1763 3.560023968314774
1764 3.31515575669173
1765 3.385500664006612
1766 3.3618530787166803
1767 3.316508003977814
1768 3.3919348011576664
1769 3.2807801751157744
1770 3.5170832880956313
1771 4.315471545511923
1772 3.639221558298936
1773 4.52493723291163
1774 4.544478246420386
1775 3.577500941238446
1776 3.440476900927934
1777 3.336980395286446
1778 3.3791012289476403
1779 3.5950472517254908
1780 4.9546963741399415
1781 3.4101276809597407
1782 3.5165953309869415
1783 4.081916767423562
1784 3.4438282647669327
1785 3.390530820670893
1786 3.3030360297030223
1787 3.4349985624455854
1788 3.3868139165659428
1789 4.053364930578587
1790 3.58823953155114
1791 4.273150357412688
1792 4.9415561892181525
1793 3.396286274754074
1794 3.41814564055151
1795 3.8324319717651214
1796 3.707778832681995
1797 4.691040178298725
1798 4.587687542090029
1799 4.702155630261797
1800 5.870463828620121
1801 5.553009843356633
1802 6.656946527992087
1803 5.8556771008265285
1804 4.547968536546124
1805 4.704321670938858
1806 4.241277788306848
1807 4.597474737735236
1808 3.668952416158664
1809 3.254819096630258
1810 3.359813117325819
1811 3.9524284726253924
1812 4.032949744387
1813 3.6228422360283408
1814 3.4626156808639323
1815 5.063583882982887
1816 4.674243625834423
1817 4.54702716166641
1818 4.61427508492397
1819 4.65535004518822
1820 3.3777720043543082
1821 3.5876554057535053
1822 4.2398227165652
1823 3.3904536533165537
1824 3.2967394663331397
1825 4.817828271154781
1826 4.632162725033262
1827 4.690467187496632
1828 3.4874070377741844
1829 4.6013108144840364
1830 3.553443220540943
1831 4.789118809055942
1832 4.838679411002819
1833 4.582019848787259
1834 4.545692397006911
1835 6.277580136389265
1836 3.435618512007014
1837 3.9617008380577032
1838 4.957508903103165
1839 4.719912289886404
1840 6.568115649297801
1841 7.094704139724332
1842 4.517415791643811
1843 3.5049135866237227
1844 4.338017162186638
1845 4.413797296339291
1846 4.7314962488313
1847 4.201405588162355
1848 4.606370583503954
1849 3.3028892769239855
1850 7.2059647771733495
1851 6.189472721003388
1852 6.747521260147635
1853 7.119167893272515
1854 6.104641967077587
1855 8.345165430920744
1856 8.645192372936997
1857 7.536044893284324
1858 6.70829023903879
1859 6.665510968503168
1860 7.225485806393293
1861 6.969620421755159
1862 4.88311839007438
1863 4.360541111990054
1864 3.4596691390896184
1865 3.5355704035672058
1866 3.491223254259181
1867 3.6008692469391947
1868 3.783103860695227
1869 4.433296271685632
1870 5.7080587076556935
1871 4.705079835132165
1872 3.388010646972469
1873 4.7939446770120275
1874 4.531183273688911
1875 4.202642537366353
1876 6.008805792149393
1877 3.348081435894508
1878 4.036022879070624
1879 3.8054238611579683
1880 3.632541613259524
1881 4.720894701156051
1882 4.529983757052779
1883 6.611182270904612
1884 3.9296265818126446
1885 4.928555162822404
1886 4.664264570559756
1887 3.2968460047662265
1888 3.358280820731116
1889 3.2649966882453167
1890 4.084526912193257
1891 4.5773005298648215
1892 4.61613941851705
1893 4.753630437609404
1894 3.3689540733666057
1895 3.4790950067580297
1896 3.8290479087640628
1897 3.6821450515368
1898 3.6736722249139317
1899 3.4222739427157642
1900 3.5053542915182128
1901 3.504065293137113
1902 5.73703813859579
1903 3.8472924349502304
1904 4.500108353129416
1905 3.4890682676779394
1906 3.464831334387367
1907 6.329553198306671
1908 3.535936232466786
1909 3.5731289889626496
1910 3.3573492590206593
1911 4.7046506845271026
1912 3.497899937033765
1913 3.583833551339429
1914 4.207188039740791
1915 3.541928435079206
1916 3.423560357521068
1917 3.6673150946921838
1918 5.148716841828157
1919 3.515877536358192
1920 3.568619252598883
1921 3.6250753763307704
1922 4.352611215785129
1923 4.177329993138733
1924 4.233945849908227
1925 4.104517775626525
1926 3.3879254995789116
1927 3.5744170924447003
1928 3.3705993761792685
1929 3.472301605569196
1930 3.355303785831822
1931 5.025580926131709
1932 4.531858091440504
1933 4.6666722058965115
1934 4.149607090889263
1935 3.4199935974279834
1936 4.121824371000918
1937 3.774154440486224
1938 4.831427008624307
1939 3.515648099244744
1940 3.576925812431257
1941 3.3791325709230393
1942 3.5107114275572435
1943 3.5217283573968743
1944 3.447054257243589
1945 3.8294040113323926
1946 3.5124360088734647
1947 4.102041936722842
1948 3.712489267214686
1949 3.349045233873055
1950 4.757256107215674
1951 3.4178348872355038
1952 3.4172601979793478
1953 4.420497231457786
1954 4.351050004148525
1955 4.471472351805734
1956 3.5355361506735883
1957 3.4103152657752522
1958 3.3888702808777116
1959 4.640516879298331
1960 4.409744237214784
1961 3.504843393056234
1962 4.403442563738113
1963 4.49130596443971
1964 4.5547166036703794
1965 4.709670005864019
1966 5.04643060440804
1967 5.79365155068396
1968 4.614299640484855
1969 4.245939372597896
1970 4.626650212872125
1971 4.029777301909433
1972 3.5203713681650015
1973 3.6191027204451656
1974 3.644338851854908
1975 4.427560814822622
1976 3.5001419375030256
1977 4.592538456050631
1978 4.295263300546524
1979 5.527591292369309
1980 4.527861838417225
1981 6.914707287447073
1982 6.283212291107729
1983 6.533925587843946
1984 5.550764925907272
1985 6.456798393077464
1986 7.525446796995387
1987 6.570326426756004
1988 5.773207035813046
1989 5.163061521635993
1990 6.581891047566776
1991 6.037851577116583
1992 5.564995221518408
1993 6.1586007452226665
1994 3.8148576976399773
1995 6.124151796531161
1996 6.64885214993048
1997 6.3948566168570675
1998 5.783590560326411
1999 4.449368324167696
2000 6.569731709373148
2001 6.653367849860202
2002 5.885716117273558
2003 6.403998606809538
2004 7.471639449645463
2005 7.0363870367910994
2006 5.062502989650937
2007 6.387190237255869
2008 6.51538860494228
2009 4.145650131684704
2010 5.91132085232734
2011 5.968250817186811
2012 6.664627687283305
2013 6.15817877308953
2014 6.283290503817363
2015 7.854110087759773
2016 7.547796149861877
2017 7.3491792743140225
2018 6.225068015182071
2019 6.101915971918606
2020 6.681472069742678
2021 6.480106349996091
2022 6.674387193685522
2023 5.926728951923832
2024 9.021594628641392
2025 5.104086534634062
2026 5.972167532697003
2027 4.309490392053498
2028 4.271062506872631
2029 4.735140567204337
2030 6.379114391112116
2031 6.289693359155784
2032 6.230016009108158
2033 6.045437824123841
2034 6.618280497293563
2035 7.27541546446925
2036 6.388331065283134
2037 6.645157748956534
2038 6.769005692261316
2039 7.55555095032358
2040 6.423896627521072
2041 6.6528763439448175
2042 4.779431003294245
2043 4.736687664638043
2044 3.4817781810648065
2045 3.9823216456601087
2046 4.34852767890393
2047 3.7105276121406456
2048 4.139906336349453
2049 6.57102744691816
2050 5.174314020928882
2051 3.7321444743144916
2052 4.634659115665314
2053 4.172104720114472
2054 4.603520328874399
2055 5.63987722601588
2056 6.588862897141342
2057 5.98160508399448
2058 4.935718489811706
2059 4.365407197889972
2060 4.8963944974647555
2061 4.635000322972835
2062 4.458484105420868
2063 4.227939183129953
2064 4.556751827033096
2065 4.319277836952806
2066 4.343819177039747
2067 4.2014856567923236
2068 4.373830850882528
2069 5.072844871204453
2070 5.8724245319141035
2071 5.680616340719872
2072 5.469517901197916
2073 5.750178639935188
2074 6.039821914522194
2075 4.898635589597094
2076 6.010158717523752
2077 5.386840023520889
2078 6.161947881274268
2079 4.311211816689473
2080 5.718464599708006
2081 6.2330677373844114
2082 5.28613797568927
2083 5.581409670458768
2084 5.510366624258205
2085 5.010583628529275
2086 4.460157531043495
2087 4.222977781619376
2088 4.917283188630418
2089 4.652606160352628
2090 6.290507361575711
2091 5.125095899730767
2092 6.387652482302581
2093 6.384384295520933
2094 7.006923056056321
2095 7.549661819140253
2096 6.641952859288313
2097 4.272377987907897
2098 4.056058425212501
2099 4.481887205883455
2100 5.632327136891374
2101 7.038401037807096
2102 7.36768447085273
2103 7.044630602768346
2104 6.541943293995984
2105 6.189554724591502
2106 4.497936113895558
2107 7.215647045651435
2108 4.518433429190609
2109 6.7686617749163025
2110 4.473867683183114
2111 6.299529955105445
2112 7.277228896343158
2113 6.322826009890432
2114 4.780511869251665
2115 6.8697950298512405
2116 6.413026494509317
2117 7.162232067567572
2118 4.481681754798783
2119 6.559344050041652
2120 6.4007688065350825
2121 6.727424145417031
2122 7.267937173377585
2123 6.3340818266188545
2124 6.404516736860809
2125 6.475553071547154
2126 7.92448571623317
2127 4.666959527627702
2128 4.115254978728134
2129 4.283582054349941
2130 4.536838890748699
2131 3.4914521536784164
2132 4.550138658926479
2133 4.081488005834592
2134 4.315808252354475
2135 4.270213126741674
2136 4.369140925949157
2137 4.541406081743893
2138 3.434491463250768
2139 4.862489016487722
2140 5.227370157227544
2141 5.252906869403972
2142 4.892990634675754
2143 4.069037811491857
2144 4.604375914677766
2145 4.358383893783815
2146 6.139728315727457
2147 4.560073045088312
2148 4.503772842493378
2149 6.217179308963923
2150 7.603592269451127
2151 6.1979783690712384
2152 7.85632410868538
2153 8.125510988163953
2154 6.741929141074001
2155 7.468312309025356
2156 5.970733763908393
2157 7.513773780760944
2158 6.943952087924131
2159 6.299622145961052
2160 6.5321374393200555
2161 6.333322252632482
2162 5.8312741833627815
2163 7.8571875636827935
2164 8.235388192912227
2165 5.5067754710582975
2166 5.617607112440582
2167 6.267439446332683
2168 6.728198557382206
2169 6.816464850888268
2170 6.5460133664263385
2171 5.637013642220719
2172 6.38769499178217
2173 6.143834037794034
2174 4.917368241428275
2175 4.4169427448113305
2176 4.3152195713989565
2177 4.3487705782239
2178 3.5294176098800043
2179 4.439061256582631
2180 4.927975608826539
2181 4.300288861260806
2182 4.279117605848347
2183 4.2040523502375535
2184 4.20066218154607
2185 4.356355772244179
2186 4.312419166309268
2187 4.297886013557112
2188 4.642002181872162
2189 4.793126259210313
2190 4.321505382797321
2191 6.735399798464164
2192 5.876032048591402
2193 4.535281682781359
2194 4.942464453113518
2195 4.575477572003464
2196 3.69645678388964
2197 4.415989626150484
2198 3.9743582692280204
2199 3.7900956225548854
2200 4.431740146554513
2201 6.148635921395626
2202 6.385321976430056
2203 4.595656301375556
2204 3.475456884585639
2205 3.9336796192459618
2206 3.4838405938497665
2207 3.4250042199142228
2208 3.5005988394209604
2209 3.4883128977493785
2210 5.410306595668892
2211 4.388367008923475
2212 3.5781521285530777
2213 4.5208456321552655
2214 3.4372962436469385
2215 4.611612754192343
2216 4.06564107263508
2217 4.72833982528282
2218 4.250956507341673
2219 4.516404117175043
2220 3.694595718649238
2221 3.715351347091917
2222 4.2693540715818585
2223 4.316264846934395
2224 4.786430344623415
2225 4.833405733361272
2226 3.9770186169772206
2227 4.015261307011393
2228 3.955907013839083
2229 3.9907868346286293
2230 4.161028662279156
2231 3.5250116227363857
2232 3.511761409272887
2233 5.871437553667434
2234 5.638572957262959
2235 5.915069524350972
2236 6.372570619514649
2237 5.432964260471541
2238 4.775077061663446
2239 6.9234470307298155
2240 7.017482338741735
2241 6.586784828438555
2242 6.004126476458558
2243 6.851393393802462
2244 6.339894074560988
2245 6.2908499956508175
2246 6.673476655145245
2247 6.340141797627036
2248 4.912157735726648
2249 4.746282577983357
2250 5.822987933806541
2251 6.02888769349941
2252 5.385398913046227
2253 6.174882764727677
2254 5.1741761326959015
2255 4.452655099573004
2256 4.840242166340889
2257 5.368337728395458
2258 5.029876514083739
2259 4.691109751925472
2260 6.3452803545856336
2261 6.062540085438479
2262 6.6493757540362575
2263 6.4968011520475475
2264 6.549529528963889
2265 5.412123704824389
2266 6.540569669925896
2267 5.765694602653948
2268 5.921948083872924
2269 6.21930178311746
2270 4.369341980614018
2271 5.591037226642881
2272 4.501868315824473
2273 3.5281819830163212
2274 4.159869837335559
2275 4.778321996790774
2276 5.948100666796322
2277 7.474193252210993
2278 7.730596272549198
2279 7.430197882125483
2280 6.775430169357655
2281 7.770227894114437
2282 6.110880340793896
2283 6.787209378413115
2284 7.52704724205138
2285 5.972778912698268
2286 6.99905410193719
2287 6.764091521750324
2288 6.334721321548641
2289 6.8122319973101595
2290 7.254258467788075
2291 7.017553218672655
2292 6.229379833658579
2293 4.037267950917129
2294 5.095203930229242
2295 6.022587924697756
2296 7.270339041874891
2297 5.571557313198658
2298 7.3604806292529315
2299 6.448942135222828
2300 5.840136175848867
2301 4.478476235080706
2302 4.892239154027669
2303 4.583011240053147
2304 4.302610065541294
2305 4.1495401001289345
2306 6.5883608370161975
2307 4.868718779568716
2308 5.154738507024332
2309 5.570933449036754
2310 5.538587729755494
2311 4.876169646658383
2312 4.426851721366621
2313 4.951522873989724
2314 4.180847394309592
2315 4.923544093425836
2316 6.777883383770811
2317 4.6867975511036235
2318 6.8799751361651005
2319 5.9356259712745
2320 6.270643810984253
2321 4.145133994876297
2322 4.785131731411463
2323 7.111278537590265
2324 7.4138885457103445
2325 6.65376412912692
2326 5.433875413373434
2327 4.2564329860608945
2328 4.001525441893382
2329 4.783151613078598
2330 4.079546895769891
2331 4.200610674980241
2332 4.656684712854855
2333 3.990667231666094
2334 4.642273875673214
2335 4.632185329057503
2336 3.4972399666852945
2337 4.605175999949127
2338 4.835638036354627
2339 6.3206898278035
2340 6.648095431232064
2341 4.278863935332118
2342 4.411665737901124
2343 5.811739326726677
2344 4.841650947048756
2345 6.302075257507871
2346 6.947668229983768
2347 6.06014249711865
2348 6.4514056265890805
2349 8.981645951473965
2350 7.688275685304209
2351 6.149176271364951
2352 5.405098236866595
2353 6.9280961173089946
2354 6.297061539671942
2355 6.983773322254505
2356 7.38646602160844
2357 7.8982317293237
2358 7.293191003801714
2359 6.542353978416012
2360 6.183104011036645
2361 8.227170841774853
2362 6.605713109962908
2363 8.278679635572542
2364 7.952295407414642
2365 7.666469813554956
2366 6.3183324225570265
2367 6.697804851191621
2368 6.76196101144289
2369 8.403403536387506
2370 8.273513554966096
2371 8.663594783709565
2372 9.684514172330436
2373 7.960478960173695
2374 7.386872018347796
2375 6.889402282594043
2376 6.900183876699157
2377 6.8625778112108975
2378 7.508341152560859
2379 6.2477053148929445
2380 7.1348849625375745
2381 7.032267001177119
2382 7.033212929069618
2383 4.729686589790331
2384 4.313388395749732
2385 4.61724324076625
2386 4.423346773985304
2387 4.253759512603114
2388 4.663937341722201
2389 3.9034386540450208
2390 4.165077257604888
2391 4.449280209244786
2392 4.512046652760191
2393 4.434030078451626
2394 4.607403262881471
2395 4.321700779962799
2396 4.499493770203287
2397 4.468106858258848
2398 4.733081885616704
2399 4.4866826554000925
2400 4.40238654106295
2401 4.802987611547861
2402 4.555570094107245
2403 4.443780408663971
2404 4.518460245278573
2405 4.181172809526867
2406 4.184791776239822
2407 4.481161799715107
2408 4.6594512375892885
2409 6.209876702631686
2410 6.657611808162724
2411 5.990291503808244
2412 7.568782448642495
2413 7.425471572577556
2414 6.703757048548239
2415 6.427076273632894
2416 6.622054973952952
2417 6.53319970753361
2418 5.5870546955933555
2419 5.585755134926959
2420 6.413604997207809
2421 6.12978130190725
2422 6.502359066765956
2423 6.8692812512017
2424 5.8796725661331655
2425 6.122584742388251
2426 5.895321232042842
2427 5.509007949939483
2428 5.767740627886762
2429 6.056268067275193
2430 6.31564715709609
2431 6.853858053478428
2432 6.698590959666369
2433 5.795221525271295
2434 5.72538511227906
2435 6.481078404068108
2436 6.720706888806646
2437 5.840893162197118
2438 6.865668509112349
2439 6.797053966979497
2440 6.6098008943640725
2441 6.0671991785145245
2442 6.304307283327671
2443 5.587598557921569
2444 6.209257731405791
2445 5.437975269797908
2446 6.064973092071492
2447 5.9588932552862826
2448 6.455825002336495
2449 5.876600514282509
2450 6.172431077160271
2451 5.655452736057615
2452 7.053144971404081
2453 5.8750336674040895
2454 5.773376342861886
2455 5.735036374900771
2456 6.074565206047037
2457 6.520278550215816
2458 6.958362116798537
2459 6.121817834464316
2460 6.764818319543172
2461 6.666087896964579
2462 6.7255795103104274
2463 6.681443884203314
2464 6.041468353230895
2465 6.534017713429075
2466 6.436172730960548
2467 5.146476174900013
2468 6.424044222083566
2469 5.992529309606364
2470 5.6121963676828175
2471 5.855738898859532
2472 6.038054091102818
2473 6.819153410647349
2474 6.409980546330643
2475 6.436001576668667
2476 5.784166774433142
2477 6.252946678251938
2478 5.52958014289497
2479 5.864835547438041
2480 6.242366063403759
2481 5.937789313830936
2482 7.885805160786607
2483 7.61094121683793
2484 7.416034501416327
2485 6.371897629778997
2486 6.695980605558504
2487 6.614690554157865
2488 6.959976667900251
2489 6.470531544315447
2490 7.0167236539174445
2491 7.041759120200585
2492 7.5491668292445
2493 7.6891295492605405
2494 6.44107809234916
2495 6.063703004049825
2496 6.745960565930001
2497 5.691067842666004
2498 6.276966702476425
2499 6.298230366501795
2500 5.9244576655021355
2501 5.492484948301111
2502 6.4940804409847335
2503 6.4135868871511175
2504 5.6412455432278525
2505 6.030350616634211
2506 5.783636600543485
2507 6.542128268832782
2508 6.39090645524717
2509 6.010742889011766
2510 6.083185025794957
2511 6.456095204710937
2512 5.758950729023455
2513 7.248768689509946
2514 6.516642272533915
2515 6.06349392852334
2516 6.015375956122294
2517 6.141856738990764
2518 5.98700781828084
2519 6.059222548779912
2520 6.215729393022766
2521 5.9785611465427255
2522 6.1366272822466685
2523 6.1187432325631725
2524 5.73815017589716
2525 6.258331061922089
2526 6.295336694795663
2527 6.6597239242806
2528 6.666569093734363
2529 6.471466724925522
2530 8.223814873427797
2531 7.181361234910078
2532 6.288052563311486
2533 5.7595973689483575
2534 6.357398385458511
2535 5.705974455759809
2536 7.033420019648551
2537 6.71365183322751
2538 7.516020331354644
2539 5.749624423935273
2540 5.734931054397152
2541 6.570538586211994
2542 6.538179146113922
2543 6.211793965232467
2544 6.521575768747374
2545 6.721235369987738
2546 6.123355143390857
2547 6.01299802004694
2548 7.015054541739678
2549 6.539073667900053
2550 5.800441743027144
2551 6.900629160775394
2552 7.0093437709142865
2553 7.264303469796509
2554 7.353990813452431
2555 6.408232230805263
2556 6.817745695302048
2557 6.193487373275119
2558 6.7410809265377
2559 6.257046341500445
2560 7.3584270020598845
2561 6.655311565718947
2562 7.723632728703812
2563 6.82761761495614
2564 7.053752157796653
2565 7.1088346159770195
2566 6.915564932161006
2567 6.864932982139961
2568 6.698857494828939
2569 7.248158452390889
2570 6.529363907839326
2571 6.729084106203678
2572 5.770844957238392
2573 7.10928665970392
2574 6.997806014209073
2575 6.776929594972436
2576 6.925927661187977
2577 6.868542280504995
2578 8.23272038634692
2579 8.175971803541273
2580 6.581435078559026
2581 5.9680708870876416
2582 6.703987120116852
2583 6.426288009678916
2584 7.040589298717061
2585 6.734919535329341
2586 6.590329645550145
2587 6.348809086620347
2588 6.632756494396414
2589 7.449242556943376
2590 6.13987574950111
2591 6.584872705456167
2592 7.301890346780688
2593 6.89191104103563
2594 7.275009298953165
2595 6.740897731647216
2596 6.059361136278062
2597 6.33784302717056
2598 6.577569750567509
2599 7.011070443966008
2600 6.555937637788259
2601 6.761615601296528
2602 4.355917424307971
2603 4.342522718994646
2604 4.273734330377147
2605 5.92790007571386
2606 5.522535010294762
2607 5.649282564373137
2608 6.154368229405589
2609 5.817082055103128
2610 6.074718053443644
2611 5.826732291893996
2612 6.1392367216685
2613 6.468889011458242
2614 6.843358343964474
2615 5.969339087374714
2616 6.440720199966142
2617 5.723225909636414
2618 5.87122086851653
2619 6.113189853708735
2620 6.2282232667479995
2621 5.717887347987943
2622 5.621323857047874
2623 5.952303702829016
2624 6.258899839036327
2625 6.0863771012629275
2626 6.337482662796056
2627 6.680028955469431
2628 5.829832126535194
2629 6.358058321665039
2630 6.368811359637296
2631 7.744847692562451
2632 7.668089035136244
2633 5.861704635636887
2634 6.663849691333973
2635 5.653343438634015
2636 7.911320771233582
2637 7.65760964352588
2638 8.141168424044041
2639 6.890451176586907
2640 7.412428764815285
2641 8.089072236738117
2642 7.075009878057929
2643 6.920312708513469
2644 6.923058173537884
2645 7.903831175012165
2646 7.793062529842354
2647 7.412053789683988
2648 7.04339982388555
2649 6.615073083854847
2650 7.313844913152908
2651 6.448540502547339
2652 7.333494998595431
2653 6.924336417615772
2654 8.434911013163886
2655 7.628857089674787
2656 7.650763371762085
2657 6.96949850408617
2658 6.793304806951367
2659 6.628214430030855
2660 7.583681257515071
2661 7.7706818879152975
2662 8.178548832950483
2663 8.137474892315414
2664 7.3329157506035
2665 7.745741048667539
2666 6.413867761627072
2667 6.974677806310885
2668 8.139131351344405
2669 7.19647849230051
2670 7.969564987538456
2671 6.511568053123729
2672 7.671035725100058
2673 8.128432206390217
2674 8.372855528720686
2675 8.143774450730483
2676 6.855412757852601
2677 7.3635876447296065
2678 6.485152177688903
2679 7.18743409428028
2680 6.253808396995799
2681 7.57508467964024
2682 9.736018251680335
2683 8.130452397244257
2684 7.3925420531150055
2685 8.188678129145297
2686 7.570639209759284
2687 7.758476268249677
2688 7.055749137331073
2689 7.34915351548066
2690 7.77932270544102
2691 6.309273575505166
2692 6.4911072070506535
2693 7.159839449885452
2694 7.414485686455949
2695 8.93339760449801
2696 8.708268920914378
2697 7.21090407113395
2698 8.526967477153756
2699 7.5986223014384535
2700 7.872444439604296
2701 7.490042578420329
2702 6.930414551946284
2703 8.196875055062218
2704 8.560858817293024
2705 7.374460546642106
2706 7.7977680556432185
2707 7.398367836048144
2708 8.332695906163543
2709 6.232641882518209
2710 8.058961278793298
2711 8.728990736441764
2712 10.779898754897127
2713 7.094352992041905
2714 9.129583977957552
2715 8.022342361682835
2716 7.950105184412352
2717 8.312534503469102
2718 8.709078393183594
2719 7.274220165951417
2720 8.29749775058382
2721 8.064640476629249
2722 8.034933747717258
2723 7.737480185977173
2724 8.015495125137948
2725 10.03684883331667
2726 11.057558323296654
2727 10.788580951761544
2728 11.349000838925813
2729 14.012981761208948
2730 13.71019319099838
2731 13.782874352947074
2732 14.258113563175751
2733 13.650714032630985
2734 14.194314919706695
2735 13.769870921221388
2736 14.439252266339386
2737 14.10438926570378
2738 13.073843862462999
2739 13.94690922838823
2740 13.439723964967419
2741 14.195945102985622
2742 13.985778688591614
2743 13.095851934213535
2744 14.448574505862155
2745 15.109252756424466
2746 14.001461157859081
2747 14.43032947971637
2748 14.56902655500845
2749 12.944027011174454
2750 13.902459562446186
2751 14.46627057374058
2752 14.844545457297246
2753 14.295260447250183
2754 14.294990781360609
2755 15.79601409183487
2756 14.293951663515609
2757 13.676510471727433
2758 15.187850123768104
2759 14.38438122559529
2760 13.845594424401256
2761 13.86151877946331
2762 13.90890611144873
2763 13.209647943036874
2764 13.804064151266017
2765 14.1621745526493
2766 12.93047494973201
2767 12.89341323008602
2768 13.169537941807649
2769 12.853811539398546
2770 14.637206098578552
2771 13.449952152708986
2772 13.875144349545955
2773 13.920354869444674
2774 14.18797154564071
2775 14.07157511211761
2776 13.961546558570602
2777 14.22690228710767
2778 13.162929144989883
2779 14.061247339619262
2780 13.683652170312174
2781 14.370387185820103
2782 14.006202377161856
2783 13.462035518536197
2784 14.220803902275128
2785 13.995903706916838
2786 15.237270842950553
2787 13.74529127969742
2788 14.193917839548675
2789 13.665094636427934
2790 12.498725423240135
2791 14.805894805076413
2792 12.96025304319692
2793 13.670262646487826
2794 15.122322555109417
2795 12.930826624999014
2796 13.293677026457106
2797 12.994798540154429
2798 14.414212361893629
2799 13.267175624919487
2800 12.443776117993071
2801 10.1215169423675
2802 8.049750830691787
2803 9.458011295066896
2804 12.321332573274125
2805 12.125712239299093
2806 13.022332090123825
2807 13.389087207220202
2808 14.323402742947918
2809 15.885550874941606
2810 15.135941830432053
2811 15.300083791407939
2812 14.40830380578154
2813 13.346369022845282
2814 15.147092826998355
2815 14.507352585401454
2816 14.43406888798734
2817 15.630221062413847
2818 14.400788358248674
2819 14.90729814522082
2820 13.520332579689182
2821 13.634627477607557
2822 14.380044402100463
2823 14.487794401053803
2824 12.800383807812796
2825 14.107776223903185
2826 13.702744235417866
2827 14.713579021739692
2828 14.904188241651939
2829 15.854660154959502
2830 14.007491761238125
2831 14.113788382862177
2832 14.224222617424545
2833 14.635924253343601
2834 14.652890749939363
2835 14.513947086824116
2836 14.79048688034335
2837 15.007175187084988
2838 14.590921702553223
2839 15.206443464354763
2840 14.926668967547688
2841 16.268045922652867
2842 15.301919817341263
2843 15.183508778882649
2844 14.412913364277
2845 15.476843071806876
2846 14.589506604570273
2847 14.051469901748243
2848 13.578263583738401
2849 13.941448982283909
2850 13.624475959594637
2851 13.758315137120203
2852 13.864494930275669
2853 13.58474694934108
2854 13.6036081196012
2855 13.962214266235195
2856 13.656812576020751
2857 13.804064249087238
2858 13.617553674713607
2859 13.143803117726225
2860 14.296364318711387
2861 13.63252839667788
2862 13.229211066622552
2863 13.382914229950098
2864 12.72630822818333
2865 12.988230764828819
2866 13.787838893311074
2867 13.268955342438614
2868 14.18412472659717
2869 13.135806599136794
2870 15.084984599320553
2871 14.16368194111652
2872 13.325952916696643
2873 14.207730735057803
2874 13.706853709106351
2875 12.843637877537123
2876 13.445204680876525
2877 12.949650547068146
2878 13.591786694306698
2879 13.823841087492024
2880 12.954404339921775
2881 13.8675662416915
2882 14.175776152560877
2883 13.51029686155643
2884 14.862598144829041
2885 12.670683504151478
2886 13.309927750807303
2887 14.878140221014865
2888 13.85293171376703
2889 14.050050848028278
2890 13.809070140874871
2891 13.242295060679297
2892 13.129659768460396
2893 13.064943602733992
2894 13.976134779024452
2895 13.1231914286964
2896 13.838836707918816
2897 13.217925181084148
2898 13.041642158357973
2899 13.610514562585932
2900 13.520529787574347
2901 13.217502014496077
2902 13.93293495316291
2903 14.118972300125762
2904 13.168467349811925
2905 12.93608998677905
2906 13.31432276027434
2907 13.025837068897397
2908 13.092888908251217
2909 14.229182961817125
2910 13.892063037974934
2911 13.151831097697105
2912 13.438703790797485
2913 14.296204917510082
2914 13.082194375060771
2915 13.41389445450242
2916 13.801823272191703
2917 13.353584168939065
2918 13.598806653874696
2919 14.725064606118279
2920 13.698839036353114
2921 13.725090652805825
2922 13.710262405033294
2923 15.086580224356586
2924 14.105035473519278
2925 13.129713436029947
2926 14.025468862238698
2927 14.076804686130066
2928 13.677694335107404
2929 14.099361548314233
2930 12.010642038740048
2931 13.843133500131064
2932 13.589870974119039
2933 14.044405543575769
2934 13.814329657428402
2935 14.636795293986843
2936 14.472005302189677
2937 14.085027931441118
2938 15.012646149851399
2939 13.906921497886614
2940 14.144999204087098
2941 13.561964607675199
2942 14.202351052906975
2943 13.92241056315884
2944 14.334988424629246
2945 14.719964213817516
2946 14.246120235478859
2947 13.623242000947911
2948 13.947636882947455
2949 14.286106594392123
2950 14.239460457844778
2951 13.818303016769448
2952 14.524781133413072
2953 14.641576739060598
2954 14.065789205552854
2955 14.134264275834838
2956 13.716344863498653
2957 14.633684290467048
2958 14.519463316051537
2959 15.149304567824334
2960 14.050979829102118
2961 14.265750714510894
2962 13.878822365891276
2963 14.273290020223218
2964 14.547404879263711
2965 14.432464221562642
2966 13.864996835664716
2967 14.474708771289656
2968 14.718462997112951
2969 14.021415994389441
2970 13.557166424999181
2971 14.266428282615934
2972 13.931010676465469
2973 13.618872343713294
2974 15.063297973139093
2975 14.655541446060179
2976 14.617604071357523
2977 14.962949019537966
2978 13.489182660292318
2979 15.483210585048539
2980 14.697131390330872
2981 14.850492869684784
2982 13.772573055433426
2983 14.117665949036985
2984 14.214468465642803
2985 14.783470056808097
2986 14.646919463275074
2987 14.126312106065315
2988 14.6289355562858
2989 13.454689926098679
2990 13.232447648020003
2991 13.864316328706996
2992 13.864548557798663
2993 14.620157594722212
2994 14.012879042638456
2995 13.932377298475638
2996 15.056435101124828
2997 13.036628653369364
2998 13.926381105995896
2999 14.35218351557132
3000 13.891844775136764
3001 14.073970758968393
3002 13.470038589925696
3003 15.457973131968378
3004 15.725113462093208
3005 14.958301654294585
3006 15.556188333499987
3007 15.236854970088336
3008 14.810194980417219
3009 15.564034610743855
3010 15.42671217660476
3011 14.009306265017287
3012 14.03881684072573
3013 14.864443295863948
3014 14.764601794911773
3015 15.100518924142234
3016 15.40983548167356
3017 14.674139587983674
3018 14.80626596614336
3019 13.136875174655792
3020 15.351602722809544
3021 14.4726791605353
3022 14.462640858270568
3023 13.934899410649864
3024 14.027286542041175
3025 14.39042952569186
3026 14.70755228239167
3027 13.81363292466243
3028 14.447594217991888
3029 13.837348242778765
3030 13.476807907318392
3031 14.36971982532676
3032 14.425009192070764
3033 13.848530887608627
3034 14.32805267805181
3035 14.906239522223444
3036 14.515306998900268
3037 13.406020375386873
3038 13.345718156695995
3039 13.06467156526658
3040 13.879103214293107
3041 13.168189320052276
3042 11.428698180563327
3043 12.048641718456755
3044 12.955867736161501
3045 13.308998354902409
3046 13.305913713681594
3047 12.783581833050912
3048 13.730312874391945
3049 14.117202610103856
3050 13.402619311955092
3051 13.460647229175985
3052 12.96820346287648
3053 13.920989184642943
3054 14.818354899416804
3055 12.891569760511707
3056 13.717485957452697
3057 13.758130564393495
3058 12.287873507514087
3059 14.277064658576718
3060 14.091701978582478
3061 13.515229715877732
3062 12.851639468450392
3063 13.155804059113832
3064 13.849973763894642
3065 13.690214392048741
3066 13.303585332474576
3067 12.509960217020636
3068 13.602933166583313
3069 13.631652167943349
3070 14.693442122454645
3071 14.457835866689663
3072 14.451786064514275
3073 14.04727166212166
3074 13.159967467633306
3075 13.97639967824507
3076 13.377955032144671
3077 13.152872347224386
3078 12.920526149621306
3079 13.944966752517866
3080 13.055101420742762
3081 13.636586550863822
3082 13.78921010391856
3083 14.809644662192172
3084 13.90280898076788
3085 13.779156508342686
3086 13.93146463584139
3087 13.725851879464654
3088 13.557702421672852
3089 14.35878106675192
3090 13.968289192560135
3091 13.067112286812726
3092 13.266327304723546
3093 13.24383200868483
3094 12.98104473649749
3095 13.421534859863986
3096 15.065497785162549
3097 14.675736776665925
3098 15.932168066996487
3099 12.095882301729846
3100 12.904629532764497
3101 14.07307504660255
3102 14.749887565331044
3103 14.764730655154844
3104 14.539103209348887
3105 13.932689174662388
3106 14.483538588674211
3107 14.443127521916814
3108 14.529747234725287
3109 13.46707636429197
3110 15.362563416980292
3111 15.3066049086285
3112 16.00977320412336
3113 13.951067303760977
3114 14.489115141032462
3115 14.602710871581868
3116 14.909560326628839
3117 14.415444431977372
3118 15.16967383839294
3119 14.755072120367899
3120 14.91323697096339
3121 14.997356690722153
3122 14.139391294552391
3123 15.291225516322186
3124 13.22729072768826
3125 13.327393627538056
3126 12.90978176946814
3127 11.313633384069044
3128 10.970413028271897
3129 11.17239953505535
3130 11.077496312254391
3131 10.736729392796475
3132 10.972752036686932
3133 11.45247233347952
3134 11.307971464735202
3135 10.733764782102767
3136 11.196396070913142
3137 10.948319554515445
3138 12.009425988592
3139 12.220207578608017
3140 12.003287025089522
3141 11.462996846206563
3142 11.6214184189527
3143 11.10443657590218
3144 12.451834800047546
3145 12.721954410237016
3146 11.162232784889998
3147 12.507871907480396
3148 12.603779803036725
3149 12.531014322433325
3150 12.17917233878073
3151 11.446336006874613
3152 13.232441387151681
3153 13.197773454895177
3154 12.272068594384018
3155 11.655704235299302
3156 12.539758108937262
3157 13.080960461205773
3158 12.37747864275972
3159 13.685231795542663
3160 12.909633636605367
3161 12.874307793525015
3162 11.052963062161787
3163 12.393079622019469
3164 11.393198459640985
3165 13.649735934034252
3166 12.407245949232177
3167 13.17368173534974
3168 13.425625699820351
3169 11.78054541389974
3170 13.330735000123353
3171 12.99228220492844
3172 14.242107096264949
3173 13.984865472395839
3174 13.823174691364445
3175 14.50396999571417
3176 13.354168963182563
3177 13.497130897863368
3178 13.17179539553245
3179 13.284907907640665
3180 12.599886907148196
3181 13.159281858473763
3182 12.291852332184515
3183 13.095475387357617
3184 12.453806841021962
3185 12.787549861516018
3186 13.00430103263102
3187 12.205764745682286
3188 12.846089925761724
3189 12.54369589630134
3190 13.10496376917918
3191 13.383744244318232
3192 13.054238985536191
3193 13.409101528925326
3194 13.068087536638357
3195 13.400902429228477
3196 12.740635913187592
3197 13.52518908634554
3198 13.301103477447953
3199 12.053763034498084
3200 12.313626150806783
3201 12.92673019017211
3202 11.817573435970248
3203 12.83243872187367
3204 13.110016415961743
3205 12.863045563323881
3206 11.532378329214229
3207 12.840270213969722
3208 12.673373743441626
3209 12.534829075565787
3210 12.395704207026597
3211 12.456558339099914
3212 13.044589369354842
3213 12.297550179770168
3214 13.171612951450514
3215 13.354845038687372
3216 12.511669339708794
3217 11.781188103181215
3218 11.822095136039275
3219 13.72344619098052
3220 12.423040505185455
3221 13.132292900925831
3222 12.411797232749135
3223 11.914366955583196
3224 12.904866937760561
3225 12.529797865413219
3226 11.905182730590537
3227 11.264057054498513
3228 13.438607088922184
3229 12.79782402390101
3230 13.702930714439697
3231 12.692852060320599
3232 12.684873626719554
3233 12.03255993822301
3234 12.093274749165577
3235 13.33312173443515
3236 13.360765076436003
3237 12.63513730157404
3238 12.512143168538216
3239 13.13380394334856
3240 12.510315028622488
3241 12.43514145589462
3242 13.049294317252883
3243 12.616645412647701
3244 12.071949732192362
3245 13.137365015557979
3246 12.302204536727674
3247 12.562600029063349
3248 12.134522632454807
3249 12.16206531488404
3250 13.113501539557742
3251 13.109222494691675
3252 12.866144023295206
3253 13.807468150361746
3254 12.454846985810848
3255 13.509992130671804
3256 13.41516223540374
3257 12.266608488213384
3258 12.408206685824641
3259 13.63547989167135
3260 12.744889883554121
3261 12.566280010383508
3262 13.264996683615458
3263 12.74693533278458
3264 11.648177006962714
3265 11.651760406889888
3266 12.587620654376442
3267 12.72006841096815
3268 11.044661440926273
3269 11.862259283294025
3270 12.864097403222985
3271 11.751953433249968
3272 11.60878666580731
3273 12.043234459621006
3274 11.525059106020885
3275 11.145857931882114
3276 11.643770351980823
3277 12.247749750102894
3278 13.025195254889669
3279 12.567185373032494
3280 12.787977361573754
3281 13.169563798705333
3282 13.621374364085364
3283 12.221898909077133
3284 13.817865457794163
3285 12.185669443146963
3286 11.857561846638564
3287 12.803102192321305
3288 12.345839976374485
3289 12.94075711228914
3290 11.927765197899253
3291 11.793948102144613
3292 12.080029628612179
3293 11.54793458088469
3294 12.967219456951955
3295 13.310285108433836
3296 12.025512159553779
3297 11.702617059975408
3298 11.733720801626058
3299 12.079285920059862
3300 9.96099522361278
3301 12.43297918083656
3302 11.887740172561275
3303 11.801230182196248
3304 13.100745914148506
3305 11.96407912021529
3306 12.182694835152606
3307 13.5335055315011
3308 12.701446384346537
3309 12.71574174399777
3310 11.777731221306302
3311 12.302475863463313
3312 12.602759564192379
3313 11.846789415475612
3314 11.164388512602851
3315 13.877975867985528
3316 11.369060024065245
3317 12.796344611862791
3318 10.29670103430507
3319 12.316032298585254
3320 12.703318320047941
3321 12.050626467398757
3322 11.983506706452243
3323 13.636660239791167
3324 11.782949911038617
3325 12.159624164403754
3326 10.7555993572912
3327 11.433957807446115
3328 13.006541610084591
3329 12.509906289881949
3330 12.66777382934234
3331 14.12152052168542
3332 12.443785334698223
3333 13.05697033784379
3334 12.48946141810128
3335 12.640538591228381
3336 12.097062696007635
3337 12.363777005780479
3338 13.164069056768515
3339 11.792733173995911
3340 11.0637260765593
3341 10.495320985963122
3342 10.784937762291051
3343 11.985547985641873
3344 11.77731426824179
3345 13.338846913098203
3346 12.823908731025483
3347 12.190677388277576
3348 11.511198289481504
3349 12.745405300995913
3350 13.004889196712794
3351 12.195026634083392
3352 12.372525822979282
3353 12.058624857599487
3354 11.741686008017012
3355 12.562693239402194
3356 11.1477718566188
3357 10.75608408376945
3358 10.199399069652559
3359 10.663349509601552
3360 12.173469276581994
3361 12.442444875157047
3362 13.608529179201525
3363 11.448693878544809
3364 11.118806051549777
3365 10.811271542916726
3366 12.186640653903318
3367 10.59931608212373
3368 12.18752813759916
3369 12.488019037039843
3370 12.458854337892262
3371 12.492262192348086
3372 12.78613724006693
3373 12.212208240312687
3374 11.7875136752618
3375 13.233554393975416
3376 13.492408829519892
3377 11.996811016524793
3378 12.53758703861771
3379 12.104212742555047
3380 12.304424073074248
3381 12.80178564687094
3382 12.529275603253783
3383 13.171570917981875
3384 11.963560705312922
3385 12.095419130382398
3386 12.174749379855992
3387 12.823549329703015
3388 13.361164253684606
3389 13.674881299143252
3390 12.699267876483255
3391 12.380772915105526
3392 13.336345571250765
3393 12.780134584850114
3394 11.937636754638161
3395 12.482368989177589
3396 11.81062765132932
3397 12.928757592705022
3398 12.892437802523496
3399 13.069421539037306
3400 12.285963337094284
3401 13.888687865948967
3402 12.659614249398176
3403 13.056354237258551
3404 13.018481100398448
3405 12.52570848667551
3406 12.712904427099774
3407 12.686156488432438
3408 11.470544166712388
3409 11.895709025956085
3410 12.347516688850584
3411 11.783494686629917
3412 12.282603373515276
3413 11.408964560726412
3414 11.610116983329066
3415 11.079725639712962
3416 11.339894748612888
3417 11.729802892781327
3418 13.36842015430594
3419 12.351710105624573
3420 12.139776092970628
3421 12.202557314446645
3422 12.25963020773192
3423 10.950202046638058
3424 12.418213779569097
3425 12.164599126478796
3426 11.579935039001732
3427 13.074752012982428
3428 12.725461215797985
3429 12.049256448688554
3430 12.674056070875483
3431 13.154482529129517
3432 12.188707675280387
3433 12.473056941176132
3434 13.040189622178461
3435 12.722222316941119
3436 12.445663812430904
3437 12.093362925061575
3438 11.505769193925056
3439 12.633637945055023
3440 12.445751342219621
3441 12.747999653463753
3442 12.990648729178378
3443 11.965292300942483
3444 11.58965465555946
3445 12.345642962392823
3446 11.590306669327253
3447 11.869688464658964
3448 12.839367017768092
3449 12.414483903154535
3450 12.537487354527762
3451 13.028361817859205
3452 12.245055076845636
3453 12.473489510167006
3454 12.526997164701042
3455 11.702074781194009
3456 12.445004621149467
3457 12.693052514700916
3458 12.0247950627992
3459 13.2997853828659
3460 12.634336439558854
3461 13.28407949746314
3462 11.772732847921095
3463 11.986228980206253
3464 11.531917762983927
3465 12.364883043783243
3466 13.02952711846279
3467 11.504243672935129
3468 12.205670069533413
3469 12.045497068146966
3470 12.757887052347606
3471 12.125036943422579
3472 13.18562526514962
3473 12.560066477477879
3474 12.659420941861736
3475 12.988779013175657
3476 11.982073771056006
3477 11.511202783917907
3478 12.99535709307483
3479 12.426639271353547
3480 12.152328078246834
3481 12.838684999590075
3482 12.94163817325418
3483 12.309416291582144
3484 12.474248942888638
3485 13.554155568715046
3486 12.568665623653231
3487 13.134655638428923
3488 13.492837358024362
3489 11.971251132403248
3490 12.754212797605044
3491 12.68104863393208
3492 13.435352613103827
3493 12.483609039182909
3494 11.644496423244902
3495 11.880964708353325
3496 11.913837895780134
3497 11.864102122682452
3498 11.423778433535066
3499 12.51272264859918
3500 13.549729967841875
3501 12.2534692226816
3502 11.564194299467152
3503 12.359945927412406
3504 11.966346854715841
3505 11.967838980264071
3506 11.749262918947585
3507 12.266494713146193
3508 12.361259111991075
3509 12.655199231956395
3510 12.70318177399663
3511 11.22167738588762
3512 12.029772879154226
3513 12.516784147700045
3514 11.480182702253611
3515 12.201068855436068
3516 12.68610246497272
3517 12.5577112839402
3518 12.028944166570483
3519 12.267913370786971
3520 12.382017107783684
3521 12.875758234197217
3522 12.052763305026428
3523 12.89384375320558
3524 11.60290262890131
3525 12.353522040553699
3526 12.42393942708751
3527 12.461483277380074
3528 12.912100109610284
3529 12.075039877626379
3530 12.627177593325483
3531 12.701176097931208
3532 12.185346891197259
3533 12.778424879703351
3534 12.632571583486161
3535 12.006883704582457
3536 12.940425791332682
3537 12.511262032872875
3538 12.51588033477922
3539 11.86766566832879
3540 9.669512088535487
3541 12.303544691667206
3542 12.079539850741646
3543 10.810105157607785
3544 11.234223941232177
3545 12.280297670627236
3546 11.692115510810224
3547 12.221603272335395
3548 12.471195147795019
3549 12.881397567408301
3550 12.316440034811054
3551 13.297823633943862
3552 12.744813449155108
3553 12.884493744526425
3554 12.343595174811862
3555 12.371083520297443
3556 11.618288034357514
3557 11.866335549718032
3558 11.991339852820257
3559 11.77658077716537
3560 12.504800363932828
3561 12.780575320642335
3562 13.222015436848745
3563 13.117406329222318
3564 12.648764999207982
3565 12.94227141658831
3566 12.357315925253085
3567 12.896317756858338
3568 12.907217422523933
3569 12.198676770859704
3570 12.498341072836364
3571 12.818494208820422
3572 11.955499978703875
3573 11.705301546247687
3574 12.589800075728087
3575 12.633435872176129
3576 13.17525240870703
3577 12.873282649551577
3578 12.551342500641674
3579 12.640866675087382
3580 12.039254819772616
3581 12.447233113615505
3582 12.736288301462768
3583 11.905843905628691
3584 12.099153712856635
3585 12.909184718413528
3586 12.814536296665082
3587 13.04044545506961
3588 12.667174714446496
3589 12.660794078506147
3590 12.196528517859221
3591 12.459937200216661
3592 12.04647172340549
3593 12.41045001650315
3594 12.207942181147267
3595 12.708384118150834
3596 12.817871661260522
3597 12.685405345450663
3598 12.818016213296698
3599 12.444276405376892
3600 13.261184948814908
3601 12.765212883336472
3602 12.611648856654229
3603 12.827655641864771
3604 12.467697018423618
3605 11.415529079762873
3606 10.652867999117262
3607 12.94912195662004
3608 12.252881398438465
3609 12.563071269455381
3610 12.215234766292975
3611 11.233426335695786
3612 12.606821245484307
3613 11.967438723800557
3614 12.461008844786333
3615 12.242778956570053
3616 12.430416491906717
3617 11.988031562342341
3618 13.1532459161724
3619 12.118551622839412
3620 12.00279132888926
3621 11.994618689566108
3622 12.460519925137339
3623 12.834714932756635
3624 12.102182600854421
3625 12.845823291723532
3626 12.33764020636543
3627 12.564988637322537
3628 12.511855852337034
3629 12.983088008641241
3630 12.212821245862056
3631 12.180965563687034
3632 12.78767592130848
3633 12.325040666489084
3634 12.799895993472818
3635 12.411980349544127
3636 13.072997355601023
3637 12.220126629487355
3638 12.086287796206335
3639 12.643055541921674
3640 12.5246760550229
3641 13.374534964148483
3642 13.57162305207635
3643 12.20196411014268
3644 12.929813166612526
3645 11.853952815958603
3646 11.688713671359627
3647 12.82251907546573
3648 12.904300221947645
3649 12.831416204508633
3650 12.957873860186945
3651 13.5610769863171
3652 12.036163745967565
3653 12.645002198356678
3654 12.65287471922561
3655 12.562093003577052
3656 12.389354343713254
3657 12.4619771555196
3658 13.033873619933065
3659 12.781252069153808
3660 12.853856380242451
3661 13.703014636945356
3662 13.269217024472466
3663 14.062416516849805
3664 12.230219549422088
3665 12.986218181964345
3666 13.310922724964326
3667 13.055380461465646
3668 13.622047265897962
3669 13.28590629885841
3670 14.06951489086279
3671 13.688578473923913
3672 13.541023400412609
3673 13.306222988293898
3674 13.66750966463512
3675 12.674536511449988
3676 12.757385098725488
3677 13.668838264855665
3678 14.166574150944257
3679 14.22579204597565
3680 13.962970251191324
3681 13.202138940568476
3682 13.484209136818588
3683 14.662908144526822
3684 14.3138276657959
3685 13.970745205426798
3686 13.436038675424346
3687 13.444173108575022
3688 13.287424396608172
3689 14.231882655608558
3690 13.567088350527344
3691 13.520712137377842
3692 14.480993644443567
3693 13.623881252147667
3694 14.211437281023098
3695 13.927111190700618
3696 13.64072202733547
3697 14.185294884894125
3698 13.881079132334808
3699 13.482728775913612
3700 14.744412214403427
3701 14.215486020739082
3702 14.653074225225446
3703 13.726677327401948
3704 13.87497303074726
3705 13.498234837098694
3706 13.410032582425622
3707 13.677374544989723
3708 14.210473150140139
3709 13.991398545127456
3710 13.38296279004155
3711 13.079262948797087
3712 14.038483718802887
3713 13.797462473061401
3714 13.69533856528739
3715 13.997335482041233
3716 14.246701817985187
3717 13.85996814608244
3718 14.727541161898673
3719 13.850176555764717
3720 14.179607815529268
3721 14.156241470047892
3722 14.311582831231362
3723 13.27455983416821
3724 13.735809225864394
3725 13.611102732553483
3726 13.932597277801156
3727 13.423791035321136
3728 13.446417028120898
3729 14.240066662918768
3730 14.280320466345815
3731 14.106603733207155
3732 13.988821111445578
3733 14.083604216840978
3734 14.440356021929308
3735 14.224227457914068
3736 14.700958961407267
3737 13.567764327756251
3738 13.914414221212168
3739 13.45021741059988
3740 12.896903691945809
3741 13.134163391269075
3742 13.742643972276449
3743 13.888951574846276
3744 13.643986913077327
3745 14.154133371174446
3746 14.249027836660447
3747 12.882356726818594
3748 13.932336025727839
3749 14.267143018079226
3750 14.288583669323208
3751 13.842319922343686
3752 14.531255401119648
3753 13.986647077764752
3754 15.067539175196865
3755 14.520592426005933
3756 14.142954043878824
3757 14.138180287810053
3758 13.924889642425752
3759 14.272214586132753
3760 13.60006452421789
3761 13.813337200995065
3762 13.808411981387515
3763 13.952721352016507
3764 15.451944608471793
3765 14.740183357577886
3766 15.261965969671843
3767 14.960414464607215
3768 14.847278528857125
3769 14.671497414322793
3770 15.064501013251986
3771 15.169669852061338
3772 14.480241973160556
3773 14.289729153799644
3774 14.971191902072633
3775 15.370937983437333
3776 14.831539523572678
3777 15.195561048962954
3778 14.625979780224178
3779 14.87238946123509
3780 15.41484090112007
3781 15.15935827937371
3782 14.99775157087485
3783 15.041603046946163
3784 14.725838760584407
3785 15.240357151936578
3786 14.6020265889658
3787 15.290716929842972
3788 14.671717269927496
3789 15.805441490797966
3790 14.952573197969178
3791 15.015077771895337
3792 14.84531934855599
3793 15.042646704000207
3794 15.077473166704648
3795 14.624624284778527
3796 15.354843510690523
3797 14.60308145373959
3798 14.512399062787496
3799 15.309619737773057
3800 14.966026416736398
3801 15.569670514865589
3802 15.109210842307409
3803 14.70971101960926
3804 15.217688352226983
3805 15.397463232559343
3806 14.53105143999003
3807 14.975252779942478
3808 14.67865781646441
3809 15.560244625236788
3810 15.311659621691014
3811 15.22646724788679
3812 15.2499954260876
3813 15.45081496166191
3814 14.761525807457524
3815 15.259426189987947
3816 15.57474744330977
3817 15.9252585166766
3818 15.19336768073526
3819 15.340036277601032
3820 15.297075573212474
3821 15.242076099239785
3822 14.856006311489754
3823 14.784526819484062
3824 13.93088538935724
3825 15.18510263522735
3826 15.21494236685923
3827 16.05326646486354
3828 15.564029162450732
3829 15.614990468169859
3830 15.725279231604937
3831 15.187660117189155
3832 16.29258170795443
3833 15.647784594440317
3834 16.48784492828687
3835 14.51477961567256
3836 15.298551952074085
3837 15.408333511261992
3838 14.76323955985292
3839 15.477840817260686
3840 15.54928586489782
3841 14.562751731731044
3842 14.768241039001408
3843 15.986739741109666
3844 15.231672391065425
3845 15.664555223125229
3846 15.490379593573971
3847 16.156411831463654
3848 15.496570137475874
3849 15.007356056312396
3850 15.34514847338312
3851 15.450850354674548
3852 15.414223767744229
3853 14.8344631660657
3854 14.97667297934974
3855 15.933126612600988
3856 14.730413023457798
3857 14.989633136801677
3858 15.21740625415164
3859 15.114531649420652
3860 15.080957098628542
3861 15.172315539583213
3862 14.826708289850249
3863 14.490793934594533
3864 16.08549799194707
3865 14.99679232945975
3866 15.047610009276287
3867 15.0980641016127
3868 15.279264461873314
3869 15.17673168126966
3870 16.442790489720046
3871 15.650160149504908
3872 15.973761832609991
3873 15.37531273679926
3874 15.107858841048834
3875 15.006457205356002
3876 15.442828066348943
3877 14.97848950116891
3878 15.300690046674644
3879 14.525101475740978
3880 15.383237637361637
3881 14.793047656051654
3882 14.845268723500538
3883 15.598455282765425
3884 14.86990356397605
3885 15.360115806124092
3886 15.488809455322459
3887 15.085548348974783
3888 15.53000468413218
3889 15.360316396309539
3890 15.018228923751296
3891 15.368487581884562
3892 14.834495498541266
3893 14.829654907832712
3894 15.186713944100786
3895 14.93824950582066
3896 14.120259555944221
3897 14.945705512999536
3898 14.210195470944264
3899 14.878258639419592
3900 14.702717596662607
3901 15.85005576047753
3902 14.610754834804762
3903 15.339269953568396
3904 16.261007338942008
3905 14.995498446031993
3906 15.295295792959456
3907 14.561267324302852
3908 14.524695556800298
3909 15.023220662577245
3910 14.995114464237577
3911 14.581866831514606
3912 14.570257413545333
3913 15.026039173506996
3914 14.530304630199241
3915 14.631342749980812
3916 15.361715633229787
3917 14.848561348145022
3918 15.184136842350044
3919 15.084296978383357
3920 15.390248449033864
3921 15.237084678408648
3922 14.45802852026906
3923 14.998028601419247
3924 15.387417386366831
3925 14.670233754419439
3926 15.16362524654937
3927 15.207082944382858
3928 14.75030778027233
3929 15.311273737259897
3930 14.99412157157019
3931 14.947247306245385
3932 15.288138674626426
3933 14.63584515257331
3934 14.876275495818753
3935 14.90776610794403
3936 14.060156499342453
3937 15.39308322085433
3938 14.921082328848804
3939 14.191683231646547
3940 14.574554833320686
3941 14.925906612825663
3942 14.633863550450288
3943 14.750210431085758
3944 14.830524273008466
3945 15.028974795819503
3946 14.277441577365854
3947 15.02720629648984
3948 14.40294853852574
3949 15.39650921472656
3950 14.742925551598114
3951 14.73485596477853
3952 15.35761130832275
3953 15.167363273782543
3954 14.480308679509687
3955 14.944257656127474
3956 14.647215829000151
3957 14.430254597638301
3958 14.237536053888862
3959 15.249009885944266
3960 14.84171331619307
3961 15.11905102658984
3962 16.317907128734547
3963 15.292709406526663
3964 14.741223451934697
3965 15.59782486708203
3966 15.454993837344272
3967 15.30122572741916
3968 13.75715879739682
3969 14.751677947115851
3970 14.984569135767348
3971 14.024146059431459
3972 14.351284283000279
3973 14.513793453457993
3974 14.818341223160095
3975 14.106374417017333
3976 14.04650082134956
3977 13.273134778976507
3978 14.078685338650008
3979 14.00686128189211
3980 13.52906583863777
3981 14.15671405502851
3982 14.66261411474574
3983 14.087805552719095
3984 14.5451526074931
3985 14.220336286751651
3986 14.345988815632936
3987 15.222806332660673
3988 14.675995444766984
3989 14.085598892483716
3990 13.54292229067206
3991 14.463402925043091
3992 14.799874378788592
3993 14.272521861149853
3994 14.944294062703614
3995 15.065673662270529
3996 15.741012222410589
3997 16.597821775632777
3998 14.768533997979432
3999 14.836166329086327
4000 15.112356345945113
4001 30.801391829594174
