0 23.327595744245787
1 17.735411467228136
2 27.988557284553913
3 25.31008389257531
4 24.54882765986361
5 22.12657844043242
6 18.289687662296494
7 16.764231432736164
8 16.838575619517844
9 19.760843178238982
10 20.072882980385604
11 20.03102940259978
12 22.963361123605956
13 25.009782645062412
14 24.056514538298146
15 23.44921585498476
16 26.206005784294444
17 23.014608699288168
18 19.970552201061185
19 19.56226386806825
20 23.944306262681174
21 25.05504763206682
22 26.464678242432726
23 25.603347491477045
24 26.032340010601494
25 23.045188221524473
26 25.84217201738645
27 23.613391149361725
28 24.560815179172934
29 23.774133228738545
30 26.087656012646935
31 25.66435933511286
32 27.226881682963636
33 23.98221536478358
34 23.909989948767883
35 22.67573965872152
36 22.656356719636374
37 20.750475489943703
38 23.308277898683748
39 20.21267290770633
40 19.806218484751085
41 19.057802251068555
42 19.179460431344722
43 20.841824696508212
44 21.997333686320758
45 21.165623649490936
46 24.49132277152388
47 22.281112810717854
48 21.73672426422555
49 21.116812092068873
50 23.94989100283235
51 27.694418059382922
52 28.536384928510923
53 29.134554952197995
54 30.907561640236615
55 26.691843939249786
56 24.923287202806904
57 28.41587926142976
58 25.779593053775553
59 24.723805592966848
60 25.127686854416353
61 24.190403630446312
62 25.204743791634165
63 24.948366504751217
64 26.904314744869254
65 27.091186992421854
66 26.341421776339992
67 24.84637892230306
68 24.737368790073788
69 24.888950799847326
70 25.666196223016605
71 27.95728766073133
72 29.538958980363567
73 28.197926641718045
74 30.6988859117508
75 25.9015806753948
76 25.693006986226298
77 23.609190203512718
78 23.02556699862722
79 22.176095244913796
80 27.560647917161365
81 27.075529173601122
82 23.485409889159136
83 22.28750552892422
84 23.823223477876862
85 19.960529122879436
86 19.356535723145917
87 19.92832329097105
88 20.94216344058338
89 22.98306743431574
90 21.54912733065052
91 18.704688540922913
92 20.90568986340875
93 21.977535337421017
94 22.339291180054126
95 21.903053681758117
96 18.650337323943564
97 20.965035647642743
98 21.25723315327936
99 18.006374319820655
100 21.820772600374756
101 17.62229512788204
102 18.274523289081838
103 19.926636997812782
104 20.18417946596681
105 19.349584787536426
106 17.12021049802397
107 18.447667572949374
108 17.60696242928496
109 18.76749026342604
110 18.19174759487566
111 19.64562390206073
112 20.806993897724084
113 18.1706585433781
114 18.805613732957607
115 16.65373564200426
116 18.95579598355586
117 20.55951101064387
118 19.651471578116105
119 22.28582426515589
120 22.027911554154837
121 21.328654686352184
122 17.260851607443456
123 21.336893187063716
124 19.81374558031983
125 20.880202525672832
126 21.17538496338245
127 22.391193466838473
128 20.35455662084699
129 19.70351777967218
130 19.711312226368047
131 19.383468117588944
132 22.16239744555735
133 21.255343122173517
134 21.04848616322435
135 20.154320685143407
136 20.504871269832197
137 21.140314926433227
138 23.82525097969763
139 22.98590630089499
140 21.203779186117263
141 19.582123731456104
142 19.170110380334673
143 20.178289231701402
144 21.04378617284756
145 19.156489453471817
146 22.16140408697439
147 23.363093418503947
148 21.36841801919641
149 20.490932673003876
150 20.040536824543402
151 20.380915094882027
152 21.987698782673803
153 21.936778292513257
154 23.913779173401984
155 25.547835081990183
156 22.289362591074593
157 22.714990821467488
158 20.545506898750627
159 21.836647319954
160 21.308022883694616
161 22.614208167514036
162 20.984625469714956
163 19.437413324459605
164 20.355220875081287
165 20.194674295905934
166 20.631738412220674
167 20.000976451502318
168 19.300422088019943
169 19.188636551779346
170 21.1493925109916
171 19.102154255507617
172 20.51643113080111
173 19.421588333165424
174 21.72776371667972
175 21.88899356476166
176 21.910519125258876
177 21.02971963418869
178 20.782304199134675
179 20.80498328196478
180 21.886999057481383
181 20.942757526911524
182 20.401737589629317
183 22.00991996201388
184 20.1083741762023
185 20.004824932162816
186 20.995725369037483
187 20.764205392369107
188 21.022018117786754
189 22.2559900561112
190 23.022926358406917
191 23.186099658127855
192 22.24222362125032
193 21.557533496379623
194 19.232367302879037
195 20.28609179983327
196 20.728592990973038
197 21.28999191200161
198 19.915026289559282
199 21.17831031742653
200 20.17173503109118
201 20.84031694825783
202 23.567910134952943
203 18.664646612940192
204 21.329671287836934
205 18.64904568430717
206 21.115487481509252
207 21.842412288175904
208 20.458225538770133
209 21.261060080369813
210 21.89540567514408
211 21.16023365120217
212 21.493238221101965
213 22.878136669513015
214 23.151560492271514
215 21.494637223596847
216 22.065163337446677
217 22.138577210012244
218 22.494236669900793
219 22.87758948130624
220 22.683099822410473
221 21.742288436322287
222 21.87551652922876
223 21.600382603969628
224 21.741510638527014
225 20.938703393269122
226 21.073273315593944
227 19.92476944342649
228 18.80642508301559
229 20.116247228232602
230 19.18260917773654
231 19.663725231391613
232 18.48085254222217
233 19.579662524000398
234 19.676904867877646
235 20.275018561880522
236 18.192209495052328
237 19.705755940498612
238 20.189868676918206
239 19.799332988261774
240 21.619861322238048
241 23.124859869119742
242 23.40569968195362
243 22.26325872298994
244 22.677407061189392
245 24.129259191378004
246 22.59532343470801
247 23.036205215443715
248 22.482713688521326
249 22.938579108081015
250 22.491849057857948
251 22.973728992452628
252 24.115772952354032
253 24.580280752307907
254 25.39559948342242
255 23.434518791778824
256 22.02331827993904
257 23.761121864139596
258 22.002372420057867
259 20.79657326835796
260 22.457403965830473
261 22.487321874168355
262 22.222389192378177
263 21.125677011835382
264 21.252827807349483
265 21.759795404941908
266 21.563649180500448
267 21.92274450904077
268 19.54807349983209
269 19.992227474978787
270 19.878074632440565
271 19.32849999033164
272 19.42362989272819
273 20.165652455357908
274 18.913863710899605
275 19.80619631996085
276 20.14900480118117
277 19.72938420873938
278 19.01010832307422
279 20.119914006531005
280 18.511298966812532
281 18.650704770674523
282 18.75377166737097
283 18.69981423761829
284 21.419628876835926
285 21.24598296288037
286 21.343978667252586
287 22.538363551641098
288 20.83816293647248
289 23.999868040488572
290 22.14085203279813
291 21.38455696540384
292 23.644651959353943
293 22.411042506924957
294 24.519639387367555
295 24.726064362416324
296 24.322844750438357
297 23.417187045949934
298 24.46898980675588
299 25.984500750624225
300 23.38433426150933
301 23.53428294186984
302 24.82886847912961
303 25.33300706440925
304 25.781217947885168
305 25.618467091304908
306 24.66898930293993
307 26.11091552283827
308 26.456575922134967
309 24.527489901489947
310 24.11537097407372
311 23.878582182072666
312 24.660221075024605
313 23.292360695455784
314 26.261999341668695
315 23.817663304535362
316 24.887306043235213
317 23.6226176510819
318 22.291440268577926
319 22.24354627126129
320 22.059337108602595
321 22.230204182336063
322 23.986883130951707
323 23.91319180639972
324 23.395029986127586
325 24.14890468721792
326 23.686917982572137
327 21.494976466360477
328 22.47822886921305
329 22.025866847295774
330 22.666392876022595
331 23.72966699319709
332 20.32157861273436
333 21.291854177256234
334 21.922445632856356
335 18.990963963604433
336 21.616138991991654
337 20.13835379078009
338 18.622877345310332
339 19.100987989924864
340 20.70160296936573
341 19.39696175912782
342 20.29567629453187
343 19.967825579378477
344 19.966398852260046
345 19.37710696536718
346 19.29007017484458
347 19.52871299133937
348 18.93092116954063
349 19.325441422453117
350 19.396499951799786
351 19.319559400830087
352 18.20922191599271
353 18.436782567063503
354 19.018293470825242
355 18.663639757791216
356 17.54613374747185
357 18.567696517873184
358 18.84222616999044
359 18.677052894824605
360 17.9838858028086
361 18.830327049193695
362 18.3047504192691
363 19.295663378644086
364 19.016237785141847
365 18.261992307430628
366 18.654831891794032
367 18.89010006504944
368 20.192269553758415
369 17.109113442864096
370 19.960611721227618
371 18.81868612994226
372 18.725065155436628
373 16.54535727812081
374 18.893037763405946
375 19.24645541610463
376 18.59991727896005
377 19.44646102470519
378 19.073939034868012
379 21.274628301500034
380 19.98756269021311
381 19.27406722943942
382 21.655885558150995
383 22.021979162186348
384 21.546184736986678
385 19.540862313226
386 18.284588931072907
387 17.63336284658649
388 18.19764208329589
389 19.876777606340983
390 19.002226463037328
391 18.608944614259098
392 17.73531220398064
393 17.885971993477995
394 18.664960290336975
395 17.709195730744568
396 17.843267133920783
397 19.35825833939097
398 18.805867265100115
399 18.334594895466864
400 19.501712587740304
401 19.590452181617632
402 19.41069244520165
403 20.65018063518607
404 19.5415750078105
405 19.2834087282519
406 20.945626363209094
407 21.408352369431654
408 21.84588393231717
409 21.75060766858025
410 21.590279507238023
411 22.352896074861363
412 20.620292224839492
413 21.908670426271453
414 22.082235811358096
415 21.59908382246691
416 20.838984224276054
417 21.6468227126582
418 21.51516007762825
419 21.21383327752672
420 21.33204857866205
421 20.246910711792722
422 19.477726503237133
423 18.43345447964844
424 19.086580731365636
425 20.432683607914427
426 19.722616312133926
427 19.974100379357036
428 20.411598081345485
429 18.492325310682247
430 19.213413569198867
431 21.65690449410008
432 21.603519316902226
433 22.804448096418668
434 19.924013590380255
435 21.950116659060818
436 22.718964486299186
437 21.053131467026894
438 20.735135311985555
439 22.482212883749344
440 22.572187431970573
441 22.25724455770254
442 20.80708005187501
443 22.111412738993725
444 21.20295568377254
445 24.608280849833005
446 21.74550902539825
447 23.100002218693255
448 24.024878848752728
449 21.215523176996697
450 20.671271705289882
451 20.698475861404788
452 20.451396984819834
453 19.7875771240402
454 20.638711901589048
455 19.865371783311506
456 19.667850863798535
457 17.45511998515486
458 18.448147489685
459 18.898715424463802
460 18.691144886787953
461 20.10732728402167
462 20.065255291053585
463 18.5932864538958
464 20.306119348069902
465 17.180818288616504
466 18.382342330708873
467 22.195956018272504
468 20.688475332540552
469 20.116033968015632
470 19.183370553765922
471 19.796741951597152
472 22.33317357138493
473 22.76617761650572
474 21.375627888302255
475 22.29843396492915
476 20.038177654711028
477 19.05148300638187
478 17.966588053360542
479 17.82868664092043
480 19.587194134942237
481 20.754142270138605
482 17.953117037234396
483 18.14937073631307
484 18.707396901843737
485 20.222288077090543
486 18.375916818385484
487 17.87010371615232
488 19.89065603544718
489 19.57725588482241
490 19.219425268632808
491 18.591392551792662
492 19.219449685045944
493 19.239030882159543
494 18.655659262190717
495 19.947001918702128
496 19.257409328143243
497 19.163089076567214
498 19.896613037407835
499 18.220405720672993
500 19.12645686151001
501 19.58157420676551
502 18.20032245590676
503 20.895389626206164
504 20.688455771029112
505 21.269971521858103
506 22.459469732047648
507 21.560099789198663
508 21.72958851980553
509 22.344499879734087
510 21.553073327734822
511 21.65314994877692
512 22.521950633696317
513 23.566818596585534
514 21.380421821767033
515 18.513792094052327
516 20.02105660635908
517 20.431712255122115
518 20.482244086590764
519 19.239629604698756
520 20.081401162396464
521 22.509507006658843
522 20.917360364927706
523 22.074793017565582
524 21.6257315460284
525 21.55249597521458
526 22.78145286554099
527 20.80061235532759
528 18.781837756925096
529 22.128872922473107
530 22.47791637580508
531 22.2211135730499
532 21.71383493741092
533 21.393410306416072
534 21.14397003012467
535 20.460863723989004
536 24.010086391445896
537 22.62751485514278
538 22.50726254940804
539 21.104224027631975
540 21.291131702735232
541 22.72117066777256
542 22.11545269947236
543 22.376459674334757
544 18.42107759908142
545 20.275511237382073
546 19.6078765288869
547 20.866491804912094
548 22.404023700864997
549 20.063530845593608
550 21.79295789446531
551 21.824914061768585
552 23.061381955354715
553 21.09513877485294
554 20.86692689652566
555 19.984612006577894
556 20.963154299314088
557 21.913274203649575
558 22.1834593993253
559 20.114361868318547
560 20.5977538344992
561 21.037714073119236
562 19.649914546373875
563 20.947633435153854
564 21.62028941709506
565 21.125507547836467
566 23.045856066029085
567 21.71502110102125
568 22.487035127188044
569 22.992728867092385
570 20.61827179833597
571 21.747741189101077
572 22.60810703202674
573 22.65441757259133
574 21.537418507401355
575 21.059587475517798
576 18.536607277495584
577 19.704736281163683
578 18.43647465383098
579 22.105411357617335
580 23.80254022620939
581 24.349531553679338
582 25.59289170575539
583 23.095136090281
584 20.69582891046137
585 21.46187316812196
586 23.41752880604153
587 24.764575189837725
588 26.251762191356487
589 24.897297348248923
590 27.222889434697876
591 26.462457142669695
592 23.943431850016502
593 26.071867549237957
594 25.16570896095022
595 24.40916742166376
596 27.211991330957648
597 25.232063484924794
598 24.90929255621367
599 26.185296137452344
600 25.570202104020776
601 25.90867346603906
602 26.012741535584883
603 26.110761398921934
604 25.98172273828983
605 20.921056138247998
606 25.177649920144905
607 23.464288600653113
608 23.225870897958846
609 23.918027794569444
610 25.265580918053132
611 23.48395335386266
612 25.221403659384194
613 24.792480291977473
614 24.95068548429608
615 24.016502018806037
616 24.4068806831458
617 20.783270254024114
618 21.80414082872312
619 25.017646184639045
620 23.95924065097321
621 25.620661513025738
622 24.934858538994803
623 24.421738816526958
624 24.67932434536725
625 26.085266344253238
626 25.772254435456293
627 21.656618844817174
628 22.932939297270373
629 25.39138463049159
630 24.95750915760972
631 26.330605774674776
632 26.611819762870045
633 26.48033471943871
634 27.432846561562943
635 27.126495209467613
636 28.49253762465438
637 27.33643831935218
638 27.188429993432617
639 29.62070003258709
640 25.597829187175407
641 25.871646528659944
642 20.253712516686043
643 25.90786806103327
644 25.834586765263243
645 25.410881672245875
646 21.684380217014553
647 24.288855257756385
648 25.209669729543258
649 26.17047713306745
650 24.785852101399815
651 25.39247062155534
652 24.51055391953534
653 23.50665042426707
654 23.466194600802638
655 24.836508128434865
656 24.949396546369464
657 19.895787851391855
658 22.806042372742013
659 21.752250314303275
660 21.979027070023847
661 21.614323696007446
662 25.660220717019797
663 23.305478602349748
664 24.11752237800428
665 24.313972245708502
666 23.721573479745604
667 25.22391975300615
668 22.33235718060339
669 20.081965650690787
670 20.623033529245678
671 20.912944276204662
672 21.711183426824903
673 21.40355191714354
674 22.201571800576005
675 21.6329708195486
676 19.674149850452018
677 20.29106173337052
678 19.926270856537155
679 20.296447525751073
680 20.00553933089204
681 20.694617887804124
682 18.397299880576632
683 19.496027166717013
684 21.44811445609905
685 21.239178436200962
686 20.763923029581765
687 20.447715527148365
688 19.912705045081168
689 20.438124545534247
690 20.769463766563142
691 22.231744036567985
692 20.658155598698663
693 19.639380839780284
694 20.6905746050683
695 20.378408626861255
696 21.06180562679463
697 20.432008804049453
698 20.23731779656311
699 22.313374726863998
700 21.503774146023343
701 20.58466133688076
702 19.07465535309129
703 20.498374144824446
704 20.489936888705987
705 18.28626300748906
706 22.572093275603393
707 22.006294823354324
708 20.77655214593712
709 21.278134203567383
710 19.422269626800905
711 18.9131449212906
712 20.389326841010853
713 17.598583960077036
714 19.949448610141943
715 19.18416363092025
716 21.647780422635957
717 19.114183692250048
718 19.180259272720182
719 20.590387329664093
720 20.185062947100757
721 20.627396374967205
722 23.946751142274945
723 24.689650669325076
724 27.259778511110536
725 24.727591971957192
726 24.171447025373052
727 23.23704910022471
728 21.562469493209374
729 21.79567077739081
730 19.922804725641853
731 23.812584361011325
732 23.068807725607694
733 22.458970298152792
734 23.964180475546964
735 22.62512548019317
736 24.97876132324342
737 25.3354549365162
738 23.733720910141166
739 22.50723223373795
740 20.495029908197953
741 22.710537614762885
742 24.102961624315697
743 22.60894921641351
744 20.389183622435766
745 21.852785958942505
746 22.252956201006466
747 21.698751115858737
748 25.20775294564163
749 22.08567889074944
750 24.030709714269424
751 22.99498242311216
752 21.809757783612255
753 21.34388560234237
754 23.3077447387489
755 22.66039007500263
756 22.74880305492512
757 22.17560028209504
758 21.303110076167698
759 23.44500378213787
760 22.620392870480178
761 21.412894713841382
762 21.69213918004902
763 20.86431522930923
764 21.496203435851704
765 19.831726067176763
766 20.864625328075913
767 20.71119268099783
768 21.05934813342153
769 20.597452588571073
770 19.44442408174365
771 20.068003927219728
772 20.483850239865404
773 20.607140220731193
774 22.07646600878639
775 20.478927292406212
776 20.711765022370958
777 20.76551428584032
778 20.572046358340312
779 18.78797929344344
780 21.079385224824367
781 20.685696319023577
782 19.7405465560357
783 21.109790669771918
784 19.17688540168232
785 22.108172293754446
786 22.429213898999066
787 20.88220381989046
788 20.180974679949426
789 22.07066799141059
790 21.71398880552643
791 19.749248995203498
792 20.517129141575687
793 20.100873642096456
794 20.1793388147913
795 20.02167119496133
796 22.807139610473296
797 22.07723093805357
798 23.683031069898142
799 24.70836191887082
800 29.2741441115629
801 24.59412093782634
802 24.446301925417302
803 24.396915528686918
804 24.905030893812693
805 22.59274595073661
806 22.305889847595537
807 27.154658865378444
808 20.51844755929137
809 22.138779982811684
810 23.720538063712574
811 23.31012975092243
812 22.443634579569533
813 21.9443105533181
814 23.58318107080647
815 24.230288914559473
816 23.733920528849378
817 23.7662596655568
818 22.270211123447886
819 24.209818036560794
820 22.690508291999553
821 24.023503642623552
822 24.933103352529095
823 23.599055959079756
824 25.030297415709985
825 26.451326798611234
826 24.56341594443867
827 23.393975451797864
828 26.73693412124178
829 28.87891000805351
830 31.078060008636896
831 34.40188717442854
832 28.40254469350137
833 28.380051745003136
834 29.334315177098116
835 30.261394106061886
836 27.474315420576747
837 26.439320666409433
838 26.905673178667154
839 25.92341418041098
840 26.374876448230527
841 26.654274813960395
842 26.358074796313932
843 25.7963541261098
844 22.24945241147026
845 23.283542828032633
846 21.524856109843544
847 21.97602965689037
848 23.01896347617078
849 23.5742295929756
850 20.841895627381305
851 22.49656956856968
852 23.624086995874908
853 22.369640936575475
854 23.145829181200664
855 22.569735973513723
856 24.422709563829606
857 25.330406905970666
858 25.22738389669911
859 24.83769548527291
860 24.15401731634101
861 24.835036492434412
862 26.233569435976808
863 24.73976300760917
864 19.919238265261114
865 22.195337883121283
866 21.317613583599726
867 23.21627731853048
868 23.9312533351367
869 22.499820846663397
870 21.681658856521107
871 24.525163066898376
872 19.848268186048088
873 20.17851239269427
874 20.03943439520971
875 22.890581167027115
876 23.656274553611212
877 20.60222008763363
878 20.81087874165921
879 22.218464688406474
880 22.267846190517535
881 21.96338618075081
882 23.285050638220493
883 21.492359652564264
884 23.25601770919056
885 23.901016900989045
886 23.45629818418644
887 21.30034189607981
888 23.803176544055983
889 22.184458271273883
890 24.73738557103838
891 21.818506972930443
892 22.37026599856074
893 22.45094470908909
894 22.86841836214835
895 22.44726946498859
896 21.502741051758782
897 19.148906500693673
898 19.608061080596947
899 18.545166652622804
900 16.09848052063457
901 20.440084178617926
902 20.93417720527815
903 19.4561077931234
904 19.918262299053197
905 19.032033535607585
906 20.52859010503274
907 18.197344815660216
908 19.79419860285674
909 20.7111371448411
910 18.774974183362417
911 18.823069251057472
912 16.749814678294495
913 19.203792919051352
914 17.93053232571407
915 18.58826432928945
916 18.52916633456165
917 19.343762767266764
918 19.894815295052766
919 22.635141645605238
920 25.370231629438944
921 20.749163587234285
922 23.671498046796152
923 22.503704599343806
924 22.787094599027014
925 23.46101630373599
926 23.70817435703595
927 22.587753533168176
928 22.749692123880685
929 22.629527941756727
930 22.447987522366176
931 22.651486452913357
932 21.145142115829376
933 21.409112275189404
934 22.452981638496468
935 21.87928009913197
936 21.185462220224125
937 22.26481682930781
938 24.247877909747846
939 23.586136381717438
940 21.930055102524808
941 21.011784909553185
942 21.93627809105193
943 21.29239699957871
944 21.842398329004247
945 20.119682661199548
946 23.38344195918323
947 20.628225086988138
948 21.476223355240116
949 19.749358600533895
950 20.1854466898648
951 19.36582201002072
952 19.533378511692266
953 20.57787666396375
954 19.920535111170473
955 19.811238003609326
956 19.16719884809645
957 18.28397382064505
958 22.05634101904416
959 19.821243616748177
960 19.399592351662765
961 19.859909994693357
962 18.723623109988328
963 18.429763448146154
964 17.59450770999063
965 16.25177961517848
966 15.38209108582323
967 13.31455806916726
968 13.794187647270086
969 13.810023077085617
970 11.672650144538926
971 15.277532552049328
972 15.229762568710205
973 13.755670360791818
974 17.476717228743848
975 15.311174097337386
976 14.985020219182086
977 15.276827843022827
978 18.09640174558477
979 16.963041359978252
980 16.15413063314792
981 17.731247873224632
982 19.8314836753861
983 18.604841111122006
984 16.56635652857415
985 17.33505524761899
986 17.55299001488569
987 15.443994229325778
988 15.57694700996096
989 12.848349194184168
990 10.950934136546493
991 10.59164822217237
992 10.9053106537024
993 11.990445678844445
994 11.418872976577616
995 14.566564530475556
996 12.541967519551314
997 13.360769771574844
998 16.20711278464858
999 16.12341146782991
1000 14.955002050430497
1001 15.862655571443856
1002 19.414102366677135
1003 14.618517600169547
1004 16.25291726281608
1005 14.989748130907369
1006 13.644612848743469
1007 15.01188166310856
1008 14.10736426254326
1009 14.34339117879729
1010 14.31218375181625
1011 15.182612565956436
1012 14.502003479262171
1013 15.572479675174302
1014 14.443790465298767
1015 14.564409021035539
1016 15.260614036901767
1017 15.224798221615305
1018 14.471670484872655
1019 15.84160837692589
1020 15.118395493318777
1021 15.065174252754097
1022 13.573273981285837
1023 12.824682010641864
1024 12.949845747825858
1025 11.829954630196617
1026 11.426295049829696
1027 13.119964088556259
1028 12.120855209120052
1029 13.021943389576634
1030 12.34627567318288
1031 12.544654017597376
1032 13.531100866984698
1033 15.017021519218572
1034 13.963043082523564
1035 15.608516843300423
1036 14.072804386638815
1037 14.89219313572451
1038 15.934066149354983
1039 17.469538691157982
1040 16.597930232207375
1041 15.80577621219327
1042 16.280914149528094
1043 15.719589521939813
1044 16.056782358365574
1045 14.055339362734959
1046 12.741166930642516
1047 12.749206864665414
1048 14.774766830526252
1049 14.5041243270678
1050 12.656090769640057
1051 12.815908957572342
1052 12.2951016013424
1053 12.672879253917547
1054 12.735223121889863
1055 14.418120326261421
1056 13.526430141486367
1057 11.737966914023112
1058 13.261948831888638
1059 12.126112673086256
1060 12.129878821716805
1061 14.234594772324408
1062 14.629103602994437
1063 15.55032451202166
1064 13.691614357593483
1065 12.399904803626052
1066 13.84686274290355
1067 12.941379689505808
1068 13.048984955308645
1069 13.749466628081386
1070 13.287296790809373
1071 14.186663717339568
1072 14.263082668511727
1073 13.08591494026637
1074 14.698530466224357
1075 13.208777201989776
1076 12.511243621653152
1077 11.418573165050868
1078 12.230672760872748
1079 11.232885787192304
1080 11.379785034974656
1081 11.839433843449093
1082 10.91654751577914
1083 11.355978862992872
1084 14.745757787139093
1085 13.701461335765027
1086 13.906908279130848
1087 16.10545099504929
1088 15.725167683419786
1089 14.557389536365136
1090 17.374005355602375
1091 19.157775701536092
1092 14.93734028774112
1093 15.420304402812084
1094 14.016183537840636
1095 10.96340264298234
1096 8.924799645445539
1097 9.403140968089348
1098 10.275572855423457
1099 10.973539525427318
1100 12.271439224084274
1101 15.160728476722857
1102 14.125958760029782
1103 12.68436424886934
1104 13.898747153852307
1105 15.18245491544203
1106 12.167033684784283
1107 15.730886963422417
1108 16.954161095268603
1109 18.89694982666426
1110 19.49781736356469
1111 17.698393109885437
1112 17.55515327627911
1113 18.048704743500966
1114 17.16143417944369
1115 17.51377407220791
1116 17.234235278981934
1117 17.071534877647196
1118 16.350856887068186
1119 17.34810508249282
1120 18.217358083984106
1121 17.776488492826928
1122 16.605202264067202
1123 16.1072698015327
1124 16.741484904757087
1125 16.312520362640836
1126 11.702620660996624
1127 13.706702483969915
1128 14.881625266194344
1129 13.392635447730452
1130 13.067707439435988
1131 11.680804742418731
1132 8.51561919902211
1133 10.816976740856463
1134 11.7931361399704
1135 10.795862224313158
1136 9.821781522756988
1137 11.912827411969051
1138 12.474956987581892
1139 12.36261014847212
1140 9.764392246833712
1141 11.135822604928139
1142 13.075911471675644
1143 10.847875157870138
1144 10.908948549745967
1145 12.354484675788319
1146 14.024044084526654
1147 12.106192342153511
1148 13.642129824492521
1149 11.929979925210157
1150 12.484827615497316
1151 12.096464926427913
1152 10.676169726815814
1153 10.596605506997498
1154 9.443373130053095
1155 8.07186699462773
1156 9.532540286195855
1157 10.206398920193584
1158 10.269193564103286
1159 8.745999411306203
1160 11.21334309777525
1161 10.21780274947973
1162 8.885034169911828
1163 7.695635303967708
1164 7.570539431528335
1165 8.25455437820022
1166 7.300722533940691
1167 6.677990129368455
1168 10.54123789319771
1169 9.176331352226526
1170 8.495651530618604
1171 8.35856603606005
1172 6.622101453274923
1173 7.055305185093612
1174 4.6484354866038124
1175 8.134273475501912
1176 6.3382226406687
1177 6.01221727741307
1178 7.893287408651119
1179 8.102019930046428
1180 6.180463047931243
1181 6.926959887588003
1182 7.624340522150858
1183 7.920311253060429
1184 8.390004447984072
1185 7.464803367172762
1186 7.974766030958313
1187 6.506479392437967
1188 6.7286264110854725
1189 8.848653152865891
1190 7.623511472466232
1191 7.787327283834902
1192 5.509070536043518
1193 6.578282397547388
1194 4.425917714895468
1195 6.957707305634576
1196 5.323571853917254
1197 5.141606013092841
1198 5.906772126033458
1199 6.310438310420269
1200 5.784315165737587
1201 5.375415343394884
1202 5.524883920200139
1203 5.300269613690604
1204 7.553325757783601
1205 8.395619355374382
1206 5.429594688331976
1207 3.7121602723209333
1208 6.736296109505829
1209 7.679758450565952
1210 5.494596239139536
1211 6.274708197590794
1212 5.68338616177578
1213 8.044351913790177
1214 7.903118304011347
1215 5.991522284300898
1216 6.3535679933795
1217 6.562451238257905
1218 6.504968093236097
1219 8.125867423048836
1220 10.177470418931176
1221 6.601512577680898
1222 6.395621070029951
1223 8.099351447256451
1224 9.613780186850358
1225 9.9051824761318
1226 8.379078999056002
1227 8.538066616555499
1228 6.43945794323579
1229 7.9787330690427645
1230 8.218981050161577
1231 11.159136991923916
1232 8.557284826935055
1233 8.445876332211503
1234 8.252741704475838
1235 8.529930560800057
1236 11.234858705427508
1237 11.187540896951038
1238 10.16217084945361
1239 9.710099375485932
1240 9.49461410519744
1241 11.964966845506021
1242 10.212388764754147
1243 8.90815791985317
1244 10.029273878695683
1245 11.333990269474656
1246 11.847604610070558
1247 11.018633811378134
1248 9.518139665376335
1249 10.363941291792274
1250 14.288858493178473
1251 12.681136518743084
1252 10.78087766443633
1253 9.178619934524693
1254 11.038112029202026
1255 11.555623724615383
1256 10.421428494347804
1257 10.25883926493676
1258 11.299909640894636
1259 11.86649556451795
1260 10.418345450479519
1261 12.276936374077051
1262 11.249625970231953
1263 11.758806159138903
1264 11.56599605834025
1265 9.914952245040752
1266 12.158914745323878
1267 11.111287457058994
1268 11.17740314314962
1269 10.746330595638662
1270 10.870600126788487
1271 10.282876036646531
1272 9.705200149260873
1273 8.763029425165318
1274 9.597168739951588
1275 10.11225886446772
1276 12.339962793951724
1277 10.811789885803503
1278 10.629619999790163
1279 9.695986994518591
1280 12.572189067647804
1281 11.52078062045726
1282 10.27428696445478
1283 13.140661774174427
1284 10.226520172293185
1285 11.648894219732103
1286 12.971867013309305
1287 11.234713962266929
1288 13.927840340279877
1289 10.885532752104348
1290 9.251369274291385
1291 9.34138805005505
1292 11.798733351144902
1293 10.917953371090483
1294 10.328911574160333
1295 9.783004064206594
1296 10.760392020206782
1297 9.320974747825622
1298 10.153574689110805
1299 9.637670741528161
1300 10.092901328523274
1301 9.50292619386921
1302 10.389721220990683
1303 8.858191376298553
1304 9.46136735072274
1305 8.479774901364266
1306 7.7660003816293335
1307 8.519886113193651
1308 6.942092887505624
1309 8.016593758106964
1310 8.287302755350723
1311 7.007730778916255
1312 7.59411484847145
1313 8.980324640709568
1314 5.7081789202650866
1315 8.233549319031443
1316 6.495835760254514
1317 7.497792332801225
1318 8.738263684721511
1319 7.567508703516089
1320 7.7792484061641085
1321 8.969227368223953
1322 7.626203032931968
1323 8.950615361584132
1324 7.69945964328816
1325 8.445411745342653
1326 7.567921131790584
1327 7.337712516450468
1328 8.34245062392419
1329 9.024406249537712
1330 10.393071000111412
1331 11.2366427763614
1332 8.749582584338333
1333 9.812338609410839
1334 7.261008990979653
1335 7.848953547518439
1336 7.788936444995427
1337 8.540534861698154
1338 7.571105336634541
1339 8.591543704081106
1340 7.989223286044211
1341 7.0000169035352515
1342 7.664820167460932
1343 4.766708639249608
1344 7.8807054469214375
1345 6.140725184722854
1346 7.723517287261953
1347 11.449276508504624
1348 9.914117386132332
1349 10.988923189244941
1350 11.504000171858232
1351 9.139985899299694
1352 7.711543783202161
1353 6.680705019693911
1354 5.971494454294251
1355 5.492809450730429
1356 6.925761078868378
1357 7.353419757773352
1358 7.672378683565228
1359 7.639141410886244
1360 5.9112255321706035
1361 8.321943461815138
1362 7.377299646158138
1363 7.68306706300534
1364 6.184939125070821
1365 5.705406809835906
1366 10.53700880323004
1367 10.742484387224998
1368 9.833856116379936
1369 6.652991026926257
1370 6.3451852695101465
1371 9.598198400972173
1372 9.228176838681213
1373 11.012323758718663
1374 7.894868389083669
1375 7.864957809331447
1376 6.485965384709246
1377 6.656346835796793
1378 7.381100744433358
1379 9.420036003476262
1380 6.411642270542644
1381 6.495167892424933
1382 7.321092573064342
1383 6.922566339222781
1384 6.729390339766327
1385 6.829117547807972
1386 6.942192215561664
1387 6.2373210939461945
1388 6.0356118102341485
1389 9.25335906960582
1390 7.817204025527745
1391 9.245513315437382
1392 10.16166964633935
1393 6.143116834796481
1394 6.934831810253873
1395 7.051439166283169
1396 6.983032721654572
1397 5.544277809949756
1398 6.410857671534162
1399 7.356675127572918
1400 8.47471145453841
1401 8.49522786839384
1402 6.425895678784382
1403 7.5135523827286015
1404 8.023744381503766
1405 6.265566811055325
1406 7.2935607417815
1407 10.105520759035702
1408 10.842435133768076
1409 11.293840550427253
1410 7.002867660111156
1411 7.67155494236836
1412 6.687085838215458
1413 8.053636569106457
1414 8.68566112161401
1415 8.55770838893003
1416 10.852395183906623
1417 8.124394522447236
1418 8.991350520975613
1419 10.659576802670319
1420 6.169913444071484
1421 7.792806487473214
1422 9.741479257905008
1423 7.238455032301175
1424 6.563842278182753
1425 7.032810428991387
1426 8.568144382181336
1427 7.899127373156519
1428 10.134287970617201
1429 8.763563784006726
1430 8.48043073140115
1431 12.127890362745113
1432 7.97009547512659
1433 10.218150009878768
1434 11.89934856216535
1435 7.095560988353036
1436 8.805415795670735
1437 8.985527915987811
1438 7.700262284914576
1439 6.376852650135474
1440 4.152784298185014
1441 4.140455492450147
1442 4.295773028873865
1443 3.7320411223120082
1444 3.3449246343431165
1445 5.9160037886253845
1446 8.826349248183455
1447 4.86771078555565
1448 4.153751957267942
1449 4.373223873703635
1450 4.790104624531225
1451 6.9839607455772645
1452 6.489387918152955
1453 5.0673955733947755
1454 6.3501850212556326
1455 6.919235676727001
1456 6.728098985880562
1457 5.209272741951342
1458 5.695964296811538
1459 4.675890549910056
1460 4.614070424968885
1461 4.703174895122587
1462 4.744005998253011
1463 4.662757470017632
1464 4.63797392613441
1465 4.708180911182501
1466 4.732179967960363
1467 4.744208484392017
1468 4.854080577497457
1469 4.887991754582766
1470 4.341805202033458
1471 3.493304989120152
1472 3.5931147717418566
1473 5.340064555126681
1474 7.005657783028214
1475 4.509155499321655
1476 4.718687289774917
1477 4.522562705831915
1478 3.5852715207835324
1479 3.7796243131337683
1480 5.692637623679511
1481 5.876437154709815
1482 9.879395518523134
1483 10.712037834770753
1484 9.463957253626782
1485 10.493949270739943
1486 8.97866215920186
1487 10.40251795001587
1488 10.091336948358823
1489 9.817354752558023
1490 11.631481422947118
1491 10.871413558882526
1492 10.38854085009904
1493 10.23991102824895
1494 9.333926555176387
1495 8.224027528651451
1496 8.738055991832445
1497 9.375604064108115
1498 7.8085490808368725
1499 6.5828274446320645
1500 8.664646735054545
1501 6.364698683313057
1502 5.552415288842289
1503 6.003600055834438
1504 5.731014414188037
1505 5.862601686699543
1506 6.172706903393198
1507 6.46851607506088
1508 6.297087549442756
1509 8.296687395361337
1510 5.315928494706601
1511 5.78565369496013
1512 7.7502428946230815
1513 7.542703938792525
1514 6.238052095531384
1515 6.335496827890233
1516 5.655249280292371
1517 6.655111797850949
1518 6.100950362128526
1519 6.490357072187553
1520 6.055797045516935
1521 5.94217931592507
1522 5.731535603307068
1523 6.581690061027567
1524 8.746209205832436
1525 6.530469573778396
1526 7.2352781100549235
1527 6.900844033524612
1528 8.04479105368658
1529 5.415504447932401
1530 8.958929643485794
1531 7.07501228103301
1532 10.004207466454417
1533 8.341971851348056
1534 7.302168075480491
1535 6.596810008856665
1536 7.689435660263813
1537 5.767482827734409
1538 8.224354062221916
1539 8.213422885474857
1540 7.4437312050799616
1541 7.797827967627897
1542 9.002553246684947
1543 8.497694809414613
1544 7.967754188614584
1545 7.370906257135517
1546 8.665062082798588
1547 7.8108062004370415
1548 9.283708304530743
1549 7.108024355459197
1550 8.06042306902147
1551 7.577530206821991
1552 7.8314451645745065
1553 9.106941644940267
1554 6.652418889954075
1555 8.138088591198574
1556 8.125490104524753
1557 6.6236739868443095
1558 5.377474012719715
1559 8.182802320805058
1560 7.034893719378805
1561 7.7211922135578
1562 6.68509085925192
1563 6.078226977976454
1564 9.184529499040623
1565 8.015581187984644
1566 8.188246482042198
1567 8.140239484643716
1568 8.099350156310972
1569 8.058428177053049
1570 8.146405599015095
1571 9.049349950387736
1572 7.821417760611207
1573 7.749028590217482
1574 5.93387469008904
1575 7.739214165667711
1576 7.6578871537428395
1577 8.290082863882446
1578 6.657044644807896
1579 6.032084303507485
1580 4.821518597530803
1581 7.774155575159659
1582 7.964867266186416
1583 7.948181375279756
1584 9.178925061385602
1585 8.717390605217263
1586 7.999558216612826
1587 7.768619970688953
1588 6.779046044536515
1589 6.864568438444409
1590 7.451512956894038
1591 9.478270877082519
1592 8.159485011628307
1593 7.271783498297541
1594 8.427967972232544
1595 6.69378117986373
1596 6.826078791788017
1597 6.004873123845143
1598 6.377186139077219
1599 6.008059122051421
1600 7.655175246842396
1601 6.644888239562042
1602 5.790138896169663
1603 7.238876100354969
1604 6.8238914376427005
1605 5.473131152132547
1606 6.165992727421135
1607 4.978156403825781
1608 6.457690455694222
1609 7.852721497343154
1610 6.03417302571143
1611 5.886396951776688
1612 6.321672922532968
1613 6.771445771268921
1614 6.829230393171267
1615 6.06509679121947
1616 5.486825893528807
1617 8.196720553844985
1618 4.846487018702958
1619 5.745423248167928
1620 6.935019089377354
1621 5.408417746553312
1622 5.874147996689252
1623 7.717405690852742
1624 7.360774842378757
1625 5.329017217677557
1626 5.9472966710907045
1627 4.922827729282407
1628 5.075255319356496
1629 6.480247592776806
1630 8.45111365695966
1631 6.5350713676538374
1632 5.289888318202975
1633 3.547361622726784
1634 5.839467914066327
1635 6.869197080553162
1636 7.080907516448197
1637 5.981821743644527
1638 8.07593572428818
1639 8.201726109094693
1640 7.497863768221205
1641 8.177261603931955
1642 8.792774517705991
1643 5.667628895977688
1644 6.28598430483462
1645 6.181468047881175
1646 5.806086884705216
1647 7.524066059194315
1648 9.276310390750977
1649 8.01559161467126
1650 7.019897330898068
1651 8.325440782804348
1652 5.657493536919222
1653 5.844540291462734
1654 8.084727372599492
1655 7.804189771834386
1656 8.862663731557108
1657 7.779695224039781
1658 8.371901013540553
1659 8.428023363443456
1660 7.846937119332916
1661 8.318374857254462
1662 8.15794368426039
1663 7.844771748160053
1664 8.625580848349113
1665 8.498001821940617
1666 7.601269656801677
1667 8.072167528074127
1668 9.111513987486301
1669 8.989638840688512
1670 7.777394164081691
1671 7.275915404522278
1672 8.201769441673376
1673 8.359117208483156
1674 7.35761841751712
1675 9.224933125205055
1676 8.010645391041123
1677 7.322020695418815
1678 7.790776228640661
1679 7.547091388927672
1680 7.725232380763737
1681 8.360259106214608
1682 9.385571798299337
1683 7.077482604648246
1684 7.376493042462385
1685 8.535870353963544
1686 8.408807497375618
1687 5.865145726751495
1688 6.603542996627779
1689 6.406328110963289
1690 7.6364129337671365
1691 7.167941130430337
1692 6.865861505432306
1693 8.542573467955428
1694 10.614554718528996
1695 7.669266276520414
1696 9.28832667139658
1697 7.277427760382257
1698 8.474049910332683
1699 8.822882400363605
1700 7.393774277702563
1701 6.460611661030083
1702 8.049551315347482
1703 7.601242727617394
1704 8.2413971407102
1705 7.341737622488548
1706 7.448709874470848
1707 8.302591824270559
1708 7.6783532673430335
1709 7.737586365020499
1710 7.848158460132599
1711 9.87196229106399
1712 8.666538189254114
1713 8.194878411449102
1714 7.882473589760954
1715 7.192829847373334
1716 7.400443893317293
1717 6.741771724767398
1718 7.2058606767100155
1719 7.420296532371814
1720 5.537854789534844
1721 4.880064385310232
1722 4.822508996182475
1723 6.870415054116482
1724 8.134236073681222
1725 7.241816542212341
1726 8.756815617213078
1727 7.387164929567069
1728 7.810496052049862
1729 7.263682021674983
1730 6.812069407531515
1731 8.191384353045674
1732 5.168619844357735
1733 8.199006854706491
1734 8.126066002056431
1735 7.4297920227881615
1736 8.281398311230504
1737 7.585953833766146
1738 6.998589349279351
1739 8.861110260700874
1740 8.133918147195494
1741 5.496823994590888
1742 7.16378944761783
1743 7.758905746962086
1744 8.022906682909404
1745 7.479020913287007
1746 8.721978230880651
1747 7.3975764949913385
1748 8.770750091539638
1749 5.857636202997841
1750 5.893459473782434
1751 6.083345699643843
1752 8.83381230605864
1753 8.48773966945043
1754 7.235927496232414
1755 7.3137721823445885
1756 8.063609764972226
1757 6.410726794008667
1758 6.874041748761934
1759 5.881416151134885
1760 7.714457680785204
1761 8.002659906444634
1762 6.733594970605757
1763 8.24835046111396
1764 6.406313788486942
1765 8.035361262190223
1766 8.092848347825093
1767 7.594645242046936
1768 7.143827231111746
1769 8.377306690309284
1770 8.374771875820862
1771 8.176721217818814
1772 7.682347912480307
1773 6.817195964756339
1774 6.61042747657244
1775 7.332949162868661
1776 6.202600174750994
1777 8.317450585522687
1778 8.798034813536947
1779 7.784753763606874
1780 8.994901709715823
1781 7.783147473574554
1782 8.686108746104779
1783 7.84428584970467
1784 7.5033892304446494
1785 6.891379662981734
1786 5.733239721602527
1787 7.490076190534099
1788 7.804262077779033
1789 7.780487358352436
1790 6.914513483421927
1791 9.64504166437957
1792 7.18625474992623
1793 7.009914231780522
1794 10.30114251038233
1795 8.152078721468929
1796 7.818142351550734
1797 7.920463065248131
1798 6.599850465348386
1799 6.443573278500325
1800 6.537678311344127
1801 5.046856526645178
1802 8.44761078708604
1803 7.570396242465355
1804 5.869031569489018
1805 7.29863756034616
1806 6.5533403416232385
1807 6.592172394269641
1808 7.76291631008707
1809 5.928946637696319
1810 6.306174704495531
1811 6.908371480630219
1812 7.485721404474638
1813 6.028961487854325
1814 8.175757597950843
1815 8.426893112986944
1816 5.836008858453166
1817 8.140662371109473
1818 6.9518243352278555
1819 8.682580455083698
1820 8.100258404078383
1821 6.70831908431588
1822 6.950073431884894
1823 5.6623803523593255
1824 9.019243531310863
1825 5.502648424320382
1826 6.212562496097376
1827 6.700027488526637
1828 6.948969085689355
1829 7.189071654740069
1830 8.496881750307395
1831 6.71675960605904
1832 8.264692842080429
1833 6.3246501186357005
1834 7.718787456211823
1835 8.267340123435512
1836 7.639375960621742
1837 8.141677592789096
1838 7.940938029620222
1839 7.056547726727419
1840 8.636781584608515
1841 5.698151386890468
1842 5.718457195320493
1843 8.181229049742585
1844 7.546231910575846
1845 6.194533939259843
1846 5.926837859084708
1847 6.11866739514457
1848 5.152785852841576
1849 6.117704468139714
1850 5.736214031841066
1851 5.939550945350245
1852 6.1641213263839365
1853 5.804116306545006
1854 5.594308451276707
1855 6.25593361911823
1856 5.776489639068841
1857 5.784532139400757
1858 8.498506062935936
1859 5.66282989464238
1860 5.94262394301499
1861 5.731011416309819
1862 5.292732176096625
1863 5.7482606255931366
1864 4.792543527037205
1865 5.403682577629311
1866 5.779280429408753
1867 8.112219233423424
1868 8.744355268936973
1869 6.679544260443306
1870 5.5645882458142575
1871 6.350448541511331
1872 7.768644976182073
1873 5.764391200903514
1874 5.600807283601962
1875 7.346982325361751
1876 7.532037270890098
1877 8.113115115454672
1878 7.830856485675275
1879 7.495683739763248
1880 8.20250870255469
1881 6.582456123156736
1882 7.933355016097737
1883 7.994019828147229
1884 8.093744112305991
1885 7.149397121857397
1886 8.636776101732053
1887 5.834192405127818
1888 5.830778258710191
1889 8.560240165712747
1890 8.400458165064434
1891 8.732286198126756
1892 8.794381383447343
1893 10.67529616956093
1894 8.487890236780338
1895 7.5129182457980965
1896 8.054402854197946
1897 8.850395675607913
1898 8.344606125522368
1899 7.691898213802512
1900 7.7635781760164
1901 6.062877311511472
1902 9.965704669213824
1903 6.747073018097623
1904 6.601122161425768
1905 6.124895727886547
1906 9.299378560988133
1907 9.92242712936715
1908 8.380027022833003
1909 10.55914085006318
1910 10.98564750684322
1911 9.520430610395035
1912 11.113310251668594
1913 8.993656771288487
1914 8.88257227079564
1915 7.732193383806037
1916 7.072513361874207
1917 9.359233407639747
1918 7.569947429448547
1919 9.656952593760746
1920 7.591813016576572
1921 6.717997654608814
1922 7.127851452981501
1923 7.204360868705877
1924 7.581413541203265
1925 6.763982184283857
1926 8.24336653409039
1927 7.588846355347005
1928 8.504151724315825
1929 5.7764293744168125
1930 5.1194852785041896
1931 6.148124600850528
1932 7.883480694062724
1933 7.730002512841883
1934 7.339260921626446
1935 7.6364823674236995
1936 7.570890400402849
1937 7.544206318807577
1938 8.708195591871512
1939 7.042069661379774
1940 8.513169717698759
1941 7.978005664579359
1942 9.85369276221605
1943 8.052530280088735
1944 6.277752386492951
1945 7.886221800235744
1946 6.9567392936774946
1947 7.223344555718121
1948 7.19425574829984
1949 7.794815484139557
1950 9.09928402628477
1951 8.596159009781351
1952 7.439138633826018
1953 8.572056607035574
1954 7.801239338941325
1955 8.0581348678558
1956 7.638713281027475
1957 6.15263996666919
1958 6.514283561686302
1959 7.438642606070098
1960 7.701582686869746
1961 8.851046477550865
1962 9.158412773157254
1963 8.273664039267086
1964 11.082492868782326
1965 7.016441777801166
1966 8.036237071290127
1967 7.655907061038519
1968 5.985936535589069
1969 7.486294143982309
1970 8.65645869655889
1971 10.405837376739708
1972 9.448778928386266
1973 10.366494490852531
1974 7.3552998093745545
1975 7.969758046826682
1976 8.412575573197438
1977 8.256258682484589
1978 8.717246567528127
1979 7.568550535399907
1980 8.26701653270865
1981 12.095429799380183
1982 10.626789565724732
1983 11.929610961990498
1984 13.263560001488871
1985 12.649662065477898
1986 14.472659123334221
1987 12.456979757644916
1988 12.391926605016083
1989 10.127251842543995
1990 9.648398013215266
1991 7.864346518999952
1992 12.195899383412423
1993 8.760300059383443
1994 10.411856942524517
1995 15.575464707987813
1996 13.984229069947457
1997 13.313526079722386
1998 14.702444396887676
1999 12.295602791444761
2000 12.476311310785228
2001 10.038600125564917
2002 10.656437011597893
2003 10.757389698756285
2004 12.562624455251571
2005 11.47814227723685
2006 11.916648088198947
2007 11.748792084361929
2008 12.688008660758426
2009 12.291361043105727
2010 12.382843448080182
2011 10.798801596162518
2012 9.758702335478361
2013 11.21269996663787
2014 12.110684324726495
2015 11.484412708581562
2016 12.727516084918424
2017 8.991318685123057
2018 7.737486858148423
2019 10.775019583019672
2020 9.142691841341732
2021 11.081248717765432
2022 12.494402712759097
2023 11.304078543116457
2024 14.521319033500932
2025 13.655177074770265
2026 12.506890053026096
2027 11.5967909096962
2028 13.296208460161152
2029 13.89791201077502
2030 10.295009346229156
2031 14.691374768741918
2032 9.204465678668727
2033 12.762567351888572
2034 14.949539359802673
2035 14.72286369971595
2036 14.826502560227176
2037 15.340540055018598
2038 15.236460722429781
2039 15.22036331585737
2040 12.611429937589252
2041 11.98898734330733
2042 10.825233950129793
2043 10.598478784974777
2044 11.60527798795018
2045 12.415246245499683
2046 14.650799295545436
2047 14.630906175902325
2048 12.865506783515514
2049 12.016610285125562
2050 12.345070531099477
2051 12.705265353591459
2052 14.464336876900333
2053 15.092110306725079
2054 14.288346113138314
2055 10.96798434927877
2056 12.545707535945928
2057 15.027498968622147
2058 12.37551687386021
2059 14.068298103425136
2060 11.542398307904497
2061 13.327260468691817
2062 12.634030880503433
2063 11.416521292451625
2064 15.698119019189642
2065 14.873459741958067
2066 12.851567385698191
2067 9.834531669143617
2068 10.557207057209393
2069 12.862398960259437
2070 12.560302622499421
2071 14.282227238207275
2072 10.157875905439083
2073 11.066262766089805
2074 10.407186754726094
2075 11.894864231180202
2076 15.616710868705779
2077 11.556907708547124
2078 12.258766796853239
2079 16.359715061546073
2080 17.30148908873819
2081 19.34272632711683
2082 14.957771385392936
2083 14.486005980320904
2084 17.549715571771106
2085 16.546683529226957
2086 18.572275502842597
2087 18.22147165900146
2088 18.84739930886031
2089 20.132305290569196
2090 14.975167367146167
2091 13.301015896259548
2092 16.923585329101723
2093 15.392816352628786
2094 15.443124174430727
2095 15.244736219185567
2096 15.587305319292287
2097 18.34378435864589
2098 16.55697199610345
2099 14.95495607143028
2100 13.606578409998853
2101 11.941235964300324
2102 14.607526258447182
2103 12.524242600449286
2104 12.027894452362593
2105 11.9064876413013
2106 10.942558805023149
2107 14.312068791624988
2108 10.281318518724756
2109 10.011123339045614
2110 10.430161702088213
2111 8.062853185778462
2112 10.965897673789074
2113 10.631517134275379
2114 8.89139659245916
2115 6.924380545407706
2116 8.4408366334589
2117 6.7181221786881675
2118 8.287057336737572
2119 9.999806473790734
2120 7.002036838034397
2121 6.058389910502077
2122 6.225841972303654
2123 6.751827123264809
2124 6.425949135939145
2125 7.337049950598043
2126 12.312240092612628
2127 9.193473949869254
2128 7.7672541876881525
2129 11.267007041003366
2130 13.651486464749421
2131 13.390039776629845
2132 11.514617437568317
2133 10.775361783543952
2134 11.210482464485661
2135 11.573244932784949
2136 12.070869537822658
2137 9.120060116653505
2138 11.005200390314803
2139 11.341094870263545
2140 10.538831791449432
2141 15.029013535189186
2142 12.346206718505789
2143 10.8813249831419
2144 8.99588390634504
2145 10.965129701555984
2146 9.76920272471298
2147 11.050329770155853
2148 14.07431584857257
2149 11.59671598204216
2150 10.845327908240053
2151 12.883971118191004
2152 11.799435017568076
2153 13.850926890757794
2154 14.194541195668952
2155 10.265057292881906
2156 8.37223173592434
2157 12.284227901046044
2158 10.15123211427744
2159 8.279352178094362
2160 6.33866832876916
2161 7.786338639165821
2162 10.14682475882261
2163 6.866905297248364
2164 10.861738817977107
2165 3.8531203415055018
2166 9.641662108654327
2167 11.805455570439046
2168 13.22417687686352
2169 9.612596576421723
2170 11.938948970608864
2171 11.33482347619284
2172 12.87117631452384
2173 12.709603683599148
2174 12.768230140401643
2175 10.981329287844293
2176 14.451950735272526
2177 12.950628235885832
2178 14.203100676579849
2179 10.964100213391378
2180 11.638174850905036
2181 11.777799172336145
2182 9.526966628339917
2183 16.208746928368186
2184 7.844064306386425
2185 11.647063971116157
2186 9.695070450633853
2187 9.967358032734865
2188 12.49167814032881
2189 11.568636620126904
2190 11.778815427287856
2191 13.151394787931922
2192 11.061637213878685
2193 11.198739430272921
2194 13.239683397995972
2195 10.887533684418637
2196 12.223182671170624
2197 11.141226704477459
2198 13.754011150749356
2199 15.80760297188571
2200 15.429828169404889
2201 12.583086352708973
2202 13.340828173703933
2203 11.605838258601384
2204 7.288967281697713
2205 8.870103180381832
2206 11.180735775290048
2207 10.694593480539039
2208 8.165088202843142
2209 10.454026442480286
2210 8.255459221104553
2211 8.781109009126961
2212 8.679360800597424
2213 13.457871159579705
2214 11.616754613280364
2215 9.911652408091808
2216 10.711352034354636
2217 9.676248067076127
2218 11.249151586842514
2219 10.457524484889808
2220 10.691783011077595
2221 10.178872297772514
2222 10.873400811371258
2223 11.184902385443259
2224 10.618583130384526
2225 10.063747160537341
2226 10.741729003442183
2227 9.017366166726973
2228 6.740820189020911
2229 11.77146951230122
2230 11.75763172799576
2231 10.575368252131234
2232 14.83224349042626
2233 14.384628106582586
2234 14.267062868995238
2235 11.713188069195725
2236 10.753195605444473
2237 12.601888550270788
2238 13.317022816672253
2239 11.721089879080356
2240 9.86487797168466
2241 13.267171846001554
2242 13.195004850034778
2243 11.453345972862623
2244 12.699229791733872
2245 11.776284343341674
2246 12.991094408913925
2247 10.646512162798661
2248 14.171015356517017
2249 11.905114423088126
2250 12.27293955861893
2251 13.269448085405237
2252 12.480957106823798
2253 12.417358632834699
2254 11.556733404247305
2255 11.908444710996804
2256 13.72840788737403
2257 12.02713199001597
2258 14.520151668442217
2259 12.482820553491706
2260 10.719901757980997
2261 13.081995005792349
2262 11.181505644459358
2263 12.890830562343425
2264 11.385750150190681
2265 11.740234482449617
2266 14.205088314033077
2267 11.580530301630121
2268 9.593165141875321
2269 8.869825332876614
2270 10.57055464891875
2271 9.476355786572421
2272 10.41755838489698
2273 14.90886016084978
2274 11.795926165667577
2275 14.403949930697282
2276 15.265479594732684
2277 18.805615845380427
2278 17.455964774367462
2279 14.434422417263832
2280 15.944763795004572
2281 13.828290196980483
2282 15.353492553503036
2283 13.054691781335434
2284 13.34109127169994
2285 14.127446947312631
2286 12.669959586063886
2287 11.440630535290317
2288 14.65382687061782
2289 14.325244206740239
2290 14.273037189892424
2291 12.965221594484925
2292 10.26247515644833
2293 11.46829247946187
2294 14.205405093595967
2295 12.018897993914797
2296 13.263132664003995
2297 13.930667305316122
2298 14.367977560519902
2299 14.421407322243681
2300 13.724070681812911
2301 13.123816599953983
2302 14.334749029723648
2303 13.56142153177928
2304 12.853822585749434
2305 12.340478779503394
2306 12.176013256857926
2307 14.464446709724454
2308 15.934498629554449
2309 14.085323057642963
2310 16.46797886741823
2311 13.541865514215539
2312 14.03838158173278
2313 14.300858159115556
2314 13.905653495962301
2315 12.934744859690925
2316 13.411528120229743
2317 13.834569124413472
2318 14.919689921002988
2319 17.15388877854589
2320 14.063103848443063
2321 16.180026539918796
2322 16.059698805992873
2323 14.614031616482112
2324 16.238599905474516
2325 15.662638933026244
2326 14.91267035101372
2327 14.550543253536077
2328 15.958978679159598
2329 18.409240955106004
2330 18.500713768546827
2331 15.734333583309677
2332 14.940188843485837
2333 15.957012584893517
2334 17.98663798399464
2335 14.374869200806598
2336 17.695751633480807
2337 12.951691235043002
2338 14.477522882510101
2339 13.614281350384765
2340 14.527966094398916
2341 15.137251406690138
2342 17.08821241379668
2343 16.02248279410045
2344 13.440309297999075
2345 15.06175854312941
2346 11.646541122907315
2347 11.974746478976543
2348 13.36709003842845
2349 17.04376350721951
2350 16.50845845218839
2351 15.679122731067766
2352 13.27249766157256
2353 16.54279323249941
2354 14.552642815867944
2355 13.828178852088703
2356 14.307383127117069
2357 14.907640935227056
2358 14.977296351883604
2359 15.297451277821175
2360 15.661643503099931
2361 14.782821223438193
2362 12.525757588156331
2363 14.917221193160003
2364 14.560650067356306
2365 15.382267100974271
2366 13.984477308956889
2367 12.840322764695765
2368 14.004177279407237
2369 14.113225697584818
2370 16.705175038742702
2371 17.233708683308073
2372 15.319885902328572
2373 13.94573282995396
2374 15.565976699220727
2375 15.38892282878105
2376 16.13131945805309
2377 16.17213774261467
2378 13.752966696542554
2379 14.961805703568206
2380 18.225814469444888
2381 16.22866324783745
2382 15.739934422784481
2383 15.842379100391575
2384 16.103379822264703
2385 16.716806333545954
2386 16.261023891442424
2387 15.460438597493447
2388 20.14552471848691
2389 19.997101794511117
2390 21.41986040951867
2391 21.479802176506215
2392 19.214324195843748
2393 19.22370427566184
2394 17.745980566660936
2395 19.207609727254784
2396 19.878219467626415
2397 20.233316070310156
2398 18.43501885824232
2399 16.276257655207786
2400 18.27695871354887
2401 21.959333857446612
2402 20.018385156845152
2403 19.870282846128003
2404 18.150544665620508
2405 16.2122421443255
2406 17.580785106055313
2407 15.377992345499921
2408 18.099310332047004
2409 17.851247404250476
2410 20.56210941025365
2411 19.986669179405123
2412 19.82589005116373
2413 19.60688119372122
2414 20.22661458527026
2415 20.539812481346534
2416 19.501181651027714
2417 19.49417739967442
2418 20.607655718121926
2419 22.895087308928982
2420 20.9050978318858
2421 21.470673176949177
2422 22.28428572389543
2423 22.52923658964772
2424 18.67060335410684
2425 22.36357603142308
2426 20.853519905364045
2427 23.30408115156374
2428 22.637862937736354
2429 20.19592296507774
2430 21.111899142332096
2431 21.33170869349698
2432 21.36004763096744
2433 18.68855342604779
2434 17.900986650659554
2435 18.100697361747155
2436 16.414371441277595
2437 15.955697877104031
2438 15.381180221158296
2439 19.290696643928758
2440 15.529702469759085
2441 14.684410226181395
2442 16.986581225767942
2443 19.360614021717478
2444 20.22533054336881
2445 20.718073760556706
2446 18.940108543518296
2447 21.252847257666257
2448 22.38450491727713
2449 21.34830159552625
2450 21.209874061941385
2451 20.051278092526452
2452 18.93870569717738
2453 23.271876195953233
2454 20.505878770455922
2455 20.980030464940786
2456 19.32518616840204
2457 20.451920058087058
2458 19.92677180329611
2459 17.497888613116267
2460 18.056115644346917
2461 19.374144306567416
2462 18.049120934270803
2463 19.777557354464403
2464 17.027288810814095
2465 22.345940736244504
2466 21.569493825156535
2467 24.190597156493723
2468 23.672915493792953
2469 25.667771673208406
2470 22.372260962488074
2471 23.496330888861547
2472 24.312893003380694
2473 23.533169915339315
2474 22.472730182198806
2475 23.796865149897467
2476 18.58268111149937
2477 20.36996559321685
2478 21.47443234385013
2479 20.60575777949891
2480 19.860279490689226
2481 19.565241599438053
2482 19.194780364991136
2483 20.032496732325637
2484 20.307333106353653
2485 19.580209497638098
2486 19.084404686960113
2487 21.208190761398466
2488 20.921686558893025
2489 21.079748290021147
2490 20.793022938453124
2491 22.70889872932966
2492 20.987748549373528
2493 21.378996274377048
2494 21.19536069474669
2495 21.6411863219735
2496 20.095691632161508
2497 20.106297243841695
2498 20.957140325266536
2499 19.14634983086247
2500 20.86051942552821
2501 20.19317594101524
2502 21.10355463501965
2503 21.502824408219585
2504 20.567940734438352
2505 20.472890073755817
2506 19.210797556804813
2507 21.98471508511789
2508 21.92435427496359
2509 21.5411140970082
2510 20.808327765375957
2511 19.713388132642113
2512 20.499852296391502
2513 20.946619344458348
2514 22.278282810920572
2515 20.39859905502942
2516 19.062230626650404
2517 20.311364475669926
2518 21.12549420792204
2519 20.32335769099664
2520 20.055538412419903
2521 22.701317638133133
2522 20.87561186819957
2523 21.622227427793128
2524 22.537845214427126
2525 20.526886935910536
2526 21.208077356143693
2527 21.562678550163263
2528 21.498118690692714
2529 21.153594032458763
2530 20.692241905928743
2531 20.236018136250305
2532 21.432461153817496
2533 21.428509826713505
2534 21.12258796074372
2535 22.867058057818323
2536 21.83536117548594
2537 22.52520150183919
2538 21.390313431248153
2539 20.17735766394287
2540 21.888179597571803
2541 22.043142790024813
2542 20.403060261504702
2543 21.367039106919314
2544 21.299230193008167
2545 21.30265476697417
2546 20.32484875886707
2547 21.484066827872162
2548 22.279280561972957
2549 21.249408743570832
2550 21.602262040436703
2551 19.607272580628294
2552 21.310284970882353
2553 20.588896631956924
2554 18.921684843687277
2555 20.358384572495158
2556 22.2964214586087
2557 20.307935328220765
2558 22.268281194874717
2559 19.691277879771768
2560 21.192264585156
2561 19.97174584137972
2562 19.859571984709497
2563 21.278487584395634
2564 20.932037401596926
2565 20.679690444789347
2566 18.902659679865984
2567 21.228456113724533
2568 21.057481558558834
2569 19.95354736554154
2570 21.201353405124465
2571 20.3627661891175
2572 20.85954402821259
2573 21.858866523746823
2574 19.874690485076577
2575 19.867892468305214
2576 20.345641612984057
2577 19.92810224253588
2578 20.289396396560445
2579 20.328679880808362
2580 23.140012161920673
2581 21.054354760306733
2582 19.95788729883349
2583 20.86831432040572
2584 19.604255911658385
2585 21.004853568071997
2586 20.329159844418356
2587 20.249513403088137
2588 19.75223854475116
2589 21.603938293879082
2590 20.492054677597018
2591 21.630402138069414
2592 22.535904677513482
2593 19.0413140371541
2594 21.359853764961326
2595 17.77164290969278
2596 20.27590960110951
2597 21.059904473263906
2598 19.321007381065346
2599 19.567445962264273
2600 19.28335757973219
2601 20.229857087250366
2602 21.523640491708413
2603 20.87691936449853
2604 18.253482527554173
2605 20.35865542035906
2606 19.359227133177615
2607 19.977956199066618
2608 17.938343592290654
2609 20.856489989114756
2610 22.44744233022335
2611 20.35500582910478
2612 20.258330870034197
2613 20.155333443901263
2614 22.34117489324568
2615 20.95033544031221
2616 21.490952614089085
2617 20.295326633875476
2618 23.224181806087348
2619 20.720118439964928
2620 19.964488637271597
2621 20.86835197438172
2622 23.915344035146678
2623 20.944992258721157
2624 20.02370386634256
2625 18.289776978612906
2626 20.464580214047963
2627 20.297333508348196
2628 20.699276245430553
2629 20.041227552254355
2630 20.18787150538401
2631 20.3725472556589
2632 20.91154509257232
2633 21.631772442171503
2634 20.5724495303769
2635 20.567593615747892
2636 20.651547906547
2637 19.700016797987967
2638 19.532488751199338
2639 20.63267148687251
2640 17.207743801385476
2641 15.786216904499074
2642 16.01420444280149
2643 15.602103955157288
2644 18.527763500914233
2645 15.663188434934296
2646 14.799996714572222
2647 14.769607446336018
2648 14.037226754891687
2649 14.056088942169449
2650 15.6978234914534
2651 15.953678424641467
2652 19.82068686289068
2653 17.4317618412966
2654 18.969055877614714
2655 15.533208275338284
2656 16.61959292541114
2657 16.38083618954786
2658 15.9626188687351
2659 15.29216171167946
2660 17.85141822972874
2661 18.290008202274155
2662 16.000095893816287
2663 17.981309766116222
2664 14.996805866804033
2665 18.187851619265356
2666 19.008916507768838
2667 17.835178162312626
2668 17.90667084520392
2669 20.124930312882803
2670 17.865831996305474
2671 15.598832519442773
2672 16.002825295628025
2673 18.831771822653604
2674 19.340367116081776
2675 17.08706563312482
2676 14.736371723610064
2677 15.949725829678965
2678 16.354883874444884
2679 15.931193839820482
2680 16.746074519436068
2681 14.152094874129284
2682 15.334655893686755
2683 17.551152147546965
2684 17.141636167364307
2685 15.115950782253206
2686 13.243457067517642
2687 16.103444868368186
2688 16.19966148920274
2689 17.052947315875862
2690 16.307238501535224
2691 15.301696027456375
2692 16.32788561161149
2693 16.23222717726651
2694 16.83760047021862
2695 16.635887350424948
2696 16.68576980279287
2697 14.75213644617335
2698 15.562261304179287
2699 15.952175505559493
2700 15.358716862255108
2701 17.33546518982509
2702 17.375377692273016
2703 17.69572686201572
2704 16.56661776261575
2705 19.812949247129364
2706 17.157917870141947
2707 18.49745318616056
2708 17.831644431066092
2709 15.02344497159573
2710 17.022315884711862
2711 14.942530452067675
2712 17.780618714408785
2713 17.159054376521578
2714 16.04812154724083
2715 18.382426732677864
2716 18.245972085318975
2717 19.483381532817283
2718 19.27326712869369
2719 17.931203299617895
2720 17.82953703802349
2721 20.120314423936946
2722 19.191632268539184
2723 16.787934320797085
2724 17.70108189571374
2725 17.3388279471351
2726 17.739447923513772
2727 17.962115420882068
2728 16.474865354496487
2729 17.479478550147846
2730 17.4997041374323
2731 16.42347379812461
2732 16.64864209427505
2733 16.058791585790537
2734 15.977925989879
2735 17.248493971230893
2736 16.56692530437319
2737 16.334372725781403
2738 16.641946394264988
2739 16.7307299200036
2740 16.26181309988075
2741 15.994296615084597
2742 15.58158093338502
2743 16.741103567833974
2744 17.46987750554004
2745 16.691329716807218
2746 16.40768160016137
2747 15.934175346245029
2748 15.93523713076086
2749 16.445001986891448
2750 16.581707369635517
2751 16.625266251052054
2752 16.69726802373861
2753 16.95880059563898
2754 17.514944601656083
2755 17.715330603658654
2756 17.412905061994817
2757 15.922763102346613
2758 16.39149986427841
2759 16.722588811782185
2760 16.189575917887066
2761 16.64724653139259
2762 16.77946301128632
2763 17.792311773746246
2764 17.954326247975963
2765 16.48299191384803
2766 17.02485820166633
2767 15.91144368082984
2768 16.442410205068867
2769 16.58134659644647
2770 16.926900988178417
2771 16.34940795974509
2772 17.03244784684935
2773 17.094704477401947
2774 15.465475807318729
2775 16.489227486992327
2776 15.782492613721889
2777 16.172206294748776
2778 16.776853478504407
2779 17.525540604527396
2780 15.969507488543536
2781 16.699461735887684
2782 16.29522404085681
2783 17.494805098936894
2784 16.760441813871175
2785 17.078536546594385
2786 16.8946464818546
2787 15.929621510358269
2788 15.918907716363364
2789 15.427471389988265
2790 16.64437984002003
2791 15.657534347313556
2792 16.451905887852003
2793 15.942524109480496
2794 15.646048802609146
2795 15.54816412266045
2796 16.208646150752188
2797 15.021281261122006
2798 16.07696131146874
2799 15.765087072895327
2800 15.416211334631374
2801 17.369467136075446
2802 17.556058402788867
2803 16.541423674454624
2804 15.263200103785772
2805 16.757336314125727
2806 16.028226886668506
2807 16.548006096667795
2808 17.682782408928745
2809 17.37020598396028
2810 16.9083117426671
2811 17.24954484466809
2812 17.535960049164842
2813 17.632243459710097
2814 16.657394912058447
2815 17.529676456457956
2816 16.398601724236713
2817 15.403909961755014
2818 16.557986168099358
2819 15.773955932184617
2820 17.469173441225948
2821 17.743290885413863
2822 16.547449703833998
2823 17.3294732177919
2824 16.68413023817163
2825 17.102610513405907
2826 16.525213027029977
2827 16.76177401656554
2828 16.727421230859242
2829 17.49662367605944
2830 16.442545741540183
2831 16.02109526579045
2832 16.052645553459943
2833 16.86017721668044
2834 16.412805734733933
2835 15.7869589177788
2836 16.248986657753456
2837 16.556742535889015
2838 15.782624712363527
2839 16.28544534566472
2840 17.232622445074494
2841 15.883808637351846
2842 16.419691068977055
2843 16.68960503522966
2844 16.10128315147719
2845 17.164202777087134
2846 16.687404138228572
2847 17.229735578473246
2848 17.16188071334874
2849 16.795907243792414
2850 15.907358932578505
2851 17.02307742158875
2852 16.920416677278624
2853 16.213029831568136
2854 15.46637208149014
2855 16.805052235574944
2856 16.24740155384438
2857 16.853070408993293
2858 17.5111464626072
2859 16.406032637575574
2860 17.287158013187483
2861 17.398411318477823
2862 16.808926506796443
2863 16.350072018142807
2864 16.34208433148119
2865 17.110930957513723
2866 17.33659672637271
2867 17.501749690237546
2868 16.568168617886602
2869 15.953019812745394
2870 16.32591791968037
2871 18.007824856517818
2872 18.557874304925864
2873 16.335836789263873
2874 16.85549540978627
2875 16.14876445300245
2876 16.28290610931039
2877 16.164864592534215
2878 15.665797414703695
2879 16.124767931521166
2880 16.127929810479017
2881 15.965732880292013
2882 16.948782110591637
2883 16.288736350901857
2884 16.712727089827805
2885 15.630752639498512
2886 14.634732414064933
2887 15.583697752023278
2888 14.862844167227157
2889 14.934957989752789
2890 16.03977876377699
2891 16.7703185784778
2892 14.949098828965724
2893 15.693650103993088
2894 15.405857957056552
2895 16.44133215136706
2896 15.243648977236562
2897 15.53592896727004
2898 17.740106307013964
2899 15.829723017821518
2900 18.799083905204988
2901 17.86504329501484
2902 18.75926315681717
2903 18.813844788703832
2904 19.453351164116224
2905 19.54465444782485
2906 18.98041695278307
2907 18.737343807222445
2908 18.75399878114902
2909 18.776981588300647
2910 17.373645309074025
2911 16.47490201887988
2912 16.974764694748828
2913 16.336154529371527
2914 18.02478277998018
2915 17.579574798724472
2916 18.334058258567747
2917 18.591523374659136
2918 17.244563500419517
2919 17.161823110310745
2920 17.084195863935662
2921 16.52036945875162
2922 17.569548832777148
2923 17.740748681899454
2924 17.596368945322297
2925 17.547588057086873
2926 17.979517284128484
2927 17.17277898987674
2928 17.255906687829196
2929 17.296902511493055
2930 17.48476996481287
2931 18.306159092061804
2932 18.13617730600233
2933 17.516347470285766
2934 16.530509458982507
2935 16.56010073436741
2936 16.097646314847488
2937 16.18835524749337
2938 15.703519939556312
2939 16.539091116255474
2940 16.33729307733276
2941 15.955923616018561
2942 17.386487826835754
2943 16.799713130845202
2944 16.274906511852954
2945 17.532237829725595
2946 16.134921727672232
2947 15.741695185794278
2948 16.810103251377875
2949 16.36239904213169
2950 17.10936551290858
2951 16.91777185330093
2952 17.799321357220105
2953 16.76450296214041
2954 17.23281371625431
2955 16.89029484204219
2956 16.610510667370157
2957 16.098876494619105
2958 13.659587854590631
2959 16.458102055265616
2960 16.640106514183408
2961 16.177479497623683
2962 15.898798124120576
2963 16.74207605867933
2964 16.553131027993604
2965 15.855593130368261
2966 17.295756657304654
2967 17.09776828644455
2968 17.563686587974374
2969 15.341893260293627
2970 15.179026965582642
2971 15.619830040772888
2972 15.662912026887383
2973 15.971731559057158
2974 15.240441601024495
2975 16.123446493005062
2976 15.052582917302908
2977 16.309226119165256
2978 16.678023069878222
2979 17.025828045710472
2980 15.48059542605268
2981 17.486941087370404
2982 18.44862346387476
2983 18.44320191239724
2984 18.462345192395162
2985 19.41737735359523
2986 18.351945388207163
2987 17.89765723588871
2988 18.94267685532866
2989 18.812898183095115
2990 17.03435323037488
2991 17.754038363013848
2992 18.861684757961452
2993 18.20350341407301
2994 18.396301797542904
2995 17.87203906050001
2996 18.598008152080688
2997 17.809331082183924
2998 19.65532492409508
2999 17.501041711278628
3000 18.639139220137213
3001 19.320267651523004
3002 20.333887624175578
3003 18.972601088027712
3004 19.657161704662872
3005 17.097159987614706
3006 18.567999416908005
3007 17.74043624187257
3008 18.230209406152383
3009 16.74407259891435
3010 17.82586462697522
3011 20.007517678973674
3012 17.16930731661641
3013 17.3340902118495
3014 16.14960231864543
3015 14.151160875751922
3016 16.05082291043987
3017 13.162704705595852
3018 14.977212468615367
3019 16.792488921807326
3020 16.424109561550665
3021 15.457794246545536
3022 12.871867524228653
3023 14.667872990994642
3024 15.522288096131106
3025 16.690136928423314
3026 16.164145046885928
3027 16.423554024314555
3028 13.913067255119742
3029 13.925386464413283
3030 14.886972918266617
3031 15.508080209975564
3032 13.112697665069492
3033 15.429015136057327
3034 15.947928618837086
3035 15.943762315081763
3036 14.704791320122126
3037 12.111862163891836
3038 12.733143351437551
3039 12.484518555670668
3040 13.054128711317476
3041 14.51812605689251
3042 15.117826680217489
3043 15.219584867893298
3044 17.788260955086816
3045 12.427485081691557
3046 14.427148525626004
3047 16.663586008601154
3048 14.062906056951617
3049 12.891115267396815
3050 13.57884006026886
3051 15.007369727594766
3052 15.850384098939944
3053 16.07038552130476
3054 15.729877230142288
3055 15.98646500584762
3056 13.292438166095677
3057 15.10881528356194
3058 16.52363199647138
3059 15.74240872818761
3060 14.836839727854988
3061 16.095887112437104
3062 14.535454742227143
3063 17.425504231072857
3064 18.834988789426223
3065 20.32129491836728
3066 16.517134580706447
3067 18.5418515750124
3068 16.980923207172196
3069 17.06841249279158
3070 15.9715019084197
3071 15.1205489890264
3072 15.571216429307148
3073 16.20005708239196
3074 16.514903318948548
3075 12.750844880312783
3076 14.95026868250979
3077 17.293332700972257
3078 18.454321138867034
3079 18.574197059114393
3080 18.007118796348493
3081 18.467269965762217
3082 15.539106237603995
3083 16.444175195286473
3084 17.675244266801478
3085 16.298370996884504
3086 14.889800059964154
3087 15.74426123779986
3088 17.161759840758123
3089 16.989394012341695
3090 17.388146546017264
3091 17.178787518151832
3092 17.131021450478663
3093 17.086680362263188
3094 17.535451385677916
3095 17.53191966465006
3096 17.85410149958604
3097 17.407216049967108
3098 15.626096500176798
3099 18.4541450700942
3100 17.80864122916972
3101 19.670688572536765
3102 19.80538216776672
3103 16.858406181508602
3104 19.15259203535797
3105 19.67022976799583
3106 19.081740446748146
3107 16.767177286944058
3108 16.928580358692486
3109 16.28174439613351
3110 17.298609736246288
3111 15.784759977655833
3112 15.851103478117171
3113 17.692387379175628
3114 16.865691219767115
3115 16.779945034872046
3116 16.1332922932413
3117 17.867713681540206
3118 16.699173186727407
3119 16.74273594713574
3120 17.643258537361227
3121 16.24290816437638
3122 17.327435586945512
3123 17.369482186539823
3124 17.11181461002707
3125 18.05419079033732
3126 17.46287586458821
3127 18.22260838376314
3128 17.247949125878353
3129 17.032409831628577
3130 16.81762209497325
3131 16.709181091395674
3132 17.12316219298063
3133 17.385523262945657
3134 16.486108008248912
3135 17.3557915424593
3136 17.040202323750766
3137 16.82762336775222
3138 17.578619526124346
3139 17.28721167333439
3140 16.837201076921296
3141 16.97315720153918
3142 18.08725570763907
3143 18.41826732649222
3144 18.570937085122555
3145 19.129237020223346
3146 17.12774365690408
3147 19.557470996203964
3148 18.34513217209196
3149 17.40900331153266
3150 18.98967724314802
3151 19.312731357055764
3152 18.046691691082373
3153 19.558252039788968
3154 20.73416397726642
3155 20.07359132930564
3156 20.041435095920743
3157 21.711246922336596
3158 19.307123027470244
3159 21.598372710783547
3160 20.89248252885079
3161 21.114755355133056
3162 20.74345849066207
3163 18.380158427305986
3164 19.057703120371784
3165 19.285692694107965
3166 19.41976245525874
3167 19.94674054354559
3168 20.979434076270206
3169 20.028227581126597
3170 20.108500146113197
3171 20.858748046252376
3172 19.202670940686822
3173 20.134635617944962
3174 21.668013327173423
3175 19.760862454047754
3176 18.274684956371086
3177 17.980316370811572
3178 19.63425977604611
3179 20.85500358216413
3180 20.179129086166757
3181 18.006656569208815
3182 17.623904116273227
3183 19.4489200597977
3184 17.163036550891515
3185 19.88947470860355
3186 17.412427350297417
3187 18.589140015541826
3188 16.874923677328862
3189 15.508441466897528
3190 17.18069935630659
3191 18.59865888051601
3192 18.37364462227084
3193 18.224781224262998
3194 16.857012371410455
3195 16.614390687113318
3196 18.29651203789254
3197 19.464158233481093
3198 18.22072946865462
3199 17.668465038900777
3200 17.414493189123117
3201 17.55715634476935
3202 16.42838030509497
3203 19.086204238586156
3204 17.57978150289532
3205 17.264792038604284
3206 16.62057893115458
3207 17.103129338032293
3208 17.139239658785648
3209 16.20819539292249
3210 17.034708369208104
3211 17.55926758199845
3212 17.312336679453885
3213 16.96080562963357
3214 17.754630307524614
3215 18.467697906244183
3216 19.040192246900787
3217 18.130756520322773
3218 18.389589708941575
3219 19.323299170102526
3220 18.512166945813878
3221 17.164467558683135
3222 18.383631614666083
3223 19.406041911884696
3224 19.360827079407958
3225 18.60738520112161
3226 17.99140215191627
3227 18.121690066172278
3228 17.905513053309758
3229 17.210964608392363
3230 18.511455792388755
3231 18.87352278764953
3232 19.194006595492493
3233 19.00522939269995
3234 19.64965798457624
3235 19.31392987513455
3236 17.94057869342565
3237 19.05342628297107
3238 19.54854025919882
3239 16.730062176314277
3240 16.79991573980812
3241 17.193773027266346
3242 17.870276859019846
3243 20.08409540628392
3244 21.106148106038358
3245 19.835159602509403
3246 19.949390771923518
3247 19.151129010178856
3248 18.972605217487516
3249 19.017994534194536
3250 17.73422772516537
3251 17.09482207235164
3252 16.16590078429393
3253 15.735120969839107
3254 15.280908077629066
3255 14.633217205407185
3256 15.613884551007446
3257 14.19617530650895
3258 14.98583883111238
3259 16.06777354922739
3260 18.94932362695436
3261 17.0673100935432
3262 16.987583549507914
3263 17.93078594608098
3264 17.50073313894049
3265 18.734121455451476
3266 21.14676527044593
3267 20.34817276777126
3268 18.48776188634636
3269 18.344529429601433
3270 17.94208817628761
3271 19.480002875474817
3272 18.72873305885417
3273 20.234356752454442
3274 20.4144640689624
3275 19.11085587635753
3276 20.369514483488427
3277 20.063924789613928
3278 19.38556860733731
3279 19.066064638672984
3280 14.928993108361592
3281 15.203352240989343
3282 15.671208355689108
3283 17.81421837829106
3284 17.56878258227815
3285 18.022229993446235
3286 17.56644352181877
3287 16.051863876747444
3288 16.82687705565713
3289 16.1890455760351
3290 16.521154627801955
3291 18.056373168497572
3292 17.55504436280581
3293 16.032268604794098
3294 16.337658462375515
3295 15.638916032138475
3296 15.111328005748339
3297 16.424153442754864
3298 18.905901849286256
3299 18.39403948193135
3300 17.251250871506528
3301 18.03984178630306
3302 18.94710948372604
3303 19.350722899206506
3304 19.571026521206587
3305 18.56705222610151
3306 17.517596534338264
3307 18.441588203591746
3308 15.24008275131226
3309 13.8541720737884
3310 16.157403124114914
3311 14.7510602603724
3312 15.179603878130889
3313 16.634327411167288
3314 15.548617430433913
3315 16.524686390882916
3316 18.543530196807673
3317 19.41759744442368
3318 20.448878085255643
3319 18.529417831083396
3320 18.59676724582571
3321 18.6079146446224
3322 18.915064352922894
3323 17.331783024112166
3324 20.466662707476125
3325 19.77479103566829
3326 18.877000645405037
3327 17.63763868220184
3328 16.652297627854047
3329 16.37412400083468
3330 17.861545960405582
3331 15.61218093141827
3332 16.887156483560045
3333 16.827479392423758
3334 17.38593517892016
3335 16.41047962272389
3336 15.998575496399878
3337 17.026936826218144
3338 14.628681567156544
3339 16.348583554927142
3340 15.417451263203372
3341 15.876748109996239
3342 17.81700135483755
3343 17.928178131074176
3344 16.599729982613532
3345 15.820180985353344
3346 16.37775075625639
3347 16.863050022745558
3348 16.025761597583937
3349 16.640075349134275
3350 16.075689158257575
3351 16.16555246923428
3352 18.137194246839478
3353 16.39211463233778
3354 16.584128875380202
3355 17.764080295416473
3356 17.60887606588503
3357 18.642117892502043
3358 17.59647770254631
3359 16.47596077639868
3360 16.28293703289584
3361 15.731761399467677
3362 17.023623355149834
3363 16.423484580788926
3364 16.597641601450686
3365 16.888226676175968
3366 17.38351697003826
3367 17.278644979219226
3368 15.867504710411934
3369 16.27604987021185
3370 16.308618378199913
3371 16.293765708980196
3372 15.982463837264019
3373 15.442063367013459
3374 18.884668501134925
3375 16.435579935604224
3376 15.077185339239985
3377 16.54371277182866
3378 15.69223382620197
3379 16.479903908874395
3380 16.483072995718754
3381 18.816429978601317
3382 15.85987852056724
3383 15.70326251082232
3384 16.338613231373436
3385 15.743809832151385
3386 17.61645606625842
3387 16.303740317669092
3388 16.553592506000403
3389 15.790044320832203
3390 16.608061651738186
3391 16.19514006401276
3392 17.249136629597878
3393 16.027212786154045
3394 16.469207630434596
3395 15.857421558266354
3396 17.73327711650548
3397 18.173731797968554
3398 17.270215310916594
3399 17.414961237069015
3400 17.868748842010625
3401 20.612856145005523
3402 19.83299231153698
3403 19.94685434130384
3404 19.61333146580614
3405 18.70391950454417
3406 19.341475912845652
3407 20.70467332226652
3408 19.176671774550652
3409 20.133373027657264
3410 20.43900865418135
3411 21.097654580813643
3412 20.032044479417642
3413 18.709727808725464
3414 18.74928018927712
3415 19.687776730618513
3416 18.921934904954927
3417 16.363947421086184
3418 16.365138145865302
3419 14.838931477509176
3420 15.89813443100911
3421 16.806852084079733
3422 17.944905601147642
3423 19.89072335046015
3424 18.63536871259654
3425 19.601575479934937
3426 17.762112133054863
3427 17.929435172895243
3428 17.64226175952352
3429 18.07567600856346
3430 18.15606176889976
3431 18.358062487816387
3432 19.0409658985305
3433 17.434366780587542
3434 15.890391379044148
3435 16.507812309238425
3436 15.932327123450358
3437 15.883502775326571
3438 18.49561744845282
3439 17.48837721180066
3440 14.589941537724757
3441 16.70197377582072
3442 18.29541475384604
3443 15.966253471959641
3444 15.168338987081803
3445 15.4144570962056
3446 16.479046907631865
3447 17.557505943532792
3448 18.50431711358803
3449 18.028530282782125
3450 16.533463082108767
3451 16.761123566601384
3452 15.465733853996404
3453 15.74347015155607
3454 15.253928425408303
3455 14.97904137191824
3456 16.65609905587244
3457 18.375648609897134
3458 18.922158628908978
3459 18.56329034595078
3460 18.510980394943154
3461 17.566607097218423
3462 16.345569654121284
3463 15.509604850480052
3464 16.03901346420511
3465 17.13427210700148
3466 16.692104520777317
3467 15.894772222919565
3468 17.430362166387948
3469 16.390554650390992
3470 16.45218740780035
3471 18.237016556408168
3472 18.365330170586617
3473 18.3794157098151
3474 18.031396628392795
3475 18.25562831763169
3476 19.13049032128201
3477 18.96170850463288
3478 18.85918524291993
3479 18.82122391366312
3480 18.734866947087145
3481 18.160691478335128
3482 17.078112308843387
3483 16.98259792487438
3484 17.14512622236518
3485 17.746591513962287
3486 16.839493122491753
3487 17.852077484024893
3488 16.05652704740119
3489 18.798799079280016
3490 15.925251338362795
3491 17.75379407392586
3492 18.40057333988221
3493 18.876873766188485
3494 18.31805833688521
3495 17.980421433156135
3496 19.280103235412746
3497 18.907525023474655
3498 18.81521905153466
3499 18.921872493617755
3500 19.389115809746535
3501 18.729028708850624
3502 18.77555181809902
3503 18.656715741502616
3504 18.802707470920286
3505 19.04984187895353
3506 18.871124328984397
3507 18.359321416990433
3508 18.310530831418955
3509 18.91505357454291
3510 19.216395706270976
3511 19.067063592932747
3512 18.957839715103155
3513 19.1941008143053
3514 18.972482384342108
3515 18.938775559167627
3516 17.961647594355416
3517 18.760418751053564
3518 17.7117728919874
3519 18.038318144739943
3520 18.149030920037358
3521 18.049021015589798
3522 17.997179498777548
3523 16.818146687242997
3524 17.058050433049857
3525 18.356057693866
3526 18.80186633665804
3527 19.175480532119604
3528 17.67206798241011
3529 17.169631447678064
3530 18.90796104719031
3531 17.359250229625843
3532 14.829657008775207
3533 15.26449741715591
3534 14.276044140078733
3535 15.163983577781277
3536 15.338831241160088
3537 15.518554286051028
3538 16.959077024973354
3539 14.913504605368516
3540 17.18626307145766
3541 16.413084174382757
3542 17.222562291053528
3543 16.58870176077583
3544 18.046798747191097
3545 16.521205306410838
3546 16.326225737623687
3547 17.526290452928574
3548 17.760988668298452
3549 17.615281994063785
3550 18.69453211217426
3551 18.658956558917904
3552 19.1204526838184
3553 16.679832548469797
3554 17.947784495724676
3555 19.31672216508942
3556 17.628032417298442
3557 16.959971532058418
3558 16.341214630671555
3559 17.59556056786699
3560 16.918129506777507
3561 16.451218756201236
3562 15.385070562504072
3563 15.721505519700083
3564 17.771690001332495
3565 18.59609848532049
3566 18.172619536240152
3567 19.631252474583242
3568 19.04841572804508
3569 19.298382809409414
3570 19.307652329580932
3571 18.129062392662235
3572 18.238671511315825
3573 17.846637932321926
3574 18.66516994597179
3575 18.108471116431083
3576 17.581460127556095
3577 17.00078330413308
3578 16.987380522930625
3579 20.225629679418187
3580 18.924869401574174
3581 17.765339480596655
3582 13.775009219359395
3583 15.788292873828564
3584 16.136946595812738
3585 17.03059307442287
3586 14.945213449207921
3587 16.087713231442162
3588 15.609327249790319
3589 13.947458460915334
3590 16.792960238168348
3591 17.58515672191427
3592 17.264458954712588
3593 16.7163595651636
3594 16.765416173328717
3595 17.18890200605978
3596 18.367295631111862
3597 19.739258529967714
3598 16.88953138972427
3599 18.4496393922598
3600 18.15129588133923
3601 17.97324534421082
3602 18.181665112309492
3603 18.136999411980977
3604 17.86262876786597
3605 18.587499259990544
3606 18.12383971798262
3607 18.13077646826979
3608 17.451524809490735
3609 18.457253091370013
3610 17.532087781297356
3611 19.339849382424795
3612 18.52757737347752
3613 17.131758605387244
3614 18.82844428638811
3615 19.164261332954993
3616 19.1361514063561
3617 18.514300449416197
3618 18.55001325398813
3619 19.45786989687486
3620 17.32088223742712
3621 18.80318029244904
3622 19.419652868050694
3623 18.931002474487283
3624 18.752611471302078
3625 18.585952429208795
3626 18.470816755487387
3627 18.754968526193657
3628 18.251597696893434
3629 16.516850038857285
3630 15.690276511670898
3631 15.424123227760692
3632 16.379324923190314
3633 15.554661915077176
3634 15.74629577798064
3635 17.438672579897776
3636 16.976053362154005
3637 16.748377818428132
3638 16.72602281902625
3639 17.21878145007923
3640 17.79623527172642
3641 17.887135110873615
3642 17.66935368147858
3643 16.847340116321018
3644 18.335067562486987
3645 18.31185176131503
3646 17.67826275199348
3647 17.643877386001392
3648 18.242881043344582
3649 18.43604329873095
3650 18.54793722593964
3651 18.895078688502405
3652 18.295934303789924
3653 18.909832188297194
3654 18.332842109698046
3655 19.212278965037356
3656 18.717477940692525
3657 18.972028474397852
3658 18.282762137820253
3659 19.06347745453344
3660 18.965259841842364
3661 17.358555893426153
3662 19.381575062035424
3663 19.033728331317235
3664 17.787617953902036
3665 18.842888776398016
3666 16.1250580427471
3667 18.646988509289336
3668 18.09942498533825
3669 17.649130381792933
3670 18.05990343360302
3671 16.488719464554702
3672 18.189000303370417
3673 17.3121911256615
3674 17.67826866352676
3675 16.80885108931301
3676 17.93826335036226
3677 18.368278964239977
3678 17.397517930597203
3679 18.11517470766445
3680 17.921565818980724
3681 18.238531714514348
3682 18.514784208185734
3683 16.640231619541716
3684 17.331928569317842
3685 17.632437525051177
3686 17.759392144251876
3687 17.109731076252515
3688 17.843769012919843
3689 17.7723188511291
3690 17.101354941239233
3691 17.267995019776304
3692 16.68473694993794
3693 17.172771706313586
3694 16.77281833640621
3695 16.451283638180197
3696 17.173701286464812
3697 17.976343660495164
3698 17.8762039063978
3699 18.370906180519487
3700 18.91561445275707
3701 17.182835251120547
3702 17.652406756536017
3703 17.68540413472024
3704 18.008619255041513
3705 18.48536639470362
3706 18.679468289582783
3707 18.880603114955644
3708 18.444550912451188
3709 19.163389282331753
3710 18.10417050630476
3711 18.845409148891942
3712 19.417122282301374
3713 18.898357094206123
3714 19.661113202157235
3715 18.69573234755501
3716 18.79652348007017
3717 19.491121965495715
3718 18.434983300855826
3719 19.673429255246436
3720 18.767112741369854
3721 18.96944146586641
3722 18.38985783523713
3723 18.959922117851566
3724 18.110915043590033
3725 17.327663133571576
3726 18.051298935318744
3727 18.08745423962296
3728 17.878825509959793
3729 18.085353422857523
3730 17.855659805101165
3731 18.085745744623686
3732 17.957714041097237
3733 17.962999460777407
3734 17.988568989629755
3735 18.199036878624995
3736 18.70479023719276
3737 17.83040326832464
3738 18.414430414735072
3739 18.160062818154
3740 18.28146604347048
3741 17.299868539148502
3742 18.085117278221126
3743 18.37367379694367
3744 19.806754072658652
3745 19.33940065575991
3746 18.836483621299053
3747 19.361264076091075
3748 19.06893338889366
3749 19.207943041714046
3750 18.495993420137975
3751 18.234311980081255
3752 19.207483370139716
3753 19.502862376171652
3754 19.056661894400793
3755 19.386037571515537
3756 19.27588791096748
3757 19.28536259141319
3758 18.525778074064164
3759 18.729770585952796
3760 19.403621635713694
3761 19.72444415222315
3762 20.09252651787334
3763 19.229793379221103
3764 20.025676281095226
3765 17.951926521903342
3766 18.14575572652646
3767 19.534786571627937
3768 18.037739631178663
3769 18.68895388108649
3770 19.055715545857613
3771 19.250604199632033
3772 19.55441126329376
3773 19.20488957927917
3774 18.656241210937143
3775 18.974893155170566
3776 18.61135978365504
3777 19.182048454236728
3778 18.719565170650593
3779 18.726029503470368
3780 18.630635712711424
3781 18.804187874133603
3782 18.487258897035275
3783 17.9294863447934
3784 17.238185662528096
3785 17.783897179105377
3786 18.258066109640694
3787 19.309170415404466
3788 19.145591052178997
3789 19.425148643466766
3790 19.261538775039067
3791 19.63317139762244
3792 19.970103804429026
3793 18.916501671895347
3794 19.303422948185087
3795 19.729616159606053
3796 18.711135725797085
3797 18.945620879216726
3798 19.039117209507204
3799 18.417075163174058
3800 19.0409463174157
3801 19.001682817073608
3802 18.920843851351062
3803 19.943079479031198
3804 19.25293494679402
3805 18.014016611405307
3806 19.20386015754947
3807 18.684383731147392
3808 18.753182912613113
3809 19.587245922997887
3810 18.78788939762697
3811 19.500615840857773
3812 18.361968073489884
3813 18.75590002127138
3814 19.3393272079373
3815 18.494394864243812
3816 20.28171665613681
3817 19.048730747635545
3818 19.35558735900967
3819 19.764173207024815
3820 19.114766209741767
3821 18.999401850064597
3822 19.537656026870923
3823 18.094428591996607
3824 18.800258666386124
3825 19.19784166681176
3826 18.83896548441798
3827 19.30274836604731
3828 19.045344923442784
3829 18.87360901534184
3830 18.635782982746502
3831 18.529629765889396
3832 18.328368558116285
3833 18.248292895612177
3834 18.067929393245237
3835 18.923174140229918
3836 17.556992720609077
3837 17.27905647511494
3838 18.136809864342204
3839 18.494936438191274
3840 18.40821095044946
3841 18.42336918464421
3842 18.17019102492788
3843 17.871791455591325
3844 19.302247017273295
3845 18.859941780421163
3846 18.479241362877232
3847 18.22155845237565
3848 18.719630507811072
3849 19.45678038772974
3850 18.436270769051447
3851 18.534894370041584
3852 18.828674233553418
3853 18.268226727279195
3854 18.25572279852711
3855 17.32729388474345
3856 18.574244338635566
3857 17.659620672525875
3858 18.11802622858203
3859 18.51596762730588
3860 18.699340196259623
3861 18.52272755065059
3862 18.02639610900123
3863 18.062199555908197
3864 18.40534522263512
3865 18.13419241466356
3866 18.515334858363
3867 18.878734652410262
3868 18.641199026441228
3869 18.894370709854893
3870 18.720859391443952
3871 18.62153011689841
3872 18.959250575804525
3873 18.725523630062487
3874 18.215094250057778
3875 18.897974030794163
3876 17.941318703199855
3877 18.72615551400962
3878 19.277975973609706
3879 19.008641496456324
3880 18.33726210003702
3881 20.18933455676235
3882 19.16800993224249
3883 19.244603153779675
3884 19.032058875054414
3885 19.618114468350665
3886 18.75385369835719
3887 18.565855432198493
3888 18.530390431023555
3889 18.358543036868575
3890 18.137546409372412
3891 17.870885211946096
3892 18.010981913691662
3893 17.636786153881516
3894 18.88874808160685
3895 19.009236319369794
3896 18.3104205074135
3897 18.952054247490665
3898 17.89244948516706
3899 18.063132098374226
3900 15.369737403098254
3901 16.63137640141043
3902 17.60435985493608
3903 17.711043200928547
3904 19.004275291466666
3905 17.61039601984222
3906 17.479777796022105
3907 17.045698406194674
3908 17.85509778639942
3909 17.931506776574132
3910 19.110216673498666
3911 18.01291601364479
3912 18.27251175682897
3913 18.611614389784904
3914 18.967806688960565
3915 18.352322126957418
3916 17.742128668674948
3917 18.343535515172203
3918 18.31407992878964
3919 18.53255178267425
3920 18.145582153382417
3921 18.020615417691886
3922 18.20860876173734
3923 17.792666757127147
3924 17.740040531497765
3925 17.913587655279645
3926 18.025600224674424
3927 18.661832245139195
3928 19.669135149856476
3929 18.512508551669622
3930 19.431868162933682
3931 17.781841548459667
3932 17.53414902292712
3933 18.88064509564449
3934 18.525143280358577
3935 18.433218675677395
3936 18.689955325381842
3937 19.591621650586973
3938 20.045263379030953
3939 19.498753894075595
3940 19.40469916733755
3941 18.755634879895954
3942 18.86490392790928
3943 19.90544028255125
3944 19.662541465856506
3945 20.283983764317306
3946 20.662948338971482
3947 19.56864392088471
3948 18.538780312004356
3949 19.142293036578426
3950 17.79607763549934
3951 19.127888937484936
3952 19.249488991917033
3953 18.14643157331245
3954 19.115211863597594
3955 19.550477578390467
3956 18.714224364175635
3957 18.936215009106657
3958 18.293623918643746
3959 19.627100146754408
3960 18.53549741992445
3961 18.425062509478444
3962 18.655490620809953
3963 18.37031546916107
3964 18.312613283307495
3965 18.82362380990297
3966 19.183566266535077
3967 18.356311778064565
3968 19.54646656976595
3969 19.760765066426252
3970 18.728393987835638
3971 17.871938547020623
3972 18.395019643218543
3973 18.830979127947444
3974 18.861440253966624
3975 17.645599790700043
3976 17.7185136881709
3977 18.346348303883527
3978 17.716634292030154
3979 17.91599580270027
3980 18.19137690047269
3981 18.15252726009877
3982 17.037624523755806
3983 17.939733008597404
3984 18.299040972615405
3985 18.931612157942762
3986 17.135475893665447
3987 18.272999035760165
3988 18.614882751282906
3989 19.485153168161
3990 18.223171788304228
3991 19.241379343378256
3992 18.46484189367719
3993 18.966209707032988
3994 18.68551030414798
3995 18.014622307513367
3996 18.650735348783645
3997 18.048706835326318
3998 19.20952089612676
3999 18.637566611173785
4000 17.989358845764922
4001 23.327594228347948
