0 32.891305250472726
1 33.931260689393895
2 34.085787433222734
3 34.35585493090482
4 30.354877742495862
5 32.56576078832043
6 35.97619588964684
7 32.52156299351935
8 30.163497725652064
9 31.195164351413588
10 29.00358131746163
11 31.67701450872225
12 30.830564956451777
13 30.91179229400516
14 30.373234116780605
15 33.36774627234196
16 29.39788045512546
17 26.301312115650244
18 21.689511450728705
19 25.775051867212074
20 26.71108468256641
21 28.016022824222652
22 24.97225278690238
23 26.912958813142954
24 28.62365568737803
25 25.09239892654656
26 27.093995708262238
27 27.40266412210326
28 27.807566456229864
29 26.0839511874184
30 23.62787411343603
31 26.559789023160057
32 27.281188369521658
33 24.363999550373943
34 26.265166277733098
35 25.15006075780009
36 26.601072200435382
37 27.256414440280565
38 28.24467905611152
39 24.843320520386634
40 23.18457056302636
41 25.092316187538714
42 25.770377938650828
43 26.11605453691135
44 25.99873643726127
45 27.330062655310616
46 27.672608647927376
47 27.509441529135255
48 26.38001528088369
49 27.719994263488847
50 26.64659227287848
51 29.13617393075584
52 29.360281579449335
53 30.546888500548146
54 31.696115043325445
55 28.312760516547335
56 28.521548968939435
57 27.538294277784342
58 26.860170870121213
59 27.771067197983754
60 26.32017624805088
61 28.510043009495355
62 29.76227488283457
63 28.55666509020435
64 26.061073465807926
65 26.66299458688491
66 25.97112538342933
67 28.078227440540992
68 25.95265644055733
69 27.79698636508977
70 32.583997289250725
71 34.282095638906135
72 32.55265735876218
73 34.217069498849185
74 34.81167775001973
75 31.318059528486064
76 29.783062831615993
77 28.24098382924943
78 29.644243579531675
79 27.773620397806404
80 30.251838001313505
81 29.864007496408163
82 28.55390665796178
83 28.642368999162095
84 27.51768041706173
85 28.496841351583765
86 28.634420579020585
87 29.09574157240941
88 28.465601290344736
89 28.92926391030277
90 27.692511846443473
91 28.683901449352337
92 26.815927572234504
93 29.769408270533283
94 29.522626888723366
95 29.955930499117542
96 29.194720861972947
97 27.051970862681063
98 25.855152604580194
99 27.355212761292158
100 27.472353458376695
101 26.450916649885773
102 25.857459520370256
103 26.878123793178016
104 27.25067523572244
105 27.624282475481262
106 26.685751862500503
107 25.42678998450366
108 25.95120953462573
109 25.67568314585313
110 25.412709651364768
111 24.42480367869089
112 25.259759529334374
113 27.696530366712956
114 28.42153368461832
115 29.284524875858647
116 29.97282930551671
117 26.8343907404241
118 25.92398865183317
119 25.785382308285218
120 26.145254380077997
121 26.887256091733963
122 25.415063902012154
123 24.15514260202618
124 24.876757525188907
125 25.23445173230022
126 26.11612344642304
127 25.15048451116783
128 24.13869455620185
129 23.05017578174985
130 27.236493008018982
131 28.821472048707204
132 28.18050648770052
133 30.282649930631706
134 33.05101356357927
135 27.886036753382413
136 25.902984590551654
137 23.932500025350937
138 25.83112978451478
139 25.473417822079995
140 23.625291278929065
141 27.204358775329432
142 23.465094191904495
143 22.566215421176647
144 24.557245745392986
145 22.602346576364273
146 25.415351318057002
147 24.175149585716717
148 24.326878013574976
149 22.591756473368687
150 22.845645371188105
151 21.14696228642138
152 25.20242006026723
153 25.07305719279216
154 27.129955486832802
155 28.277095866311594
156 25.505500518019872
157 22.925614897139287
158 20.442012966407436
159 17.80178051482722
160 17.488051141520206
161 18.65573561902986
162 20.971198487208508
163 21.701954003431027
164 20.77779837374202
165 20.961714809637915
166 21.234801381027598
167 21.761039575419186
168 20.647054756805097
169 22.59234003178107
170 24.313126830885995
171 22.09412007626915
172 20.394764232428667
173 21.572610588938854
174 21.96905571274318
175 23.930990164754544
176 26.522690237946918
177 23.46982370110096
178 24.043298845646813
179 24.106349643740757
180 23.18249029700946
181 23.00151822381758
182 26.478889882055523
183 29.295954691937286
184 27.530114688311482
185 26.662479761696098
186 27.79799468734822
187 27.348953369314803
188 28.89228484655301
189 27.825621608540448
190 26.173620807515643
191 23.21405554006907
192 26.977070742334764
193 25.406353869575828
194 23.228335730194633
195 22.11199077862663
196 22.018586736502197
197 23.382643100911697
198 21.646737374496873
199 21.78147437956915
200 21.84978669769507
201 21.63143276614159
202 22.469412861734718
203 21.55950197705149
204 22.36770570156623
205 21.622279995845552
206 20.370399467664324
207 20.80379105723954
208 22.536125865421575
209 21.17841427759124
210 21.71139775135983
211 21.847493214283755
212 20.773566710751716
213 20.45062223203025
214 23.218517935904142
215 22.383782750853577
216 22.82529433304225
217 22.0148359044308
218 21.789321697929214
219 22.780657999849023
220 23.45332671502889
221 22.236650491048643
222 21.499254507904247
223 20.285828098371166
224 20.893063920221525
225 20.821275569173025
226 18.24022716928152
227 17.75240379313491
228 20.18256103417358
229 21.571052835883545
230 19.998918769461977
231 20.120333125831216
232 22.438817098847643
233 22.87553249781833
234 25.817229084273453
235 23.72541795268137
236 21.08640205029603
237 22.837285357074055
238 22.138735125113648
239 23.37351771236439
240 21.680106665294726
241 23.455998782845445
242 21.034757913633225
243 23.587510548582262
244 23.304857549488254
245 24.01813457124993
246 25.40988552323785
247 23.478542443920375
248 22.820398843459728
249 22.25808170682485
250 21.359632453606
251 22.380245956625046
252 21.48482708919888
253 20.750032374697394
254 21.302072804523366
255 21.864651674457814
256 21.46058882446009
257 20.398753544636723
258 22.646455825612737
259 23.58849490121247
260 20.718057714989
261 22.11736909963948
262 19.69962097300905
263 20.78649070777879
264 21.785990030512917
265 20.73265333662084
266 20.950329977604774
267 20.788327316675343
268 20.320381254101388
269 19.479028306096346
270 18.80735143587534
271 19.44655521404048
272 20.293997380495362
273 19.409508833578222
274 19.718342104163835
275 18.696281758823424
276 19.405085306198554
277 18.427587999622467
278 20.037069859979646
279 18.813845393081625
280 19.067128054027208
281 18.949714359927935
282 19.78663242678605
283 19.75470665372458
284 19.03241392514258
285 19.66687069708407
286 18.801993662654443
287 19.786092666558833
288 20.84373633497096
289 22.009203508389295
290 20.492944353896927
291 21.18749686466566
292 21.88572483720173
293 22.378262747520843
294 20.621776212581427
295 20.381115453633754
296 20.440030923818203
297 21.587953882392526
298 22.32683597102617
299 21.549627800694232
300 22.66157959317259
301 22.578289063383234
302 24.208473653826793
303 23.048326166247787
304 21.382541393744194
305 21.956152598764326
306 22.33644206963251
307 20.40088944884325
308 19.856226075029326
309 21.212092046172952
310 18.871000559393746
311 20.08088958509049
312 20.371798281747
313 21.044550467120583
314 21.70418109287405
315 21.593261200158718
316 22.691988874614495
317 23.323208557514995
318 23.46997980702543
319 23.434706023031115
320 23.208610737078434
321 23.553833525455726
322 23.911810857375425
323 23.37622587469405
324 23.394727874693487
325 20.924705347212672
326 22.434767545551516
327 22.055488888412732
328 23.0998542606084
329 21.480081340885803
330 19.50189786859621
331 20.92960448280483
332 21.522440864579867
333 22.74652891652142
334 21.547436503803773
335 26.081186267703565
336 24.34313650193829
337 24.13652588664009
338 27.08335450895199
339 26.001268756838723
340 27.530502716122896
341 25.728281965373174
342 25.441349145968182
343 27.841058164249194
344 27.427766523721598
345 28.00912486560144
346 30.527324557574826
347 29.16258151065038
348 28.437186871569086
349 29.29358338997248
350 31.179114209879266
351 29.449975383004485
352 28.79967419713932
353 27.872205199463743
354 29.051849217322697
355 27.42298119666314
356 28.816349603524255
357 25.68684282701753
358 25.061901458370137
359 25.956788680686625
360 25.29148360538223
361 25.786221360156386
362 25.888603688413237
363 26.622777881752896
364 26.94149559794408
365 25.418143073951533
366 24.73204824148016
367 24.541527194285738
368 24.74808064556238
369 24.324202449679937
370 26.141489157975183
371 26.17088190924622
372 23.885708615608632
373 26.405999788615137
374 29.27066419080086
375 27.624950510129352
376 29.14867402166664
377 27.903562699794396
378 27.8045722399442
379 26.110653077359217
380 27.5505332952767
381 24.706448018108084
382 24.450993083708823
383 24.82394711691859
384 24.574364429560227
385 27.30161133955132
386 27.61934829960818
387 26.633823675461915
388 26.172799206468024
389 25.218937851835673
390 24.727880364599443
391 23.18884004749133
392 23.740467712218003
393 23.508232498291694
394 23.667682307541504
395 23.313679866658045
396 26.43128605839636
397 23.692456725545068
398 23.9480902694352
399 21.48623232467016
400 23.51556435755503
401 24.421037501676945
402 23.128984927128407
403 23.065574157396085
404 24.034155195063235
405 26.15382067620533
406 26.54985179278212
407 23.523456150992228
408 22.95467908446727
409 21.08702328565875
410 21.708526465917743
411 20.24474010952032
412 20.86823923037864
413 20.978320455359974
414 26.209641834933137
415 25.46056207935348
416 23.887625409049402
417 28.15685800478892
418 24.725747218790538
419 24.535976611236233
420 23.950259827531557
421 26.73324013908432
422 24.719017141437654
423 21.489694499409296
424 23.06343106197646
425 25.552890938403102
426 23.871353235403266
427 24.07044756724446
428 22.819522863845368
429 23.099184692861034
430 22.853035784526767
431 22.67439219659763
432 22.078130154532385
433 22.238874498208553
434 22.975225612684856
435 24.245147520259124
436 24.91690946824349
437 25.946077006114805
438 25.423911130044704
439 25.478789925612237
440 25.292293169703502
441 25.533069983922008
442 28.0352482645365
443 23.689088220086383
444 23.69463753737508
445 23.355425349577843
446 24.17104442806733
447 25.765922052845102
448 25.091127583622654
449 24.517828989504313
450 24.40638766943723
451 25.049603316493716
452 23.14573080869752
453 23.751780492495534
454 24.130915081563344
455 22.835128224588253
456 24.391941894271472
457 25.554672594094423
458 25.692197566348753
459 23.169485033075706
460 24.888391890420184
461 21.766795061240213
462 23.519661946628112
463 23.815984165155502
464 22.59716917763569
465 22.780061772819163
466 21.33494045106962
467 22.00091097220791
468 21.618340246765044
469 21.882775025730016
470 22.319376914599776
471 21.240886346640128
472 21.158587727044768
473 20.649929861259018
474 20.607030434255694
475 21.323410001443115
476 20.447850527198
477 20.24231834939129
478 20.47928944355397
479 20.031477899103137
480 21.39923831320249
481 19.883303894270696
482 22.156315938194652
483 22.002268151757743
484 21.07217414183587
485 22.440896364188635
486 21.521951297255992
487 22.067017741358327
488 22.300233342321256
489 22.301676265729967
490 21.09784448335607
491 21.954818775941416
492 21.46433000969948
493 20.36596401315341
494 21.06545581855202
495 22.344280732364556
496 21.118635326068226
497 20.619821641091
498 21.9763876028515
499 21.388781642591127
500 21.599198724555965
501 20.198127528166715
502 21.827217262441266
503 23.131949099005418
504 22.966200977080767
505 22.47508841399978
506 22.601055526631278
507 22.1626303006488
508 24.584017963244463
509 22.775763157009855
510 21.215002460207007
511 22.986301214333228
512 24.72041773309763
513 26.698333809055057
514 27.44699787970325
515 28.298461261402995
516 22.984966938257354
517 24.022690075955246
518 23.836649079838292
519 23.49816851549624
520 22.30785535827607
521 22.126578659617874
522 22.35278338714149
523 21.17171540166138
524 20.855771779832168
525 20.966472602791427
526 20.195435011945154
527 20.435208682071682
528 20.358469673761356
529 20.190339513567807
530 22.941793280952353
531 22.26870075555585
532 21.616106012521954
533 23.750970236626298
534 23.145797814009843
535 21.196578488372623
536 20.388923579415405
537 20.230349603234927
538 18.684062341066802
539 19.24970463925125
540 20.068642380227836
541 22.316777625372463
542 23.16737603150174
543 21.654300390941938
544 22.236906040683557
545 22.378597085765083
546 22.954697353748596
547 24.27426767724168
548 24.44897562592335
549 25.320159630114635
550 24.38674567835048
551 24.109310205441723
552 25.097251236020565
553 24.90243033710116
554 27.515435517367806
555 26.923060783136634
556 25.558274760960895
557 26.257511486080254
558 25.7465894464764
559 25.279848990835156
560 24.929864003463226
561 24.667891384916537
562 24.321697229752548
563 24.46378709269566
564 24.56883830047049
565 25.676944698410257
566 24.417839485566336
567 23.532185224708858
568 23.267110903373244
569 24.388366658003463
570 23.75246364516723
571 24.711425824476294
572 23.834515445996
573 24.683514974706426
574 24.829745664143974
575 23.09966730703396
576 24.48871111263565
577 26.09264335220461
578 27.93846828431282
579 29.36121854658549
580 25.933552219088575
581 28.018417446149574
582 29.05838030989006
583 28.360831829355977
584 27.578169077210436
585 26.0626708606941
586 24.387532349716924
587 21.87893219207919
588 23.294991193874985
589 24.520653334044372
590 23.154587205443953
591 23.59398441135
592 25.119439934452313
593 26.421163634793952
594 25.59160818581759
595 24.33276056521077
596 25.53414662644744
597 24.160531312057735
598 25.45557894725402
599 25.954034336099223
600 23.098093997055447
601 26.44752250537457
602 28.733341201784807
603 25.026779693703624
604 25.914130291056455
605 25.502170681209474
606 24.52556572174347
607 25.213547278541796
608 25.52481921809252
609 26.586807259102585
610 23.280591295765557
611 22.33991313232159
612 24.610623028316574
613 27.43947286054411
614 25.984647584850016
615 25.189670092997087
616 26.680459238608996
617 25.13426196563173
618 24.011544303809394
619 26.311777887723906
620 24.36236757875222
621 26.813258757673193
622 28.739931650944172
623 28.543072304546047
624 28.17036286717057
625 30.340857031519292
626 30.616277937446803
627 26.587508240813047
628 29.775954476992226
629 28.553336038951997
630 25.8100181419846
631 25.15726092277873
632 27.86890035894999
633 29.210250167068796
634 29.91107258594635
635 29.765248746719372
636 29.940169521111038
637 28.57017288868739
638 31.77828831670769
639 32.24221464271298
640 29.172962083489413
641 28.81830937633986
642 27.82147070871611
643 28.527548948885777
644 28.553032445202327
645 29.430072981174334
646 31.00112176079758
647 31.093246106830282
648 31.1620745916873
649 28.149072750030236
650 29.438698668081454
651 26.784751856551004
652 27.02144497929128
653 27.944447579253843
654 28.252173969535484
655 25.871634783795763
656 27.634859423968944
657 27.431802586031715
658 27.862808312197238
659 25.31923714985253
660 26.843219439580626
661 25.71501149985899
662 28.390325577846593
663 27.250352339605985
664 25.986235627367662
665 23.80109779220028
666 24.69266677012151
667 21.46417224330959
668 20.891976103232224
669 22.464876714548215
670 22.22110416167938
671 22.87522243059534
672 22.339722153812907
673 22.71731840726095
674 22.96522682819415
675 25.02811140152043
676 23.3820275102323
677 28.032209626862656
678 28.12431247873886
679 28.297456918713078
680 25.430247749339685
681 24.986796778365093
682 24.97731069836632
683 24.841977479587708
684 21.47038350578633
685 20.19085700668609
686 21.22441126827744
687 22.488527181822704
688 22.868173401271278
689 22.986057249404798
690 27.7544702309127
691 23.73656646594706
692 21.554260701513677
693 22.6031979740881
694 27.295843760706326
695 24.10613256176472
696 24.057227505629427
697 22.73631753434699
698 24.257756292346336
699 22.99026841942649
700 23.989263340941477
701 23.498077869960866
702 23.422431641437633
703 22.928870736092357
704 21.145890008648323
705 23.7633648962827
706 21.87305234978926
707 23.581930647525798
708 24.86018587678766
709 24.647326356148103
710 26.044328381917246
711 28.196791362878802
712 27.77527936830185
713 24.93296213893751
714 25.552762375871353
715 24.79397347904784
716 26.064305919867415
717 25.242902158440863
718 28.90403820715931
719 27.607621011033576
720 27.58698679558459
721 26.57521572037548
722 27.241647552947594
723 26.503884823032138
724 27.24632407171313
725 27.791031457947373
726 28.28834934899702
727 27.144873762543522
728 26.105370545800007
729 27.60728481899375
730 30.73166397777239
731 32.690173242197794
732 32.859358479674555
733 31.112016782689334
734 32.24731155500166
735 32.58065177479662
736 32.41917055241836
737 31.924512577769487
738 31.88523104213451
739 33.20458753097129
740 32.49679909000502
741 35.977074827459205
742 36.21434980920191
743 32.11336125173548
744 29.77192161731875
745 29.237205624162204
746 27.81374828096169
747 27.903551706585194
748 25.954271708323564
749 28.33793990432298
750 27.382047714897297
751 26.91887657256261
752 28.933183633031113
753 25.953169503572724
754 27.35118190367864
755 26.904435361801728
756 24.230640037901377
757 29.07331788486486
758 28.333835502068126
759 27.33535960411818
760 24.643684696600687
761 24.09440120356532
762 26.16534385807888
763 25.349816436086705
764 25.56270183601049
765 26.4818541602105
766 24.754096796211435
767 26.954245766573315
768 26.023681048391314
769 24.8155985174321
770 24.245864217741552
771 23.731347910155105
772 27.5471182850448
773 28.66308656916332
774 28.466441538621233
775 28.250272885191517
776 30.549301344748695
777 27.626967291689123
778 25.92737501840295
779 28.627124617969272
780 26.574650572726732
781 29.152804058806737
782 27.523597454128712
783 25.706372375746742
784 26.7437752834918
785 24.559915955306508
786 24.518860639542424
787 24.497110739352603
788 22.40437696680073
789 27.128351771066985
790 27.496152789945082
791 23.93546217211116
792 25.941233057364293
793 25.476888837450623
794 28.223366222729933
795 29.55257759849621
796 26.808838257122265
797 24.57568376086529
798 24.688033470678857
799 23.649662579518218
800 24.650486624870783
801 22.06298290454103
802 24.527446088510388
803 22.906330548811972
804 24.965688263588547
805 24.10283517608717
806 26.501889510731274
807 22.863234995347348
808 23.76690039236316
809 25.849246809071047
810 27.430480182046058
811 28.237431178588277
812 26.601035507442674
813 26.31038526615098
814 26.596197292797292
815 27.72238596516506
816 25.294346313188434
817 26.584854584127662
818 26.166127982443903
819 27.843295679909765
820 27.46791389565953
821 27.569164654359742
822 26.165886644219988
823 26.07415870713391
824 29.807834899549118
825 25.88106996448331
826 20.96346666845068
827 25.84229015187359
828 24.117650488460125
829 24.466628934397864
830 22.861164006628414
831 25.27629499913948
832 23.901341833519687
833 23.881195790589373
834 22.641128417296496
835 23.151191662761402
836 22.081561369446653
837 23.4756288977263
838 21.890431132952394
839 21.03980547357758
840 21.327029620742632
841 20.722008845927558
842 21.545049119001934
843 19.481991070559815
844 18.447451991542994
845 17.707017618956616
846 20.050186929799423
847 18.518936390363287
848 17.81991935214177
849 18.069494154098614
850 17.943237441992974
851 17.293096909536917
852 17.104550491934617
853 17.675175886158165
854 18.59717735640524
855 18.85347718569431
856 18.662227751620318
857 18.05463696419423
858 18.30867416153986
859 18.372897923308464
860 18.70006622615987
861 18.620529949979655
862 18.22980291161817
863 17.61024690930534
864 18.12679003354767
865 18.19400363413265
866 18.77029086645994
867 17.5808048442199
868 18.389942670821814
869 17.27705342353948
870 17.816280185212467
871 16.95088626097272
872 17.811703236289834
873 17.23483910373742
874 17.190742274753966
875 17.17300030040414
876 17.333966533974916
877 17.267153915767324
878 17.722338255199666
879 17.595682335602245
880 17.60819739127754
881 17.97666678518109
882 17.57065434654572
883 17.62009709331025
884 18.01059729395331
885 18.071501612133993
886 17.264169773359907
887 15.99593250084091
888 17.89082053624539
889 16.679572007936144
890 16.980917874612864
891 16.76364241412712
892 18.046825279279364
893 17.602052040816602
894 17.253975123921045
895 18.02281158936258
896 17.264639786556174
897 17.607151020171397
898 17.432151089053328
899 18.71862970273426
900 17.204745986149952
901 16.695358041465788
902 17.249764216568437
903 17.84597855338004
904 18.498206287240002
905 17.68304463387773
906 16.83639523596935
907 16.40423217054471
908 17.827347897567023
909 16.937417436851863
910 17.025548023199192
911 17.650426493703332
912 18.244809050977423
913 18.67103441199546
914 18.29887217899424
915 17.673421787811588
916 17.56543987555276
917 17.608334969911695
918 16.367671197290147
919 18.494181663177685
920 18.364949647648967
921 18.87207023885125
922 16.25659793429663
923 17.03644625746197
924 15.464839633555084
925 15.421346194466832
926 16.630987447000535
927 16.321572614584102
928 16.474770448384735
929 15.71191280779467
930 16.959518105356683
931 16.4165441287255
932 16.278435650261926
933 17.12073932880516
934 16.04673081042236
935 16.683356205161672
936 15.746861746288415
937 16.082141780248765
938 17.345805746361
939 17.284919965188195
940 19.74738391514681
941 19.424164658545948
942 19.66957053625415
943 18.046156988351516
944 15.300714304105297
945 15.828993579003637
946 16.187161991835595
947 16.478496923881966
948 16.524039534514138
949 16.949386206648914
950 18.982324888330282
951 18.264133890312216
952 17.931148287064527
953 17.948411714526227
954 17.85648296902461
955 18.368524861363476
956 20.079043964442874
957 19.77521536928611
958 18.417228540011713
959 19.204083380641222
960 17.201628208330803
961 18.660919803688756
962 19.242703317769283
963 18.21787752122411
964 18.80740486850983
965 18.687227061063783
966 18.150818601604243
967 17.124234094587152
968 17.66415774382838
969 17.650303390729178
970 16.681065860138297
971 16.204512174889786
972 15.188554504146282
973 14.482667405764285
974 15.901820839800983
975 15.388983292128806
976 15.750394405786166
977 15.671103110796945
978 15.243482578664059
979 16.83603842152878
980 17.233283504680003
981 17.285199041644045
982 14.185748373240411
983 14.702335938635146
984 14.007467562054135
985 16.637801140065914
986 17.416080764061885
987 16.231291576606665
988 17.038297065648976
989 16.81665199586166
990 17.069895724004393
991 16.688498691776996
992 17.218702241528327
993 16.727920368633743
994 17.933130350130742
995 18.345203557383112
996 17.185104450950742
997 17.86786683952403
998 17.573203218763556
999 18.441787543186095
1000 18.815751978652365
1001 17.875008175789194
1002 18.66607658354774
1003 18.509741308405737
1004 17.2657661131573
1005 18.260651327682247
1006 18.119276065475916
1007 18.97404654867548
1008 17.75365071597411
1009 17.502230096979346
1010 17.79355257626012
1011 17.930833549715878
1012 17.786528699793745
1013 18.50178468138834
1014 16.5539080174207
1015 15.800618387989562
1016 15.22052718539068
1017 14.016956201209133
1018 13.920214421508625
1019 14.370138212876736
1020 14.748218959854297
1021 13.33326950552063
1022 16.592199879832126
1023 16.051350083927552
1024 18.889298120661802
1025 18.479400059806153
1026 18.979843531929678
1027 19.36030126820265
1028 19.106287158454887
1029 20.113801697483694
1030 19.445795288136424
1031 21.086227170690943
1032 22.094582862371226
1033 20.291714047561477
1034 21.013766797197583
1035 22.39162098572042
1036 19.40387697192419
1037 18.17901648193731
1038 17.603880052468117
1039 21.062939456634577
1040 19.178696790512245
1041 17.15211324248915
1042 16.009767247503138
1043 15.88206509100631
1044 16.219156123478236
1045 14.867805548476335
1046 13.570532007860745
1047 12.833439456069437
1048 13.209004801112261
1049 13.137741094069783
1050 9.343839514026717
1051 7.1633742980855555
1052 5.418847294516962
1053 7.049853049994025
1054 11.552474113972098
1055 10.181036562547082
1056 9.27134125538191
1057 9.695824705568706
1058 8.615616538265323
1059 8.619564400966793
1060 5.923637025069841
1061 9.689805045620455
1062 8.648096590038252
1063 9.097832536380372
1064 8.551481786165594
1065 9.033641321260996
1066 8.081661806924478
1067 9.723357939264064
1068 9.984200429555939
1069 6.161377007197138
1070 6.086309184613706
1071 8.706964210481477
1072 8.723792956173972
1073 9.658774019270721
1074 9.23721985609709
1075 9.917723113050776
1076 10.493402683662856
1077 10.370195961497654
1078 10.29356779356948
1079 8.178947089950231
1080 9.6852932486159
1081 9.203775469746619
1082 9.514334645044281
1083 8.297209750282535
1084 8.9639159058862
1085 8.6027690494528
1086 7.976235084300615
1087 8.427593153254534
1088 9.34853803243194
1089 9.787930786267554
1090 10.000261406564215
1091 9.028201783476705
1092 9.967199346710617
1093 9.569353947880485
1094 9.49984647568467
1095 9.673664707967138
1096 9.663691210283893
1097 11.338191422030972
1098 11.23452918551642
1099 10.962569688804974
1100 10.833754228924725
1101 11.44914308917331
1102 11.308043868980228
1103 10.712565317768842
1104 10.698172369882286
1105 10.96304536606961
1106 11.228269650725583
1107 9.30960094169188
1108 6.634557651523845
1109 8.233815716934515
1110 7.325583012223766
1111 8.859783898564531
1112 8.085791862442369
1113 9.106891900922996
1114 7.130785191243205
1115 8.352769712394661
1116 8.693945603457813
1117 6.409208711387262
1118 8.852725899237713
1119 8.643692042495097
1120 8.441282498253845
1121 7.353091764151253
1122 8.170261210689642
1123 5.841816665332676
1124 7.003267966852136
1125 6.711150346450438
1126 6.3856413461706545
1127 6.617090126819981
1128 8.401507397704663
1129 7.624390172723407
1130 6.909004688462487
1131 8.213145490291247
1132 8.658941609953573
1133 10.459427043168143
1134 10.538067552864606
1135 9.363534730950093
1136 7.650255146628456
1137 8.092770772693815
1138 9.80442215489394
1139 10.50086433320124
1140 9.29468342343863
1141 8.571162790719873
1142 8.797335106327987
1143 8.324140491002627
1144 8.610355100645386
1145 8.241023875001622
1146 8.470679850491498
1147 9.090461982614736
1148 8.21414684236548
1149 8.443472384153855
1150 7.883427249685574
1151 8.364489454870116
1152 7.326091186525663
1153 6.7972695758095885
1154 7.581218646807482
1155 8.580708728721131
1156 7.849651624765217
1157 7.247325108237029
1158 7.962183823980325
1159 8.769053542038911
1160 6.645947130825987
1161 9.811725938006221
1162 7.546351876810137
1163 8.15622738874559
1164 8.690992350321693
1165 8.074787580260447
1166 8.810170489354723
1167 8.442507883760744
1168 8.932926974207609
1169 8.614780446031194
1170 8.188315962594045
1171 7.011998402005385
1172 8.056727314671392
1173 8.28271776847505
1174 5.749362542731433
1175 5.914231857938159
1176 5.985571620370123
1177 6.772478463327116
1178 7.722289727910626
1179 5.992728315941948
1180 7.5839756463769366
1181 9.995425855258599
1182 9.84352615652883
1183 9.896033474697667
1184 9.435004031113127
1185 9.999861889001622
1186 9.990127856073382
1187 10.495369822915528
1188 10.89453423305819
1189 10.33901797894315
1190 10.774354030119332
1191 12.543740582721732
1192 10.012097983442574
1193 10.899189362110224
1194 10.68645131136747
1195 8.943197728040829
1196 9.95241135701668
1197 8.79320729127928
1198 9.82751957828537
1199 10.485034921370264
1200 10.459550037257678
1201 10.563498928802433
1202 10.479872240189561
1203 10.432606800544384
1204 10.548642771589334
1205 10.345538685079507
1206 9.97857958515581
1207 10.576909433638306
1208 11.652690942194324
1209 11.081787137537214
1210 11.526877367408023
1211 10.49036553882363
1212 10.614935967173809
1213 11.335160199170828
1214 10.785853614454203
1215 11.24346292640085
1216 10.42709418064307
1217 11.393157387006099
1218 10.756174889197842
1219 11.345817990524305
1220 10.974166044606879
1221 11.17634251350092
1222 10.776186458040245
1223 11.179245002995668
1224 11.276932840171291
1225 10.09986870341204
1226 9.879848840976237
1227 8.93409091604971
1228 9.329991631849245
1229 9.22155708385046
1230 9.296194501348351
1231 10.16917502462729
1232 12.168607228657217
1233 12.030848431947962
1234 10.983306173768131
1235 10.282352472816239
1236 9.875048464770963
1237 9.869361195005322
1238 9.864643710510217
1239 11.327247949884766
1240 11.548634804041043
1241 11.648232855249454
1242 10.740074123709123
1243 11.059150989760196
1244 11.185585386832596
1245 10.893165702838072
1246 11.62080962781808
1247 10.211057021794456
1248 10.94882176788299
1249 11.14467859533389
1250 9.98521308893119
1251 11.016238237340367
1252 10.864296644032255
1253 10.805412276902905
1254 10.557680943914594
1255 9.707855848049352
1256 10.170997547783546
1257 9.905446551742797
1258 9.657350580842898
1259 7.998415101872892
1260 8.502908976141699
1261 7.767260987364479
1262 8.341791748340441
1263 9.64320064583181
1264 8.440209385121692
1265 8.589344477054862
1266 8.638987340098042
1267 10.501357536946879
1268 11.235845743658302
1269 10.609265292784078
1270 11.061814353792258
1271 10.34662590581991
1272 11.167089870006073
1273 11.773281507525786
1274 11.158563545798357
1275 11.171187142287609
1276 11.332784606239219
1277 11.134357406474617
1278 8.441676246896545
1279 9.880182761520631
1280 9.680336914907912
1281 10.029359427955672
1282 8.89824222340647
1283 9.029985981817754
1284 7.471818964588991
1285 8.15222257210062
1286 8.024399041112616
1287 9.220938585771256
1288 8.78921159576492
1289 9.211314479961834
1290 9.190220205931237
1291 7.614102588334843
1292 7.7780458342780125
1293 7.959256348160935
1294 9.047853427016246
1295 7.4345265379386385
1296 8.91347779160135
1297 8.167904454583988
1298 6.294100959405043
1299 6.974860696709374
1300 6.09478552629466
1301 8.454582978270627
1302 8.823832382406842
1303 7.62731638370837
1304 8.757039150491465
1305 7.368411900493147
1306 7.931168588581516
1307 8.278896932783967
1308 8.345257339742988
1309 8.236794659680946
1310 8.414850400585937
1311 7.9864461349337414
1312 8.255277833628568
1313 7.2977580732720675
1314 8.069860878834936
1315 6.364552671165414
1316 8.25089767428028
1317 7.15432575308701
1318 7.883535646153967
1319 8.298520057357281
1320 8.123233545837058
1321 7.718602102311932
1322 7.506307212519772
1323 8.500534856817184
1324 7.825962788630415
1325 7.865620508407954
1326 8.062532461144185
1327 8.085367511319841
1328 7.808381091721559
1329 8.290848426142517
1330 7.350265751609962
1331 7.959405415883391
1332 7.867238915164075
1333 8.220523783756768
1334 8.1388441617074
1335 10.296153372859994
1336 8.795359060980283
1337 7.575508787065056
1338 7.848858215178645
1339 8.785184747284946
1340 7.803068543009391
1341 7.364409851421346
1342 7.639267929226286
1343 7.807147672820122
1344 8.278700609369997
1345 6.4096864694622075
1346 6.907273542734092
1347 7.090979309743875
1348 7.695679792946612
1349 7.013043907515811
1350 8.402661374342951
1351 7.099959462285313
1352 7.567500829227332
1353 7.263023495847064
1354 8.210066278470466
1355 6.872259449090103
1356 7.355894058419041
1357 7.06929959137376
1358 6.9144161107516116
1359 7.199584819825303
1360 7.896946497305267
1361 6.940102956638688
1362 8.10234556244042
1363 6.4536091249070155
1364 7.383617236510755
1365 8.351653844769446
1366 7.770103140157476
1367 8.77867032160123
1368 10.122104429414446
1369 7.768354353235647
1370 7.165378084646831
1371 10.074917470003149
1372 8.721500208924306
1373 10.950082800691758
1374 9.800474240401805
1375 9.7172277009464
1376 11.363805992792441
1377 9.996775769509643
1378 10.713950161612981
1379 8.95933780770281
1380 9.718756430250954
1381 8.391036049153334
1382 9.504500983496042
1383 8.1482625708248
1384 8.161746035979611
1385 7.942592893874612
1386 7.8116337683842
1387 7.73881703422066
1388 9.294102165559766
1389 7.576826106682739
1390 9.107797213064018
1391 9.001564918503952
1392 8.135816709424626
1393 8.167466264054074
1394 7.8057017519413705
1395 7.031824096972051
1396 6.668691379506587
1397 6.101624924002925
1398 8.147139434437008
1399 6.443059040381356
1400 7.741669887885955
1401 5.8683244183988705
1402 7.685016906511369
1403 6.733059598017255
1404 9.8714610316946
1405 9.855660657892786
1406 9.608400585824205
1407 10.813857601373055
1408 9.30290933285097
1409 10.65224466375484
1410 8.640132711987247
1411 9.02818247952117
1412 7.795124724460043
1413 7.500661915859631
1414 8.47962159638227
1415 8.2049028181459
1416 9.03885683526898
1417 7.282039996219161
1418 7.549963500810682
1419 7.979148946597493
1420 9.63600283739386
1421 9.637516081325964
1422 10.207754128894768
1423 8.061339830828183
1424 9.426149029071592
1425 8.075174660888699
1426 8.011711364343395
1427 7.472814860807946
1428 8.886891013883103
1429 8.275914377971914
1430 7.426203145767748
1431 8.303745185075003
1432 7.662332554166825
1433 8.99474023820804
1434 9.857451291496526
1435 10.412768416816434
1436 10.230954548823489
1437 8.965885945478417
1438 9.776014058855965
1439 11.007021911044504
1440 10.309201557847002
1441 10.574208161401987
1442 9.091354691768238
1443 10.417649581817235
1444 9.916239548695618
1445 9.484135573074447
1446 10.27263815606221
1447 10.21981086349467
1448 9.898680428542534
1449 10.174590755554673
1450 10.288781887650684
1451 10.29585428021896
1452 8.032357472721495
1453 8.423205029691694
1454 6.550563220592564
1455 9.229356887049402
1456 8.567448963195579
1457 8.136607882652442
1458 8.179490585052118
1459 9.11925167728134
1460 9.937461793379272
1461 7.798124985694993
1462 9.215641274612627
1463 7.306467039639916
1464 7.301256359362013
1465 7.682775321355427
1466 10.486963007937579
1467 9.722715447584731
1468 9.962095346990612
1469 8.955536007830386
1470 7.068176985686644
1471 6.922324707096093
1472 7.750444640738564
1473 8.186338995984974
1474 7.4230471386326125
1475 8.082760435314414
1476 8.628228139401623
1477 7.412269638798744
1478 8.287185931909926
1479 8.098435696017155
1480 7.728014986843693
1481 8.19856964831853
1482 7.62628616836827
1483 8.794222134887033
1484 7.575173829375926
1485 8.531226252225494
1486 10.866907496088482
1487 10.62964373033528
1488 10.612222013725642
1489 10.201401194287032
1490 11.161166550904845
1491 10.067084168475615
1492 9.765533289110667
1493 10.258995166213046
1494 10.071467002839592
1495 11.171208871716281
1496 10.73212982161827
1497 10.96854855629119
1498 11.742384593162082
1499 11.734677917976521
1500 8.657756499162241
1501 9.723136517779658
1502 8.924763615603439
1503 7.663360197574194
1504 6.820016499156472
1505 9.695960887333223
1506 9.460275975576915
1507 8.565956674689946
1508 7.2333823587449535
1509 9.907466926992825
1510 9.94132992796915
1511 10.40785363258882
1512 8.513178998875922
1513 8.50325234301236
1514 8.381585669312665
1515 8.876634308504881
1516 7.892080748994394
1517 7.051933321642377
1518 9.246072337462985
1519 6.750208628658095
1520 8.189702244663595
1521 8.556461524709547
1522 8.407113985618878
1523 8.84294994462272
1524 8.743099846544697
1525 7.70521051478453
1526 8.355836908125957
1527 8.782119465328279
1528 8.504621607983175
1529 9.251054922623556
1530 7.484375874693639
1531 6.570517476242489
1532 8.234127918239503
1533 8.719746682493078
1534 9.561108931851106
1535 10.637083179572523
1536 9.689447097987543
1537 10.231124415657057
1538 9.773240519091653
1539 8.763682827861382
1540 8.514920033853691
1541 9.671366635918043
1542 8.911519831276065
1543 9.935811876473041
1544 9.829159652744211
1545 9.229911182270728
1546 8.946605244055952
1547 8.21495602994019
1548 8.93835029598631
1549 9.035807666840531
1550 8.55311642109742
1551 8.688965750243819
1552 9.462138227590787
1553 7.862713536505594
1554 9.93230518176421
1555 9.204437214315504
1556 8.670480627139002
1557 9.143222203605632
1558 8.3012685418053
1559 7.7365568433361736
1560 9.154428564471658
1561 8.263071610795649
1562 8.709107606347743
1563 8.778263222904863
1564 7.138957890194908
1565 8.377930597244587
1566 9.57632459347505
1567 8.566575497887873
1568 7.097318757755738
1569 8.829549028730755
1570 8.524146948455597
1571 9.079846267305998
1572 7.744326978819036
1573 7.669842509820966
1574 8.463152443879066
1575 7.938897215478066
1576 8.792578075781648
1577 9.055844441338355
1578 9.233857488855106
1579 8.32876021308495
1580 9.77631752555606
1581 7.87831114842797
1582 7.9394669640583295
1583 8.067243336005241
1584 7.650755114397297
1585 8.881486921487642
1586 9.210705048034805
1587 8.361052319780438
1588 8.743504351089664
1589 8.533248696733116
1590 8.635422733604985
1591 8.415793930565346
1592 9.441510713686652
1593 8.325716472853866
1594 9.446644730005614
1595 7.646326423046776
1596 8.862888615730355
1597 8.043671839118854
1598 8.311250515750796
1599 7.659733742717455
1600 7.424602898231766
1601 8.301838116175702
1602 7.640934686301624
1603 8.222376517133577
1604 7.96052257315699
1605 7.497784341044366
1606 8.250948225787521
1607 9.79316955410532
1608 7.923255221046327
1609 9.559018942164244
1610 10.211996104612385
1611 9.919289454201826
1612 10.374510487798434
1613 9.861801990164667
1614 9.833453533272651
1615 10.061688049787335
1616 8.24717660925364
1617 10.409916899625959
1618 10.567529666860038
1619 10.48303416501431
1620 9.766494522991962
1621 11.270211315761255
1622 10.028912864527769
1623 9.64667651867917
1624 10.532916603909035
1625 10.507198049587837
1626 11.69477535997391
1627 11.49502328939812
1628 11.81311667254491
1629 8.282804022315108
1630 7.745612389034791
1631 8.161947396627765
1632 7.723663243766094
1633 8.114803850069558
1634 8.65337208988715
1635 7.691724677666284
1636 8.941745733639747
1637 8.443332723313391
1638 7.882185508756551
1639 8.095405759835316
1640 8.396652330804507
1641 8.682348860695054
1642 8.117776388216232
1643 8.712465980030094
1644 8.46185848998113
1645 8.738417990802187
1646 7.5960231217622685
1647 7.469810134743084
1648 7.239850140843275
1649 8.301103553335858
1650 7.582136190932749
1651 7.821526971407324
1652 8.160927941457398
1653 8.535993136158115
1654 8.770269821484133
1655 8.842797352134736
1656 8.268793419241499
1657 8.429381644262165
1658 8.808597403592984
1659 9.479307621471145
1660 8.66435854208272
1661 8.88489073231788
1662 8.097708426168754
1663 7.932889603515232
1664 7.80349451915807
1665 8.4476152930601
1666 8.320334917648355
1667 8.220905316514902
1668 8.650350612800803
1669 8.215029992649766
1670 8.79823845521932
1671 8.549962665222301
1672 8.620761958725222
1673 7.615004128166612
1674 7.205860129332533
1675 7.678646681636058
1676 8.005603757571583
1677 8.639580607734965
1678 7.6610556401590015
1679 9.47749354887433
1680 8.251153486723993
1681 8.300307017532548
1682 7.557974637337116
1683 7.102296718941187
1684 7.30135598467545
1685 6.953466459992245
1686 8.34527600030828
1687 9.007209814077687
1688 8.576194297652492
1689 7.775449420894114
1690 8.74651279545858
1691 8.01558656526817
1692 9.56259958353846
1693 8.612809058947834
1694 9.250654326867608
1695 9.01540129362446
1696 9.564756703278201
1697 9.821416717480984
1698 8.888332091858919
1699 9.436832101233097
1700 8.71889820883234
1701 8.223644881321334
1702 8.618477418960726
1703 7.612327473050362
1704 7.421758318482078
1705 10.017682390200676
1706 10.532040536355929
1707 9.643989737376815
1708 8.788279483478158
1709 7.32885000661582
1710 10.002783955116428
1711 9.56349549769628
1712 7.085916272948852
1713 9.221454252714365
1714 9.325108856530264
1715 9.452821464687757
1716 7.705299021731244
1717 8.493882117895119
1718 7.635265256144528
1719 8.363798834296922
1720 6.956355577188594
1721 9.649713979679909
1722 8.4906653640389
1723 6.98740679839173
1724 8.293840557658676
1725 7.881768825077027
1726 7.90039413073408
1727 8.695368717666245
1728 8.02739504974467
1729 8.249535251146156
1730 9.521103241706223
1731 8.639574811428039
1732 8.234743272685046
1733 7.632718655510313
1734 9.263670067549135
1735 9.49498274259908
1736 9.280687971521292
1737 9.071639720048681
1738 8.59898619343147
1739 8.650869044823779
1740 8.902836285785082
1741 8.580720237729835
1742 8.344233406919091
1743 8.412058062018545
1744 10.926654886370109
1745 11.009305196357646
1746 9.007694313095142
1747 8.587212867207365
1748 8.529138376469819
1749 10.923212459913563
1750 8.879634639915913
1751 10.034637044093614
1752 10.309415491266485
1753 8.722617510032086
1754 9.26814064087093
1755 9.106931022690933
1756 9.471874967280005
1757 10.519484876295182
1758 9.554609606993669
1759 9.689679352878606
1760 10.123851876401067
1761 9.74366565829097
1762 9.764392436161963
1763 8.273140642803552
1764 9.585284324290482
1765 8.79067639194926
1766 9.625966442545737
1767 9.6548431621695
1768 9.764881505387244
1769 9.176517020514616
1770 9.318583869277646
1771 9.72208970855573
1772 9.480099114404682
1773 9.174949500485658
1774 10.492010395361968
1775 9.198302079397129
1776 9.938186278343874
1777 9.632401400675679
1778 8.885745650563415
1779 9.001932768578754
1780 9.57147156338784
1781 9.390256217501204
1782 9.017211531981621
1783 9.019040049194889
1784 8.577407899414595
1785 8.932781606169161
1786 9.34172055974333
1787 9.638296232708585
1788 8.930385072966173
1789 9.191285307447366
1790 9.644584592651666
1791 10.972101247141326
1792 10.185371665961187
1793 8.733913925201414
1794 9.479179072922639
1795 9.930698885144096
1796 9.92562439459087
1797 9.73330867720797
1798 9.362210701396812
1799 10.788045581926308
1800 11.66896232872452
1801 11.436646682572789
1802 11.454853629899295
1803 10.365163983798926
1804 10.154282885113709
1805 9.937196127126974
1806 9.182807414841337
1807 9.61568694355894
1808 9.222229804090988
1809 9.6274989759429
1810 9.51058945405334
1811 9.227338082045367
1812 9.065248699121367
1813 9.348563536968305
1814 9.582017822105017
1815 9.619454648093477
1816 9.424669950482109
1817 9.38976418380258
1818 10.19507826871767
1819 10.652613057219108
1820 9.47386683898937
1821 8.558450759912573
1822 9.512290133602045
1823 8.885459039621553
1824 9.358029925807068
1825 9.99354771150822
1826 9.704285820661292
1827 9.97899191443471
1828 9.464982573877473
1829 10.140253697511188
1830 9.33102055760355
1831 9.602333248242056
1832 8.519841394529296
1833 9.765814119716108
1834 8.438068835997072
1835 8.94409292166428
1836 9.031053480627001
1837 10.26026701659498
1838 9.875405403755053
1839 9.632144985853687
1840 9.18501073744546
1841 9.673259360688851
1842 9.465899604086799
1843 8.894376769751124
1844 8.627423691589028
1845 8.853891192828806
1846 8.6860757899571
1847 9.773714138625941
1848 8.298516309031667
1849 9.762552801537408
1850 6.0329270652808695
1851 6.369256451214266
1852 6.953594911167132
1853 5.335253153385723
1854 7.399290375167345
1855 4.262245003741159
1856 3.9146405468640944
1857 3.8395751509080265
1858 4.253538467627531
1859 5.661735968410847
1860 5.672104991170712
1861 5.907209904091758
1862 8.027455509168213
1863 8.511554599431728
1864 8.95500964217084
1865 9.602122776575017
1866 9.639850425767689
1867 8.653898082628295
1868 8.874687169330825
1869 9.10086798665209
1870 7.710694227120481
1871 10.099464211291567
1872 8.941802568061846
1873 10.309369298690445
1874 10.073772216096453
1875 9.08745935452596
1876 10.3441540015912
1877 9.092058254510402
1878 9.844166799160863
1879 9.334939390593242
1880 9.588250496609183
1881 10.094489222027189
1882 9.479706055852496
1883 9.835233076703812
1884 10.395077954081605
1885 10.521122853018039
1886 9.663049327321893
1887 9.90013203111046
1888 8.870944328155606
1889 9.326834293475182
1890 9.67581938617808
1891 10.053642906219585
1892 9.848818391243345
1893 10.570283825265232
1894 8.974424306825648
1895 9.361605374944016
1896 9.328566438162625
1897 9.900168822171933
1898 9.219711649081939
1899 8.412868235742486
1900 8.77439792093372
1901 9.459937207601007
1902 9.519157606846292
1903 8.950312222937693
1904 9.003024084907628
1905 8.460131253127875
1906 8.971727592729517
1907 10.511734697542442
1908 9.50388330663742
1909 9.297996387869807
1910 9.09112393393361
1911 9.558853560616637
1912 8.46674777374146
1913 8.567878769064048
1914 9.397441531040249
1915 9.332752503225228
1916 9.4062079140552
1917 9.400715523003749
1918 9.694777007549087
1919 9.175199372470965
1920 9.817014581629579
1921 9.885516506816353
1922 9.05920021204235
1923 9.290674901303039
1924 9.226500254697507
1925 9.89638157480312
1926 9.26164766097555
1927 9.346256878551374
1928 9.564347015397685
1929 9.234962594724065
1930 9.270851792551579
1931 10.301993265464326
1932 9.554449452885276
1933 8.841933181416167
1934 9.537187796264886
1935 9.308317242551327
1936 8.984848637953368
1937 9.41943660727165
1938 7.8401429440132295
1939 8.982711375894974
1940 9.660558529484542
1941 8.989609456080622
1942 9.419969778966989
1943 9.298428332655947
1944 8.906387771444361
1945 8.606424523731844
1946 9.639385200436996
1947 8.803167201136574
1948 9.079399729263239
1949 9.763655798151822
1950 7.716838733413657
1951 9.111896732820043
1952 8.808660217823414
1953 9.498283439310129
1954 8.969449476740316
1955 9.740664838633295
1956 8.747922155575326
1957 9.77195768831064
1958 9.645664998030329
1959 8.446257345444618
1960 7.945615912870701
1961 9.237457569836891
1962 8.722509816665537
1963 8.644191505619704
1964 9.590953441699993
1965 9.629390705895768
1966 8.608566042349457
1967 9.36481988012867
1968 9.693960574757458
1969 9.619158930723264
1970 8.533732195731902
1971 9.193147654997631
1972 9.110341544071172
1973 9.16757381405337
1974 8.195574011199458
1975 8.501722806233806
1976 8.913286191105906
1977 9.966859006976264
1978 11.063964654722465
1979 11.420551950249111
1980 10.638481718098465
1981 11.74573930558995
1982 10.112584144100284
1983 11.583341447282793
1984 9.887835370064511
1985 10.627807777048549
1986 9.901169962887803
1987 11.207295162899106
1988 9.884209657962643
1989 9.578473801817594
1990 10.869580044683058
1991 9.58603475335381
1992 9.157117996656066
1993 8.154485417406487
1994 8.253249599001837
1995 10.334880098343532
1996 9.469777956934179
1997 10.138243522809335
1998 9.371002573234003
1999 9.647650537686884
2000 10.433886245133534
2001 10.161720228095557
2002 9.518653697614548
2003 10.417949414933418
2004 11.972210752049017
2005 10.70582339714603
2006 8.272887744016353
2007 9.578470506769623
2008 9.998045637703589
2009 9.79470426427078
2010 9.523736319489265
2011 9.506017377404842
2012 11.152327016369656
2013 9.917146354063165
2014 10.646079639203524
2015 11.454270364248902
2016 10.796405139821209
2017 10.070322893850078
2018 10.35417891443146
2019 9.983076757973647
2020 10.323856081458686
2021 9.700295792762015
2022 10.513102168646745
2023 9.715730748680295
2024 11.798919001374639
2025 11.860178195158209
2026 10.843657785974026
2027 9.068333182643462
2028 10.466216339499502
2029 8.659931367873764
2030 7.465878629552193
2031 10.444325155516474
2032 9.383836701213077
2033 8.798348626313384
2034 9.245773554474281
2035 12.329717032589432
2036 10.243228468586125
2037 9.975168873449755
2038 11.286264581386002
2039 12.095412415042123
2040 10.584577410104979
2041 10.562212079705747
2042 10.090756782606748
2043 10.370241466751153
2044 10.18696725800554
2045 10.231142368304004
2046 10.2451949756494
2047 10.06312539953941
2048 10.404395553270527
2049 11.120123486059533
2050 10.721332657720295
2051 9.406348294252103
2052 11.053788254728943
2053 11.290782609338612
2054 10.623662690435031
2055 11.583841073948957
2056 9.012645700952595
2057 10.407301495805937
2058 11.982337557779138
2059 8.283468524571294
2060 8.831767037312174
2061 11.366190606553339
2062 10.98255990391272
2063 10.923982559628882
2064 11.807624619292516
2065 11.042708427459813
2066 10.510076178451689
2067 10.91268752032727
2068 10.451147564347538
2069 12.08477022267684
2070 6.400832567039091
2071 3.5582956575999165
2072 3.7217173469132696
2073 3.2805551705284612
2074 3.3477439864288
2075 3.5211166747705502
2076 3.602994923824839
2077 3.427721292332872
2078 3.3635097660814335
2079 3.4646875127245997
2080 3.3942057045224203
2081 3.329138267297752
2082 3.541249831357725
2083 3.4530714876233737
2084 3.238132947113534
2085 3.9996384860858467
2086 4.611611252042964
2087 4.455796206430301
2088 3.630797666843352
2089 5.953483570707524
2090 5.752471939944718
2091 8.246935901869376
2092 9.631719706439819
2093 9.912786739364309
2094 8.70903604008751
2095 12.304663326807583
2096 10.766246785006205
2097 10.536254062718767
2098 9.642779219379522
2099 10.335294320946506
2100 11.645147725094809
2101 8.953917944355963
2102 8.896724340474123
2103 10.088938207050427
2104 8.52396372596998
2105 9.980208519269047
2106 10.120877847784092
2107 12.624231753155954
2108 10.336199465661842
2109 11.216069571886939
2110 10.454092587256715
2111 6.695367566029086
2112 5.80134439480908
2113 6.708682060841935
2114 6.711689539630756
2115 8.833927732477036
2116 6.265928299396723
2117 6.004168043114573
2118 9.208274032987068
2119 9.332230344421772
2120 7.371171254192048
2121 8.638245569316883
2122 8.504611833334328
2123 8.857765574488951
2124 8.913120571101109
2125 8.612133456067026
2126 8.878179407617093
2127 8.42007246540709
2128 10.769366062303252
2129 10.678034147087637
2130 10.600436237132493
2131 10.507635417961506
2132 10.85253118044794
2133 10.665248780183674
2134 10.144496866705747
2135 9.117502467123213
2136 10.354866541697639
2137 10.24499177820829
2138 10.075484160851666
2139 9.47723694789535
2140 8.215830850821861
2141 8.911260312530176
2142 9.560244148645694
2143 9.954729750405187
2144 9.076111565263709
2145 9.295233362434013
2146 9.119935975660578
2147 9.913760020359137
2148 11.300527609251212
2149 9.961619094480868
2150 10.255539789295245
2151 9.852904235358107
2152 9.704367661700813
2153 10.719854991039393
2154 8.980887484653547
2155 9.459689345688119
2156 9.640270428186758
2157 9.162643979887672
2158 10.005028755087489
2159 9.651011888013556
2160 10.251840088219067
2161 10.435910696289541
2162 10.1614383864117
2163 9.818516399256072
2164 10.416497078609465
2165 10.222203310391093
2166 9.190867268740353
2167 11.11803722649347
2168 9.288481293729053
2169 9.633196232393278
2170 9.652816311935247
2171 9.999364186451233
2172 10.17379599464584
2173 9.821588056790521
2174 9.198568758111238
2175 8.654543750695735
2176 9.44584773109501
2177 9.319384520896497
2178 9.607739391878049
2179 8.241909788902158
2180 6.340398097348179
2181 9.14994186976484
2182 9.265836449298757
2183 10.278654124281305
2184 9.965004620511806
2185 9.671461645777427
2186 9.481673557020088
2187 9.265345633471055
2188 10.433351447661723
2189 10.582742348866969
2190 10.11308057289274
2191 6.400283204492244
2192 6.936180697667732
2193 8.687814837305183
2194 10.646460716265317
2195 10.301646805181779
2196 9.32338332214553
2197 10.37041953274483
2198 10.654786468568233
2199 9.682412874983738
2200 9.400881181285458
2201 10.855543075089429
2202 10.204606864069714
2203 10.130440293904353
2204 10.687937113561874
2205 9.928767588854262
2206 10.810959901203752
2207 10.426031745563376
2208 10.144087891651347
2209 10.85271601819809
2210 10.642954587363358
2211 7.001134239983647
2212 8.238406938629556
2213 10.581971289646338
2214 10.100833652516503
2215 11.062179780393844
2216 10.334993667286932
2217 9.994413236267844
2218 8.371420589179719
2219 8.984819635557825
2220 10.189641240081766
2221 9.309258460109046
2222 10.10762006467002
2223 9.741260649344659
2224 10.103747792878206
2225 10.555223452181465
2226 9.71545994807624
2227 7.899694592899971
2228 8.58234154383121
2229 9.562418582746085
2230 10.069178258091307
2231 10.359944854092836
2232 10.137529549402533
2233 10.608655397778987
2234 10.339567304798427
2235 10.977031651064792
2236 11.797771039301113
2237 10.462262900864301
2238 11.22344196306062
2239 12.072833843688562
2240 12.48999467693468
2241 12.513057253365533
2242 11.792533671488249
2243 12.571353597859952
2244 11.597169251268047
2245 8.976079870017859
2246 10.475969827239817
2247 9.544132023892987
2248 9.17773667582034
2249 9.617175201686885
2250 10.093545415927274
2251 9.97275017938401
2252 9.545158956078264
2253 11.364729329511308
2254 11.885707174683617
2255 12.653716069776001
2256 12.168738542343002
2257 11.691010287181333
2258 9.899226466623293
2259 12.140696082503176
2260 11.742503905943545
2261 11.850196881312483
2262 12.069310868368161
2263 13.647944481192308
2264 12.359855216569745
2265 10.83224894612874
2266 11.625822094790863
2267 12.37828537715019
2268 11.967335743071915
2269 10.734189869170184
2270 10.770186758245723
2271 9.7640733710045
2272 8.838714025987066
2273 6.579008321901747
2274 9.431591511889167
2275 8.679033384905045
2276 9.172873931453255
2277 10.305153497331174
2278 10.823336065457772
2279 11.087956629947207
2280 11.08013669246977
2281 10.95787322502567
2282 9.948470462608443
2283 10.232849406303687
2284 10.668178148881957
2285 10.395972870110716
2286 11.30245669489076
2287 11.358634820808117
2288 11.029366887624393
2289 10.351359098459419
2290 12.08138439974123
2291 10.451830326365682
2292 10.827730683846461
2293 10.61538987014655
2294 10.485266044693882
2295 9.955747575114085
2296 10.646874911897923
2297 9.415812158926695
2298 9.166241039352121
2299 9.728920182472265
2300 11.305166941986878
2301 11.056626810465309
2302 10.197184972370847
2303 9.379061528940468
2304 8.837467798464845
2305 8.435105871373079
2306 10.461625444556248
2307 8.66228159243878
2308 4.716797564774084
2309 4.51020982192757
2310 4.58175616034236
2311 4.514826429488286
2312 4.668128967007718
2313 8.943447424499722
2314 9.606131728707481
2315 9.154434729991467
2316 9.622037882567922
2317 9.449150696931016
2318 9.991689414660062
2319 9.212918254586933
2320 8.68204451336022
2321 7.6195082415982185
2322 9.554335177179091
2323 11.968669423592047
2324 13.128477670495382
2325 12.712205076291953
2326 10.75744943133978
2327 9.955293999987077
2328 7.153988101950326
2329 6.98505558190895
2330 6.691284204989707
2331 8.053261092528595
2332 6.618232062079311
2333 8.522554938398331
2334 10.037584497536741
2335 9.064170032159867
2336 8.782073147770248
2337 8.237088550163278
2338 10.412344202393342
2339 9.655981749869657
2340 10.463498834875473
2341 9.409144993036909
2342 9.442299048046412
2343 9.316096856723794
2344 10.122598246261022
2345 9.074927061240608
2346 9.57330428768417
2347 10.378805116888854
2348 10.363093790601463
2349 11.51159535437322
2350 10.608455926035775
2351 11.084225511128285
2352 11.279443338695836
2353 12.601891467544746
2354 12.305071617172537
2355 12.338109896394284
2356 12.597739329857697
2357 12.53428113552186
2358 13.064663486579459
2359 11.315883858799321
2360 11.531499448931442
2361 12.437552733623468
2362 12.291532735212702
2363 12.50279734412783
2364 12.463677362328378
2365 11.90964253517398
2366 10.878889495057914
2367 11.705587981362397
2368 12.955773402733442
2369 13.30210218710801
2370 13.96012967394862
2371 13.981252932816163
2372 15.775974665960439
2373 13.350162978581002
2374 12.460411801821422
2375 12.353725934502478
2376 12.439285993139388
2377 11.880412024930227
2378 12.317485122129993
2379 11.574519470355748
2380 11.013615519824912
2381 12.109223945547614
2382 12.123480173116288
2383 11.325531375167733
2384 11.73812901760958
2385 11.333967255828606
2386 11.77500587298755
2387 11.372712660159957
2388 11.361559885635426
2389 11.558252250528184
2390 11.471495984496169
2391 12.243162688367896
2392 12.306032543937263
2393 11.592631437858074
2394 11.010220425870452
2395 11.673150990796787
2396 11.090857124179877
2397 11.768626894425466
2398 11.83039118669432
2399 12.053280516695258
2400 11.03848897509533
2401 11.771052441530061
2402 12.157067970854813
2403 11.215220977440438
2404 11.573799350640938
2405 11.773389715851572
2406 11.953006711640844
2407 11.4689726814667
2408 11.333197729549157
2409 11.470871809170129
2410 10.946157458554985
2411 11.44557932899148
2412 12.437528810019222
2413 10.627129600512454
2414 11.016028696345321
2415 10.449433882651848
2416 10.288080277729073
2417 10.9796882288148
2418 10.6704606736021
2419 10.830631621855934
2420 11.045402221394294
2421 11.045789422539524
2422 11.044280548780238
2423 11.632399852949035
2424 11.70406962649415
2425 10.753776290310439
2426 11.420857335778644
2427 11.559682188699824
2428 10.983579337570506
2429 11.522538035418165
2430 11.413976198005042
2431 10.719829959153858
2432 10.464812318390898
2433 10.659101050117428
2434 10.331050566873847
2435 10.801359648702938
2436 11.084201312229851
2437 10.325366479569826
2438 11.162492371529648
2439 10.165420300399733
2440 10.235951467854305
2441 10.867615684180535
2442 8.937233756880687
2443 11.452147277243077
2444 11.182872393673355
2445 11.258313271754808
2446 11.246924380617633
2447 11.465322557665163
2448 10.788991186778285
2449 11.14265547708828
2450 11.265340666365656
2451 10.791530276898014
2452 10.549910343603337
2453 10.667159716872339
2454 11.058449454914278
2455 11.468765948264371
2456 10.941402681969969
2457 9.947258780501958
2458 10.249908983508476
2459 11.327387404993829
2460 11.71649917780257
2461 10.978907920790212
2462 10.790113285308268
2463 10.869079370546425
2464 11.216280986970856
2465 11.643004355115398
2466 11.235256359527803
2467 10.828600704225229
2468 11.391811184052653
2469 10.88216064897998
2470 11.474370480964891
2471 11.206159445447247
2472 11.175568237918256
2473 10.884616236302445
2474 11.29278499810879
2475 11.368713692916307
2476 11.59667468149805
2477 10.744794371236262
2478 10.737128519678699
2479 11.107701467642645
2480 11.173026735057528
2481 10.593428523719322
2482 11.34581125109276
2483 11.361912860276362
2484 10.89190929574784
2485 11.627897409181047
2486 11.581949305046589
2487 11.065134798357612
2488 11.170427837482816
2489 11.596631486469407
2490 11.050250018422984
2491 10.483966708597828
2492 11.514343206180722
2493 11.434901809905027
2494 10.905717066114493
2495 10.560493509825342
2496 10.629104649528301
2497 10.90884913395431
2498 11.37410778536435
2499 11.303869206776394
2500 11.284780202116412
2501 10.91589563828233
2502 11.132515949221064
2503 11.686428185522482
2504 11.000741030600413
2505 11.751810285923476
2506 11.282777077372362
2507 11.50362698053797
2508 10.805945193976125
2509 11.01463127488431
2510 11.13849342407385
2511 11.4307502655796
2512 11.544831090969057
2513 11.874626197482081
2514 11.360902277257383
2515 11.00447968566279
2516 10.960995222914503
2517 11.99564495036792
2518 11.120544717390619
2519 11.124095406937645
2520 11.400937895509733
2521 11.830852997307046
2522 11.200502946468399
2523 11.27989228768384
2524 10.947568471402972
2525 11.572303823529246
2526 10.53150264598896
2527 10.590013481102384
2528 10.860913010723259
2529 10.515620687810227
2530 11.335216382747024
2531 11.286670271244736
2532 11.728186033046976
2533 11.024059198744132
2534 11.638813493347786
2535 10.99611853843219
2536 11.455842258399905
2537 11.43855035816874
2538 11.389221156124705
2539 11.224181289174895
2540 9.829338498845251
2541 11.625883557096152
2542 11.489993796012552
2543 11.483024588588655
2544 11.701233154881857
2545 10.586135220189163
2546 11.501046056126444
2547 10.705333222878302
2548 9.845600638903822
2549 10.474758947285576
2550 11.173015005399611
2551 11.3505546134525
2552 11.024062647257718
2553 10.620059871023582
2554 10.69381664575983
2555 11.111775199789626
2556 10.813577128153888
2557 10.481391511511871
2558 11.163570408377808
2559 11.204131637653935
2560 11.149724126348518
2561 11.281534052982346
2562 11.122664447008868
2563 10.81566211935189
2564 11.178985351504252
2565 11.068229941066322
2566 11.193825394352586
2567 10.001020215369543
2568 11.283383228518609
2569 10.504196830710026
2570 10.810453430110217
2571 10.978110144146784
2572 11.535550270362771
2573 11.39032943545608
2574 10.76146884220725
2575 11.44068649542719
2576 10.81549040269413
2577 10.489741258900908
2578 11.141715149049716
2579 10.898676040180298
2580 11.455914254060616
2581 10.876226123177275
2582 11.412856034962456
2583 11.53213851200427
2584 10.646206293339809
2585 10.413701674492973
2586 11.330143267051769
2587 10.757232572268254
2588 11.163454021456813
2589 10.136247039761582
2590 10.924730957379879
2591 10.058274850359556
2592 10.909335777662863
2593 11.006283152242826
2594 11.23491092592451
2595 10.80133733031695
2596 10.617148612317566
2597 11.410927139544029
2598 11.220995728300297
2599 11.611245471216238
2600 11.151256634296233
2601 11.55519721035675
2602 11.048023192631495
2603 10.468940580025382
2604 10.929662989611396
2605 11.225755562702794
2606 11.534646752618285
2607 11.65533050544413
2608 11.703044081037172
2609 11.212587598343864
2610 11.21349032112656
2611 11.957084429346983
2612 12.204749504241592
2613 10.618513585053684
2614 10.826119226583495
2615 11.20409581630854
2616 11.49098516144687
2617 10.905311733911418
2618 11.387525761943575
2619 11.230741235975776
2620 11.50530166708401
2621 11.485663565587894
2622 10.77595199826863
2623 11.131147121263878
2624 11.142353012823259
2625 11.04709261364604
2626 10.714754432250198
2627 11.073095638758097
2628 9.99548685003158
2629 11.268687266736721
2630 11.18592106615002
2631 10.892472079912599
2632 11.402671649063914
2633 11.486628252137477
2634 11.580443415757028
2635 11.613491425072935
2636 10.785127210501333
2637 11.145656811290245
2638 11.946571932231679
2639 11.343567038734639
2640 11.02726380410813
2641 11.152191326545024
2642 10.614748951307577
2643 10.954589212511953
2644 10.064072802169113
2645 11.301252310903253
2646 11.717445395912362
2647 11.006153658093714
2648 11.062752205197716
2649 10.366303597163931
2650 10.402283306448624
2651 11.051331394041227
2652 9.985214122742859
2653 11.439592083733244
2654 10.65422510771882
2655 11.233267247325324
2656 10.613040004427774
2657 11.123115480428599
2658 10.870791010162225
2659 10.64911740087545
2660 11.350378602977708
2661 11.021815389243832
2662 10.802178802561734
2663 11.306804578745382
2664 10.2797381983307
2665 9.916337937710999
2666 10.801523530543143
2667 10.846098778350786
2668 10.962030453176217
2669 10.69073092458469
2670 10.985498831741504
2671 8.80838705160617
2672 8.946490753954448
2673 8.344798191191181
2674 8.608246128603271
2675 9.343773100883597
2676 8.877002038508806
2677 8.625991813711972
2678 8.37054820394622
2679 9.15958444029414
2680 9.068583335095333
2681 8.942718624916111
2682 10.969434754402414
2683 7.991491271259641
2684 7.848095839623155
2685 8.855670256087185
2686 8.501416412262065
2687 9.582486018167803
2688 9.305682160999778
2689 8.376224938549134
2690 8.670552430878017
2691 8.20302085139798
2692 8.037669837897532
2693 8.481117682066756
2694 7.989633885181127
2695 10.109797561453806
2696 8.691548646725787
2697 7.577064111615961
2698 9.103019763151357
2699 8.159334229152018
2700 7.4833557717447725
2701 9.740779308585086
2702 9.349904074874152
2703 9.102949047883063
2704 10.333247501222493
2705 10.483601823645797
2706 9.203975536052958
2707 10.214152385014566
2708 10.559014590282278
2709 9.189832773415318
2710 9.34552010140438
2711 11.091216365831627
2712 12.078743403118525
2713 9.640684181357393
2714 11.1763472236384
2715 10.985188059998872
2716 9.982258373878333
2717 10.456406829560859
2718 10.04936531472718
2719 10.270335039433434
2720 11.320566434337858
2721 10.109646484454515
2722 10.74078094139011
2723 11.096840997903843
2724 11.763538936940451
2725 11.40123971454359
2726 12.906286616911627
2727 12.410576853604494
2728 14.205917518414095
2729 14.731364902536718
2730 13.988674626993852
2731 14.482571023525935
2732 14.623379236072514
2733 14.967249348921477
2734 14.472662687465604
2735 15.741076379659791
2736 14.51057608267318
2737 14.941598444581805
2738 14.945998763226948
2739 15.53156442114054
2740 15.178736094331223
2741 15.208527867698153
2742 15.284202769740673
2743 15.097498825278214
2744 15.191364583863084
2745 16.393983808749436
2746 15.35677690789218
2747 14.871986702914096
2748 15.930137456910394
2749 14.437733643835742
2750 13.80977432699276
2751 15.586053778796408
2752 15.540826479011411
2753 15.848179870959111
2754 14.620145815170092
2755 15.41530164886212
2756 15.379123857405673
2757 14.560518391391524
2758 14.351120887132167
2759 15.0802474266052
2760 14.754234060782897
2761 14.86601604717285
2762 14.559122044278615
2763 14.365956970647405
2764 15.35698236337938
2765 14.880139810209714
2766 14.041190152734602
2767 13.730680276946442
2768 15.98131623070674
2769 14.580492217191772
2770 15.08899351883685
2771 15.44489783633755
2772 15.497705960880895
2773 13.899570744193872
2774 14.526404953417652
2775 13.887257975888367
2776 14.692720348648564
2777 14.689561074260187
2778 14.017766101708474
2779 14.905044029905074
2780 15.028525547756168
2781 16.08784383158448
2782 15.459270517550374
2783 14.662313245324116
2784 14.06171210194684
2785 14.64706008952325
2786 14.306906691063523
2787 14.734422848545432
2788 14.377440277673102
2789 15.489181866176878
2790 13.666637732095582
2791 13.988931585025815
2792 14.049642855665311
2793 14.650387746865563
2794 16.14684104707725
2795 16.093361795948987
2796 14.098184910605262
2797 14.05515598510631
2798 14.121585935034247
2799 14.08319144051315
2800 14.6326839703945
2801 12.696137840907243
2802 12.851358553938569
2803 13.18288947299052
2804 13.681654388810646
2805 13.849640620607289
2806 13.554818937045988
2807 14.443286942017318
2808 15.748454990530135
2809 15.936838438232668
2810 14.667099016049173
2811 15.504120775725093
2812 17.86991845413407
2813 17.328182060246416
2814 16.651580515605367
2815 17.189837201077342
2816 17.409359796142617
2817 18.16364196869843
2818 17.708360408000704
2819 18.37212499837368
2820 16.860379536415913
2821 17.805500988519114
2822 17.828381691951197
2823 18.956880208116846
2824 16.7823595930856
2825 16.606259170999163
2826 16.17938729271977
2827 16.88417906187644
2828 17.205885676539303
2829 17.65791294429405
2830 16.39993475101774
2831 16.78738009741919
2832 17.176628066746346
2833 16.7210431252671
2834 17.61651869731399
2835 16.576911021061306
2836 16.764472441662587
2837 16.89549590338244
2838 16.87664195654251
2839 17.67891384089155
2840 17.610934596209532
2841 18.40281857860138
2842 17.89319398178646
2843 16.67662652040684
2844 17.345110735129822
2845 17.655770962018764
2846 17.941231822035032
2847 17.73854123027274
2848 16.566279117086193
2849 16.767984864380093
2850 17.424513917856643
2851 17.20890798692251
2852 16.210872248472853
2853 12.388211856943604
2854 13.287748868490546
2855 14.563110618725464
2856 14.089507118927983
2857 14.76449530955373
2858 14.28843260415883
2859 13.26953901037564
2860 14.26318992724049
2861 14.208800666254817
2862 15.202906687657247
2863 14.77319566268935
2864 13.841460105047629
2865 13.645933330134389
2866 15.13085136601757
2867 13.449951949880532
2868 14.280795001316042
2869 14.364347768900963
2870 14.429794092134808
2871 15.375136480913232
2872 14.083199047127149
2873 15.533986122550171
2874 14.682181970969683
2875 16.443913730607548
2876 15.945418331698312
2877 16.624302376036145
2878 16.016736154508806
2879 16.918394589999842
2880 16.497098507823658
2881 16.105175580753794
2882 18.30283758402858
2883 17.754201478607165
2884 18.3444315999763
2885 16.40892126107493
2886 16.554658198316456
2887 17.097121837704858
2888 17.155381617916856
2889 16.99891490996862
2890 17.582930879178704
2891 17.327415426891207
2892 16.957332483339947
2893 16.32790373326594
2894 16.719549361123185
2895 16.159377727776572
2896 16.229607127676417
2897 16.651011269118044
2898 16.60855665838208
2899 16.941955418129556
2900 16.77352551628855
2901 16.546635959335383
2902 16.753282619080842
2903 17.889858261666095
2904 17.276939718358957
2905 16.111701460436617
2906 16.25335383905603
2907 16.189981587321288
2908 16.158693519727397
2909 17.11449869126835
2910 17.840807947045764
2911 14.993944962459434
2912 15.275056574036185
2913 14.28795037752262
2914 14.003292390600707
2915 13.94228398947994
2916 13.224368295237168
2917 13.118684027999704
2918 14.59765836746801
2919 15.188690627438694
2920 14.828559202161301
2921 14.855191604936236
2922 14.553734892183272
2923 15.685667538111794
2924 15.420342556906457
2925 14.892611111619054
2926 15.498905986562978
2927 15.049880428197415
2928 14.876777487881494
2929 14.781155380431592
2930 14.642294997173405
2931 14.861278838061542
2932 13.840387617532711
2933 14.883370858682008
2934 14.624140655230597
2935 15.565033900176203
2936 15.06470371683558
2937 15.6349185866376
2938 14.874387919656165
2939 16.408717163675533
2940 15.787575659523778
2941 14.5974125960798
2942 15.347422422642907
2943 13.851510460216874
2944 15.841503557125812
2945 16.925655382358574
2946 16.72613956019289
2947 16.655909730506092
2948 16.771350749723727
2949 17.042060415421442
2950 16.706601457594132
2951 16.327796592767708
2952 17.0748457755486
2953 16.56980326836893
2954 14.80350380243414
2955 15.516731546461488
2956 14.781869583300342
2957 15.611978093963955
2958 15.162734034848118
2959 14.022215631239627
2960 14.473696162876141
2961 14.928915205412114
2962 14.777374759407001
2963 15.5341955962107
2964 15.15834892914472
2965 15.200639466470589
2966 15.360040631610794
2967 15.369028755999445
2968 16.406724745085643
2969 15.348171034699407
2970 15.092376657576187
2971 15.388970869927775
2972 16.59818381721351
2973 15.177668558061082
2974 16.521472424993693
2975 15.436858239361879
2976 14.437044532133559
2977 15.203361264678376
2978 14.289189737335196
2979 16.349333015207257
2980 16.674173070446308
2981 16.20554008869964
2982 15.027214596396469
2983 15.314480714905542
2984 15.132513722482031
2985 16.564617229426982
2986 18.400119497610266
2987 17.639947315233425
2988 16.11635449720195
2989 14.291292905183075
2990 15.276357607821666
2991 13.708489726996387
2992 14.33558079056717
2993 14.873743045979138
2994 15.169732147805128
2995 14.92600145174179
2996 14.958230938722675
2997 14.296580077465434
2998 16.814347177115007
2999 15.179445555431405
3000 15.227693710174664
3001 13.485645201326562
3002 14.230233700203756
3003 16.83351196735673
3004 16.18387669561513
3005 16.95466293104418
3006 16.713674258282992
3007 16.410926891157104
3008 16.567155814841907
3009 15.516608667540652
3010 17.791919694503555
3011 17.006617887261093
3012 17.394619118112498
3013 17.94981466283099
3014 18.759751045706366
3015 18.281466117095437
3016 16.043458860605188
3017 15.912954657697732
3018 16.533026910993154
3019 14.5869833029734
3020 14.394813891816277
3021 14.192631687424571
3022 14.276557550934957
3023 13.76194888028594
3024 14.660835620985088
3025 14.280413650751726
3026 14.773480957421365
3027 14.943449904190443
3028 14.414633785707723
3029 14.886624032208493
3030 14.927357153131585
3031 14.627711163050177
3032 15.067066245776896
3033 14.231503644540911
3034 14.733704946265513
3035 15.441825792998337
3036 15.204124087987442
3037 14.806033256686748
3038 15.415282032724068
3039 14.479675111858667
3040 14.474121806267581
3041 14.524303995556998
3042 13.589016989040484
3043 14.150224594476034
3044 14.68264652752605
3045 14.153021438379813
3046 13.763189592092264
3047 14.607228256507915
3048 13.090572381234033
3049 15.917380890985687
3050 14.267911394507237
3051 15.410135192301077
3052 14.819612936102223
3053 15.362907600675912
3054 14.036590252877604
3055 13.290223589948424
3056 14.814784414498902
3057 14.696263117976624
3058 13.914769203733854
3059 15.557784084123261
3060 14.764288514514844
3061 15.116092149926276
3062 13.770309451045245
3063 14.512588220698104
3064 15.453556233270628
3065 15.089185071172485
3066 15.022233272978983
3067 15.387180556703008
3068 14.941028021774274
3069 13.540739903703798
3070 16.212565894358377
3071 15.252619408689343
3072 14.747355102407534
3073 14.40221353601084
3074 14.297112476777137
3075 16.831052214561552
3076 16.950165389042887
3077 16.76001694978391
3078 16.82107150443424
3079 17.47552812394037
3080 16.5035198339573
3081 15.699968256632914
3082 16.794835135195548
3083 17.10690343308456
3084 16.086994298651668
3085 17.008783270943738
3086 16.700336609353574
3087 16.171907744689534
3088 17.14761779085387
3089 18.29703219612479
3090 17.91532488643276
3091 17.94949135420341
3092 18.64366190062893
3093 18.088084936324336
3094 17.853033053052602
3095 17.350971868906427
3096 17.181851964313786
3097 17.397748192779932
3098 18.982476770651658
3099 18.34259755526152
3100 17.041363026337248
3101 17.702077603620715
3102 18.392219242526664
3103 15.169209303300592
3104 14.428752170476496
3105 15.099641358536816
3106 17.618349928083646
3107 15.35172221217044
3108 15.465001452624785
3109 16.49980037179565
3110 16.958940529250413
3111 15.58126402828165
3112 16.395353258960586
3113 15.635866489511145
3114 17.570526535062033
3115 15.424830938633523
3116 16.773672437071053
3117 15.697269342232532
3118 17.05641412614374
3119 17.52097442485486
3120 17.210513807812827
3121 17.924029505862528
3122 13.360798105315018
3123 16.023716779639194
3124 13.497593835270417
3125 14.788642020573924
3126 15.077050432759217
3127 14.339177694494362
3128 15.054026058091523
3129 15.540913229366714
3130 16.64093845944906
3131 15.71999969249519
3132 15.317316374649959
3133 16.484641420626833
3134 17.30541849458659
3135 15.961514530025976
3136 15.474163489999812
3137 16.38537455797376
3138 17.231433545814948
3139 15.66730853004782
3140 14.33628015191369
3141 17.124165101136438
3142 16.64104575341487
3143 16.513155258660753
3144 16.436856857878297
3145 16.87791025440064
3146 16.384899190656927
3147 15.4610725212349
3148 16.737862067587923
3149 16.181094585505527
3150 15.636994092912097
3151 15.017009581026025
3152 15.538570674475885
3153 15.858614491540344
3154 16.70523402218183
3155 15.724487934378875
3156 16.28323678247422
3157 15.524410863559591
3158 15.484760766541358
3159 15.63027913246371
3160 16.676960503568186
3161 16.32075091159027
3162 15.779888669659444
3163 15.641673104557983
3164 15.70692051649509
3165 16.506163425139285
3166 16.271806500914405
3167 17.074473044147553
3168 16.814754859570417
3169 16.34428542570354
3170 15.68121737566094
3171 16.9650541133072
3172 17.354007906295013
3173 16.652914568530996
3174 17.182772543774174
3175 16.066350264072423
3176 16.14040158993035
3177 16.596774004347036
3178 15.871283810518642
3179 15.977958852032119
3180 16.227431292023958
3181 16.093364004165664
3182 16.030130506194595
3183 16.256921670825584
3184 15.99446369783843
3185 15.761311350279211
3186 15.86267582911558
3187 16.711585753162296
3188 16.622901239709783
3189 16.038134075043764
3190 17.291987865949384
3191 17.34372341087114
3192 16.688297834894076
3193 16.385713920583836
3194 16.509287326202823
3195 17.03084740851611
3196 16.348059032197103
3197 16.94910681867593
3198 16.71733024947151
3199 15.931746057357723
3200 15.81653573420411
3201 16.111798407485587
3202 16.167909194526654
3203 15.503814568530695
3204 15.85723388597183
3205 17.092028228720714
3206 15.876149729920051
3207 16.173186509487373
3208 16.136063392582017
3209 16.585545873391567
3210 16.857308525149715
3211 15.782549754112486
3212 15.729706423099127
3213 15.707132885917284
3214 15.72089739033538
3215 16.576229857380696
3216 16.49425981708251
3217 15.95337011961564
3218 16.327260728348367
3219 15.956222306197692
3220 16.38653235003785
3221 16.45942835475833
3222 16.676502482870347
3223 16.537101762083957
3224 16.86906338806068
3225 15.852461244863848
3226 16.83085436059768
3227 15.492800061650742
3228 16.14044365249323
3229 16.88206971302502
3230 17.773406169654226
3231 16.60130587712783
3232 16.284646332280403
3233 17.100151018245732
3234 16.81794039032798
3235 16.70479619248735
3236 16.565959244231234
3237 16.853935716714783
3238 17.124646230585718
3239 16.514376140170352
3240 16.15540117371388
3241 16.377178960979577
3242 16.446508328796558
3243 16.26133272280207
3244 16.648583344326028
3245 16.654498308257285
3246 15.633182355863472
3247 16.167097413995382
3248 15.817618112549638
3249 16.233260975096325
3250 16.692798062047288
3251 16.79515620991424
3252 16.330176028156824
3253 16.586709635706374
3254 16.630759482659826
3255 16.499086317731916
3256 16.543781183538126
3257 16.735922883336922
3258 16.371590375324388
3259 16.130473370361873
3260 16.431271304968273
3261 16.006035621615343
3262 18.32868033681677
3263 15.882281107673249
3264 16.036913067369557
3265 15.939054795580255
3266 15.45560561670193
3267 16.489214671153242
3268 15.648968157995812
3269 16.352176697091036
3270 15.809076392401899
3271 15.93793449457039
3272 16.244213086281004
3273 14.388949539302999
3274 14.467796327870234
3275 14.00789939436852
3276 14.363526105784473
3277 14.051621116867071
3278 14.27353737367264
3279 14.584947279705355
3280 15.801060239885585
3281 16.621986168237353
3282 16.85518992922556
3283 16.259992369749398
3284 16.089127682694286
3285 16.418422188729412
3286 16.200932971735188
3287 16.797332155611034
3288 15.802546805814055
3289 16.306829091347605
3290 16.000283578124627
3291 16.354024881685504
3292 16.2122569898389
3293 15.893744040512495
3294 16.14880795796894
3295 16.017253532072086
3296 16.51401822141924
3297 15.299724654483565
3298 15.985109445208362
3299 15.66006817273609
3300 15.258781822115134
3301 15.459908518179516
3302 15.88533791185657
3303 15.66757061332886
3304 16.067008946104142
3305 16.036005271690083
3306 15.361258054281956
3307 16.00214781683917
3308 15.314865000426886
3309 15.836066936474788
3310 15.594220523144852
3311 16.520143163974605
3312 13.8047034557085
3313 14.247433110626753
3314 14.803183919565933
3315 14.086921498510103
3316 16.9430192842821
3317 16.388135977050197
3318 16.710818173641382
3319 16.369178193502773
3320 17.05554549484981
3321 16.803520681361974
3322 16.675110058474598
3323 17.101297863424865
3324 15.994302175473942
3325 15.810344197505879
3326 15.4698245071382
3327 16.228743471660522
3328 16.855287059667365
3329 16.367990035510946
3330 16.342298462316812
3331 16.78547672653386
3332 16.115149782411933
3333 16.58566055710046
3334 16.056466732591964
3335 15.802315080098712
3336 15.65562686575562
3337 15.457692791908466
3338 16.108867367637693
3339 15.64221659819538
3340 16.080147593747594
3341 15.525844226455813
3342 16.04492052787738
3343 15.860782308768629
3344 15.543164782182647
3345 15.753703031063594
3346 16.164312944480464
3347 15.399920661177301
3348 16.34387578785247
3349 16.442361291494702
3350 16.559895825901158
3351 15.908720038862866
3352 16.03806099001514
3353 16.16137039224619
3354 15.984451549101442
3355 15.595217943885913
3356 14.787170495799685
3357 13.276767728840849
3358 12.85138521550974
3359 14.279699073255118
3360 13.719602015543778
3361 13.796707143136286
3362 13.308436173410254
3363 14.060850354246563
3364 14.360055983985257
3365 15.188250315159946
3366 13.372517836387848
3367 13.885448323930541
3368 14.322260562683677
3369 13.823772147819788
3370 14.010575570533403
3371 14.526082843921236
3372 13.398998431896041
3373 13.656821249542544
3374 14.267540042449285
3375 15.643934328955583
3376 13.59349016751374
3377 13.089823600682463
3378 14.111880571678745
3379 13.76127376438986
3380 13.84830011648943
3381 15.059384447779935
3382 15.932723775460023
3383 15.392002356674777
3384 15.060410892051621
3385 15.19465399844872
3386 14.855340409013062
3387 15.660896913529076
3388 15.657405925590965
3389 16.397428625097042
3390 14.740593604602818
3391 15.648447602368416
3392 15.65331252100541
3393 15.90422158854396
3394 15.641692999267512
3395 15.285378584687273
3396 14.711766979624715
3397 12.871717966702201
3398 13.056404955828535
3399 13.723294511162894
3400 13.541061333876955
3401 15.650566238151555
3402 15.605847037056812
3403 15.894508799708014
3404 16.03330614874711
3405 15.735952040020965
3406 16.149413290037373
3407 15.745295487271415
3408 15.22545042262366
3409 16.01375313265826
3410 15.25545469516014
3411 15.915153665769235
3412 15.378828154739573
3413 15.851996292426982
3414 15.40137704434475
3415 15.993580225971046
3416 16.339796020864426
3417 16.355238880691598
3418 16.115821402927708
3419 14.605051634621907
3420 16.596505930385092
3421 15.782515850983788
3422 15.863708592867965
3423 15.87472433540014
3424 15.588338281277757
3425 15.72988887578295
3426 16.291962366468713
3427 15.938331275065607
3428 16.30573473697475
3429 16.041713659732775
3430 16.941133250333316
3431 16.90416808935664
3432 16.29976138605943
3433 16.27914305030404
3434 16.17311296102053
3435 15.956235230383546
3436 16.208087506347454
3437 16.12025043697148
3438 16.047232732462795
3439 16.102144450312593
3440 15.99251530446375
3441 15.776871095590144
3442 16.332137189931025
3443 15.44640274942167
3444 15.53748028526686
3445 15.256788598890134
3446 14.639603963567001
3447 15.469148819153576
3448 15.189319391000913
3449 16.13095723401978
3450 16.160496718786273
3451 15.61960961542604
3452 15.183584179656723
3453 15.165776096766688
3454 15.060585644623556
3455 14.797327821447967
3456 15.579847714180953
3457 15.435763678472306
3458 14.41958907282254
3459 15.193143956130486
3460 15.733802197141262
3461 15.523469578645035
3462 15.3814152379229
3463 15.64571009200476
3464 15.896136377136711
3465 16.419058445099676
3466 15.685578857837966
3467 15.765217012021212
3468 15.465828670206403
3469 15.624883604000317
3470 16.42498535437452
3471 15.3662486693118
3472 15.74936997659638
3473 15.828020018085333
3474 16.286346369157744
3475 15.87227191715753
3476 16.21191301842324
3477 15.94278124794055
3478 16.116202211581076
3479 16.055723468642604
3480 16.3561010503322
3481 16.466392333656657
3482 16.44525533822693
3483 16.003538410971007
3484 16.39856020698098
3485 16.781781479592198
3486 16.078156110202706
3487 16.023177218131
3488 15.659060096340744
3489 15.75246610992725
3490 16.28713832626863
3491 15.550153101084073
3492 15.294922853721879
3493 15.953201165349526
3494 15.887041147721943
3495 14.688425287983936
3496 14.605195281326607
3497 13.34326748934298
3498 14.422387175814022
3499 14.451825725461717
3500 14.21509006285917
3501 14.276519811716595
3502 14.540191272188427
3503 15.27638477052002
3504 16.021221800875253
3505 14.38777250835116
3506 14.087342244029774
3507 16.27201531798874
3508 15.919199978990532
3509 15.584707063827503
3510 16.161966754741993
3511 15.610656653593319
3512 14.011978950770214
3513 15.69436501541274
3514 15.985345170875986
3515 16.019792631482
3516 16.028568348911726
3517 16.13933131902063
3518 13.962564430350834
3519 13.566416138369744
3520 14.076838494885095
3521 13.599423029729657
3522 16.039827310412846
3523 15.696268199805896
3524 15.932234340046524
3525 15.980742173098433
3526 16.159109207415874
3527 15.93357958148313
3528 15.046315545529806
3529 14.098914106449937
3530 14.252337732382218
3531 14.22397527571805
3532 13.378107347530348
3533 14.179962295245998
3534 14.681259581544543
3535 13.292911003818507
3536 13.76455774345297
3537 14.55430111269104
3538 14.385974833341145
3539 14.617116655784605
3540 14.791939880995272
3541 14.89143514656527
3542 15.833021575032054
3543 15.478294380960243
3544 15.169241475036927
3545 13.775629601342395
3546 14.065814705882845
3547 14.46593416009026
3548 13.541483361903055
3549 13.658638358303456
3550 15.386790070984194
3551 16.441412753506786
3552 15.920074733164675
3553 15.482074489182425
3554 15.604925901219163
3555 15.075053188890664
3556 15.686615964908201
3557 15.502636824902602
3558 15.059482218935111
3559 15.886395585659912
3560 15.989555548262091
3561 15.657406996667582
3562 15.997847867671142
3563 15.692600182537017
3564 15.95022532023823
3565 16.22709521680427
3566 15.534985458089345
3567 15.442599219166212
3568 15.80186210848231
3569 15.902940412663218
3570 15.532191802520515
3571 15.874792804509733
3572 15.805909548439182
3573 16.088979963418744
3574 15.010475581757735
3575 15.719102688320744
3576 16.03569004519896
3577 15.87922366223243
3578 15.92883833218793
3579 16.019596715311028
3580 14.232717401399215
3581 14.698706394463661
3582 15.980519174432324
3583 15.497491283614092
3584 16.1243084270893
3585 16.12327917363732
3586 16.438526587461528
3587 14.915547780980775
3588 16.416326176411737
3589 16.373134231984565
3590 15.888992988815545
3591 15.81960800274213
3592 15.797660665863624
3593 15.827864853984412
3594 15.797408216816066
3595 16.286078292252913
3596 16.432265762792586
3597 16.23840792497128
3598 16.191710987857583
3599 15.800411741137717
3600 16.06288701170121
3601 14.677734264319469
3602 16.13653650871324
3603 15.503548586931252
3604 15.756961856467703
3605 15.479508754801634
3606 14.026996898294273
3607 15.047064008029269
3608 15.441946147020117
3609 15.143187755971526
3610 15.168336771592948
3611 14.418662499237813
3612 15.545766603525104
3613 14.745094470478698
3614 15.25851806946632
3615 14.919090011333907
3616 15.05669566614184
3617 15.453995166042914
3618 15.82149821840059
3619 13.95319992400226
3620 13.717699625043352
3621 14.776052669163954
3622 14.556502183300186
3623 14.1033088619017
3624 13.895831386127355
3625 15.091606238213807
3626 14.401829806972906
3627 14.854157341372217
3628 14.863648766548543
3629 14.755845824262398
3630 14.532673254486514
3631 14.931134003185944
3632 13.952102553699019
3633 13.797505071827581
3634 13.930817759867288
3635 14.941596874460721
3636 14.777862760574344
3637 14.331219132847574
3638 13.933225540702814
3639 13.884696559348907
3640 13.584745672313026
3641 16.207857848978218
3642 15.98807251604846
3643 15.629821288584678
3644 15.794711586912117
3645 15.358464326490717
3646 15.839577930128616
3647 15.535930549786736
3648 15.64563893418971
3649 16.224893681116363
3650 16.420197690460423
3651 16.427322978877513
3652 15.810213381481455
3653 16.2933921757234
3654 15.75018307918922
3655 15.933393300176837
3656 15.031048243157061
3657 14.81670939689407
3658 14.458459660898404
3659 14.192805435803008
3660 14.74772603740135
3661 16.30837992419563
3662 14.821163782725312
3663 15.400691007796981
3664 14.343720380872066
3665 14.461625716765498
3666 14.598611933110378
3667 14.41128302448819
3668 13.867783544410967
3669 14.602290588652757
3670 14.545669512408498
3671 14.090404372527853
3672 13.953453258243236
3673 13.842531528303933
3674 14.401968217433307
3675 14.256873502303625
3676 13.903806086317381
3677 14.29230209912626
3678 13.558114023503567
3679 13.179729578373045
3680 14.480091544881327
3681 13.020535889272743
3682 13.73415422714605
3683 14.516191922179583
3684 13.351312336667995
3685 14.21433155957336
3686 14.58873700560559
3687 14.828699313818502
3688 13.762093065297863
3689 14.027886399600005
3690 15.304791712911765
3691 14.165016038710997
3692 13.72428796167491
3693 14.72566709891833
3694 16.068746526525057
3695 14.817568642051834
3696 14.267890419547326
3697 14.398409255558025
3698 14.506086071847296
3699 14.62757423086669
3700 14.609510210476019
3701 14.37533250292586
3702 14.454299317300013
3703 14.834953078839247
3704 13.72151585329306
3705 14.021824670721873
3706 14.335364012925186
3707 13.92522047153415
3708 13.87812421008134
3709 13.559201262841158
3710 13.592970642083975
3711 13.54877604530985
3712 14.890520968456505
3713 14.699023098793726
3714 13.506273411859562
3715 14.332963371997131
3716 14.979377676489014
3717 14.219859103211402
3718 14.728684639201264
3719 16.564402800649408
3720 17.06272062856741
3721 16.68659181730739
3722 16.725906408181466
3723 16.271110036725034
3724 16.02162052892624
3725 16.015801334940914
3726 16.37163827502745
3727 16.013503910664152
3728 16.4154329082817
3729 16.380845362956602
3730 16.45295686559088
3731 16.241961234243274
3732 16.1728709766418
3733 16.651104714491282
3734 16.51334494331719
3735 16.320605720337465
3736 16.31345385559301
3737 16.33403924107424
3738 16.351973204381157
3739 16.66256250426843
3740 16.13243373650714
3741 16.60544151270299
3742 16.242741238901367
3743 16.598805899311596
3744 16.86730654120424
3745 16.579749558734168
3746 16.307845377376363
3747 16.18030110311833
3748 16.66265943716852
3749 14.439425454385864
3750 14.704601291343554
3751 14.652922378426394
3752 14.067625214175596
3753 14.00685933860143
3754 15.450580053640238
3755 15.923865521897994
3756 15.340217050683702
3757 14.869643674354737
3758 14.835286692900521
3759 15.045817268623047
3760 14.226200802018864
3761 14.414025703607594
3762 15.11461547812273
3763 14.050621050073838
3764 14.99380258277946
3765 15.584982329091485
3766 16.00649984957885
3767 15.182517939755044
3768 16.4495587261968
3769 15.126430542337625
3770 15.756829442501317
3771 14.801351120703913
3772 14.637332212832765
3773 16.26702540877616
3774 15.558270722742847
3775 15.996594961025234
3776 15.36236998355904
3777 14.922919926657876
3778 15.779419030587281
3779 14.676745094254757
3780 14.518556916360033
3781 15.295810215603812
3782 14.604363727256706
3783 15.11447862128717
3784 16.109902725521138
3785 16.021040783354604
3786 15.089286659929302
3787 15.420165518768313
3788 14.932722462637509
3789 16.360107308481545
3790 15.793480840665367
3791 15.026701194049588
3792 14.950240216570322
3793 16.18674462785678
3794 16.144828201031302
3795 15.285216233062462
3796 15.531061650900394
3797 14.434255684282121
3798 15.596021919640156
3799 15.97717191159834
3800 15.912060830367194
3801 15.773602900027951
3802 16.411076783078844
3803 15.817754750029332
3804 15.242894243659268
3805 15.921515943390013
3806 15.893988880804306
3807 16.643375095401893
3808 17.46363845700953
3809 15.852210148785556
3810 15.550467482495721
3811 15.365991304955484
3812 15.709599092677038
3813 17.993585974041242
3814 17.825119464766896
3815 18.16185961097824
3816 16.545689558191455
3817 18.038463155305816
3818 17.70228211250837
3819 18.032342424490633
3820 17.690129537152863
3821 17.686320323757656
3822 18.507779504829102
3823 17.928886681936966
3824 17.699604303342657
3825 17.915622532485216
3826 17.80434366273132
3827 18.343798497124695
3828 18.251925365472957
3829 18.088337416272406
3830 17.62873279556789
3831 18.116253393280704
3832 15.73673714790632
3833 17.010776860267814
3834 16.3589922022676
3835 15.47516490463248
3836 18.55680191062101
3837 18.004559491898913
3838 17.73387148404349
3839 18.30031340985642
3840 18.140522385029477
3841 17.871503570452482
3842 17.767164898908216
3843 18.04027069668354
3844 18.04680074334099
3845 17.6913768846103
3846 18.175212069450062
3847 18.552848023087023
3848 18.34502533941984
3849 17.676844245956072
3850 18.268993263076727
3851 17.497641756200725
3852 18.171543651930772
3853 17.212191378189402
3854 17.81505161602371
3855 18.434442079036597
3856 15.652132360396783
3857 16.068975449203712
3858 17.69127518527175
3859 15.084409811245196
3860 15.236871551102116
3861 15.424248859826648
3862 16.632938797761014
3863 15.394541896178387
3864 16.131557980308294
3865 15.478311554029998
3866 16.2141321973524
3867 16.884476386437257
3868 16.482306176487818
3869 16.159969935756703
3870 16.677959668026773
3871 16.608172433838185
3872 16.18973386078663
3873 16.836272825555223
3874 16.63253945946433
3875 16.336219448440527
3876 15.806654136645154
3877 15.916526891849388
3878 18.393184930807923
3879 15.20089160034322
3880 15.550392236390074
3881 14.516490372754976
3882 15.1161129033042
3883 15.984234232102391
3884 15.168768300164214
3885 15.393696854717383
3886 15.29769389721432
3887 15.533617159623052
3888 15.62645026754773
3889 15.753947158190524
3890 14.603873616069796
3891 15.176264614818157
3892 14.837753777371526
3893 16.261270839811907
3894 14.281510352608938
3895 15.889299028899892
3896 15.986562237508798
3897 17.36998968021396
3898 17.059591789750122
3899 17.35969937347873
3900 17.269486994676345
3901 15.274603041101155
3902 14.689184630753575
3903 15.084737746830013
3904 15.567880257121573
3905 14.28220785390271
3906 15.242945948837397
3907 15.221575800663018
3908 14.68577540868105
3909 14.69426805900472
3910 14.8819919304672
3911 15.297280809027361
3912 14.248234091054355
3913 15.035240985723929
3914 14.52647572932293
3915 15.819116866012191
3916 15.461816697995381
3917 15.901860269311154
3918 14.42822731159258
3919 14.865488303871992
3920 16.00183670343188
3921 15.789727706384571
3922 15.363890232193782
3923 15.302951312583826
3924 14.95811636091507
3925 15.172672236102263
3926 14.39253881634231
3927 15.439332791843354
3928 14.537324921726757
3929 15.4993593534312
3930 15.704425525664886
3931 14.998910532108898
3932 14.165715116856632
3933 14.546155009139493
3934 15.650665170647683
3935 15.615170008879412
3936 14.368746242409879
3937 15.141084086538536
3938 14.734439262609799
3939 14.681287579931114
3940 15.340632384109517
3941 15.079179120127977
3942 15.914044788658408
3943 15.193100653933167
3944 14.804199293783654
3945 15.85180531615363
3946 17.10423648518308
3947 16.68240214196405
3948 16.30078842074482
3949 14.457973058435691
3950 14.531472499861852
3951 14.506717097567893
3952 15.531403549737796
3953 16.69654623981201
3954 16.582443060493375
3955 16.366268697486
3956 13.957496814517878
3957 15.816085357174268
3958 14.69773418542986
3959 14.665677722252127
3960 16.010239318006544
3961 16.34325403034068
3962 16.289775448564157
3963 14.680051006848897
3964 14.531331842323063
3965 14.07771640011864
3966 14.079449258892163
3967 16.219189291249176
3968 14.700892466781587
3969 17.151344247380745
3970 17.368622667826074
3971 16.45780877829282
3972 14.80743847711871
3973 15.178343617423089
3974 14.44263874909319
3975 13.843539127018067
3976 14.885830731928767
3977 14.352831369322505
3978 14.905759993410015
3979 14.962530777417777
3980 15.488979931934457
3981 14.917750107660904
3982 16.87058418031345
3983 17.039920873677428
3984 16.514629720147514
3985 16.37236884120867
3986 16.78819680178059
3987 17.08486918569799
3988 16.6302094029441
3989 16.669202995981042
3990 16.38442983534729
3991 16.66590217048086
3992 16.475486392601017
3993 17.001478539726175
3994 16.447731929160078
3995 16.74886410588668
3996 17.278914386027143
3997 17.95723967421698
3998 16.994858615088585
3999 16.503648488562227
4000 16.88921126898691
4001 32.8912988505632
