0 30.410597971889615
1 20.6767130704015
2 19.050546812528765
3 23.003047937206357
4 18.03355903303098
5 18.031782080098516
6 12.76163292496606
7 15.22208117719419
8 13.061555460826554
9 13.113125050851227
10 15.281893185924833
11 16.477322111887535
12 17.11238297888835
13 17.147314230103248
14 16.24681761149678
15 17.306586967915994
16 17.379370436641345
17 18.03394353460128
18 18.408499656930452
19 19.432777699968216
20 18.19295780270247
21 17.954892401040233
22 18.292937623759883
23 22.632105063024703
24 18.992696738421248
25 18.49122217635961
26 19.607753372862543
27 23.405475443195993
28 24.865071728356828
29 30.384041809270492
30 29.268882862038016
31 27.7880216318347
32 32.321006639333774
33 33.42670395788127
34 29.992378884246673
35 29.240902342069656
36 31.36042282605403
37 32.545924049020456
38 30.982522052482505
39 30.62536902151365
40 29.002032335192784
41 32.25936592124614
42 30.554157802465703
43 35.45518903512745
44 37.251606746518796
45 30.543473260978338
46 30.810528585003507
47 32.676066773214636
48 29.957244143994927
49 30.435507821599927
50 29.273785703942043
51 30.183091197377472
52 26.73097590145355
53 27.765356833406397
54 32.470018919037656
55 31.648890710203393
56 33.92146631297287
57 34.578964576288946
58 35.68396414676362
59 37.326588193469654
60 33.912680071434174
61 40.07808825502042
62 34.9248032018957
63 34.39581168872861
64 29.370454314592056
65 30.810522005265774
66 30.11583834706734
67 30.861997021520114
68 27.97881877142769
69 28.676667534577327
70 26.22603182835813
71 26.983095156502763
72 27.384924149812807
73 27.115074229647476
74 25.887859957975337
75 26.42150591229674
76 27.930698349934158
77 26.71701226142757
78 24.763689573920455
79 27.72034811357285
80 28.006173229736458
81 28.557545349466444
82 26.987189883452913
83 28.765671919122173
84 27.702679536856515
85 27.407552671736433
86 30.08608322873943
87 28.451177037219484
88 26.556430693787444
89 27.91944140657035
90 28.462847002343263
91 29.43876007470108
92 26.408682141081318
93 26.14817141579753
94 24.112284697446977
95 24.43224408698807
96 26.667614739610272
97 27.837571275651918
98 24.993224538375276
99 26.936273771383508
100 26.75706071796926
101 26.862060083734875
102 26.407930131721066
103 29.22181779193038
104 26.157960890705517
105 27.737157597014146
106 28.518630426328404
107 29.111951811501473
108 30.608515109760614
109 28.775953892783363
110 28.778953818022117
111 32.51018992335412
112 33.65786217757677
113 29.86830711980028
114 32.84967512990367
115 32.29468595601099
116 31.036704203267107
117 33.41365945972296
118 33.548084543595344
119 33.41632744033475
120 31.536168302394948
121 36.17750167347967
122 33.32088046835238
123 32.52024911871889
124 32.21349495718081
125 33.897972350772605
126 33.42302766535077
127 32.90363058215839
128 33.705932266500795
129 33.914234084814304
130 34.448895075360156
131 33.852538880514544
132 34.128488684523134
133 32.434972897750136
134 29.500482358035242
135 31.648714115146092
136 32.56179574630719
137 35.72474832233404
138 31.265635561173873
139 35.44315645522565
140 29.92904099263426
141 33.39155065746519
142 32.13823076549926
143 31.085672798994395
144 30.415017602262065
145 31.721993524412394
146 31.669449388026923
147 32.63974567319014
148 31.716833910722332
149 29.759243376917652
150 29.234482919665805
151 29.600323797465602
152 30.45660592679548
153 29.307370623718654
154 32.67901638516557
155 31.543847367939442
156 30.225276323669842
157 30.974657318461983
158 33.361064630531594
159 30.438544001254332
160 29.160434845795372
161 30.24923753624366
162 32.036791935544755
163 32.43234159726982
164 31.545197825045534
165 29.473082304016135
166 32.04412359909695
167 31.039135966663313
168 31.689127860669615
169 30.580185557988287
170 30.309282570897633
171 31.601772233205846
172 31.25581426518885
173 32.24117502551362
174 32.27609653884905
175 32.417578478444945
176 32.652507092994796
177 31.038110247411197
178 30.365761375235408
179 28.832488778484166
180 29.509198934140485
181 29.34985138580317
182 30.12357341170103
183 31.74663931361709
184 29.28242517288049
185 29.43677685835411
186 29.78724106535801
187 30.03827015865337
188 29.74180903155345
189 28.88343827605638
190 30.504252744562773
191 30.983670589237867
192 31.34305542317996
193 29.514713880990396
194 26.6802609536425
195 29.164322503990462
196 30.4972333632346
197 30.07470096592325
198 31.89256941852838
199 31.4365014419964
200 31.80391576738773
201 30.002844141586547
202 30.434853223858106
203 27.027432502406818
204 30.41491063207874
205 31.737954603464964
206 28.667759554965876
207 29.976229825025445
208 31.505227607349553
209 29.476316724569404
210 30.15377571349479
211 29.00415855151274
212 28.708756804461466
213 31.378830939910266
214 30.436493113795656
215 30.704253488128504
216 29.843992152875053
217 31.35592964080214
218 30.749883580677842
219 31.214646698765687
220 30.51361855667891
221 31.727461210359742
222 30.105706235303074
223 31.414897030618487
224 28.865263712696553
225 28.078842177961064
226 31.626664630104894
227 28.09836237415214
228 28.741774459141972
229 27.92645139537517
230 26.589231892482882
231 29.684455802752687
232 27.81088215451886
233 28.68137759051172
234 28.929705131998084
235 28.973528911014316
236 29.363118431858414
237 29.567659647375717
238 29.13670839479688
239 28.98365642274403
240 30.34688047904726
241 29.910499150311953
242 31.779084038399674
243 31.073750302733153
244 31.271545258913388
245 31.51964964115246
246 30.799809265735327
247 29.394678513440805
248 31.844041394687164
249 28.408184439019678
250 30.443258605012453
251 30.689272959187953
252 30.542125132430616
253 28.655774024090825
254 29.664612412937352
255 28.23592877313698
256 28.710492771481885
257 27.696888581796433
258 27.534020515646105
259 27.402773038891006
260 28.210558879499676
261 25.394955447962307
262 28.13646676087682
263 29.51257281823856
264 28.900239370311855
265 30.207917079924243
266 30.25650850180893
267 30.06792413125945
268 32.371572290371354
269 32.76997202341662
270 31.32343582476299
271 31.500278089573992
272 29.94355797577658
273 30.439488537210114
274 29.794818585173054
275 27.999231257377474
276 28.418550588814497
277 28.113836884392036
278 28.969443486342175
279 27.696160329329636
280 27.603719805449757
281 27.392628092535364
282 30.537167235064747
283 30.575066470357967
284 30.18051740831469
285 29.760813353073647
286 27.994804967308536
287 30.332638206108886
288 27.159128847549457
289 28.97844404510033
290 30.20317408904916
291 31.72308741027386
292 31.18799648986663
293 32.65411110965873
294 30.598349711727913
295 32.515542375316954
296 33.01651187696307
297 31.909311493393055
298 32.458812531770356
299 31.128159718782705
300 31.293211701668167
301 31.4961097754075
302 33.63760829951042
303 31.491750951879443
304 30.934418343994945
305 32.97964188371642
306 32.451282407323525
307 31.622225494172433
308 29.719940833910666
309 29.5746528912877
310 30.70029049557626
311 30.40803257261368
312 31.180485492080983
313 30.915652369010147
314 31.11964402679265
315 31.518674620149753
316 31.648444827906335
317 31.71384995820905
318 32.557705493469875
319 33.14862190961076
320 31.681094315105202
321 30.87519443278493
322 31.728782020370325
323 31.728091249568173
324 29.40621637904185
325 31.928062528661673
326 30.861217959208766
327 30.893188716791048
328 30.757397731738664
329 30.542749209593637
330 31.295847477517324
331 29.85408523029698
332 29.9253137310928
333 30.597907161627052
334 31.473587252955678
335 32.72290699307846
336 33.36672003450365
337 32.574588434671824
338 30.300783207405868
339 29.597846577952545
340 31.95831489885546
341 32.110514275999215
342 32.21808856068078
343 31.718129670154102
344 30.991801840885202
345 30.578214764875398
346 31.861050728608966
347 32.55738965651995
348 29.331611400863203
349 31.15318423126651
350 31.300641329890144
351 31.86307923635076
352 31.354361810847585
353 30.76292644851529
354 33.06087156694291
355 32.27022985543811
356 33.67468274537607
357 31.867021930546976
358 31.54361364264618
359 31.396520883532837
360 29.456148012215888
361 28.996112758797654
362 27.887790287164474
363 26.56939804205184
364 26.740079819325782
365 28.03130509864747
366 27.638431621500846
367 24.880948213925645
368 27.785992126710084
369 28.231017671647592
370 29.15233614139707
371 28.17764192896278
372 29.885764283339544
373 28.393183829506004
374 29.90386601372158
375 29.229403909875785
376 30.32775016680875
377 31.302059061396562
378 30.801963868091836
379 33.08588675265536
380 33.15427454017283
381 29.935677086720645
382 31.78544255931358
383 27.48883530331981
384 29.237733550340593
385 31.222625489280844
386 31.681413896201438
387 32.44220514062831
388 32.284452668481876
389 29.236699595768265
390 27.22315825990206
391 29.42675142889981
392 28.168245488334033
393 26.95275873044426
394 26.64320713653799
395 27.86208088361358
396 26.590804625521343
397 24.757579748885682
398 26.220149455980128
399 28.258019323505486
400 28.548669727980798
401 27.993510575133964
402 30.53013736796431
403 28.067120967177225
404 27.9956818227437
405 27.81437204689529
406 26.232376273571152
407 26.97887867151971
408 25.375241627714797
409 29.196840683577058
410 28.566809451529764
411 30.928161227863324
412 29.9849391914394
413 27.323078265322895
414 26.779412969062967
415 27.245872968529902
416 24.271044431453564
417 26.491824069787764
418 25.573675553349652
419 27.728601219867006
420 26.24137929553562
421 26.30513778461961
422 25.297824587210325
423 27.495587274358154
424 26.454996441827653
425 25.963022146367905
426 26.789292122779138
427 27.174454199566718
428 27.14851406168975
429 26.935561563726232
430 28.497644515908334
431 27.663579023426816
432 27.16755528374304
433 28.371312894056814
434 26.51065428770843
435 26.74309213009258
436 28.3728304474622
437 27.843064722947634
438 28.043643087749334
439 26.499359089136927
440 25.819353966495655
441 25.54106593041489
442 27.817943494905453
443 27.408100004705727
444 28.33330063448973
445 27.636022963359476
446 27.41244935563657
447 26.689551304790438
448 28.24493208920601
449 25.736318891550972
450 26.35134712009943
451 27.169199388832368
452 24.633535806708707
453 26.93052471169596
454 26.419720904994705
455 25.667055620148226
456 24.366137670789133
457 24.470994372133084
458 26.25145152370886
459 26.599066443532955
460 24.664126412824796
461 22.20498612779789
462 24.411925138882385
463 24.17039459575656
464 23.733430998401815
465 22.594981526358627
466 24.484255625631807
467 23.850695946159416
468 23.390734301127548
469 23.597948151827797
470 24.12405552331548
471 25.103383531404244
472 22.95565400864056
473 24.202888325485564
474 23.54654570001287
475 24.621297762838363
476 22.534203602540757
477 26.685234989808283
478 24.55664434356565
479 26.301428086037905
480 28.50784350949585
481 27.641645520302262
482 23.553966265000486
483 24.76938582292356
484 24.335225879694335
485 24.459488625097546
486 23.695450718644864
487 25.57335925739722
488 25.63073665561949
489 26.7352874238171
490 26.825244301600744
491 25.91304195843329
492 27.518015323339593
493 27.227175847142746
494 26.98510201876472
495 25.59879879484926
496 26.15919946909747
497 27.217955574434523
498 26.535086642264734
499 30.407497281193415
500 28.614985792658974
501 24.232779028264357
502 24.344735109993508
503 24.390639557721656
504 23.275380418777154
505 24.125862360936047
506 25.620023279976326
507 27.655993267258857
508 25.42648982823546
509 26.3077047156599
510 23.90379089217945
511 23.056715050772453
512 21.93248205177488
513 20.487369089152732
514 22.388643372409128
515 20.638348973908865
516 21.427751192128
517 17.65805710331971
518 20.470941669960528
519 20.590338751742305
520 24.885340258369354
521 23.013832517952327
522 22.928014243594156
523 26.01421185374613
524 26.46691633849897
525 26.525551142281813
526 26.773660705722584
527 27.167877124048292
528 29.289093605440847
529 31.073428993318473
530 26.653829503763554
531 30.34016933494563
532 32.880638810795055
533 34.352520650251634
534 34.50269264703116
535 31.74207666570763
536 33.40088090267268
537 32.02717133964893
538 33.92225405761269
539 35.438510269162315
540 35.96644002311206
541 33.22344430635985
542 30.455858720776998
543 32.09273310459693
544 32.69366495552684
545 31.460732426930072
546 38.018631279091316
547 32.85095700086763
548 35.65790483367562
549 32.8600848095281
550 32.57041743789137
551 33.97218409232593
552 31.384278919614523
553 30.987360848985958
554 30.123284133329232
555 30.78214352408387
556 29.609907028559107
557 29.170175238689662
558 28.295823085615307
559 33.300779993494736
560 34.97870329718014
561 33.740106880751995
562 34.36148932753085
563 26.541984851671423
564 27.01437946666698
565 28.68675892336857
566 26.243908261488855
567 27.592832800105153
568 28.256523290375867
569 28.193550174398304
570 27.084998808535882
571 30.221595234603374
572 30.32377973142246
573 27.53694130907148
574 25.30004294103241
575 30.005750579807273
576 33.138469373284046
577 31.836481096466304
578 30.865843603747642
579 30.02230643315601
580 28.075038592209445
581 30.53443994503793
582 29.24562635033097
583 32.56764043982622
584 27.71406772571363
585 28.658876912593595
586 29.493418368368232
587 31.11409720679044
588 29.98769465302499
589 26.480819875062483
590 27.505321850942323
591 28.830614919863844
592 27.214531197491848
593 27.70360475181241
594 30.107864345471206
595 29.34843681407265
596 30.64235206527875
597 28.857178251735146
598 28.084552746228937
599 27.792194107155932
600 27.56684137671706
601 26.757406638574246
602 27.087638946053904
603 27.63250244055131
604 28.066361674678774
605 28.719807785926648
606 30.905133936958997
607 30.194845753121374
608 25.691082300335182
609 26.57023787096652
610 27.12558023041406
611 25.355928200470217
612 26.702364862916546
613 27.051343265682338
614 26.45470279238995
615 25.577382126083858
616 26.398658264339026
617 29.2013016546493
618 29.182619198167185
619 26.328238187813387
620 27.254565241805253
621 26.87541324089876
622 26.68240328932515
623 28.103914246624267
624 27.07315818711576
625 26.26953024698011
626 26.277999457504386
627 26.559910237882505
628 26.38220385058976
629 25.129665620072466
630 26.537047283866954
631 27.68696097223654
632 24.717102622998784
633 26.450113264220732
634 25.09250510829649
635 23.92933725474761
636 25.425815876701698
637 27.214897388404022
638 24.12247988544785
639 24.7502127231281
640 25.715597630841103
641 25.11651058605069
642 26.03528400023795
643 23.321059958577735
644 23.911577961575976
645 25.903852003615693
646 26.653166052533987
647 28.546934325417023
648 24.778182887926057
649 28.287137831786616
650 25.334974469387234
651 24.81639070000951
652 24.863765221164982
653 25.366956051844923
654 23.111382569405365
655 23.578964318138986
656 22.25535111883368
657 24.12942534475859
658 23.352203283521824
659 25.762902567687828
660 23.798059858278243
661 22.991887101970907
662 22.038786087946306
663 23.546519374435974
664 23.21003174375037
665 23.519690076934392
666 22.090211294190496
667 21.130110086028555
668 19.190746156441374
669 19.9375345958447
670 20.4223343627008
671 21.738944232085846
672 20.540424459152003
673 20.084215060549926
674 21.256221898290562
675 21.1023246171619
676 23.35256547545225
677 25.002591736965513
678 27.802114788317155
679 29.62199544059372
680 26.694662714670983
681 26.285381465042907
682 29.32470028445021
683 29.83585846983111
684 28.813003888339598
685 31.07581232798138
686 29.33917212178332
687 28.062892049288333
688 25.76303733824464
689 25.5609342310175
690 27.526985430451447
691 28.76894981496229
692 28.04267130793244
693 28.62832506525587
694 26.570370167331905
695 27.16897106958813
696 27.991290910669143
697 26.758718450334484
698 28.904233451607645
699 26.705610408795742
700 26.723718404732477
701 27.30680966817981
702 27.087550029629508
703 27.17985876679769
704 26.978372468038348
705 24.365989255497485
706 26.00176767860525
707 28.294663775344844
708 26.86987749410452
709 27.13535899489913
710 27.802827882812558
711 25.140503087424516
712 25.790094168656452
713 28.554569104230012
714 27.238333238395946
715 28.286184952859685
716 27.757174451146298
717 26.65945965418972
718 27.577052465800207
719 27.01692713459451
720 26.603006304603394
721 26.362895952285484
722 27.469447548377204
723 28.269680996847235
724 26.782317474465707
725 28.938924092221683
726 29.282698582833145
727 32.1699851845765
728 28.32359528169238
729 28.41387606799541
730 28.491774643256203
731 28.794630630916036
732 28.85986205642425
733 29.605002991119473
734 30.386762915751156
735 29.118177872781487
736 31.082681459468564
737 30.556276236242944
738 28.783642370621283
739 27.13275166933937
740 32.445804313911104
741 31.100929452163616
742 32.110095939719024
743 31.7529787405195
744 32.25316636338255
745 28.022641457372657
746 29.566257605590167
747 28.648752140251833
748 28.421375290764185
749 29.509043203773707
750 30.016893317323344
751 29.80662089973014
752 29.875678928236383
753 26.735238916925937
754 26.228783500871717
755 25.421265171405206
756 25.19037058775389
757 25.76207904963081
758 25.266993734486405
759 27.685425970829176
760 29.817507276984564
761 30.066873353731726
762 29.897614993249444
763 29.46398654277838
764 28.74018200566761
765 28.367106599522202
766 28.315893415086652
767 27.86632591547089
768 27.38738445767072
769 27.330800664223567
770 28.09463330578441
771 27.327485535848833
772 28.03110142656445
773 27.131409104886124
774 26.218833102050887
775 28.88333750605952
776 26.759704440887063
777 26.626834941778903
778 27.68503032110179
779 24.698308502812928
780 25.09224093364395
781 25.652841845485884
782 27.101612945884174
783 26.789342031056233
784 26.17925195836571
785 25.134672283908387
786 25.723249990182055
787 25.722822383166175
788 26.942362667865495
789 26.312205112718487
790 27.8448350299187
791 24.70216878056896
792 24.645379516256234
793 26.372481562320527
794 27.06119905201921
795 27.143458642320734
796 26.756751900977967
797 25.307410282744762
798 26.27096187049061
799 28.072454513417668
800 27.64547970796428
801 27.289247926698472
802 27.68394936570058
803 26.225891160338797
804 27.322703172122424
805 25.42900357888299
806 26.632529939753333
807 25.98275212211587
808 24.421727677949182
809 25.680672203547847
810 26.0082583398201
811 27.02610847598128
812 27.379587285573145
813 28.626025364424702
814 27.771585050685395
815 28.484204721330418
816 26.716227405102913
817 27.26794429102035
818 27.620012412900603
819 27.60037519314684
820 28.325397660511026
821 29.245097596913396
822 28.636163263687916
823 28.94021497031036
824 28.805712450193795
825 29.154455235860944
826 29.8816635036717
827 30.46278025162495
828 29.98401511115081
829 28.616354142698246
830 29.80508900703847
831 29.205492258442153
832 28.304309162388513
833 28.958820646178076
834 28.09834815446429
835 30.471925669504976
836 28.681612071029868
837 29.07837479070639
838 28.219321981866
839 29.20620796040288
840 29.5268645587078
841 28.491169033629557
842 31.746393851611167
843 30.746425979656298
844 29.129007621123392
845 30.386612236522204
846 30.191080997543526
847 30.802984207319824
848 30.05769305683452
849 29.350641214947533
850 29.900993233736394
851 29.53138389113047
852 32.229888544627165
853 30.70351748635365
854 30.82833043570752
855 30.6636539213118
856 30.366193074167924
857 30.455428286118206
858 28.682079616616978
859 30.317504039686153
860 30.3287407170604
861 32.353791820786796
862 30.579607953221952
863 28.964004443948273
864 28.45043909250956
865 28.770481814559137
866 28.74138600700022
867 28.181359670446923
868 26.778223239027625
869 28.17053207257948
870 27.419423561730856
871 26.15231111750949
872 27.298055182397064
873 28.225842656757514
874 27.668511533197798
875 28.252927901846547
876 26.641441200697127
877 27.061034125496484
878 28.641444500293705
879 29.639922301670833
880 27.713112781589764
881 27.32681427303059
882 28.051961956176267
883 25.746476518627514
884 27.048419216595878
885 26.087649027159074
886 27.54723155320816
887 25.24809729364699
888 26.873810769700455
889 28.854505970648695
890 28.61282994832621
891 27.732751897350514
892 28.710586337244894
893 28.979004144189773
894 29.448226811185304
895 29.33599546279088
896 27.802419703446652
897 28.46844826696097
898 29.244499340393276
899 29.246353864287055
900 28.30193250205964
901 25.75807695600328
902 25.752511165162627
903 26.863391340731315
904 26.149186836205814
905 27.937416874365653
906 28.442080410746645
907 27.94399762081235
908 28.996079721241532
909 26.62470685239076
910 27.62903303298233
911 27.582778939695594
912 26.952049245942224
913 27.118678927780138
914 24.80733923299908
915 26.46730627092968
916 26.193559021195593
917 27.123197740948864
918 26.035919718035643
919 26.335814566254076
920 27.00870795786865
921 26.390840118099035
922 26.4545582038708
923 27.52920260822749
924 27.52374345235292
925 30.90195442870476
926 28.001943229273984
927 28.277525029489144
928 29.790684157217157
929 27.983056416449465
930 28.57911442820175
931 26.833870412878436
932 26.569582133225083
933 25.406762176553976
934 27.23146960916128
935 26.865616829793602
936 28.098846527720873
937 27.838445431424677
938 29.523022139639217
939 29.32783946388408
940 27.086969789915454
941 27.334657933181695
942 27.012718469163115
943 27.854080307218783
944 28.590251556069333
945 27.407815412639465
946 30.29941081173621
947 29.702501921778637
948 30.059196754962482
949 29.430533626436155
950 30.51281677276708
951 29.61636583215132
952 29.698248064459378
953 30.40562632196215
954 30.538202756380752
955 29.143361000863642
956 26.87416412392172
957 28.62847371807409
958 27.76337263952492
959 27.052586770973793
960 27.046499645443735
961 25.987995528759487
962 28.423197556437565
963 27.609918591836752
964 27.24630272668561
965 22.689896037139814
966 24.485242508304253
967 26.342863965714518
968 26.178821986559928
969 27.4891785060756
970 30.768062036176822
971 25.993450893522716
972 26.59784339884657
973 28.91558603934751
974 26.905714012927742
975 24.884180599792366
976 26.32579838509206
977 28.809456214607103
978 29.74662443179679
979 28.071664190546624
980 30.010526401691827
981 32.0143324440751
982 29.00442876057684
983 25.39964901602071
984 24.640218089305044
985 22.352647787531897
986 21.700673959243467
987 25.81615075647764
988 24.606662324256533
989 22.68849335676307
990 22.160611746295668
991 19.21262607931787
992 20.77443805133971
993 20.279809149346978
994 21.61993307743784
995 20.827393077137213
996 22.503857691959716
997 21.023178848138205
998 19.800834584190625
999 19.015751255150256
1000 17.555918348083516
1001 20.625546524668138
1002 21.244316501805557
1003 23.406010271063387
1004 21.667937224071252
1005 21.13595942589987
1006 21.64049294969799
1007 23.54987339058763
1008 23.31407720512807
1009 26.82975945142043
1010 26.162722881580773
1011 30.147314279960003
1012 27.9009579402317
1013 28.565034948509265
1014 23.735734249641645
1015 24.251698236460193
1016 23.061654545632972
1017 23.543032010523028
1018 25.782932123125452
1019 26.51637461843122
1020 26.384060019600124
1021 24.163617301136085
1022 21.782049697816056
1023 24.481172117989605
1024 20.723072148958412
1025 26.800975222124798
1026 21.928104175563934
1027 22.348238732119366
1028 20.055895878239806
1029 13.582999357375597
1030 19.547839975548904
1031 17.110721250189503
1032 21.027187272176327
1033 21.058289050405296
1034 18.46998490135239
1035 23.528883782275663
1036 20.706460560568505
1037 18.539723985426242
1038 19.992693102163116
1039 14.91620309006471
1040 15.636501626349867
1041 15.23437411343342
1042 17.172203143613963
1043 15.606935855753495
1044 17.552092873399953
1045 20.528183812721533
1046 15.811403432780262
1047 14.231691744643395
1048 13.119312618002894
1049 14.323305349137827
1050 13.083032075372465
1051 11.251694009423257
1052 10.347461537754835
1053 15.006983611961632
1054 12.547153430083698
1055 12.9615507773379
1056 12.737616463414989
1057 13.287544102565748
1058 14.865368578486736
1059 14.20907967558681
1060 12.688972491429364
1061 14.255181451055602
1062 14.712327874668466
1063 13.949416227318002
1064 12.04533950086865
1065 12.525159151634188
1066 16.26578531653221
1067 15.301040325724442
1068 12.791735073630527
1069 8.788107123772907
1070 10.421894063451939
1071 11.56292538373122
1072 14.876609912183087
1073 16.53197174142207
1074 14.415530175534638
1075 13.683653480368712
1076 14.71047146890352
1077 14.67251937597343
1078 16.827503111062562
1079 14.549031449740186
1080 16.24849647106549
1081 15.669664281866128
1082 14.397673395077625
1083 14.484499527987555
1084 16.98690183698969
1085 18.305668183015612
1086 18.002502652249145
1087 20.074065023689958
1088 19.108199111505282
1089 16.668958480830085
1090 19.485502909182046
1091 15.751760922039937
1092 14.552480895177034
1093 17.631782229477356
1094 18.552255872864375
1095 16.75080707475488
1096 19.552571647465427
1097 16.496159592242485
1098 15.825045867420698
1099 16.30130708033777
1100 15.13512407805114
1101 15.656210228857146
1102 15.583623354010216
1103 16.250932410712654
1104 17.094661143030933
1105 15.499318699243272
1106 15.795863790969719
1107 13.012287324809208
1108 16.233117415735503
1109 14.20409161271816
1110 17.428103307717965
1111 15.547933583720184
1112 14.436570746886613
1113 14.665186312065254
1114 14.849203634879775
1115 13.840880094231512
1116 14.760795037171905
1117 15.069705413393324
1118 15.45910923537592
1119 16.607927635713384
1120 18.70751642565258
1121 17.854920453546583
1122 18.2847154058493
1123 17.809814992433903
1124 17.238450723727148
1125 17.582132982047405
1126 17.55010614755465
1127 17.25168935209545
1128 17.345435074655413
1129 15.858767584919937
1130 15.384841568869545
1131 16.1079605922911
1132 16.40841180972131
1133 15.852619773029215
1134 16.024276583098292
1135 16.99643053827211
1136 16.788160846534197
1137 17.452662798214796
1138 16.071851758109727
1139 13.902542767132037
1140 15.236840832241548
1141 15.982172625618405
1142 16.372771250514635
1143 16.529235712008553
1144 16.37771446002771
1145 17.39134366583546
1146 15.992594204247137
1147 14.433843668126228
1148 18.42566823613567
1149 17.702619117712825
1150 18.166142200751327
1151 19.46816134901066
1152 18.650992956202234
1153 19.372471528248614
1154 17.368761951466915
1155 16.587901081311966
1156 17.981222067074363
1157 16.82990417262813
1158 14.540976701593728
1159 13.88377668817121
1160 16.296809552251073
1161 13.12775467070204
1162 15.238218378121102
1163 17.87086757345139
1164 20.181599801943797
1165 20.04928996100305
1166 15.744582073713868
1167 15.729349954103037
1168 18.988120328894666
1169 16.64584566241023
1170 14.004940528621878
1171 12.06883070970037
1172 13.293648153370974
1173 15.363804236676339
1174 13.722499088977605
1175 13.233204312314834
1176 14.56320810247878
1177 13.806738518351555
1178 19.44500688850785
1179 17.622828954732118
1180 15.912113603646553
1181 18.604054285098844
1182 18.68860746434323
1183 17.656143677346392
1184 18.57773624566268
1185 16.81927312493746
1186 19.428723748857305
1187 18.19309288039157
1188 20.560947339984025
1189 19.185088278714012
1190 20.269774174461915
1191 20.309089728714863
1192 19.59048165461942
1193 18.63485125262136
1194 20.60078639105345
1195 17.41650960415708
1196 14.110941683182677
1197 15.84640484741452
1198 15.519740745455705
1199 16.34095035679487
1200 16.112291840078843
1201 15.417521563696157
1202 18.173460524646096
1203 18.69238156191294
1204 17.914068058356463
1205 8.48895295623269
1206 13.89201949201124
1207 14.987791473837957
1208 18.74994176748945
1209 14.977489758448288
1210 13.652199788897251
1211 15.636661902495305
1212 12.665518590385297
1213 11.682868630072226
1214 10.660065979316991
1215 14.74389940709618
1216 7.625929352506996
1217 8.990282776218233
1218 9.59669009719658
1219 11.094404093010338
1220 9.322536850823637
1221 8.216819883870443
1222 10.497357122253609
1223 10.118537913163658
1224 10.940616418884176
1225 12.638667947320073
1226 12.638941301845831
1227 12.618664156406915
1228 12.630314338318566
1229 11.087427614064785
1230 12.208467320591158
1231 12.154745722021344
1232 13.037646762099078
1233 13.734202346054365
1234 12.668518992565351
1235 11.87900736473405
1236 12.004625774946545
1237 12.256436743126027
1238 10.985136635390631
1239 11.94353572520391
1240 10.439794138785235
1241 14.304927445207829
1242 16.790938438377975
1243 20.059178853671625
1244 19.478347060321465
1245 19.022868122816302
1246 18.954419523957203
1247 19.40721063632351
1248 19.705568003780545
1249 19.07044402895397
1250 16.7807589354091
1251 19.12525405300527
1252 16.473156732047897
1253 14.311177996780023
1254 14.59106473299506
1255 16.407775122148855
1256 15.636812009270656
1257 15.457098005171346
1258 15.065063421229715
1259 14.716982111579556
1260 14.024373561150243
1261 15.553601423005759
1262 13.993056565926075
1263 13.459317192911048
1264 15.093169953695325
1265 13.980081660533125
1266 13.87104603927324
1267 13.213106785464102
1268 12.505398145681271
1269 13.920098222846992
1270 13.87130712168282
1271 13.061772541142945
1272 12.427802111143045
1273 12.810274077796064
1274 13.515998099924666
1275 12.672451729035169
1276 12.942012491579256
1277 14.733930763520622
1278 12.811839416149397
1279 12.668677692374596
1280 14.990892376387555
1281 12.911866382280254
1282 14.122821801899017
1283 13.65608864773734
1284 15.445262931298666
1285 12.850073471395186
1286 12.879516795140177
1287 13.25409694097839
1288 14.011415204191211
1289 15.27912706872501
1290 14.278577930319926
1291 13.417280733589422
1292 13.192190700806915
1293 13.341271400317465
1294 14.457619880076065
1295 13.808723120417643
1296 14.300643595642667
1297 15.53588586502332
1298 14.260417861007488
1299 14.193241139410354
1300 15.04070944964466
1301 14.325847021602604
1302 14.082278935171654
1303 13.467970974246073
1304 14.381737022805119
1305 13.47007208540817
1306 12.357145583657852
1307 13.179563508745266
1308 15.857380875779858
1309 14.250712843027987
1310 13.010322717980637
1311 13.278831874250157
1312 13.595102413869236
1313 15.140920320908132
1314 12.126228693358467
1315 10.343412996806785
1316 10.397888982146702
1317 10.22741495832597
1318 10.751667201864164
1319 8.128307489457264
1320 12.704587967946287
1321 12.320482683139316
1322 11.605374754544034
1323 11.098951812879779
1324 9.214551523592824
1325 13.68891697352571
1326 11.923711791381926
1327 9.029792648842108
1328 11.659217978633649
1329 10.792593879637339
1330 8.917560656796459
1331 12.37254809225584
1332 10.102229105852883
1333 9.748622550499174
1334 12.724628826371427
1335 13.710250022161722
1336 13.136307965905386
1337 11.747043360091324
1338 12.120740805926744
1339 10.240513361267373
1340 9.97334412562392
1341 9.701914800052469
1342 10.645112696133722
1343 13.252351848507105
1344 12.84256024697697
1345 10.433732942609058
1346 11.787643325339243
1347 13.002786684461352
1348 11.844551169128513
1349 12.527385486697174
1350 11.281966514563521
1351 14.10536470149324
1352 13.730433520364553
1353 13.227076848471
1354 11.967132874854551
1355 12.61611241102271
1356 11.92692215917773
1357 9.91900101338442
1358 12.248006754868845
1359 12.105777440780006
1360 13.150365696801016
1361 16.80236671816145
1362 14.842732455409406
1363 15.197495059605911
1364 15.37711648238699
1365 14.502382941653734
1366 14.002966845834345
1367 14.20067307975156
1368 16.17489019823029
1369 15.206865758907567
1370 15.99945364562883
1371 15.301226267921482
1372 15.998928112273106
1373 16.495795729246822
1374 14.01775925006434
1375 14.673863428869256
1376 13.444416329683996
1377 13.227998327725626
1378 12.566584317397524
1379 14.51727927577487
1380 12.220011707057765
1381 12.310391109398726
1382 14.531620947939052
1383 12.81016284645587
1384 13.457935971776784
1385 14.533484437167253
1386 14.815617450744217
1387 13.780984790034578
1388 13.608728206895472
1389 14.127220016835045
1390 12.957955996662925
1391 12.881902096726385
1392 14.860777853814847
1393 13.773065378465835
1394 9.750497110070212
1395 13.182237510506967
1396 13.19219509111522
1397 15.082902242978038
1398 16.064581755376146
1399 16.332694048277336
1400 13.034579345097313
1401 14.00236768309015
1402 13.681512349283587
1403 14.32127007377106
1404 15.390416969814682
1405 15.719120040997986
1406 14.458308812881238
1407 15.744822753315763
1408 14.729257689430023
1409 15.54822130713041
1410 14.759223672098681
1411 16.47937044751359
1412 13.692636827723094
1413 10.891504998859856
1414 12.03758560064908
1415 12.2639705129183
1416 9.358730949224404
1417 9.888324187950237
1418 10.361962941203718
1419 10.47610829741686
1420 11.85268061029387
1421 12.252987160955099
1422 11.422022969973746
1423 11.91318361025843
1424 12.511109284180948
1425 13.47001192246805
1426 12.620545839333943
1427 11.170014516743242
1428 10.674204904146682
1429 13.438704458426637
1430 10.268534722178542
1431 11.588494802099673
1432 11.370588717958876
1433 10.824288321062323
1434 12.035394267340722
1435 11.552198265576118
1436 11.24308966639524
1437 11.008610089513208
1438 10.450418493771531
1439 10.527408734798042
1440 11.521292847634527
1441 11.430233526572996
1442 12.727748592292922
1443 8.392580607477777
1444 12.734856995770569
1445 11.492133168475878
1446 12.055015004361422
1447 10.984613145173466
1448 10.765751939554615
1449 8.253443408889485
1450 6.896037623483
1451 7.069754792727934
1452 7.2917102009156505
1453 8.734302667082435
1454 8.487026592192944
1455 6.7524967204656186
1456 6.922941856298276
1457 5.229483627299029
1458 6.454495673897144
1459 4.723176092226055
1460 4.48163352306588
1461 4.283279529360065
1462 4.257694902338812
1463 4.083876441329404
1464 4.797669187331218
1465 4.330205660517119
1466 4.5534834099720225
1467 4.3177687726855645
1468 4.461041593169643
1469 4.7360110779850135
1470 4.330708574813308
1471 5.290350755339634
1472 4.58200123688128
1473 6.246704571159446
1474 6.051920091343269
1475 6.160797229059505
1476 4.982324481185906
1477 4.514230921612859
1478 4.838062760302163
1479 5.2972280054985985
1480 4.870273380959928
1481 5.162880007599379
1482 4.921567980565837
1483 4.655271942196211
1484 4.4437383439051015
1485 4.640260783957231
1486 5.409266909930029
1487 5.302829345811285
1488 6.197907107008986
1489 5.393270269779658
1490 4.965221374443795
1491 5.248092514543333
1492 4.886753288497491
1493 5.061915558727462
1494 4.804547630080242
1495 4.700001575716351
1496 5.212513664541264
1497 4.475613878823014
1498 4.364806342989687
1499 4.443921895029092
1500 5.367511141252307
1501 5.45900050185118
1502 5.5097272932141585
1503 5.605808687703248
1504 5.3060503963412655
1505 5.07642973445694
1506 5.426044045960386
1507 5.111462048813951
1508 5.010554556547296
1509 5.208914860283954
1510 5.261627603233902
1511 4.595093016405236
1512 4.907980545162672
1513 5.670544518459402
1514 5.849019785996652
1515 5.354388857748893
1516 5.544133915455927
1517 4.781422969069548
1518 4.314203955820867
1519 4.356036457717183
1520 4.735611866599068
1521 4.6026795161160505
1522 4.959105062662078
1523 4.956709613134005
1524 4.710829348107537
1525 4.61898962458256
1526 4.949108619349516
1527 5.197875091102889
1528 5.554251679733394
1529 5.742321615677481
1530 4.789570524518706
1531 4.947311279035255
1532 4.623382301947272
1533 5.597966655927329
1534 4.769877313925539
1535 4.523536797270985
1536 4.569426784836591
1537 5.088300472788
1538 5.6091808840357205
1539 5.06772851158921
1540 5.758590117474855
1541 5.057184690193819
1542 5.285852233256029
1543 4.962917946696444
1544 4.834204337171113
1545 5.253745486331014
1546 4.05767958642887
1547 4.615465104464279
1548 5.08252350734036
1549 5.154491183086429
1550 5.562062430674898
1551 4.882879991728028
1552 5.392890669705256
1553 5.7644158552279485
1554 4.722467091962382
1555 5.28036231878595
1556 5.013119742197114
1557 5.001039751208112
1558 4.69170285266853
1559 4.778126488157247
1560 4.648724463635382
1561 5.68913374811992
1562 5.2858524641949876
1563 5.0771125473589125
1564 5.220552112720241
1565 4.971363610347962
1566 5.609817477707978
1567 5.514082571381387
1568 5.010436726194988
1569 5.175315738798935
1570 5.26422821488937
1571 4.909718567965902
1572 4.998775946974942
1573 6.102039705302342
1574 4.825894172318738
1575 4.949246397358785
1576 4.458637488389877
1577 5.103672513019804
1578 4.653485731750184
1579 5.0336122323553285
1580 5.177608382550024
1581 5.06220244231027
1582 5.176249902281841
1583 5.10941645685591
1584 4.6305894559716
1585 5.15129559754874
1586 5.232782926328203
1587 5.57156549270441
1588 4.817210628924888
1589 4.728762602954798
1590 4.4118701535200735
1591 4.672602679176882
1592 4.807560129897841
1593 4.7685001168131596
1594 4.324183092008586
1595 4.898345942767862
1596 4.600805137841977
1597 5.398316413089245
1598 4.626821290730934
1599 4.619157927428862
1600 5.021880759559827
1601 4.675629235990832
1602 4.574264134501411
1603 4.976696173821389
1604 5.066909535528219
1605 4.427208619054388
1606 5.168032897433877
1607 4.500822518010858
1608 4.590354216795224
1609 4.6688239181399975
1610 4.650670206326009
1611 4.531956196656088
1612 4.744868255010297
1613 4.742755987793992
1614 4.8380085071628685
1615 5.008038151243426
1616 4.516003219672886
1617 4.556789707869351
1618 4.681174153796907
1619 4.371401920273437
1620 4.625429228301107
1621 4.61495942749186
1622 5.399333346439422
1623 4.606897093832538
1624 5.123430943579233
1625 4.753996333632838
1626 5.127881258403787
1627 4.473181177920381
1628 5.48105589795125
1629 5.444458893791552
1630 5.633605662941366
1631 5.39601868155733
1632 5.438777553431437
1633 5.6572853486645025
1634 5.052818230787499
1635 4.905476764997
1636 5.286523271105221
1637 5.689257905836189
1638 5.2503434984159085
1639 5.20904092407458
1640 5.338595870365562
1641 5.745220739046943
1642 5.147548833834157
1643 5.114040694088763
1644 5.442178947017087
1645 5.415254258719354
1646 5.096049116885945
1647 5.040615556462294
1648 5.496713801674113
1649 4.8704906034817865
1650 4.8115362958421
1651 5.020783547884124
1652 4.833867367590588
1653 5.378296710964861
1654 5.049807539197031
1655 5.712246337736937
1656 5.28657900634752
1657 5.169096864660891
1658 4.937653945881829
1659 5.194556749689518
1660 5.198297697347742
1661 5.193903612422901
1662 5.270775790368034
1663 5.039232860190205
1664 5.38723441674729
1665 5.172723489161471
1666 5.858084348090376
1667 5.257961785415944
1668 5.1778446011013
1669 5.147974823025258
1670 5.1534883714896065
1671 5.397165724780253
1672 5.359694878449189
1673 5.176997137556555
1674 5.312660617982812
1675 6.1012446057502565
1676 5.459920576312409
1677 5.005524068377259
1678 5.850859493412082
1679 5.272260256908542
1680 5.350561799121438
1681 5.3102536236173
1682 5.459515115778248
1683 5.1753607854008825
1684 5.921827552529625
1685 5.253205039181655
1686 5.526172621074663
1687 5.261771555744365
1688 5.372949322946326
1689 5.438611323721317
1690 4.970760128611523
1691 4.905605219254752
1692 5.4071358735335115
1693 5.040949254340795
1694 5.821856859917384
1695 5.352366835941447
1696 5.4892096559627745
1697 5.093059959432605
1698 5.345647685952231
1699 5.580271121039352
1700 5.416828717593368
1701 5.685010328865751
1702 5.614917122562872
1703 5.343337724240831
1704 5.2520620805010285
1705 5.473702263303756
1706 5.470592854829011
1707 5.497513829346618
1708 5.433710121600385
1709 5.00494535342544
1710 4.76854567199905
1711 4.326549064751698
1712 5.083840394575683
1713 5.55631998540119
1714 4.938326648592233
1715 5.128617163741951
1716 4.879306764301762
1717 4.739516504152197
1718 4.634248451611508
1719 4.0359651672864
1720 4.916297871941489
1721 5.7851929344862185
1722 4.908728016108361
1723 5.377179437981506
1724 4.934324684516083
1725 4.8284793129587396
1726 4.28051836190578
1727 4.483847608910308
1728 4.209803785899523
1729 4.312231645020468
1730 4.348292617897258
1731 4.889032237242185
1732 4.847526840916906
1733 4.893472920921929
1734 4.865157919325797
1735 4.36108945901631
1736 5.226964529919735
1737 4.881198591875163
1738 4.44548503053406
1739 4.806277301767625
1740 4.749094534253428
1741 5.636673618421738
1742 5.235699234457685
1743 4.812089475252248
1744 4.622758757729848
1745 4.616788897243493
1746 4.802780152095877
1747 5.226305051789286
1748 4.146719330661892
1749 4.445927907860215
1750 4.481782642333072
1751 4.795541945972634
1752 5.568356635558563
1753 5.367655128832524
1754 4.560415993174329
1755 5.3723248459953385
1756 5.016365077403635
1757 5.185702036439831
1758 4.7495449636864935
1759 5.18005769499133
1760 4.93542695893402
1761 4.785929470378075
1762 4.686326715146736
1763 5.1376132081338755
1764 4.69060903308227
1765 4.438342743274992
1766 5.357474784136422
1767 5.281044442456444
1768 5.088219197047354
1769 5.532707871139711
1770 5.546704336626321
1771 5.512853456132657
1772 4.981515714716339
1773 5.287932055848392
1774 5.111991052493606
1775 4.611012274099486
1776 4.975712988597622
1777 4.497407835800183
1778 4.9369883462226065
1779 5.291119359218473
1780 5.266547715227825
1781 5.137224964071489
1782 4.607863547223726
1783 3.5642702170552623
1784 4.556812792614107
1785 5.273851554648532
1786 4.408379696952435
1787 4.893668341611281
1788 5.003452760025101
1789 3.9208679246576232
1790 5.253822752464852
1791 5.129289726779194
1792 4.965083510977112
1793 5.18433758836936
1794 4.956905654777613
1795 5.932094629383601
1796 8.322961364413635
1797 7.464608091071169
1798 7.327511205708672
1799 6.617335278659896
1800 6.200131518049954
1801 6.866385821939461
1802 5.5999022677036905
1803 9.703053507185098
1804 7.88434579567754
1805 7.925857746482381
1806 8.528268232498508
1807 8.310172418492972
1808 5.728911793885691
1809 7.268984662902909
1810 7.5757183221389965
1811 4.182462008272384
1812 4.672014090315942
1813 4.570826226810174
1814 4.885821170727098
1815 4.750384095588808
1816 5.61547024966668
1817 5.611787652502585
1818 5.985249879190248
1819 5.536226815831074
1820 5.257342309413627
1821 5.1450245832021855
1822 5.020025914498438
1823 4.298427901030723
1824 4.452447133356381
1825 4.736898641544147
1826 4.051305014696176
1827 4.007957373195113
1828 4.362007661953867
1829 5.026214727302333
1830 4.043447791866307
1831 3.549919149004274
1832 4.254525583367415
1833 4.812786521889742
1834 4.291341758358653
1835 4.528059703623533
1836 4.320105514652232
1837 3.9211605047478146
1838 4.1017759144769546
1839 3.8387960173800377
1840 4.948639328874362
1841 4.577767408845072
1842 6.149550957392779
1843 5.101835482895077
1844 3.9332479304391863
1845 4.344871773372944
1846 3.9421850506602913
1847 4.2538073737488356
1848 4.140327923269048
1849 5.305944979797014
1850 4.9686329307362405
1851 5.435199184332624
1852 5.836078288028484
1853 5.7009766175041685
1854 5.386399860688869
1855 5.033697712897646
1856 5.497627390061716
1857 4.493388177862835
1858 4.477117454766612
1859 4.341941888468684
1860 4.0321206435612575
1861 4.336122576291858
1862 4.670043240663616
1863 5.044916313553882
1864 4.923640009986954
1865 5.247649896452321
1866 6.259516019306217
1867 5.114507942891801
1868 4.782873959078208
1869 5.469249351089414
1870 5.01375124900873
1871 4.934252941167057
1872 5.422692865977669
1873 4.872972790027649
1874 5.142826465571982
1875 4.71723300261628
1876 4.764017764655221
1877 5.077562610084675
1878 5.609934944689083
1879 5.791660547721132
1880 5.406400601623687
1881 5.064843071257061
1882 5.19169037650133
1883 5.125062406728017
1884 6.327592498816085
1885 5.799989811204114
1886 5.168903606456176
1887 6.356173335303668
1888 8.576795492301821
1889 8.268066499704119
1890 7.18379454883653
1891 8.183886234146861
1892 7.103012877454021
1893 8.25183692124209
1894 7.432664321949473
1895 6.676815684745676
1896 6.036942578232875
1897 5.989797596008602
1898 5.107026634449343
1899 4.7295917584847365
1900 5.67939227869751
1901 5.396899127884268
1902 4.007553010194595
1903 4.385407377872586
1904 3.9304877840910004
1905 4.944259375336998
1906 4.635928340483276
1907 4.664996475268858
1908 4.223991669911523
1909 4.387420429959492
1910 4.959293187759933
1911 4.797705556696218
1912 5.208589324051288
1913 4.848525889592055
1914 4.889507988517952
1915 5.324854701681545
1916 5.118904458202095
1917 5.471705864402729
1918 4.849629557361083
1919 5.372723226408391
1920 4.700983518574327
1921 4.954261951010789
1922 4.869257937692803
1923 4.249630795950509
1924 4.845175471325357
1925 5.217726267071168
1926 4.5928980957749515
1927 4.976622527111974
1928 4.659569425225054
1929 4.459199070546092
1930 5.074872045250623
1931 4.566450290005423
1932 4.705296170911003
1933 4.9017098958429655
1934 5.983515174655439
1935 4.975814867941611
1936 4.598335398977642
1937 5.505144615670554
1938 5.474147645428205
1939 5.021610250394672
1940 5.108558592436391
1941 5.830700245025709
1942 5.526254771539729
1943 6.5387017716649005
1944 6.157940674168603
1945 6.021511179443205
1946 6.888761543183705
1947 6.795779443857561
1948 6.493661675242825
1949 6.653299679926092
1950 5.554110098495852
1951 5.120961361725354
1952 5.795695814571477
1953 4.423557773552029
1954 5.441760909260556
1955 4.313242526240453
1956 4.838256695376708
1957 4.92395313953903
1958 5.366026139761308
1959 4.226867008480807
1960 3.666032224984993
1961 4.7698154716132475
1962 4.179770404044166
1963 3.4979946621645484
1964 4.511976178400062
1965 3.9839049713339434
1966 5.611682051230561
1967 4.359520957950455
1968 4.178481946653954
1969 5.6209125402463895
1970 8.511677529014241
1971 6.761534833193299
1972 6.29559602711316
1973 6.253914724800492
1974 6.058622980442632
1975 4.524706838147182
1976 5.349922412206039
1977 5.2695219692484585
1978 5.960420141325583
1979 6.134683277822072
1980 5.754485217821471
1981 5.73970999500622
1982 5.117491903965555
1983 5.262799034195775
1984 4.924391641754857
1985 4.729352854039789
1986 5.253406549776527
1987 5.058944789496838
1988 4.967752020890994
1989 4.810688533879563
1990 4.984490912642223
1991 4.417495855169445
1992 4.874332582770895
1993 5.054096388238339
1994 4.911854342448805
1995 4.943428244596385
1996 4.792696201888964
1997 5.07021670809969
1998 5.045191115668323
1999 5.169422580796307
2000 5.3812759477502
2001 5.187165593048499
2002 5.400334244736872
2003 5.207160193628817
2004 5.286786655222121
2005 5.271454164651745
2006 5.593173038809361
2007 5.371238385279656
2008 5.692392060841047
2009 5.395499649459718
2010 5.446384769480852
2011 4.812883957485923
2012 5.285322494124494
2013 4.781819728847251
2014 4.964139667515551
2015 5.147504167673424
2016 4.8455076215105235
2017 5.2998768996016326
2018 5.388538715411716
2019 4.571423266966065
2020 3.862548564722643
2021 4.783436295487523
2022 4.943545446520677
2023 5.118707243319201
2024 4.882281989937316
2025 5.122322641856598
2026 4.987260727585239
2027 5.089832522597358
2028 4.91004451071174
2029 5.336392446638833
2030 5.067092486177708
2031 5.067479060418837
2032 4.676803638159709
2033 4.480773942904402
2034 4.942070629437716
2035 4.974131515542764
2036 4.7237485809614
2037 5.003124767449097
2038 5.167703296814138
2039 5.194637781332285
2040 5.018174957663076
2041 5.539356617668683
2042 5.002978515770956
2043 4.7805249552389535
2044 5.120258832898193
2045 4.995061935640581
2046 5.1545400567870985
2047 5.008546038811878
2048 5.102846391164491
2049 4.754738579760575
2050 4.742284933230356
2051 5.092139170416016
2052 4.2174580492472415
2053 3.7272441180073757
2054 5.209390946737781
2055 4.826165888999023
2056 4.976831591040445
2057 4.910824164623064
2058 4.715062277305686
2059 5.271604488148734
2060 5.0317343877739
2061 4.5268602824445265
2062 4.63775634583795
2063 4.796799303087421
2064 4.672594908875379
2065 5.0750377845342705
2066 5.088878623783789
2067 4.96570038250501
2068 4.723406183358758
2069 4.794294203935478
2070 4.870857835920401
2071 3.9188624757779547
2072 4.341127042210306
2073 3.6349820470596192
2074 3.6365408417652465
2075 3.795076954987723
2076 4.25591381369521
2077 4.587420235698755
2078 3.7583607107373616
2079 4.767431321035381
2080 5.342426519110943
2081 4.702712259162981
2082 5.061765401725598
2083 4.988437588714437
2084 4.5388548622671925
2085 4.888336145709869
2086 5.139398992118338
2087 5.171503752493592
2088 5.611277536320351
2089 5.645387501557246
2090 5.499900835987232
2091 5.341521078632762
2092 5.011398225699041
2093 5.090514145168878
2094 4.385675609576958
2095 4.044481143376288
2096 4.4765578547686316
2097 4.503643469609839
2098 4.599061324838886
2099 5.2668690251153905
2100 4.793388214508473
2101 4.85322863509664
2102 4.851548536711535
2103 5.1513958667797475
2104 5.00009804286447
2105 4.899802177022616
2106 5.068530248812596
2107 4.979152605822395
2108 5.175805401189031
2109 5.4734958872858535
2110 5.19319087848199
2111 5.010014270155197
2112 4.240246488859724
2113 4.3094904190891565
2114 4.282380072083706
2115 4.434498985236055
2116 4.120599407202492
2117 4.174610100920106
2118 5.3211672480440315
2119 4.600009349816272
2120 4.24571410554825
2121 4.651346137497356
2122 4.518227109175305
2123 4.0788045844822065
2124 4.621053975751399
2125 5.389445820986766
2126 5.400894235679608
2127 5.460761725423965
2128 4.836966541627524
2129 5.02608300558645
2130 4.964864209064582
2131 4.663870136787263
2132 4.35146975047238
2133 5.219750351183642
2134 4.536604656068235
2135 5.16298838051644
2136 4.988737990546271
2137 5.036904034748941
2138 5.331989549406748
2139 5.240770883861904
2140 5.3195169516417
2141 4.99851431403521
2142 5.1168912026590005
2143 5.634794753907009
2144 5.480469805775845
2145 5.474516124797751
2146 5.554258910567086
2147 5.453099416382106
2148 5.136273774394628
2149 5.029960810547516
2150 5.605834642353825
2151 4.979147830654211
2152 4.670418961427427
2153 4.8949105505810016
2154 4.853958872492522
2155 4.951306206887222
2156 4.720446620115875
2157 4.695603344786231
2158 4.326119975000446
2159 4.269914652132169
2160 3.7674805541620535
2161 4.22673480886941
2162 3.663588728714566
2163 4.687948612811304
2164 5.524235694464785
2165 4.834700449499241
2166 4.741478045871095
2167 4.928016334089565
2168 4.872857209174012
2169 4.451483029590656
2170 4.356035031858334
2171 4.599434777077351
2172 4.564756478110395
2173 4.609691023663887
2174 4.922801576982361
2175 5.257320170322857
2176 4.829712125056761
2177 4.653349742022044
2178 5.772455268915
2179 5.430898938317948
2180 5.631954571782028
2181 5.545732537498206
2182 5.132279058090751
2183 5.095863635661454
2184 5.243547273811895
2185 5.172586587782995
2186 5.32430859528499
2187 5.052727928554547
2188 5.248747978674442
2189 4.881832042819593
2190 5.123295260015036
2191 4.193856058673103
2192 4.741883651593619
2193 4.384884702936294
2194 5.3179806328692845
2195 4.921696363329013
2196 5.033812258509775
2197 4.830629330661873
2198 3.9171092745125637
2199 4.2932115814376735
2200 3.5239025252693956
2201 4.709746105701718
2202 4.754279985119984
2203 4.2250268839224825
2204 4.431510929241663
2205 3.5353594608959984
2206 4.353295620635876
2207 5.733579784303104
2208 5.960143544821832
2209 4.783218196501409
2210 5.176503726119386
2211 5.047105292373702
2212 4.7089630398015805
2213 4.444866594307492
2214 5.032058755457335
2215 4.819722082587987
2216 3.633443938341025
2217 5.560205127312638
2218 4.843035641630916
2219 4.172096533373731
2220 3.8076995456769147
2221 3.9365606297502365
2222 4.594069654830462
2223 4.523789405872513
2224 4.512550059719889
2225 3.6973209018434314
2226 3.495343830196219
2227 4.483450564152787
2228 4.089789147205223
2229 4.924638690541719
2230 5.753444035092543
2231 5.771845746678193
2232 5.712806013797126
2233 5.288630978807825
2234 5.272844309669333
2235 5.642243424090354
2236 5.142079270160406
2237 5.440139690458285
2238 5.885959157254433
2239 4.478986559081505
2240 5.732894944815814
2241 4.898485553812294
2242 4.677800196563641
2243 4.867603000367398
2244 4.61320638303774
2245 4.976165117330858
2246 4.411513041405433
2247 4.742010308358135
2248 4.938185864230866
2249 4.677010531487801
2250 5.317616245595831
2251 5.072074617062808
2252 4.822381351450419
2253 4.566305221879174
2254 4.627897512055057
2255 5.371301408486848
2256 5.765236863685263
2257 4.8232479743499574
2258 4.93173180795637
2259 5.264274954872361
2260 5.279722386491707
2261 5.511579414029433
2262 6.459500864076412
2263 6.088258096417557
2264 4.751138294249273
2265 5.331406539642178
2266 5.053203360233156
2267 5.089013512134115
2268 5.115283476731881
2269 5.401382759231414
2270 5.110395331873766
2271 5.089563300207082
2272 5.39726088333098
2273 5.296225915764282
2274 5.254725298763493
2275 5.223506668972949
2276 5.2658016093812865
2277 4.7906029648679
2278 5.084890139288022
2279 5.224647081642361
2280 5.291867810145849
2281 5.096538669103953
2282 5.277865869518348
2283 5.240910166547836
2284 5.29548823151695
2285 5.498941957002917
2286 5.707693247061278
2287 4.9987368176766465
2288 5.114399610319931
2289 6.053810254750344
2290 5.920494075471652
2291 5.033785792972735
2292 5.840343875690263
2293 5.537436518948787
2294 8.563881673674219
2295 8.255765135419779
2296 5.726361811559063
2297 8.388317761372303
2298 6.206273374026603
2299 7.590540718752606
2300 7.07775667718001
2301 6.685898981699178
2302 7.755503323503509
2303 10.14106130241479
2304 5.6963023354313815
2305 5.928431736551232
2306 5.214444902824119
2307 5.316275135003772
2308 6.345002996205908
2309 5.644382809470932
2310 6.887909242190071
2311 7.394750375103241
2312 7.956443644694793
2313 6.812975345603017
2314 8.058572628202024
2315 7.940794462149694
2316 7.079523591004789
2317 6.663205059370937
2318 7.597707977317452
2319 7.939687973061897
2320 7.986496461683984
2321 8.681211818545325
2322 7.734120001915375
2323 4.86531285753874
2324 5.268950698018728
2325 4.867983092800238
2326 4.590297142181177
2327 5.078643140040544
2328 5.265499267967077
2329 4.666522427952777
2330 5.454682628665931
2331 5.504681749848525
2332 5.211396064499781
2333 5.278447568580838
2334 5.3521697400210515
2335 5.262361760377868
2336 5.865249475245683
2337 5.594627514970317
2338 5.4077867865243885
2339 5.768953922326749
2340 5.025470311874899
2341 4.973753045934372
2342 5.190455866741583
2343 4.666567786961387
2344 5.930554991779057
2345 4.634697667935131
2346 5.662671481135056
2347 5.337382563641247
2348 4.648832015499614
2349 5.420803268706128
2350 5.103534783380714
2351 5.803286709686983
2352 5.586233658017453
2353 5.218214087321531
2354 5.516475307239751
2355 5.697447106733455
2356 6.229641582663548
2357 5.350179870153868
2358 5.350835699397288
2359 5.155514735545485
2360 5.38200517520319
2361 4.829579638400792
2362 4.874341950600312
2363 5.82789491655083
2364 4.4498164868191035
2365 5.284878737001569
2366 4.529656663410796
2367 3.6343520565914322
2368 5.041047646160048
2369 5.607506488009042
2370 5.213102953832848
2371 4.7173454963772805
2372 5.533780468001342
2373 5.9020418126857335
2374 5.34455364565362
2375 5.05749836883843
2376 5.498651858926415
2377 5.371117138444577
2378 4.442524697035572
2379 5.552220517359509
2380 4.315362437069429
2381 4.048533308284465
2382 4.9762218849711
2383 3.9402926647119787
2384 4.788872493183403
2385 4.323671993419761
2386 4.890169730654716
2387 4.816785773647253
2388 5.321321020826545
2389 5.441614807646849
2390 5.355760970846259
2391 5.155591946645718
2392 5.420223578184873
2393 5.840105633891148
2394 5.358108802351076
2395 4.934010955127794
2396 6.927722575631282
2397 6.127257140136108
2398 5.4945361124014145
2399 4.677985093920389
2400 5.128479878927188
2401 5.800450898632287
2402 5.395713192501418
2403 5.605561418008255
2404 5.138504664442511
2405 5.636526482614332
2406 5.493300119851552
2407 5.25857675044452
2408 4.9952099974627835
2409 5.146267053201404
2410 5.662929070190651
2411 4.921991817502736
2412 5.165443498862614
2413 4.805018347032282
2414 4.850717178030255
2415 4.645094045256771
2416 4.716634691022919
2417 5.09103144599485
2418 5.270231173116044
2419 5.116633016240795
2420 4.9849249568052905
2421 5.775842213702581
2422 5.938513721287626
2423 5.886136056930213
2424 5.604742959060567
2425 5.839446054479012
2426 5.246915851739586
2427 5.704568102692459
2428 5.338880671942226
2429 5.357030159365115
2430 5.189432049443506
2431 5.0313072526254015
2432 4.19879834451382
2433 4.335219492214039
2434 5.829504279235384
2435 5.2287971545899605
2436 5.641473296886478
2437 5.013917938687796
2438 6.253135304411818
2439 5.110328100614828
2440 4.874588626197659
2441 5.355755534011039
2442 5.659900833584453
2443 5.782257446141163
2444 5.22087994551163
2445 4.919048898307568
2446 4.781308424569945
2447 5.417064350331607
2448 6.148519152123177
2449 5.685996193679885
2450 5.589067383903906
2451 5.35274457805034
2452 5.0531438927215
2453 5.842772587176121
2454 5.39352290568878
2455 5.58451667135761
2456 4.7277080520389525
2457 5.1559972665337535
2458 5.253465332916779
2459 5.56361079065719
2460 4.390085541887795
2461 5.382012284752637
2462 5.504522370313063
2463 5.475978439912906
2464 4.934048956200287
2465 5.356171760480125
2466 6.331383299623542
2467 5.691174925191478
2468 5.866330204438828
2469 5.394479663358936
2470 5.718697473909863
2471 5.5621264849529215
2472 5.399633739909318
2473 5.267726094917977
2474 5.3940010800608595
2475 4.69776162954601
2476 5.259578762094547
2477 5.116143939246233
2478 4.910479060349724
2479 5.3886745636516515
2480 5.2248145346727375
2481 5.563905449755705
2482 5.723824180630053
2483 5.16814049459768
2484 4.318123558098162
2485 4.82238068982663
2486 4.364296861024947
2487 4.537084016764214
2488 5.0958539168958215
2489 5.247506710083611
2490 5.4744630301221
2491 5.267289150750057
2492 5.676253811574775
2493 5.288247401882231
2494 4.976279866359084
2495 4.765444674963407
2496 4.947489190230903
2497 5.2839157600512205
2498 5.032018066922647
2499 4.2392888689257395
2500 5.428933614622071
2501 4.903080519845375
2502 4.898439988292763
2503 5.02955725115062
2504 4.773390327482846
2505 4.672130309258166
2506 4.842139041586188
2507 4.6558842538102425
2508 4.48957822726618
2509 3.636222625772371
2510 5.106621813987549
2511 5.450066358530879
2512 5.697424105800571
2513 5.281740226073655
2514 5.561402823404178
2515 5.192556231970585
2516 5.315270040982354
2517 4.52402454126631
2518 5.1216253403919145
2519 3.9667470954914585
2520 4.53923679205459
2521 5.1847742088568145
2522 4.892687770417717
2523 5.584980352342641
2524 5.874414887207946
2525 6.837097294697592
2526 7.5759410750509915
2527 6.61241480130515
2528 6.78969178917728
2529 6.619490384200828
2530 5.360456709834988
2531 5.377940042210075
2532 5.382495272409275
2533 5.332665494559885
2534 5.245443195427001
2535 5.70678777074045
2536 5.416735445096008
2537 5.245105350189796
2538 4.792978472639558
2539 5.773217634730235
2540 5.48968733934586
2541 5.406034226750761
2542 5.103589930522185
2543 5.007587850090782
2544 5.277415135592449
2545 4.582851781586982
2546 4.279308820158125
2547 4.575030966400323
2548 4.804049772213468
2549 4.399563708618761
2550 4.971117013411966
2551 5.040309835934322
2552 5.038247697894208
2553 3.834562762826118
2554 5.41869404715888
2555 5.98816416584634
2556 4.558140706421655
2557 5.226708600030518
2558 5.142447277766959
2559 5.132242965692727
2560 4.30017181373003
2561 4.896142118043494
2562 4.874828341081288
2563 4.703969554385142
2564 6.079858631198694
2565 5.076657760695364
2566 4.272302611177978
2567 4.990026377772806
2568 5.12008702219304
2569 4.7450458970676745
2570 4.780951099032717
2571 4.546707058521935
2572 5.378928392479367
2573 5.529781132211337
2574 4.629362191093934
2575 4.696049812768997
2576 5.062345275476997
2577 5.145708768656112
2578 4.983284028763497
2579 4.7218785417357685
2580 4.822806866083131
2581 4.403689743182578
2582 5.31164419463351
2583 4.988096278754183
2584 4.756285715625016
2585 4.838251628514415
2586 4.4726578404806885
2587 4.968333796820689
2588 4.654529860673489
2589 4.9542140586054275
2590 5.392694297691627
2591 5.533004774128991
2592 5.4591470618130185
2593 4.497584737988621
2594 5.613424719812937
2595 4.5952359781746
2596 5.580136438980096
2597 5.268294167131862
2598 5.45476071498871
2599 5.571595342014076
2600 5.413378462831983
2601 4.663099348968922
2602 4.6985105967833345
2603 4.59412333862438
2604 5.323056916961953
2605 4.893800037816653
2606 5.023769090362219
2607 5.201722706587222
2608 4.89930263400422
2609 5.300407852605184
2610 4.918032456833106
2611 6.027442286059968
2612 5.550642024670573
2613 4.564045369169782
2614 4.958317537452513
2615 4.635250413515705
2616 5.230256750251126
2617 4.817122051181304
2618 4.086890848207016
2619 6.402216974253248
2620 5.251384786736472
2621 5.124144322564978
2622 4.6552592453461195
2623 4.794639100624651
2624 4.636062045758185
2625 4.5717124398406135
2626 4.386211533946426
2627 4.296861805030289
2628 5.924624101779017
2629 5.376447585094825
2630 5.195932678416186
2631 5.3497119145817535
2632 5.638680199767306
2633 7.1085891540704935
2634 6.808103251886906
2635 4.539696858076292
2636 4.420791655201912
2637 4.40548313068243
2638 4.78446591353955
2639 6.9349907897169585
2640 7.4198564392146595
2641 8.789579824706713
2642 8.929111001259415
2643 6.554989969933946
2644 6.948744796367681
2645 7.369650989483082
2646 7.277060073141978
2647 6.693666063882181
2648 6.9014401858467815
2649 5.983546478021655
2650 7.051764050712264
2651 6.452870352284877
2652 5.826599545883051
2653 6.371072432761472
2654 5.849453047266946
2655 4.7286999138002495
2656 4.633058159074827
2657 5.656741416197484
2658 9.40838781737041
2659 6.458426234584637
2660 6.922872427215717
2661 6.934327204609388
2662 6.4039459128316985
2663 5.264683694789746
2664 4.585153671237935
2665 3.570061727898645
2666 4.676325186366883
2667 4.947049322129335
2668 7.3270093985686655
2669 6.208435328577547
2670 7.203107008987029
2671 7.190502081311603
2672 5.664683820450608
2673 6.38471395522645
2674 6.263275801619354
2675 5.842961624060933
2676 6.668968435470446
2677 6.0055405363841645
2678 5.490678964689524
2679 4.7288086017795115
2680 5.947717770557651
2681 5.012834894050315
2682 5.045365459878417
2683 4.8957193608650345
2684 4.800391745477461
2685 7.658134223271223
2686 6.548478184154786
2687 7.257777148036783
2688 5.556971554846013
2689 5.68501721503549
2690 7.041367999595769
2691 5.337310260057029
2692 6.8343261589752595
2693 6.06789845670967
2694 7.603570672431762
2695 5.376164114718508
2696 5.937813616977874
2697 6.741977474014141
2698 6.280996911685561
2699 7.259347963717896
2700 7.853793729923121
2701 9.088740433570907
2702 12.433150148375699
2703 11.14727958398543
2704 10.66011129639855
2705 10.771561029448181
2706 11.665558420379348
2707 10.56222920484907
2708 10.002453849474918
2709 11.629782340327244
2710 11.5050272119408
2711 11.082478030145671
2712 10.050356665513094
2713 10.35963446594858
2714 11.270565305341167
2715 12.42442121310207
2716 11.939697923658798
2717 12.563513815834227
2718 10.525122729241994
2719 11.266720426316965
2720 11.364543189400509
2721 11.296490456776398
2722 11.230982397629822
2723 10.82139184824498
2724 10.939081289085463
2725 12.350780445103606
2726 12.514321374847885
2727 10.818790615845366
2728 11.473854329089164
2729 10.343023478076383
2730 10.229674428495633
2731 11.63379569188063
2732 11.594596620085062
2733 11.991205010906622
2734 12.660750412117563
2735 12.09173292224401
2736 12.294407642642884
2737 11.621375957842067
2738 10.769032798984762
2739 13.406640526038375
2740 11.785401561567344
2741 11.609048651231845
2742 12.218733238206774
2743 11.172852971837045
2744 10.533191614921519
2745 9.690117895080949
2746 9.82367665518055
2747 10.845214192733403
2748 9.64157384735458
2749 11.602497658346968
2750 12.209702449613458
2751 11.784266105009717
2752 10.241011073520637
2753 10.605752301545332
2754 12.24878746010861
2755 11.385697794335798
2756 11.690216175493761
2757 11.180120389970641
2758 10.544173060735014
2759 12.128614877237458
2760 10.483152968135814
2761 9.047002606809672
2762 8.627883402538373
2763 8.641269473398266
2764 11.393038113786345
2765 11.31317605112251
2766 10.524078186261994
2767 11.207510144861613
2768 11.217556637817978
2769 11.101408855762001
2770 8.459387351324319
2771 10.579428396883372
2772 12.522844352231779
2773 12.237669926931279
2774 11.332014494117896
2775 10.200873694458062
2776 11.42469674353626
2777 10.152253874215235
2778 10.566132491255408
2779 11.05571752158303
2780 12.458699705448105
2781 14.522480522217924
2782 12.459950495664875
2783 12.349700577231516
2784 11.755312518821713
2785 12.89002481699379
2786 10.958525743670343
2787 11.713976488785741
2788 11.280481108225935
2789 12.995962399186185
2790 12.225635424493612
2791 12.061679898765805
2792 12.421927362068683
2793 11.650880113093491
2794 12.395429725109585
2795 11.948493713319184
2796 10.322570282284088
2797 10.593507779485481
2798 11.26410617978898
2799 9.565276902254455
2800 9.815713256013535
2801 13.0217295865261
2802 13.561547597159155
2803 13.531518624306804
2804 13.164033434745061
2805 12.945119419013254
2806 14.621518736257485
2807 13.797382758476706
2808 13.26173903602592
2809 11.896258534020506
2810 12.507087500219892
2811 11.259536989768428
2812 12.78903750361504
2813 9.806372214729837
2814 9.01562418998175
2815 11.54490311520556
2816 9.074795936330526
2817 11.02749408605153
2818 13.056605088477971
2819 12.759183848120724
2820 12.784443832255647
2821 11.811774176881912
2822 13.524444511754481
2823 12.367735922133877
2824 10.906748785031906
2825 12.694665722467112
2826 13.043853403441068
2827 14.146917127598236
2828 12.396776363597045
2829 14.807945111175135
2830 13.379534536001046
2831 13.019311599230855
2832 12.441456974668645
2833 12.219576527116532
2834 13.86307039312009
2835 13.906639465942044
2836 12.69480410544885
2837 14.144495612410935
2838 10.600478788830099
2839 14.13908388027088
2840 15.410016628114162
2841 17.035698834264736
2842 16.268484759919037
2843 16.031666942983623
2844 16.31927556346876
2845 14.912253912815123
2846 13.49004179114807
2847 15.772449517296117
2848 15.179693361338126
2849 15.997637885921895
2850 19.526240911579837
2851 18.531873160980727
2852 12.780807948834992
2853 17.21864069249147
2854 21.26019227020811
2855 19.982667246625564
2856 23.024624270147726
2857 19.910697444270877
2858 22.152667899254425
2859 22.545902333801877
2860 20.250858829778302
2861 18.856821278953714
2862 18.227484427534538
2863 19.579953025551788
2864 20.489826276723385
2865 19.980473050923294
2866 20.69087966037259
2867 22.005400947676343
2868 23.73816901771586
2869 21.76064868843686
2870 21.97688431439079
2871 15.142270108336437
2872 19.489465564981412
2873 21.9135563280604
2874 22.975363879688885
2875 22.226290291131722
2876 21.546904277522824
2877 22.471391316433326
2878 21.528111500073724
2879 19.200544087652784
2880 21.093368362433655
2881 20.437067398918067
2882 19.80795325122148
2883 20.989876821302506
2884 21.3204206823824
2885 20.10923245073504
2886 21.298477058590365
2887 23.012342129858325
2888 20.095618141502673
2889 21.10596547253636
2890 19.85281017569018
2891 22.395665518397543
2892 21.79576260392417
2893 19.730942929721767
2894 20.657341154347655
2895 22.113087239284955
2896 21.271067770203658
2897 21.067817116355805
2898 22.118971964865985
2899 21.151562141896925
2900 19.691447829357365
2901 20.828931070958344
2902 20.65860661596749
2903 22.095358711848213
2904 21.58029421007478
2905 22.361367827668616
2906 22.555847708404833
2907 23.4090957455885
2908 23.06637737416226
2909 21.592095807943867
2910 20.288023683982736
2911 24.106932778171654
2912 21.439162885210113
2913 19.518083140029518
2914 23.148203298100842
2915 22.595082790479882
2916 21.87260963969768
2917 22.13799557290704
2918 21.209433768996657
2919 23.71479574535132
2920 24.162625591776344
2921 24.566577498311247
2922 23.087249060541623
2923 22.632909007497766
2924 25.776742484511573
2925 20.23852679986636
2926 20.683151687321065
2927 18.169895458521623
2928 19.78901744413914
2929 9.480545636506506
2930 11.878685396717218
2931 16.488885931692472
2932 18.382202990970015
2933 14.771577477337088
2934 18.307052572751445
2935 18.82009373822997
2936 19.06468042969948
2937 18.251621581559917
2938 17.411435939026266
2939 15.48317844042295
2940 16.480436225229152
2941 18.364463363854703
2942 19.943982305453364
2943 19.266143317079177
2944 16.81823771939219
2945 18.79443119594005
2946 18.969049977035148
2947 18.61890059760579
2948 18.505497085587457
2949 18.250497937077107
2950 13.960389434717149
2951 14.7976084911141
2952 10.87397816756632
2953 17.00476948618617
2954 22.184509609564074
2955 22.104642177156755
2956 20.450012536454036
2957 21.350575027268157
2958 17.24172734849527
2959 17.874605178250004
2960 18.30505896927039
2961 22.761568556974876
2962 23.260849788294
2963 23.63073802407435
2964 23.147774129947344
2965 23.903629580905594
2966 22.60821549808583
2967 25.133951247923427
2968 23.041398011287516
2969 18.10160531519954
2970 20.77282527906292
2971 23.401321418131328
2972 23.76889588355902
2973 23.719440561167506
2974 24.664523799436317
2975 21.579092028646688
2976 24.067252064879842
2977 24.64549806506027
2978 23.095915802932595
2979 22.78142798666534
2980 24.613962946466263
2981 23.77929902932595
2982 22.587253940647688
2983 23.042656014622732
2984 19.799602596225647
2985 20.590037883709773
2986 24.841587184441615
2987 25.069301575533405
2988 24.857235610723873
2989 24.444369441276205
2990 25.732534583482117
2991 24.539851445913303
2992 24.862638843240216
2993 18.730437862942782
2994 24.405705908892227
2995 24.957028561908743
2996 26.448802739529263
2997 25.91167965667321
2998 24.93941251709943
2999 26.583314519566095
3000 26.36891424131933
3001 25.819874077807427
3002 26.890062976620307
3003 23.89963224145675
3004 21.27491704510039
3005 18.62116570746053
3006 15.924768225597035
3007 17.168894094002496
3008 16.416409958643808
3009 14.215806776802117
3010 15.724715623768267
3011 14.146420620200107
3012 13.579544802247037
3013 13.167216109881979
3014 13.78633141630871
3015 11.892746671982756
3016 12.269129219713124
3017 11.631215919310332
3018 12.81199510009696
3019 15.970788393674134
3020 10.391944632781316
3021 11.797222107052711
3022 11.999486801300707
3023 13.262443837301054
3024 13.405187505702774
3025 12.31388781811347
3026 11.819538787907527
3027 12.187072496634888
3028 9.047972939520575
3029 8.629094844395455
3030 7.1018290684144345
3031 8.944689175545282
3032 8.908944007300386
3033 9.58884590134289
3034 7.501819011694899
3035 8.592291149436175
3036 12.12456624911921
3037 11.23130042274176
3038 11.302728461287108
3039 9.633827305429561
3040 14.466349235559134
3041 17.46792249602771
3042 21.351367295951565
3043 20.459721228378115
3044 12.796320359146442
3045 13.789832627165294
3046 17.26287292342844
3047 15.443575770101527
3048 16.882737127827696
3049 14.791046800693335
3050 17.12405568957903
3051 16.42078732451139
3052 13.241580284177186
3053 14.248399916270266
3054 15.36232221136024
3055 13.375837770610856
3056 18.795827377633817
3057 19.975275247258526
3058 19.564412831271046
3059 18.797392984018437
3060 17.759422744959902
3061 16.174605896667707
3062 15.533699226548672
3063 19.010516992771446
3064 17.1344098308153
3065 16.674253965515756
3066 19.17000460963467
3067 18.752903436662407
3068 19.581769969223185
3069 18.304801731785087
3070 18.644089314856213
3071 19.09520264866962
3072 18.255908278954905
3073 17.555785317149294
3074 17.2272489352679
3075 18.259610171467106
3076 17.64176106492028
3077 17.764894214921796
3078 13.607309314431443
3079 13.519126133078778
3080 16.76291056003697
3081 16.39841158427256
3082 16.303013718763033
3083 16.184306455314378
3084 17.26252251364993
3085 18.774409965499498
3086 15.210771216232128
3087 18.68978830592217
3088 16.161774951035188
3089 19.868964994840656
3090 16.230336237707455
3091 16.671835775183492
3092 15.606448764699866
3093 19.977382625636693
3094 16.088682703089628
3095 19.723928756113764
3096 19.67850085650563
3097 20.567664970459827
3098 20.48711934354404
3099 21.132655274841248
3100 21.313956611540103
3101 19.637240221624587
3102 20.074026847997
3103 20.633836627146355
3104 21.940572561897955
3105 20.904634609866324
3106 22.626717657521546
3107 20.906307881319975
3108 22.304271798680297
3109 23.786353071153236
3110 21.14561304729573
3111 22.685362696736462
3112 22.7572106345308
3113 23.911600526843905
3114 21.60205567305536
3115 21.841126848502025
3116 24.637515380426095
3117 23.97419080324674
3118 23.091939538553852
3119 21.85485423091736
3120 22.73379999742764
3121 21.467490325922284
3122 21.19667520399
3123 22.51279592912901
3124 22.221177178731406
3125 20.958286116034117
3126 20.262020068821204
3127 22.1760749889772
3128 21.746663112412154
3129 23.22452670078571
3130 20.844563458092647
3131 20.98086520452088
3132 20.72803696811015
3133 19.599303139581913
3134 18.92151206162389
3135 21.737520048162512
3136 20.87301141775826
3137 20.818728086702162
3138 22.14595138246105
3139 22.038308870717938
3140 23.16801004787476
3141 23.22992069554419
3142 23.734274152156864
3143 22.150116977840234
3144 22.10036993015988
3145 19.59782480649436
3146 20.2938442791173
3147 20.4281227924266
3148 21.73509206952023
3149 22.401727706699393
3150 22.987189846053482
3151 22.35982072792675
3152 20.9418940506039
3153 20.763612600230907
3154 20.244439553465593
3155 20.93176979657071
3156 22.607301122787895
3157 22.90288916303991
3158 23.02874951385312
3159 22.67009546402043
3160 21.26945542370652
3161 22.84768207918919
3162 22.90501106833423
3163 23.459072728674144
3164 22.896061900653454
3165 21.52776793430501
3166 23.77303530130742
3167 20.99077129341186
3168 23.73971848202906
3169 22.8278020674828
3170 21.102014853654676
3171 21.512330330109002
3172 22.409877523064704
3173 21.675920144304634
3174 20.379296597292978
3175 20.951460647541303
3176 22.583550591957113
3177 22.521646386195865
3178 22.39486328226389
3179 22.679368418087165
3180 23.83416342296119
3181 23.48453886876076
3182 24.721862795187867
3183 24.443689119894415
3184 22.509083041983885
3185 23.018426336562342
3186 23.473789728820545
3187 22.828946831465416
3188 23.640006941620214
3189 24.230449494065887
3190 22.979984134240954
3191 24.189435211883684
3192 24.868543184973497
3193 24.161741737463334
3194 24.951286101379555
3195 22.712845169297374
3196 23.554585793664167
3197 24.906684299166248
3198 24.75165237293181
3199 24.242981279555437
3200 22.845671350874042
3201 24.22906964967799
3202 24.492521190910708
3203 22.340022386935185
3204 22.178086709346687
3205 23.09912239832179
3206 23.104741975111576
3207 23.382853481398485
3208 23.24283918683398
3209 22.168747137078565
3210 22.001446913113156
3211 22.90802079835023
3212 22.446389257139675
3213 21.94629852965728
3214 21.664570952128663
3215 22.708274012314433
3216 22.544633448623276
3217 23.765769536589637
3218 21.07237841608422
3219 21.82619215253607
3220 22.38048930610837
3221 22.146245754444763
3222 23.47763450264772
3223 21.674251367439634
3224 23.54878291263241
3225 23.146014318256217
3226 22.147698483110585
3227 21.044462174649407
3228 22.958896035028143
3229 22.95751670155142
3230 21.23881847206083
3231 23.923274510009346
3232 23.158384255298106
3233 24.185326087809276
3234 24.651111082590447
3235 24.087913128765894
3236 23.91378918121412
3237 25.03956738570683
3238 25.33445993893271
3239 24.900726845853832
3240 23.722586646608306
3241 24.000494851481292
3242 24.505744502402386
3243 21.841642764284757
3244 23.793831826601508
3245 23.09098064644919
3246 23.921916970209057
3247 23.194903627736796
3248 24.587198398402812
3249 25.44798865947595
3250 24.394800513176765
3251 23.4646974194822
3252 21.654243587442533
3253 23.53360358506851
3254 22.6615561578056
3255 20.485595955312977
3256 21.810571345457813
3257 22.920685469215137
3258 22.525191837015996
3259 22.851151705443936
3260 23.23207698895521
3261 23.055410787496566
3262 23.52906760778093
3263 24.845705216522727
3264 22.43594909197725
3265 23.277866387470738
3266 22.48860918404813
3267 22.579774665892778
3268 23.85509031414279
3269 23.27352747647503
3270 26.167266361429085
3271 22.86874738191205
3272 21.249416003437908
3273 22.135976361598214
3274 21.255975775978932
3275 24.217894701065198
3276 22.737379027261422
3277 23.779900496766498
3278 24.202945306414087
3279 23.857917236212376
3280 24.038904752109524
3281 22.2618041414964
3282 20.979828963479395
3283 22.776678598699654
3284 21.17119640301456
3285 21.781120808595016
3286 21.89548263683512
3287 22.18415331246569
3288 22.327219616632597
3289 23.697235825509416
3290 22.4577141444917
3291 23.654988327911347
3292 22.700209122354796
3293 21.24065815816649
3294 20.4530827933213
3295 21.011117048859898
3296 20.693878365808494
3297 22.071470391847875
3298 22.182235993144282
3299 20.011156896866495
3300 19.2193277056084
3301 19.511601781120095
3302 19.725698039848368
3303 20.194188887158024
3304 19.49895796964475
3305 18.211049426791348
3306 19.310606808334352
3307 19.20968019647366
3308 18.497593233173298
3309 20.593357353966365
3310 20.31216930305041
3311 20.09976496962391
3312 20.535973540463104
3313 18.977373116645268
3314 18.86835205734172
3315 18.95062780156722
3316 19.278942242928427
3317 21.028496674064147
3318 20.04668626954189
3319 17.178181902571133
3320 18.86214406776242
3321 18.737240256191
3322 19.205855402096237
3323 18.45123930972764
3324 18.959181017350016
3325 20.250453758449755
3326 19.629697813798767
3327 19.31814370211601
3328 18.21039606651533
3329 18.34375974840465
3330 19.919912591919218
3331 21.343493838255476
3332 18.33189159333448
3333 20.143239087413136
3334 20.641010686837554
3335 20.40824260698667
3336 20.489480095668235
3337 21.45920535490907
3338 18.615919362659536
3339 20.05699554121019
3340 20.756708102005348
3341 21.891253108462095
3342 21.482013062569
3343 21.669443271952478
3344 22.211571576484598
3345 22.518080848850364
3346 22.599503726473166
3347 20.444882357798868
3348 20.508060276925946
3349 22.04214207647222
3350 20.301569832674883
3351 21.91714956013107
3352 18.152274352650885
3353 19.27304511604552
3354 19.074116713688984
3355 19.278729924120633
3356 23.96638022485697
3357 23.284154372766384
3358 22.096314615029858
3359 22.981142436914027
3360 20.547883660410395
3361 20.224568490423255
3362 21.73500467269278
3363 22.113516615526073
3364 20.98373757481624
3365 23.24872860539528
3366 22.24863540202501
3367 23.084677363491313
3368 23.19965412132083
3369 23.820080168596157
3370 20.16372636885471
3371 23.121441930666247
3372 22.997436258150557
3373 20.775485672435327
3374 19.85027374463252
3375 18.838688487388936
3376 20.10664057760753
3377 19.7399447640353
3378 20.51288313503996
3379 18.809179052015452
3380 17.79421399662882
3381 17.429957823011488
3382 20.659512826691657
3383 20.486439366089872
3384 20.739759750226998
3385 20.46293662075561
3386 19.61001333256782
3387 19.95989632933311
3388 19.271533110189967
3389 21.22192092096508
3390 20.307046413933406
3391 20.968612335239808
3392 21.712723716765602
3393 23.991128652851994
3394 23.967004044689123
3395 23.480120853977457
3396 24.97256331975622
3397 22.98222053762157
3398 20.415434010433735
3399 19.82011700300342
3400 22.114760899141167
3401 19.722550144082746
3402 21.720082614805253
3403 22.103780632843343
3404 21.939055278056227
3405 22.623626204353457
3406 21.2620625359746
3407 20.96002461919854
3408 21.931912945185815
3409 22.969130791979527
3410 22.52659410031343
3411 20.51814986159295
3412 22.464548479710828
3413 23.14712106996321
3414 22.326542228716566
3415 23.63618839330903
3416 23.92113161402264
3417 22.502535395921903
3418 18.52831234604048
3419 19.3306468486766
3420 21.84084955750271
3421 20.72603943787684
3422 20.965537868437004
3423 21.025788651961523
3424 24.003427332427016
3425 22.988152528846456
3426 20.59558275243787
3427 22.10636987741667
3428 18.79322724908784
3429 19.353044882448252
3430 19.576609159351612
3431 20.014813982719417
3432 21.842982534483042
3433 17.75832273433395
3434 19.299763020063995
3435 19.88401061837107
3436 18.701298106543856
3437 21.905132896859293
3438 22.35755798646434
3439 22.493367397996796
3440 20.64079565802867
3441 20.397672654105612
3442 22.305588380997694
3443 22.673098445208378
3444 22.17948185232129
3445 20.95521644314939
3446 21.78311769784751
3447 23.456198655278154
3448 21.0189741868325
3449 21.33769579641761
3450 21.95686907786518
3451 19.606209888210138
3452 19.81102029406064
3453 21.66297410019922
3454 20.652226330097147
3455 20.206054991716734
3456 19.80675578042311
3457 19.738040857617452
3458 21.137268477119328
3459 19.680880969578116
3460 20.920372522404428
3461 23.752067549811166
3462 22.351873307204553
3463 22.53379822940655
3464 25.629838745708362
3465 21.490066350494967
3466 22.369676926132197
3467 21.304755673050373
3468 22.56993626739095
3469 23.092791908884312
3470 20.84975648879612
3471 22.019242334869638
3472 23.981873536085693
3473 26.087487308837368
3474 26.542957839520216
3475 24.338410294464992
3476 23.357082324389577
3477 24.012348782813365
3478 22.568437465249325
3479 18.570744111619284
3480 18.134796069072273
3481 19.520188049990608
3482 20.673577890625364
3483 19.400477869264915
3484 16.2428769752239
3485 18.47795981106477
3486 21.57621888884749
3487 19.692758577266147
3488 19.42522351283586
3489 20.480237215353814
3490 21.897776583465006
3491 21.552028547220107
3492 20.01162013314942
3493 20.78085575629189
3494 22.55160389841831
3495 22.626239850581495
3496 22.5201985679752
3497 23.049283844785972
3498 22.83061284957546
3499 21.029222384746586
3500 21.18068057201866
3501 22.464771107217917
3502 21.818439985010915
3503 21.68039895552918
3504 23.647375181131682
3505 23.28893753439052
3506 23.427745084343776
3507 23.107808883570264
3508 22.491536213271694
3509 23.255675932486028
3510 23.0570765693667
3511 23.226588900809094
3512 23.567517102886516
3513 21.894963400202275
3514 20.599547199643666
3515 21.790724711733642
3516 23.660358401637748
3517 20.99945578445834
3518 23.885580321144325
3519 23.43657977005335
3520 22.981711217650087
3521 23.48657424257302
3522 22.60825362124265
3523 24.22589367249553
3524 21.312649836738537
3525 22.330179546299515
3526 22.059259136139364
3527 23.20579724274525
3528 24.209399728815598
3529 20.40243540587838
3530 20.334691629391596
3531 19.61089087089455
3532 21.466664500663953
3533 22.062072131591634
3534 19.177890180355
3535 18.143713318276177
3536 24.204471385773957
3537 21.238045317512185
3538 23.222050028622455
3539 23.87383530190364
3540 20.590838387659254
3541 22.55574857423126
3542 20.986546336116433
3543 22.575227420206826
3544 20.858345273478303
3545 19.846980421418706
3546 21.50886387164267
3547 20.189779292389268
3548 22.16072312160217
3549 19.852205760868237
3550 19.564155458842837
3551 21.13949555176986
3552 20.73092999305836
3553 24.198645280988433
3554 23.33269859694754
3555 21.87092168351101
3556 24.751283468365514
3557 24.386138565740797
3558 21.983109092574047
3559 22.63923371059544
3560 25.592448970338204
3561 22.806830466422532
3562 18.866402512785193
3563 22.449183308383358
3564 22.66460193499197
3565 20.598234902178625
3566 23.698813817598147
3567 23.33095968752466
3568 22.99538290821227
3569 22.72615707473642
3570 20.752394901989568
3571 20.81446989287689
3572 22.99157157467863
3573 25.087979522729672
3574 24.793152652023476
3575 28.711025939569463
3576 27.953022287271207
3577 28.50252979331641
3578 28.234296223941783
3579 27.851273810631724
3580 24.552415740268252
3581 28.74462489835196
3582 26.53336808725116
3583 25.664246927018777
3584 23.114613218246546
3585 24.875776667600533
3586 25.818862222267775
3587 26.328177809146073
3588 25.361573971844837
3589 24.552078190001108
3590 23.109311951613954
3591 24.622250125054478
3592 23.538148985035363
3593 24.056083003619094
3594 22.72707664920419
3595 23.219441208438457
3596 23.057062507788086
3597 21.28799317469368
3598 24.14275291706272
3599 23.003212853975118
3600 22.454747514853754
3601 23.66678616403278
3602 21.555849768753713
3603 22.38830468190091
3604 22.400000624862038
3605 22.94083461896185
3606 24.188752822236353
3607 23.488339697187307
3608 22.330122263497877
3609 20.3721590667789
3610 23.746911570111866
3611 21.971883525859123
3612 22.053615572106942
3613 22.894155778119206
3614 21.18973891007128
3615 21.792117503455962
3616 23.781011262635452
3617 21.324049143732836
3618 23.390637875064144
3619 22.04984103038785
3620 22.26835978147655
3621 26.52424282165002
3622 24.507147682784744
3623 23.064705785815377
3624 21.02872333237897
3625 21.528789948773397
3626 22.713074168028097
3627 22.306750219037262
3628 24.061135319903446
3629 23.944530880456753
3630 22.565700902621472
3631 23.019508224259308
3632 22.777431279377893
3633 22.852652200115067
3634 25.170661625554043
3635 22.02909229398304
3636 24.32452828230454
3637 23.3952408907223
3638 23.864431709191052
3639 24.179603170857277
3640 22.339746869190837
3641 23.892741093527885
3642 23.43351370644528
3643 24.008016686688627
3644 21.828248244707
3645 21.87196786574895
3646 23.155636085468885
3647 22.634795578426754
3648 21.402518981420044
3649 21.010245893693693
3650 23.91130990403928
3651 22.769674895877063
3652 23.02016392504889
3653 21.750573769063507
3654 21.8565360725766
3655 21.258826681867486
3656 23.65344911360351
3657 24.572318296755864
3658 24.75868898861973
3659 22.68271502470054
3660 22.440210030404426
3661 23.919701178225132
3662 20.826328553612605
3663 21.018483711164468
3664 22.618246968656788
3665 23.511748224031816
3666 21.317865917010067
3667 22.088057645796106
3668 21.869750751459705
3669 20.48888235698104
3670 22.018033675042098
3671 20.272271158800784
3672 20.01487105001336
3673 19.897498143679478
3674 19.200475065831185
3675 22.549198476212695
3676 21.948951007919902
3677 22.749568620891157
3678 22.53489439742323
3679 20.302103071143467
3680 18.63402536130747
3681 19.128769983609946
3682 18.39180322183847
3683 21.013195223446072
3684 20.078558188726344
3685 20.65127033920687
3686 17.776971264690335
3687 18.524407563202924
3688 20.32178782719486
3689 20.514042224993766
3690 19.986842685526426
3691 21.473018991958888
3692 20.814429348362513
3693 19.235900983064262
3694 19.777356398284713
3695 20.571970889373777
3696 18.64506825736452
3697 18.44417391558341
3698 21.75433379296325
3699 20.15606279641726
3700 22.891741574330847
3701 21.11072368012121
3702 23.38031623006672
3703 23.01689014517443
3704 21.55781863630434
3705 21.614204660363633
3706 22.52108074234428
3707 22.38202391444623
3708 22.33304153580237
3709 20.460599798771415
3710 21.050931320392586
3711 20.25701596155146
3712 20.048782049920824
3713 18.93911692670443
3714 19.254747283712476
3715 20.624932594144298
3716 21.538535797454422
3717 20.356830851358573
3718 20.789909153348066
3719 18.917278960378948
3720 19.47378208787942
3721 19.844517516684537
3722 22.737756196764764
3723 21.237626379939325
3724 21.542549376162015
3725 22.16186391937732
3726 23.02213034323312
3727 21.031296132878904
3728 21.05848374363602
3729 20.646592433029884
3730 20.086346185313076
3731 20.13538714589796
3732 20.21089437477525
3733 19.214807136992636
3734 19.606605746678515
3735 19.172483705940124
3736 18.830886979896995
3737 19.321947111417767
3738 17.40641036594636
3739 18.584401995029314
3740 20.28318910537611
3741 22.82016432185677
3742 21.591334998452652
3743 21.669816939741366
3744 21.914866351122114
3745 19.394774708400494
3746 20.74161162902811
3747 21.375452088796585
3748 22.98886738290787
3749 19.72452626128289
3750 23.750027226226877
3751 24.397354974747017
3752 23.38218614974372
3753 25.30587390529773
3754 23.918583668207297
3755 21.124253078608717
3756 23.30496697047823
3757 22.596395976903803
3758 21.791536976291912
3759 19.901409378942287
3760 22.821010446336228
3761 22.050426059476383
3762 19.656972787820997
3763 20.78121041254172
3764 23.499189149804597
3765 23.720887391474317
3766 23.117981850807418
3767 22.340016455172908
3768 22.529155640814114
3769 23.89280891879013
3770 22.874097997139852
3771 22.847017960904992
3772 20.11347848840932
3773 22.430072114364144
3774 22.021544390197036
3775 20.852560300981015
3776 23.563033658427287
3777 22.79375758867592
3778 22.64312491994479
3779 23.46220632242092
3780 22.316347701711543
3781 24.44180308026554
3782 23.35271815768878
3783 24.208958547852436
3784 22.703160076714102
3785 21.033113627033764
3786 23.465777994034717
3787 20.137777849210185
3788 21.76948358514789
3789 21.753338519974974
3790 20.659726323460255
3791 18.723839465288886
3792 20.9448926262242
3793 20.30174388036036
3794 22.69538252355946
3795 22.274099079483495
3796 21.231598702539006
3797 19.98425361634948
3798 20.746422725426747
3799 20.203058651648277
3800 20.988017292351813
3801 19.505690079339587
3802 21.4948703649268
3803 24.269011721050923
3804 20.410426773327643
3805 20.1131261567113
3806 22.384652298815734
3807 19.760260039560958
3808 22.082196631425983
3809 23.16367000253889
3810 21.73656579028597
3811 21.327637023092713
3812 21.374069110646552
3813 21.261648118956273
3814 24.107237613735357
3815 23.699897185413214
3816 24.098835642821527
3817 24.590850138015576
3818 23.785434270250796
3819 22.392511520221248
3820 23.302629845205516
3821 21.770686299097655
3822 21.388472937693262
3823 23.96028534029939
3824 25.036892610494217
3825 22.690290679751083
3826 25.109817622537147
3827 23.907607363682054
3828 22.47146821804389
3829 24.257858847268043
3830 23.747743342111516
3831 24.563879729137795
3832 21.48232058267176
3833 23.731596463818978
3834 23.605432843049208
3835 23.871254087440963
3836 23.763884820375285
3837 25.385832872778384
3838 25.892885908562622
3839 24.203161400221838
3840 21.993715427954204
3841 23.732100632998048
3842 19.198793042554293
3843 22.160176979144573
3844 20.1068102135024
3845 19.46812334974625
3846 22.050896808405522
3847 22.34490325995705
3848 22.875438470559214
3849 24.60284002779008
3850 23.098911940543047
3851 19.706948808673285
3852 19.384967577427886
3853 20.526315099926222
3854 19.654441245674192
3855 20.530942334949497
3856 19.664095506933855
3857 19.785000287206877
3858 21.62683727532739
3859 21.102875286228556
3860 20.73205765375176
3861 19.615263596906477
3862 20.02619558884514
3863 18.549647431018933
3864 18.4123745019266
3865 21.05664254895945
3866 23.21239967350088
3867 23.721301479821193
3868 24.75027813114736
3869 23.391201280504838
3870 23.289419126167992
3871 24.949087836861825
3872 23.987564791070174
3873 26.467368552305103
3874 25.051650272916408
3875 21.7189642821903
3876 23.855739244286273
3877 25.253954494709404
3878 24.974575255578323
3879 22.045489701534418
3880 21.679429380573374
3881 19.701488407743575
3882 22.794778886725705
3883 23.36224814936643
3884 18.78552279827575
3885 19.255242924891245
3886 18.684163732355042
3887 25.025247969672854
3888 25.21214848951978
3889 23.380640640293482
3890 26.670638240047897
3891 26.69650539288569
3892 26.38587468620245
3893 26.794577918753426
3894 25.06288485734438
3895 25.868977020528636
3896 28.117212757004804
3897 27.50960485909077
3898 26.895606308964837
3899 26.974765775920677
3900 26.209397782879673
3901 24.388395272047763
3902 23.80199543090757
3903 20.86878824460907
3904 21.280628397455132
3905 21.097780803900605
3906 21.883034554439007
3907 23.609254759192872
3908 24.44425636706994
3909 25.103081681340246
3910 25.804623929814237
3911 25.513064988922487
3912 22.97797354094055
3913 25.925834880987242
3914 26.1002003916809
3915 24.570602332850186
3916 25.16774251811774
3917 22.802870117436694
3918 26.854330089696685
3919 26.76273769989034
3920 25.037487739642067
3921 25.332044381623643
3922 26.727873108171966
3923 26.864774453478546
3924 27.811532201276552
3925 25.830158431971064
3926 26.14114965057458
3927 25.811834093898025
3928 25.86001392744807
3929 25.60515772956747
3930 25.47005877227084
3931 28.473818843763937
3932 24.937654816280016
3933 24.81671302387766
3934 24.649833912938202
3935 25.98939728064842
3936 23.874799600739046
3937 22.399248554637236
3938 23.736821104992146
3939 28.148256199112634
3940 26.97807727622197
3941 27.95016775481511
3942 26.96381635787453
3943 24.369330490302463
3944 26.67182028635866
3945 25.059581826506033
3946 24.811393223506375
3947 26.209164941461307
3948 24.501410492447405
3949 23.424010075680624
3950 23.304439456422507
3951 23.48891779849878
3952 21.988959163859768
3953 23.126939996025296
3954 26.740355556467883
3955 23.450252853627305
3956 21.683602294982094
3957 24.1952148325175
3958 23.179775620991922
3959 25.906537318408716
3960 20.50814563903688
3961 22.43365433515693
3962 23.03510826789291
3963 22.362270227421202
3964 23.250773542766378
3965 23.21231745013099
3966 22.33198694804567
3967 21.986833668028446
3968 23.889230736044418
3969 23.15026718005249
3970 23.171718718326606
3971 23.4606695609399
3972 22.554987890318476
3973 22.87410943877911
3974 21.903027211519
3975 22.602846910608765
3976 21.673417501264048
3977 24.008167996753897
3978 24.578077685999457
3979 19.723153008884108
3980 21.765631587661765
3981 23.533952058146973
3982 20.94532887098538
3983 24.829104485406113
3984 22.263739557507265
3985 22.021720757188458
3986 21.45984506129855
3987 23.814818672356875
3988 20.755994583374708
3989 23.137371243820887
3990 25.1260446726589
3991 23.277899520081252
3992 25.15585493703119
3993 26.545000681745638
3994 26.81521007853251
3995 25.352744408784478
3996 23.797836365774995
3997 20.484106761408533
3998 25.241132890453972
3999 29.12512456221938
4000 25.055774470480667
4001 30.41058732142816
