0 24.68487004836854
1 18.16804188424413
2 18.570872168450464
3 16.258390719648563
4 17.746592057894755
5 16.190549793203598
6 15.461476199550459
7 13.40111756473312
8 13.834788319161976
9 14.058886458800828
10 13.439310575925198
11 12.202361057635148
12 14.190987211840694
13 14.160085428111163
14 15.247339219203663
15 14.68238118819237
16 17.051341359466292
17 20.13886871286011
18 19.94492489127247
19 19.07828029272093
20 22.49505162749105
21 20.214013312049456
22 21.24389783924131
23 25.003773609545835
24 19.384678849538698
25 22.30371122165749
26 22.371801893969938
27 26.201959691293027
28 25.365523852071608
29 25.114518908283333
30 28.394154786624075
31 29.448381883141163
32 35.201559157434886
33 31.959182202233098
34 29.295654041590584
35 35.28440968196386
36 36.263115156067606
37 38.158222299770244
38 33.47067439974721
39 31.527999645918072
40 31.100438777269446
41 31.265627064958736
42 28.709280147636672
43 30.478675617722352
44 31.732707137824924
45 25.852155627364056
46 23.29486547834067
47 26.511160601318466
48 24.704205574861646
49 27.27147372760653
50 26.466326252238407
51 25.189723398675437
52 24.673895614476326
53 22.88727917954059
54 28.391212985364152
55 29.855462805272733
56 36.628014870646545
57 34.9498092103488
58 36.87384347309598
59 37.8903247540861
60 38.2574407892351
61 37.89357979277148
62 30.42113341352525
63 33.713939626652085
64 31.120607778895394
65 27.99248735429458
66 30.254054839856828
67 28.810360503769964
68 27.232508459752857
69 27.120025039482314
70 25.3613380965708
71 26.400909203278296
72 27.099878618061112
73 27.69300819326841
74 28.20767001420718
75 28.03810286856081
76 26.92248573101163
77 27.28833597071592
78 26.17264172413655
79 27.975682175788577
80 27.8524226597324
81 28.803977875416393
82 27.074791688973022
83 26.566655351992427
84 25.488128442791513
85 26.24212478315707
86 27.027481765551048
87 26.35441185329991
88 26.264689692057615
89 26.187014458529685
90 25.89749371866536
91 25.951047016994394
92 26.004805779563977
93 24.144456325658247
94 25.12235142958098
95 23.332449529437255
96 23.28769815878522
97 22.614776356528424
98 22.91978971884188
99 24.136990304220742
100 25.242639501821873
101 24.74525646897738
102 26.348043135017882
103 25.039611272752442
104 26.078035340994177
105 27.229746987536632
106 24.994024191312374
107 26.80197632315024
108 26.225343401673094
109 26.56253369592431
110 24.91502916298025
111 26.034037436111657
112 27.49558363396962
113 27.087884778018854
114 27.428486865534882
115 26.01909667940143
116 23.671947131310375
117 24.149064721111564
118 24.332530922161066
119 23.98295964701298
120 24.319879881634222
121 25.46748800188996
122 26.95490963368289
123 25.09064507723668
124 24.037080700054975
125 25.38241722121363
126 23.739513331490322
127 24.861256804610907
128 24.091509364547004
129 23.48018937501087
130 23.38456601927591
131 24.017519180356953
132 24.737288406276853
133 25.653597531628655
134 23.320593940146477
135 25.724578057242926
136 24.920044654206738
137 26.304700322927648
138 26.446887033884387
139 26.946958677731697
140 25.095686734857335
141 25.332208457451006
142 25.68908937404686
143 27.379084909332263
144 24.234203367242355
145 24.6070148852183
146 24.061546446204233
147 21.625126809304
148 22.944442837024866
149 21.560503879596936
150 22.52510170899936
151 23.075580457137832
152 24.281081350213835
153 23.34401915894608
154 22.239784393913148
155 24.057900034775916
156 22.61456758178953
157 21.75858405134645
158 22.737416545562883
159 21.177993483917124
160 22.941875191187272
161 24.504295977288113
162 25.091761693003185
163 24.11296694733219
164 21.211194732199655
165 22.03682239773946
166 24.873072749517583
167 24.367171680308942
168 22.775287882856603
169 23.36876882948021
170 24.179521102392425
171 23.830721269900103
172 22.74324279793297
173 22.678128665608625
174 25.207759838148302
175 22.802738612084806
176 20.12546769369943
177 20.052092027388507
178 20.652194978600246
179 22.80007921988311
180 19.708679832171274
181 19.576417652774264
182 17.738087012139985
183 17.606460439122266
184 15.582702446609659
185 16.383618467156964
186 17.348933393338246
187 16.600618203295987
188 17.064560643066333
189 15.932322256744518
190 17.09275891815627
191 18.516317535835736
192 17.838706822677175
193 18.840112133625595
194 18.97926144114663
195 16.95046022966295
196 18.863186971222227
197 17.696458541894252
198 19.052295946110917
199 19.63367421336417
200 17.77809774995474
201 13.831775277060482
202 14.45228607721668
203 14.170540231166997
204 16.136563575105058
205 16.89553960737297
206 15.81208735358381
207 16.905019003613344
208 16.297928038549525
209 15.885167831673522
210 15.934103104983986
211 15.184549881563463
212 14.68273211446111
213 16.466632980796806
214 16.96391834394047
215 16.151110862675512
216 17.997055330968664
217 17.544307385504517
218 19.91246699417035
219 20.227147692068055
220 18.376381953790084
221 19.075172991568195
222 19.35024954622775
223 20.466125103641204
224 14.536183239489691
225 14.868997128806834
226 15.055618658768807
227 16.872674028610696
228 17.62791473926722
229 19.87715147273192
230 16.46412218837283
231 17.589059886002357
232 16.56390086107777
233 15.692114153985285
234 16.015201673141558
235 16.766343658650005
236 15.724010837804675
237 16.53014957321238
238 14.555753279982982
239 16.405104477867155
240 17.187152598318384
241 18.75225750309863
242 18.099705937310862
243 18.794635359547716
244 17.892956794429903
245 20.580833869330114
246 17.502508162111383
247 19.841725977416406
248 18.610704006469113
249 18.943924040616654
250 18.33575827331739
251 18.818036101921425
252 19.19073427132381
253 18.785122259340703
254 19.81054536510706
255 20.766410383372715
256 18.96036613617881
257 18.023025075032322
258 20.708212592752385
259 20.382520273536514
260 22.79370281741718
261 21.87759712958791
262 21.399889332281045
263 19.927085648760517
264 20.850640087886894
265 21.407006482270887
266 22.71947298540235
267 20.712046515097466
268 21.18956907020495
269 21.55607325986737
270 20.87242507919337
271 20.6621282251311
272 22.715635885836694
273 21.554236324147045
274 21.775658501428197
275 23.19825225685885
276 22.862497210403617
277 23.62786385223542
278 23.4717432396296
279 24.353629827581774
280 24.171341578445023
281 23.83904133002194
282 24.881236254070608
283 24.25550744697035
284 22.62931471902663
285 23.081269711722175
286 24.224210274721912
287 23.554778273463807
288 25.429513055157322
289 22.86371499307246
290 22.474734497370342
291 22.95984877151179
292 21.997491646806864
293 23.760232215350307
294 22.35222765201302
295 24.124580083484794
296 22.7745068460087
297 24.614658715739893
298 23.653290684492983
299 22.75107411907832
300 22.961912741724927
301 23.270499914264455
302 24.716546333677886
303 24.38136841999509
304 24.223975057298855
305 23.562282499747667
306 23.883593640687984
307 20.76844652635753
308 22.707208067740282
309 22.966636838646284
310 24.07911789818386
311 22.25191970656721
312 22.602446467764608
313 25.228435642340813
314 20.819668297376527
315 23.76809381810751
316 21.90448144343992
317 22.31431961065146
318 21.326521410356705
319 22.803007358344527
320 23.74407940671969
321 24.548768114217527
322 25.218647886268275
323 25.060777267922475
324 23.240179075907264
325 25.09831191774979
326 27.63466530834957
327 26.291822087528924
328 23.148427656524927
329 22.958946672729496
330 23.304650143819213
331 23.815332557395685
332 25.594913547740784
333 23.259963353293077
334 24.895556792717713
335 24.437485813740288
336 25.997799330028066
337 25.145872619745255
338 25.73908970854223
339 24.826674721953047
340 23.890258031627972
341 23.201398379639226
342 24.350371879667666
343 24.827850555259367
344 22.623082449669525
345 22.21591621675072
346 21.562537319940763
347 22.128302298619747
348 24.050680466764376
349 22.461685203117423
350 24.328735296490837
351 22.15347276114406
352 21.35858747451843
353 21.332639460335525
354 21.115393082911336
355 20.744621234047365
356 20.99985262054347
357 21.609936156067548
358 22.3448172013839
359 21.985705428354922
360 21.582666905869697
361 21.129532867265834
362 21.995043119654063
363 21.167678654564032
364 20.887946768731915
365 22.113033826251883
366 23.93904093900113
367 21.937546804981615
368 22.532579963768708
369 21.11668452949463
370 21.973473760627755
371 21.960273069585522
372 20.44685657989358
373 20.683184113810707
374 19.361046098475228
375 20.073106294278446
376 25.041116574413103
377 24.38325257501816
378 23.296632369165543
379 25.374165096134146
380 25.317165175685844
381 25.984614098279778
382 25.65297933070101
383 23.970124749730427
384 24.034898108182226
385 24.75168996163876
386 21.912567364187517
387 22.504488689902814
388 24.44742693021753
389 23.92877112294892
390 21.59401730145226
391 24.8227780387528
392 24.121188769835374
393 21.63008228718551
394 22.750844981371287
395 22.964266763647544
396 21.420881127864295
397 21.922923916140018
398 22.626696377617712
399 22.91687222055145
400 23.950936761460994
401 23.621474222791626
402 20.637361344296206
403 22.29556548150103
404 22.42500397599539
405 22.448332577779
406 22.378022058336303
407 21.331714865473835
408 21.369802924726784
409 22.010090443810082
410 19.82116772711872
411 18.18561961073352
412 21.01796637173671
413 20.206096282347243
414 18.473214422891225
415 17.38453250391571
416 15.016471748389204
417 15.999033870141723
418 15.986452259754632
419 17.00824541187061
420 18.790769883523982
421 17.81578272699376
422 18.71025240040317
423 18.69444323779865
424 21.255997648909567
425 19.81066748706292
426 15.480436013368227
427 18.371023026806228
428 18.219506492589517
429 17.71461814957821
430 18.048514993632935
431 17.7647279952944
432 19.935183494764107
433 19.115294261188545
434 19.05219745904285
435 20.85107493187993
436 21.533861753534456
437 19.774173256166055
438 20.17514340450358
439 18.67380245004004
440 21.055018215604345
441 20.48443402943287
442 19.673981356473256
443 20.01440947725914
444 18.812699193525667
445 20.50436658780226
446 19.337151745491763
447 20.752637725693226
448 21.947940733609183
449 22.085104528641793
450 19.507435211735764
451 16.293009695334987
452 18.793452980001348
453 16.931627912762874
454 19.787260478284296
455 20.98057082884415
456 21.64345362087781
457 22.416286764490668
458 22.63564330561901
459 22.47427380650948
460 20.273554303578706
461 20.463687175338162
462 19.59919207912563
463 25.223164053940355
464 25.73338356955464
465 25.001431615198648
466 25.02449207616049
467 26.053327155735712
468 25.09791905358545
469 22.630372687292926
470 24.883515918881407
471 22.201828830965102
472 19.975364845200318
473 18.615344118703444
474 17.749928279425077
475 20.596634989291175
476 17.002569463897117
477 15.742343244325452
478 16.51763343643063
479 19.75647260977535
480 20.551806580447025
481 21.32319166051315
482 17.111533083698678
483 19.923651683298708
484 20.22229048187707
485 20.45955864916018
486 20.19786109900951
487 20.46406238547035
488 18.715408072889346
489 18.369764972362287
490 19.88799675467573
491 19.72491937231842
492 17.987674923363098
493 20.146406835239542
494 17.522010922971507
495 18.29583958903647
496 22.076008547251966
497 20.85677998894525
498 23.357972792298266
499 21.718276023872097
500 23.019217979147115
501 26.03792764808721
502 27.74603990801449
503 27.088159127279166
504 25.673311489904922
505 24.12165505666629
506 26.15983721813739
507 26.878377464448537
508 22.305846576783512
509 25.78089291372154
510 26.51963075350745
511 25.65512531564426
512 25.589824522251792
513 24.256184901209135
514 25.878203572772133
515 23.520376676606325
516 25.02099605864679
517 24.034934670678464
518 24.654377536439636
519 24.309899398302367
520 24.11846094025988
521 28.79226383717696
522 27.845409782437315
523 27.0698459704008
524 26.558033282602093
525 27.138101403965116
526 28.05245311839736
527 31.72681224096622
528 26.58563837027954
529 28.910879797993125
530 29.021384216098326
531 27.341648180830113
532 27.69576272377533
533 29.290188537647357
534 26.93540992562336
535 26.69761957911474
536 25.335639296318973
537 26.506885633076884
538 26.970686573417158
539 30.082710238140372
540 28.19041661956627
541 29.08620819394405
542 26.394503818510714
543 26.34094905742394
544 25.37369212108442
545 26.20876797612713
546 24.909423579680496
547 26.23095808983739
548 27.170545304730396
549 26.697538823609694
550 25.673937805017182
551 30.18115524670904
552 28.793705270377444
553 28.46789588203401
554 28.36675645586256
555 29.652458265992756
556 29.328060551890566
557 28.427396536177977
558 27.644567223521086
559 25.104145065274228
560 26.829657434532564
561 26.981324158815024
562 27.674172183177983
563 27.635433376249193
564 27.95322216108793
565 29.1060126636511
566 26.87143690312702
567 26.442387124710898
568 26.275020967166192
569 25.59892629761936
570 27.525256838343672
571 27.907354439275526
572 25.741579907118386
573 26.096072884188416
574 28.591584473742675
575 30.297567711176207
576 26.23469987145436
577 26.954528030625465
578 27.876175120349114
579 26.556619377314572
580 25.67505145365612
581 25.98000754587571
582 25.13688004997271
583 25.82828408727277
584 27.129848513523097
585 26.126788350288546
586 25.728908779105385
587 27.060403699098817
588 26.053907159358594
589 27.420554056533593
590 27.537936025110678
591 27.494317162597586
592 26.04729256758791
593 29.103312347979145
594 30.155175232818674
595 27.942255038091965
596 29.01390675066953
597 25.18834466741844
598 29.623773876986032
599 27.394699557057514
600 27.48302555072823
601 28.253926597272823
602 27.354064882485936
603 27.42627124192973
604 28.242827776702093
605 28.754488476917377
606 29.434084042436837
607 29.084261950002936
608 30.719175109853026
609 28.20201491153969
610 26.8415171773737
611 26.226076513373084
612 26.2619950036834
613 25.61483721224088
614 25.838478718462763
615 25.313778324173025
616 25.532726698016084
617 28.47894665607882
618 28.28852303233387
619 26.133148517756716
620 29.206782943412062
621 26.221142854204746
622 30.21505731804782
623 27.00819796130174
624 28.11840743768637
625 27.78951027875639
626 26.315591352003615
627 26.573377147543187
628 29.058946929093135
629 28.85072897663449
630 28.516336190778663
631 26.43028988965898
632 28.681929558789296
633 26.386868164334324
634 27.663844086701584
635 26.675145076826553
636 26.80999980817069
637 29.467639899334294
638 29.17190154687499
639 27.934440255144683
640 28.877837414029386
641 28.502431171014184
642 27.1269435444626
643 28.359935766601616
644 27.669141137195094
645 27.44530059616498
646 27.962772967122955
647 26.423658179884455
648 27.33553091108404
649 30.038002015045972
650 28.85508402502704
651 28.73115967312452
652 26.292848732501813
653 27.789539773787826
654 26.56316025736206
655 25.678167829307686
656 26.883790696175
657 25.33046090947432
658 26.346201566357507
659 26.50395101650949
660 26.245843648972844
661 26.65614269179385
662 27.96153513669933
663 27.588757032662336
664 28.180262282825105
665 28.95991881617462
666 28.009465675039554
667 29.2486487757881
668 26.831949561567352
669 25.739222443790542
670 25.92889577165955
671 27.48767502677631
672 25.93878675687093
673 27.475300971982175
674 26.70090547176548
675 26.547931970059462
676 26.123890236885646
677 26.021250484481957
678 26.42094475788998
679 27.43716628553013
680 27.02464969969081
681 27.58788368885435
682 27.296986141782153
683 29.36599573785239
684 29.53884348844092
685 28.08448517709117
686 28.979952611681277
687 27.75478935083458
688 26.493349278779167
689 26.637586447781203
690 25.93914520499432
691 27.00787362483592
692 26.541871294055664
693 25.447299143222132
694 28.530486163701635
695 26.95998243914429
696 25.52796611755971
697 27.9989242701299
698 27.620947163547207
699 27.67422579778869
700 26.74036342165661
701 25.828740921628405
702 26.376683422411777
703 27.400997428393246
704 26.40618007817725
705 25.81123649549924
706 26.681571484829234
707 28.715163316244517
708 26.262907364313875
709 27.00030724781574
710 27.5170137446349
711 29.772868356139373
712 29.609911861785136
713 29.927614269693333
714 29.649391417666724
715 29.733489739638255
716 29.77822205727112
717 27.195203002632173
718 26.63009227302678
719 28.46816546922156
720 28.666121159680348
721 26.487126926158727
722 26.09425543319952
723 26.254112718810262
724 24.715247630492673
725 25.7643519537738
726 24.680853701407624
727 26.55042673691233
728 27.281257089728182
729 26.035586508938266
730 26.271694520710433
731 27.611154892992495
732 24.18471216320331
733 26.206138907265178
734 24.75148702117794
735 25.90138641767791
736 26.77066939675912
737 27.313185185982974
738 25.747861683949452
739 24.65374046544898
740 26.510200344353134
741 26.106049931280932
742 27.02138837017371
743 24.6079022160084
744 26.296183862637903
745 24.87136041519707
746 26.453432456270143
747 24.387237109716555
748 26.226478701887864
749 25.218637769909304
750 26.23890236146495
751 27.156805880039208
752 27.747097839416682
753 27.775075094676414
754 28.378284650637163
755 26.324086617182882
756 25.03592148913618
757 25.136742678152842
758 25.94401516475722
759 25.83213089152506
760 26.903786336723698
761 26.61007469292966
762 25.377573018470354
763 27.33111816904956
764 26.541173038677417
765 25.943436527484344
766 26.738750262676174
767 25.63566700552172
768 27.516824689640107
769 26.96150572460371
770 25.737354630210326
771 28.84366996673094
772 27.715741382492723
773 28.101047135931047
774 29.77901191581631
775 28.995256389151454
776 29.49857757353751
777 28.97957700052125
778 26.433383157449146
779 28.1425773781531
780 27.02531979590297
781 26.487090784949025
782 28.140048116983554
783 27.52772627620069
784 25.87517111367721
785 25.839067031860463
786 26.22417200477175
787 24.76728091271724
788 26.125165249623034
789 26.868890029134327
790 27.124527353345606
791 25.579438831103605
792 28.898755429025602
793 29.083673444705052
794 29.37318301583492
795 29.19126620013553
796 29.90843432891782
797 29.38388121773781
798 30.354512428562
799 29.281485301425246
800 29.878451887315364
801 30.294198435487434
802 30.021583565569795
803 28.528704848336886
804 29.881230647790495
805 30.19410236114039
806 30.216034430776656
807 28.38861624435583
808 28.440640594535225
809 29.624581432029107
810 26.389049087426486
811 28.389612083354262
812 27.191971198374844
813 27.94250376586406
814 26.863546474290054
815 25.648247615569048
816 25.916517819755004
817 28.346157834073928
818 28.2091189457093
819 28.75754745863066
820 27.88546277925531
821 27.66507399965137
822 27.44950106808381
823 26.36315095853053
824 27.635804396425613
825 28.444121998154518
826 28.709662566400795
827 27.040561482961433
828 27.495193394995265
829 26.94473922545527
830 27.62197019185171
831 29.509066701742658
832 29.71811731736713
833 30.719888809595325
834 30.459566641948346
835 29.487967083681745
836 30.604762195553995
837 29.084315246789792
838 30.47932471215637
839 29.77442842513147
840 30.23308742079019
841 30.879465808794034
842 29.9971111619386
843 30.3932917504913
844 29.322973448783543
845 29.790421412081407
846 29.567003978705955
847 30.514503178184718
848 30.713393573857914
849 29.723890682859906
850 28.583954448025786
851 30.001023832341055
852 30.434571670658276
853 30.234060161834485
854 30.05034916633989
855 29.46267117320724
856 31.529332516735284
857 30.27779998188481
858 28.83515522803457
859 28.698543638243684
860 28.244390533526005
861 32.63000514384429
862 30.710902904614446
863 29.66023280283423
864 27.70989469592909
865 25.768310268931856
866 28.409877121724072
867 28.93868014446026
868 29.71090946493952
869 29.203197766068776
870 29.622859914800678
871 28.726669301280257
872 28.248135125715162
873 28.604661412094842
874 28.610163060851235
875 28.175458978039572
876 29.161238684262052
877 25.073456155094767
878 25.965645520145436
879 26.816380874897188
880 29.00511680454588
881 29.2059600290104
882 28.66650388681496
883 29.02394047293562
884 28.73447217062082
885 26.98683718890842
886 29.22390437240901
887 27.530901226700024
888 28.00999357099225
889 29.885005706319813
890 29.074369537918187
891 26.539362184267233
892 26.419531400123596
893 30.226123124300774
894 28.0071173779605
895 26.413575558113617
896 27.10695289060408
897 29.488452374250112
898 28.551001166378835
899 28.696538803443836
900 29.619738236532193
901 31.10173273302783
902 30.983070909481082
903 30.94326954008908
904 31.99491606748337
905 30.82605774279392
906 30.99912176054969
907 31.50647771448038
908 29.648234274679616
909 30.900343148027396
910 31.11495396116156
911 31.090544891209056
912 30.160151441343675
913 29.349210725970195
914 30.270741534184662
915 30.461070560908933
916 29.48985785474999
917 30.44482505112817
918 30.25889349980046
919 30.71200689896403
920 29.988285362285968
921 31.599750794140736
922 30.15611621863573
923 28.726918636485696
924 29.878166533651566
925 31.159285472163123
926 30.06901267493284
927 29.421569837950397
928 28.344382334352943
929 30.375679533414992
930 29.35071172375845
931 29.711070576541143
932 30.460434969654116
933 29.21594817785687
934 29.456515050533596
935 28.812054024128475
936 29.956656299888284
937 30.61290608491278
938 31.003835888993176
939 28.380585902203848
940 26.923033668853453
941 28.620072197226687
942 25.515758284316924
943 28.0873534873608
944 26.309183403270787
945 26.416370557747385
946 26.282070771084058
947 25.43889267709802
948 27.496249822809222
949 25.225607674424104
950 26.71471733098602
951 26.98951849868058
952 27.181711569672334
953 26.494447269294053
954 26.934518054597344
955 27.750191668123943
956 27.68545261795098
957 28.459393712352842
958 28.113114894589813
959 27.056038756317715
960 26.671309738155255
961 27.873478059147875
962 27.129514758182225
963 27.144568930165928
964 27.179161138425417
965 26.902370187081363
966 27.01553113251124
967 25.36836136699685
968 26.123913005443345
969 30.446865253818792
970 27.46158010808696
971 29.784327895141928
972 29.139065349688153
973 29.02812360576596
974 29.629648571447625
975 26.552565140956744
976 28.656127190693844
977 25.999616599073303
978 27.961676504384737
979 26.31990205553978
980 25.266538604626763
981 26.173977056706534
982 25.19956221012587
983 26.187092334744566
984 25.967032516854527
985 27.016519841875784
986 25.533373104530984
987 26.897754491317745
988 28.339914315242176
989 24.010184735372835
990 24.347782796097444
991 23.847790471380186
992 25.062349472119404
993 24.395086365690588
994 20.818385187679148
995 20.619266985048597
996 22.481248510145083
997 22.76282341545427
998 22.344994979965104
999 20.497512647987193
1000 23.574674072084267
1001 27.859288578521525
1002 25.1078800299144
1003 27.44946224721259
1004 25.66893332398785
1005 25.65665515478478
1006 27.443131198218637
1007 28.767106429710445
1008 27.424487478886853
1009 26.976139746911517
1010 24.489916533908744
1011 26.323563579963377
1012 25.540725027024013
1013 24.65623697591454
1014 23.27913710951512
1015 25.30517115974062
1016 24.21629121247951
1017 25.48222435470538
1018 25.554642816330382
1019 21.337449244719863
1020 23.063026699959785
1021 23.36201320673784
1022 21.567070433909453
1023 22.31313172978402
1024 24.822801196312273
1025 26.50432869974188
1026 24.295312417962002
1027 23.049208745487427
1028 21.726635877398994
1029 22.13731030150925
1030 20.57362318087355
1031 21.443902192214296
1032 22.771144505564042
1033 24.7990863774509
1034 23.879469010952977
1035 25.145128138609003
1036 25.625753362892194
1037 23.291879079252535
1038 24.8494931416715
1039 23.801034346985286
1040 24.370345692427275
1041 23.257287668135977
1042 24.168911578223653
1043 24.25558368102731
1044 24.106556499484782
1045 25.89910682438856
1046 24.023540261754167
1047 22.985296529700413
1048 22.771177789370263
1049 20.08040050506216
1050 21.975954078562204
1051 21.761812664294897
1052 21.742424154089715
1053 24.696701766312074
1054 24.20035757677682
1055 22.831749269806327
1056 23.87983550048725
1057 23.14131345247649
1058 21.697932123760083
1059 22.387279651164697
1060 22.993173253579005
1061 23.74888735520861
1062 24.062882079105748
1063 23.407572105857
1064 20.59219260889109
1065 20.149540709914273
1066 20.826281475888443
1067 19.854765266716335
1068 20.347184919520934
1069 18.847942199418664
1070 20.149330519390507
1071 21.57802245390609
1072 18.39863975464645
1073 20.778361965710832
1074 21.46240205374367
1075 20.67038019673144
1076 19.844155462879478
1077 20.538617423086617
1078 20.590244394253858
1079 19.81638757714762
1080 20.189081480457027
1081 21.73109417214243
1082 21.103565818210264
1083 21.278281984030887
1084 20.596614548128464
1085 20.72265279740804
1086 20.949374269559655
1087 21.498671117904493
1088 20.68043638528992
1089 19.876162462704897
1090 22.947805396373013
1091 23.53545431450312
1092 24.02496236373188
1093 22.410348600121907
1094 25.89847931498812
1095 23.430706198239633
1096 25.329119234310426
1097 24.49936822168554
1098 25.066011316674214
1099 25.881143818877906
1100 26.229400825478088
1101 25.15297481094052
1102 22.569029845237292
1103 24.199475587068637
1104 24.09625434202252
1105 24.303418964380416
1106 22.65951459188112
1107 23.74282677260012
1108 25.706461061315892
1109 26.893999132865744
1110 25.192067737874634
1111 25.04737028786524
1112 24.076799221289857
1113 23.981059118877425
1114 24.022010607905596
1115 23.14496271126892
1116 25.361956136453397
1117 25.246188996894773
1118 24.140698523130308
1119 24.8000804565731
1120 25.255292407642838
1121 25.445526695808304
1122 24.376497800098782
1123 23.323095762249544
1124 25.197433366041658
1125 25.368619998032173
1126 25.208286352599842
1127 25.9761287764546
1128 24.138699466687886
1129 24.90661422739703
1130 23.368725287621153
1131 24.12387749707311
1132 23.509613762023314
1133 23.92894410369951
1134 22.618148409938108
1135 23.73706825709842
1136 24.712245250420555
1137 23.815229621596856
1138 23.093539332819883
1139 23.562194647716012
1140 25.02796044995886
1141 22.469950920903816
1142 23.40815339377326
1143 24.8500093262822
1144 25.430080445673678
1145 26.502985843537697
1146 25.299246897530157
1147 23.672031339761222
1148 25.93780722486533
1149 23.215089208566532
1150 22.317052648981573
1151 22.27914595746065
1152 25.008033406432453
1153 24.75240918758516
1154 22.434712242203233
1155 22.217271710002795
1156 22.81855988056461
1157 23.812413469037143
1158 23.47718696444938
1159 22.788626377008587
1160 22.939616423761713
1161 23.81588313414512
1162 23.768851009199402
1163 25.416860479702528
1164 23.816756121729025
1165 25.188804716713243
1166 25.89461006167092
1167 23.88859064004807
1168 23.739494212932804
1169 23.423123623244532
1170 24.515975950275433
1171 21.648340267499055
1172 20.869928423547787
1173 22.131332946467182
1174 22.487510073819585
1175 21.154197345962082
1176 21.420370523863692
1177 21.33420724987763
1178 21.103124366458687
1179 19.42400564257169
1180 21.56125019108021
1181 22.97796010683848
1182 20.59905412932145
1183 24.233895131798352
1184 22.53939432591323
1185 24.009607536815928
1186 24.67512423708841
1187 25.356445047615214
1188 26.06217113702018
1189 24.382300088047987
1190 25.657203527138027
1191 25.46143643602553
1192 22.626086515221278
1193 20.24153579920181
1194 22.816805749945807
1195 19.7039701651202
1196 16.843915740140893
1197 17.54814815286848
1198 20.756321835445807
1199 21.94758668852253
1200 24.200667606950216
1201 22.606260298047832
1202 22.063310776396136
1203 20.781071196586115
1204 23.407468713906542
1205 15.365938853001902
1206 20.840170810754348
1207 19.93495358796914
1208 22.63728200270745
1209 17.982695999552003
1210 18.476558452861898
1211 17.108954621067262
1212 16.08417750576634
1213 16.44535602364071
1214 10.944270125063221
1215 11.142019168852244
1216 10.088293205453752
1217 8.053323459820684
1218 5.207690940445856
1219 5.42615392691996
1220 8.001823633724381
1221 7.315645178235588
1222 8.64802287691132
1223 9.972626481901331
1224 8.546256421860251
1225 9.989335999669892
1226 7.476871929211594
1227 8.184762643349464
1228 7.742692404685478
1229 8.837473097961594
1230 9.216927161549995
1231 7.941682151638286
1232 7.561909123116611
1233 9.657884229206314
1234 10.898371602064488
1235 10.872550767695067
1236 10.045713424451389
1237 8.202797263171295
1238 11.233602027452843
1239 11.705904178562092
1240 13.835927488439618
1241 12.032483721118261
1242 10.989499305379711
1243 10.055870951413441
1244 12.702917126102758
1245 12.881013683745808
1246 10.872318224095523
1247 10.483198344841213
1248 12.976669049057476
1249 12.994350981171763
1250 11.458658306412707
1251 11.71531376918918
1252 14.822674992958213
1253 13.56117310414936
1254 11.687920126022856
1255 12.251414919357492
1256 14.530497985528164
1257 10.345178230560878
1258 12.05326399997208
1259 11.207036903511597
1260 10.84097949138845
1261 13.964242002825273
1262 11.40682799865315
1263 13.155617883802067
1264 11.370445206782486
1265 11.959286087762477
1266 12.45995555967864
1267 12.325729366921268
1268 12.356937240457583
1269 15.154872534256452
1270 12.266327044127253
1271 9.446425594504976
1272 9.735587454435507
1273 9.908717017092968
1274 9.800493493250618
1275 8.97292011067672
1276 12.513004114321772
1277 10.861720845434487
1278 9.068342831939928
1279 9.456355121079694
1280 10.835921882527686
1281 7.13667743717157
1282 9.223826334657746
1283 9.656357981610242
1284 10.256752451194933
1285 9.153662182132683
1286 8.571757471963661
1287 7.04491666378067
1288 6.2679285332238
1289 6.6784700522715985
1290 7.6698668281125055
1291 7.788227325424001
1292 8.182816005611555
1293 7.965113359642599
1294 6.182832798992032
1295 6.2881938996492845
1296 7.040883827763675
1297 7.767998362487113
1298 6.568308988483088
1299 7.960949342561096
1300 7.454926527600046
1301 6.6470825358071695
1302 7.433641582848579
1303 7.293962984490659
1304 6.628592063811136
1305 7.300318603255019
1306 8.250260801787308
1307 7.347870142630429
1308 7.583575428391361
1309 7.23461434962025
1310 7.275803351548398
1311 7.901662717619433
1312 6.4277007749953565
1313 8.082835416152681
1314 6.3894977645656255
1315 5.616521089127206
1316 6.265686357298976
1317 6.556964015896333
1318 7.8574820905440745
1319 6.505405636575458
1320 7.581420766997678
1321 7.801330821241436
1322 7.854572566476486
1323 6.146116493177717
1324 6.659501986974598
1325 6.318306718532303
1326 5.771582642991081
1327 5.945672880037178
1328 5.867725574270163
1329 6.451037779601904
1330 7.127504426176281
1331 5.585798715230025
1332 6.257315844499945
1333 6.034666463366001
1334 5.7465219034015815
1335 7.427683950823569
1336 6.628613269946921
1337 5.348295151073137
1338 7.206740182132429
1339 6.581473565025771
1340 6.722919453245422
1341 8.09507250691612
1342 7.058131587885852
1343 7.840324904074351
1344 6.293006826496649
1345 7.775360699203524
1346 8.278396040319766
1347 5.977894602236963
1348 6.652909433641885
1349 6.274559955626285
1350 7.2066587977527155
1351 7.326070665770005
1352 6.119246792413762
1353 6.863674744608093
1354 6.465105447410266
1355 5.695536011883555
1356 8.047778395611658
1357 7.299313917242304
1358 5.912979703706589
1359 6.132237551674184
1360 6.179005728437991
1361 7.552479481371511
1362 7.523810943243737
1363 7.555434889839932
1364 6.71209668121183
1365 7.5582408921257205
1366 7.144453939363356
1367 7.687225481598687
1368 7.031463994249383
1369 7.964590464270923
1370 7.343754314955919
1371 6.107118057884493
1372 5.8838275638038855
1373 6.166050638862801
1374 5.9225378821326125
1375 5.695082608673213
1376 7.667045021651176
1377 5.839483237725775
1378 5.894486615555373
1379 5.274491850762199
1380 6.053052475558034
1381 3.5621160403519605
1382 5.733471545989876
1383 5.760878190807313
1384 5.4776181400577775
1385 5.30228624804341
1386 5.527482686118728
1387 4.988730239925789
1388 5.89890006219798
1389 6.189166998704118
1390 4.392792925469408
1391 5.133134040895335
1392 5.8463421482678095
1393 5.9984999322662444
1394 6.587486190988967
1395 6.362696246467775
1396 6.535756532620175
1397 7.074104443272819
1398 7.901578195277349
1399 5.956808513254798
1400 6.208256865752692
1401 6.03472866937319
1402 5.624490095299544
1403 6.66998019626237
1404 5.790354355822373
1405 6.319796516911396
1406 5.800767768296717
1407 6.4127307356295375
1408 6.566546881050546
1409 6.475172276507986
1410 6.333960647772951
1411 7.425752754461046
1412 5.627467902632126
1413 5.811451175433261
1414 6.618666768850919
1415 7.515870032795247
1416 5.570954807705034
1417 6.249283684660343
1418 6.028088967194208
1419 7.792555637157371
1420 7.377887608463288
1421 7.0304094040722
1422 6.297013919573821
1423 7.704980641814958
1424 8.034867120581032
1425 6.688975288479038
1426 8.51341704129826
1427 6.873522824929442
1428 7.8187857992118985
1429 6.550427600911784
1430 7.791130000023603
1431 6.160993044442267
1432 8.679192943497796
1433 7.399107404444254
1434 7.8187535914634445
1435 7.4908416690771995
1436 8.245049791622455
1437 7.457672454140122
1438 8.557991336467113
1439 7.9210144612818585
1440 7.570019116606018
1441 6.7497933446831055
1442 6.378325934623508
1443 8.350643158773655
1444 5.740278312505255
1445 5.900886788668012
1446 6.503294526412834
1447 6.697326713963335
1448 6.7861386744039205
1449 7.880320351088706
1450 7.995518687530761
1451 7.8546960368129914
1452 8.297064946221282
1453 8.046507192559025
1454 7.375559655424701
1455 8.823012528573464
1456 7.473871020439466
1457 8.005550752239724
1458 7.500701734343498
1459 6.535867212337498
1460 6.504668078507128
1461 6.150157173446412
1462 8.37654664072777
1463 7.912025955157178
1464 6.691530850463245
1465 8.271039911320498
1466 10.267063393036532
1467 8.37423173802789
1468 7.962897168373322
1469 7.959566646263425
1470 7.385027569184231
1471 6.754880470783298
1472 6.404907668297325
1473 5.228671109098135
1474 6.4613331256000235
1475 6.384997689316673
1476 6.583504844319855
1477 6.882194593521634
1478 7.937681440932869
1479 7.556241303622784
1480 8.133218321858433
1481 8.816038230041826
1482 8.22757116546367
1483 9.255508411361605
1484 8.079836397971933
1485 9.442399716702562
1486 9.027545519165388
1487 9.122495453230302
1488 8.410188552613603
1489 8.056583147715417
1490 7.938697650005783
1491 7.509094343983337
1492 7.587968612658896
1493 8.456030753107095
1494 7.398258494450256
1495 8.943291621653714
1496 8.39656123736449
1497 8.413427498601884
1498 7.218991987077558
1499 7.421733369126852
1500 6.609402121371046
1501 6.550066661702023
1502 6.866102017989706
1503 7.241619689778124
1504 6.35831273760153
1505 6.015998454827135
1506 6.41116669259962
1507 6.103713287305955
1508 5.570167824429557
1509 5.901836173175609
1510 6.114331028952853
1511 5.821319787524645
1512 6.783210812201361
1513 7.4976568711268605
1514 7.439738866061273
1515 8.458941839971406
1516 7.566154880052831
1517 6.237541285070873
1518 8.12015254286609
1519 8.610404617785768
1520 7.423944601971599
1521 7.524062001525729
1522 7.592334044061639
1523 8.264256578302719
1524 8.055796419599574
1525 7.576978501888875
1526 7.334923012608569
1527 7.90279824215719
1528 7.7222617416713915
1529 7.70313254508064
1530 7.414328037305388
1531 5.621297377856898
1532 6.420090861289421
1533 7.246494562808588
1534 7.598799449763832
1535 7.794022417022417
1536 7.993078047510989
1537 5.783732554236822
1538 6.599594462220528
1539 6.502332352266553
1540 6.762971314878385
1541 5.810802047710284
1542 7.585248665623351
1543 7.473820038714343
1544 8.09409376070594
1545 8.576523188691256
1546 8.295854567369116
1547 6.989306070926522
1548 7.317006783242678
1549 8.188933060286272
1550 8.364715967369873
1551 8.755609875433313
1552 8.43253254653653
1553 9.758432890357847
1554 9.543854793793791
1555 10.524910514253644
1556 9.222654269079433
1557 9.914713010573834
1558 10.135119715522046
1559 9.685430845448051
1560 10.24569760853501
1561 11.069515394651066
1562 9.685467038768612
1563 9.321040980936015
1564 10.068323567015273
1565 8.725289135186038
1566 9.521281324279403
1567 7.760720785920078
1568 9.016045578566965
1569 9.523116143195207
1570 9.434839986915156
1571 9.058106319427862
1572 9.01950386865204
1573 8.925701660100993
1574 8.51395376447739
1575 8.053297161354449
1576 9.062134757423351
1577 9.077918849690354
1578 9.425462234293144
1579 9.151638605539036
1580 9.757465453386954
1581 9.390530653515864
1582 9.775052290915703
1583 7.681950588480785
1584 7.614658658550585
1585 7.771847975248565
1586 7.605889632180436
1587 9.165608725057703
1588 7.660158579208435
1589 9.425343073180402
1590 8.161931022408028
1591 8.182536699803302
1592 9.059082630868916
1593 8.039264588579238
1594 9.022397052366058
1595 6.8347855451290656
1596 7.970189221384432
1597 7.889712983927674
1598 8.189220533342962
1599 8.294585418921663
1600 8.619185921095136
1601 8.02770077350295
1602 7.1063416853805625
1603 9.002775781631845
1604 8.460463481139273
1605 7.42381085105381
1606 7.453779515662131
1607 7.238090750454406
1608 7.830904380730642
1609 9.042835504048265
1610 8.609896395921995
1611 8.480427349144316
1612 7.934313776337657
1613 7.795260928367927
1614 8.987465176195014
1615 8.2369207769364
1616 8.44384580198111
1617 9.598484530995718
1618 9.134368914610608
1619 8.152699853904231
1620 9.291589183901916
1621 8.093410635343384
1622 8.30901007116618
1623 8.891884930106176
1624 8.971938899139232
1625 8.65063794591819
1626 8.931531425641694
1627 9.003119678226113
1628 9.494591011132883
1629 10.190388505174697
1630 9.090463590142521
1631 8.244256877924652
1632 8.241718520890357
1633 9.973184946695005
1634 9.935732327846555
1635 8.212112662324786
1636 10.338201688301458
1637 9.215635313427228
1638 9.190176905118204
1639 8.161704504446122
1640 8.50489575734395
1641 8.160208644447366
1642 8.463349121048546
1643 8.532609025117587
1644 8.846737718432781
1645 8.196564142311244
1646 8.319015280606257
1647 8.788205250382957
1648 7.685295956241402
1649 8.163840587316743
1650 8.723270218734857
1651 8.479364259209788
1652 8.288879827601413
1653 8.800307026883493
1654 8.821738330353549
1655 10.1508712127071
1656 8.470790000300722
1657 9.570794699588594
1658 8.298723743996824
1659 7.109489715341559
1660 8.453609036584355
1661 9.064066501199019
1662 8.880658337361483
1663 9.79321494240543
1664 9.619000256432189
1665 9.519062547849014
1666 9.254588203030822
1667 9.72187975403353
1668 9.090441884044424
1669 9.571956914210801
1670 7.870883450782688
1671 9.141280232093472
1672 7.851163953272703
1673 8.100425124893125
1674 8.64635464346722
1675 8.931800479143881
1676 9.71755586232772
1677 8.623571385521258
1678 7.8685805669139
1679 8.935280025985394
1680 8.604518107124374
1681 8.07334702486536
1682 8.882531349307225
1683 8.235894217473932
1684 9.127420378448134
1685 8.423898570523692
1686 8.28061230372319
1687 7.278829372734382
1688 9.820007973574493
1689 8.727644383758694
1690 7.955868868179168
1691 7.93425956382029
1692 9.129061112779663
1693 7.538938747871985
1694 9.311361023675305
1695 9.24002174870348
1696 9.730050553036985
1697 8.277447801229242
1698 8.315778421290489
1699 8.815846886939358
1700 8.945555949712286
1701 8.402397418186052
1702 7.374096933504933
1703 7.722823725541803
1704 8.325516359373454
1705 9.018891895852402
1706 8.884961659398813
1707 9.403310263995854
1708 6.400266925015067
1709 6.302874483501761
1710 7.752192278884784
1711 7.584156813307331
1712 7.329117291271289
1713 8.497708524892133
1714 8.211441189542168
1715 7.760236038180754
1716 7.6142005900562815
1717 5.616052177678411
1718 7.80401944948202
1719 7.979930121037719
1720 7.455401324829479
1721 8.787765192456252
1722 8.101985373487064
1723 7.367536089874464
1724 7.62006291961895
1725 8.615577361807922
1726 6.4467116177934605
1727 7.425559729655006
1728 7.488004279020573
1729 7.299842963010696
1730 7.141160842819652
1731 8.85801733062847
1732 8.811237703083961
1733 8.797654016942875
1734 8.087279141043636
1735 7.691424743264794
1736 8.095769344950272
1737 9.070172728691086
1738 8.901857169472468
1739 8.162658201780577
1740 9.04777464155548
1741 9.223304119761075
1742 9.24747080109209
1743 9.76125504913668
1744 9.127489466794106
1745 8.756246159099089
1746 10.065752199570204
1747 8.661098931165867
1748 7.558890479681174
1749 8.057072583406953
1750 9.198215910705143
1751 9.192605386714366
1752 10.62270669666281
1753 11.760296327919004
1754 9.850774475480712
1755 10.990501329689232
1756 8.269378694865082
1757 9.023212312787871
1758 8.24515092090667
1759 9.045098865113385
1760 7.697501344698147
1761 8.702141001200337
1762 8.035422382469557
1763 9.516752971555578
1764 8.398016853025407
1765 9.118471148996974
1766 8.7735648938732
1767 9.979505395044129
1768 9.624745834047841
1769 10.176306271697925
1770 9.778389790994733
1771 9.690089268861566
1772 8.853360252611491
1773 7.529283410434962
1774 7.784186940940145
1775 7.387841089627917
1776 8.315186103213
1777 7.918713353967124
1778 7.3977366855590825
1779 7.681894136641077
1780 7.229229137855934
1781 8.298356998391817
1782 8.057223057737348
1783 6.516404183196869
1784 7.367574837587147
1785 7.13738908319986
1786 6.544833427624052
1787 8.579347028450908
1788 7.102565220744728
1789 6.758612838497642
1790 7.625502150514398
1791 8.607670183056598
1792 6.8605771527667905
1793 5.44832728259407
1794 5.29986785235237
1795 6.389125696591487
1796 6.012504049130899
1797 6.27006530290121
1798 5.8696732700807575
1799 6.321669263947808
1800 5.565493073405159
1801 5.93246747046297
1802 6.285977559572023
1803 6.1639394153838625
1804 5.769909899718761
1805 6.336162480595351
1806 5.931958428841181
1807 5.9776551464967485
1808 6.456165337246373
1809 6.181840463300056
1810 7.381455789904244
1811 6.586922185875719
1812 5.924904797528035
1813 5.9407471974843595
1814 6.096795661293151
1815 7.871732083298466
1816 7.547441855354218
1817 7.0388179684085435
1818 7.682086388290996
1819 7.894751754153639
1820 8.12670505331907
1821 7.113658959552501
1822 8.24094119946648
1823 6.429958847416129
1824 6.437049789660834
1825 5.297850486184211
1826 5.80087134571086
1827 5.767607866002338
1828 6.439037894656268
1829 6.527559177655515
1830 5.520268686229782
1831 6.327047992365637
1832 7.6926053203370115
1833 6.608912688961243
1834 8.790378867916107
1835 8.549684760286492
1836 9.626190421547486
1837 8.514425736408006
1838 9.230048224594437
1839 8.494129195552409
1840 8.24897018349225
1841 9.452292151457922
1842 9.329125590016682
1843 9.637903388978595
1844 7.979462000568064
1845 8.520612302459849
1846 8.058295520002659
1847 7.998622706497786
1848 9.24492957740821
1849 9.901684754332898
1850 11.337904684531427
1851 9.0174300825791
1852 11.025694951515089
1853 8.460289459332255
1854 8.414180078755557
1855 8.626693674643148
1856 6.722600513422543
1857 6.627030142264695
1858 6.335988534397425
1859 7.924292064732882
1860 7.552844109526184
1861 6.346295068721999
1862 6.130873579355239
1863 6.309764038003947
1864 8.142064910037119
1865 7.748270639449805
1866 7.702127078054862
1867 8.433406677088518
1868 8.514789431486447
1869 8.091811860544071
1870 6.649558518070417
1871 6.56838169750968
1872 6.323558678495385
1873 6.782583817985771
1874 8.083169405240993
1875 7.018272106073085
1876 7.223471832335786
1877 8.296110201185728
1878 8.361190345020379
1879 8.976437956567365
1880 8.95337322068496
1881 8.635014821953332
1882 8.103463821600284
1883 6.257550897216381
1884 7.380238294203237
1885 7.843040829691764
1886 6.385265129876335
1887 5.536419865171173
1888 6.410477113042393
1889 7.445756131445387
1890 6.031787614683172
1891 6.713752764598113
1892 6.518337331941574
1893 6.935527423586065
1894 6.354478163044954
1895 7.4130984226730625
1896 6.83526294037969
1897 7.398289709255601
1898 7.509408481636825
1899 6.052344606432783
1900 7.409128841822726
1901 7.23969883656048
1902 8.393861648605842
1903 7.618180653405391
1904 7.849529512923357
1905 8.661711455506936
1906 8.632481480856889
1907 8.079663165409002
1908 8.448694185206632
1909 8.657557661728433
1910 8.609449451142819
1911 8.655719400417993
1912 7.566888447897777
1913 6.600788194122163
1914 6.19169558867086
1915 8.825105691511508
1916 8.08612445521173
1917 7.8490635655248635
1918 7.47954647250075
1919 7.309680659342587
1920 8.950110993278189
1921 8.045988844563439
1922 8.144124535052777
1923 7.091825010816287
1924 7.675347044518937
1925 8.47595613237119
1926 6.602758670759724
1927 7.757777473297193
1928 6.21674141472913
1929 5.998951364567584
1930 6.28471272834457
1931 6.423961425559632
1932 6.691128830380572
1933 6.785916530297531
1934 6.138682342946583
1935 6.281880372988021
1936 6.577391179755327
1937 6.35767590218442
1938 6.038774089321311
1939 6.312675403300529
1940 5.930576339429296
1941 7.7570874612034295
1942 5.957399768829925
1943 7.328833226999475
1944 5.392726199135767
1945 6.201472558410896
1946 6.3693486257748955
1947 6.597471539382653
1948 7.500359292542683
1949 6.093317263784206
1950 6.652700841629493
1951 6.3393982851564274
1952 6.027830729832292
1953 5.7327169700223735
1954 5.84766228108013
1955 4.962807185209818
1956 4.6814037020924815
1957 5.115063746143349
1958 5.472918746635201
1959 5.519430152119642
1960 5.153869503025045
1961 6.206931135380092
1962 6.256960441201855
1963 6.2884980106248
1964 7.00347756091113
1965 6.228384682672968
1966 6.223204606207916
1967 7.450285736237632
1968 6.711202091495178
1969 7.964963124322041
1970 7.880168990056072
1971 6.302476050135627
1972 8.024859193803412
1973 6.35147981765288
1974 6.049335628393854
1975 6.7058138362131645
1976 6.76392625744431
1977 6.853581679831691
1978 8.270466826066615
1979 8.064562678062133
1980 8.002346063508448
1981 8.320163224893486
1982 8.082753074077774
1983 7.702644449607405
1984 7.191761394475586
1985 7.419844389569183
1986 7.802944463106255
1987 6.52487835229889
1988 7.690459630200209
1989 7.49385414001761
1990 7.387597850998477
1991 6.395508010408533
1992 6.931269139589516
1993 7.666995781095154
1994 6.792882804776946
1995 7.889355111021376
1996 7.256624954040147
1997 7.939448226090535
1998 7.8103144067857295
1999 6.436512586881719
2000 7.286366546376262
2001 7.524806854616748
2002 8.29225302494069
2003 8.427134000021379
2004 8.020892042175237
2005 9.673374506073914
2006 8.336248762094009
2007 8.1603764998786
2008 8.367538567951932
2009 8.387542125255669
2010 9.065867723702588
2011 8.136070708731031
2012 7.7368005161432185
2013 8.067410622060262
2014 8.153137489818764
2015 8.867106845207681
2016 8.183764255386638
2017 9.084972268600676
2018 8.931958885342818
2019 8.40242133129063
2020 8.027233223653802
2021 8.172191753393353
2022 8.489612324090201
2023 7.936416997218853
2024 8.070595808194065
2025 8.05007229430188
2026 7.867936973401343
2027 7.2682105805591775
2028 8.030335873888303
2029 7.650403719160695
2030 8.019440158703336
2031 7.905623951947398
2032 9.244300172519768
2033 7.091297889366626
2034 8.957749034970334
2035 7.875055197096599
2036 7.965233191594464
2037 8.517619714689422
2038 8.363588878592342
2039 8.208864670199246
2040 8.507868028295563
2041 8.267125002910065
2042 7.940668857761296
2043 8.497486135366154
2044 8.373719492754965
2045 8.357411112040003
2046 8.481276916871069
2047 7.501713030688768
2048 8.024686366338239
2049 8.057394635744858
2050 8.248132450756843
2051 7.9110348161815045
2052 9.03904903938035
2053 8.793376553997865
2054 8.655592317111793
2055 7.884769934650319
2056 7.6353467143841875
2057 6.978955139393523
2058 6.710363208930585
2059 7.45946231847618
2060 8.104527683887907
2061 7.768780669345794
2062 7.142608201568579
2063 6.613316292641397
2064 5.681388546104478
2065 6.776656211525797
2066 6.7530170585961935
2067 6.786254347003251
2068 6.981676168116197
2069 5.864106966087752
2070 6.85181351473083
2071 6.7684905722833095
2072 8.755354315424482
2073 9.19168414494218
2074 9.516023024764644
2075 9.826615024146104
2076 10.267059693317531
2077 9.865071950381187
2078 10.369896493249406
2079 9.894335028929135
2080 9.26793427266325
2081 8.513432336791245
2082 8.641046658277853
2083 7.818145300398923
2084 7.75824952016426
2085 7.7059041964560535
2086 7.480271470968376
2087 8.981180421013326
2088 7.581091681509901
2089 8.438227189802044
2090 7.4068656870815
2091 7.464231519856228
2092 8.02229411564615
2093 7.913116480820825
2094 8.237150514545023
2095 8.318832994194173
2096 8.95478250159626
2097 8.16541006036691
2098 7.919723268165048
2099 8.39362580385564
2100 7.964506480990026
2101 6.3411237381535175
2102 6.419208581220609
2103 8.726300602815913
2104 8.44042702385969
2105 8.100968077281966
2106 8.437864741109406
2107 7.757337982131968
2108 9.846962221584137
2109 8.847104719979002
2110 8.60677698915374
2111 7.470930584265527
2112 7.039808762731716
2113 7.093128321689298
2114 5.994467261596279
2115 8.565201196129593
2116 7.692825345019405
2117 8.02326009837991
2118 7.96187124733699
2119 7.492156821619975
2120 7.532741351384513
2121 7.8877257929923275
2122 7.358238944555557
2123 7.753744226311254
2124 9.313305272375352
2125 9.906164999113688
2126 10.164855508457265
2127 8.273772342398956
2128 8.703604612225767
2129 7.371598540084586
2130 8.055492951496834
2131 8.030370569103422
2132 8.904359276762047
2133 8.281234038908046
2134 6.462945949730535
2135 8.388049142340968
2136 7.402225804635627
2137 8.696555663815678
2138 7.754576017595193
2139 9.115946909175895
2140 9.664213948422203
2141 9.269764477354107
2142 8.87195849940046
2143 9.377462934942699
2144 9.069923367414834
2145 8.89469130599706
2146 10.118684131128504
2147 9.400674941324349
2148 8.71916480290649
2149 7.953775257372625
2150 7.7520619406172715
2151 7.455980528960448
2152 8.25421333340116
2153 6.143183740889036
2154 6.878210918777026
2155 5.718806428759963
2156 6.317921427066989
2157 6.9446996880165015
2158 7.537425481477385
2159 6.695975808560323
2160 8.001343570610368
2161 7.966681812565153
2162 7.50737179276659
2163 7.569985370700576
2164 7.411535472163929
2165 6.9076441979736405
2166 7.3704299853193
2167 7.154986771438863
2168 7.461581260065165
2169 7.084078124274233
2170 7.518769125343716
2171 6.362540791741466
2172 6.30781977814095
2173 5.677018944111937
2174 6.715749532379477
2175 6.261765225187458
2176 6.790497918728508
2177 8.227551990995522
2178 7.000770047813382
2179 7.7101300839402205
2180 8.47043840897438
2181 7.534288503550527
2182 8.408123066738018
2183 7.647255395059004
2184 8.98990712187499
2185 9.489610635151728
2186 9.703620665618732
2187 9.548934212056654
2188 10.355474541446254
2189 9.704309292586466
2190 11.143205952679615
2191 10.252891695941255
2192 10.63257000163058
2193 10.373384412388376
2194 10.25194837826296
2195 10.05712910787037
2196 9.240657601427504
2197 9.13575086718175
2198 9.4171152276224
2199 9.038548045827499
2200 8.330657573450207
2201 8.411375897289886
2202 9.4346962287677
2203 9.67632896865259
2204 10.057050608194155
2205 10.319097493948327
2206 10.96464767565177
2207 8.625236680834504
2208 9.66546813857462
2209 9.8544038093112
2210 8.52833888490283
2211 7.3480628715863165
2212 7.351912918290516
2213 7.770182231402072
2214 7.805652589172578
2215 7.481686549456304
2216 8.148696520054603
2217 8.392427810391547
2218 11.161910953918603
2219 8.813823022192127
2220 10.30143694193108
2221 10.089853705868746
2222 9.930203315369685
2223 9.3304986527346
2224 9.279201859155156
2225 8.789118693400592
2226 8.703515339327227
2227 9.678837768524193
2228 9.939119751948692
2229 9.258360897855205
2230 9.853801600084935
2231 9.244083241989685
2232 6.842554875460711
2233 7.2902722606982495
2234 6.71130517378205
2235 7.712956354380601
2236 6.693388649356363
2237 7.617352069837786
2238 7.2804206269729725
2239 7.702343979611073
2240 7.84813491144085
2241 7.62322516455758
2242 7.488281082605818
2243 8.272594626640501
2244 7.762467890927048
2245 7.926147055422851
2246 7.24395157688471
2247 9.032644776748253
2248 6.931308977986668
2249 7.816051042675031
2250 8.156816240298921
2251 8.539744028551562
2252 7.606336511558214
2253 8.023836514661339
2254 7.1920607199411055
2255 7.530173216473347
2256 6.7183717975864745
2257 7.041666678033233
2258 5.7119626751711285
2259 8.62380775203451
2260 8.962643649986246
2261 8.91405168361224
2262 8.999031469838396
2263 9.332226782826394
2264 10.534321925897132
2265 7.708005592477752
2266 7.992482183041864
2267 6.741847174884059
2268 6.260422064840359
2269 7.372792321351926
2270 6.582278441901925
2271 8.858017183861076
2272 8.016163056362668
2273 8.80172433206493
2274 7.668948614292439
2275 7.812486147644756
2276 8.802399339088902
2277 10.178400239086693
2278 8.446538208388114
2279 9.206762104779244
2280 8.611231260796929
2281 6.277396244243957
2282 6.941908687676195
2283 6.5055148869324775
2284 6.300402744319022
2285 8.048393652205618
2286 6.811746335176781
2287 5.954483272195154
2288 6.498532047663707
2289 5.814332469307484
2290 5.702695425282003
2291 6.1654019873038175
2292 6.2099791679133105
2293 5.5044603107872065
2294 6.733943093012554
2295 7.730139152392708
2296 7.628827218737682
2297 7.94981934406337
2298 8.040698315294895
2299 7.004046283197395
2300 7.093881982596053
2301 7.678032912235672
2302 7.483468612956757
2303 7.710296833246833
2304 6.790960056036883
2305 7.928201464728514
2306 7.384070685615196
2307 9.634157242792948
2308 8.550646813097092
2309 9.55006721744759
2310 8.507044023060415
2311 9.01565251837722
2312 9.127421484480596
2313 7.673454359458071
2314 7.714639931446818
2315 7.3755024143678325
2316 7.467429279802245
2317 7.850311395195966
2318 6.884168201475698
2319 6.484396596827362
2320 8.575260435910188
2321 8.216264103538881
2322 8.2362502786374
2323 7.077546374281449
2324 8.285308227147445
2325 6.378399537707172
2326 7.130862569120938
2327 8.019455660567647
2328 8.277389655593083
2329 7.286765244782536
2330 7.979024746036097
2331 8.373980607494616
2332 7.370745945608497
2333 9.179321917425128
2334 8.582834330136222
2335 8.413510730988541
2336 7.835101582174623
2337 8.181001944889827
2338 7.458413445355063
2339 8.872988598171208
2340 8.185439491475686
2341 7.840334056051853
2342 9.009963156639403
2343 8.660685531497608
2344 9.04438345778015
2345 8.02575147339429
2346 8.847123495967615
2347 6.983522037019614
2348 8.7088264250194
2349 8.097264613623643
2350 7.824552956778315
2351 7.5672163663113725
2352 8.582722804768151
2353 8.110122327817745
2354 8.580004742851104
2355 8.149363750597054
2356 7.832677648184806
2357 9.558714187535582
2358 7.317135776840973
2359 6.927678747554078
2360 7.2200680973092135
2361 7.51104732723105
2362 8.518327859384458
2363 9.044521960803381
2364 9.272394283021459
2365 8.193130141870467
2366 8.096233510597733
2367 8.564101080904196
2368 8.274253761965106
2369 8.060201643513393
2370 8.545732331568265
2371 5.981922312752701
2372 6.567285789944999
2373 7.576950482335757
2374 8.803621997009763
2375 7.211134832757065
2376 8.566760079299577
2377 7.236994313761152
2378 8.233131515883029
2379 7.503926036626441
2380 7.422721255723223
2381 7.80709163031775
2382 6.487713616239337
2383 8.31120571253876
2384 7.834623565202802
2385 7.732855098648588
2386 7.398515877242963
2387 7.422954032583001
2388 7.844506575351719
2389 8.347791609604826
2390 9.117323689368964
2391 7.22774809732035
2392 8.299034405165553
2393 7.9056054158466
2394 7.19741905885119
2395 7.625493732514938
2396 7.921397482861882
2397 7.558081963054384
2398 8.202002839731172
2399 7.916570694559082
2400 8.059405484482678
2401 9.363341503835677
2402 8.253258575366996
2403 7.887093366355839
2404 8.138779994636444
2405 7.914234446977875
2406 7.666341144961974
2407 7.964018421986271
2408 7.780720655320509
2409 9.712397393705249
2410 8.317437807935999
2411 8.328606645203875
2412 8.931043683075327
2413 8.694053474664486
2414 8.246353715168313
2415 8.764876164609868
2416 8.663595148262665
2417 8.30860919831439
2418 9.580396517869431
2419 9.584787076082938
2420 8.14811079350619
2421 8.404742888653281
2422 8.371369209474919
2423 9.830041145486565
2424 6.296965659002326
2425 6.676548130141847
2426 7.814893613495512
2427 8.682183481089
2428 9.529481954194635
2429 8.001499647444554
2430 8.630502205360134
2431 8.669364594759283
2432 7.992475824926983
2433 10.306337372881451
2434 9.703326513859873
2435 9.410909661525118
2436 7.637625120449137
2437 7.014890597005149
2438 7.729558505026369
2439 8.595671762400933
2440 11.525126010697319
2441 10.007984621289003
2442 12.578570547720352
2443 11.3015467586094
2444 9.980186941887
2445 9.352639265416029
2446 9.65740481913211
2447 9.342526713098882
2448 9.439023414142923
2449 11.193238708647048
2450 9.887531406513585
2451 9.112275897919233
2452 7.890622226757865
2453 7.595936531058061
2454 6.757757756508131
2455 7.472570248603196
2456 5.133902073522084
2457 5.880892329605099
2458 6.719908738432034
2459 6.353383346207466
2460 7.75973780769271
2461 7.631245865205092
2462 6.624028900501139
2463 6.451690365751197
2464 6.2975008863330215
2465 6.204264965313736
2466 6.192736105456969
2467 8.521837621426037
2468 9.084283565474493
2469 10.13209998594549
2470 10.086993311224406
2471 8.702731614903605
2472 8.935957893724959
2473 9.555709983605729
2474 7.0570108075681794
2475 7.411935594145573
2476 7.246007718285798
2477 7.8489255367624935
2478 7.952977929478946
2479 9.212834404393922
2480 8.044314615421861
2481 9.897581715239737
2482 10.06981785265805
2483 9.858859882946525
2484 9.871578828330492
2485 6.35277351485459
2486 6.341993950011405
2487 6.700080755637244
2488 8.121417263541336
2489 8.607613705640636
2490 9.511360484542612
2491 6.525327313513586
2492 6.152748819013018
2493 7.349095174313044
2494 8.645265617637952
2495 7.847195564005289
2496 8.659465320989316
2497 9.024741519007796
2498 8.497341816376299
2499 7.971398817201062
2500 8.014817292913731
2501 6.63724656008049
2502 7.373511769906621
2503 8.73915048918559
2504 8.119870708359661
2505 10.592517680302942
2506 13.138433815682708
2507 10.297052628667902
2508 12.330022836186316
2509 10.361480847572807
2510 9.600881449368108
2511 9.536963177653936
2512 12.544580032174464
2513 12.275152633933521
2514 12.89193151025947
2515 12.337371275009177
2516 11.064817711338458
2517 8.024153014746803
2518 8.12830622297552
2519 8.495152406913308
2520 7.699141860308502
2521 8.700006573907313
2522 7.910256448055197
2523 8.271121464887317
2524 7.43889112043594
2525 7.602426223573639
2526 8.954350405704671
2527 9.560394309305458
2528 9.078879313104567
2529 8.493237335934403
2530 8.729658103974444
2531 7.518246651233338
2532 9.412431280325652
2533 8.43305444699557
2534 8.730105458922013
2535 8.319637012083282
2536 8.017884648242218
2537 7.918616092268972
2538 9.055366867030036
2539 8.081669541659403
2540 7.890090554886735
2541 8.053168684285556
2542 7.702324265678153
2543 8.279391443500055
2544 8.153239749878873
2545 8.486290923486212
2546 8.86918356285374
2547 8.367861187574498
2548 7.391312742184861
2549 8.077839234816151
2550 8.296413463361167
2551 8.031186634145659
2552 7.861402847083193
2553 8.520036655225539
2554 7.620248207298809
2555 8.578801812500856
2556 7.76869459972187
2557 7.689170035828931
2558 8.361540192275243
2559 7.81063378453119
2560 8.138929421322025
2561 7.3538705591689615
2562 7.658862327579733
2563 8.502123946570688
2564 6.828365340316908
2565 8.004808427187438
2566 7.854894341062995
2567 8.444359064529756
2568 7.8781520442697826
2569 8.278374108720767
2570 6.626897433822492
2571 6.160411581189061
2572 8.098306093905835
2573 7.763157396476569
2574 7.788108123110358
2575 8.361464858695761
2576 8.031990391761571
2577 8.647477738996438
2578 7.745872442509892
2579 8.748620091652274
2580 8.230439190371307
2581 8.189872973975556
2582 7.241483968963781
2583 7.83711912446241
2584 7.793162593926921
2585 8.189631276945862
2586 7.9231185133358855
2587 7.77570129872237
2588 7.258795742695709
2589 7.787189326233628
2590 7.910464894251595
2591 7.6546567815776605
2592 8.03325761040573
2593 7.498207724098913
2594 7.750069889766966
2595 8.045096293387004
2596 8.49058943734648
2597 7.729455259210093
2598 7.858771495965613
2599 8.739793553830362
2600 9.1213403924818
2601 8.101716934968254
2602 7.687086409005179
2603 7.7989697559484386
2604 7.542772984052469
2605 7.925970372815124
2606 7.5339299356119955
2607 8.042711120624322
2608 7.914975506765377
2609 6.6209716858239025
2610 7.794021471722844
2611 7.266920873811311
2612 5.852832981759871
2613 6.090106512183118
2614 5.82901495043234
2615 7.262966415480155
2616 7.839100832662435
2617 7.870229883581702
2618 8.206169347667505
2619 7.994736066310146
2620 7.861675408867588
2621 7.20851508014405
2622 8.215983413189901
2623 7.598352971756432
2624 7.5378750289346605
2625 9.762901371449562
2626 8.644956394525098
2627 8.224307818851745
2628 7.9297860625428624
2629 8.330219023210711
2630 7.566786366270933
2631 8.211837713057136
2632 7.695769959040666
2633 5.988820629663884
2634 6.786081628347201
2635 7.6274957693499505
2636 8.207893493874312
2637 7.8452173938885155
2638 7.949249213319068
2639 6.719659464477496
2640 7.810372538657246
2641 7.444258586380379
2642 6.053076842723804
2643 7.418696656632007
2644 6.276539953706184
2645 7.0781981840443375
2646 7.119344502400884
2647 5.259538049465499
2648 6.348460179021122
2649 5.669201444204624
2650 6.665466682481935
2651 5.230323948066419
2652 5.550110247094168
2653 6.157955535135973
2654 5.530033786112611
2655 5.899645990522696
2656 6.305371878526239
2657 6.47366395553391
2658 5.742935086064143
2659 5.831565074984359
2660 7.988518089305881
2661 6.572164422977938
2662 8.638519280674439
2663 10.245116817469404
2664 9.397548925095546
2665 7.759728518192886
2666 8.492428399550496
2667 9.976632120636847
2668 10.004741372765313
2669 10.932179537913763
2670 11.804839087250109
2671 16.171453423703927
2672 16.145785262929117
2673 15.695451286614134
2674 15.490576239963707
2675 15.622469100497975
2676 14.196070469573698
2677 12.02563808646858
2678 12.052945584809406
2679 13.495970384973997
2680 17.310567988616516
2681 13.435745546520133
2682 12.561592222786828
2683 9.13436800954157
2684 11.357128385812393
2685 12.713425297644262
2686 15.31775028677538
2687 13.15150762860656
2688 11.734553920165322
2689 11.957989377538862
2690 12.387395690849551
2691 11.472548528833217
2692 12.275887035139242
2693 13.013215036001935
2694 12.803021035956055
2695 12.74083445369015
2696 13.030507736736439
2697 11.209194896008494
2698 10.113064842794126
2699 7.611611045714814
2700 8.460749207096848
2701 6.180760574206043
2702 6.288316174661507
2703 5.914601491506048
2704 5.975880126999569
2705 7.6289039555575
2706 6.795918523982934
2707 6.611533373499703
2708 7.400386997732419
2709 6.918116445810324
2710 7.926627914406194
2711 5.905403012605059
2712 5.72079322543603
2713 8.153902712689609
2714 7.331537195331278
2715 5.189552162428607
2716 5.063853210441003
2717 5.616165601860708
2718 6.37665355369484
2719 6.601393811877024
2720 7.265039449905384
2721 6.194953483310407
2722 7.418403187570657
2723 6.069423627814523
2724 5.962959268412168
2725 5.767662751777406
2726 6.601594852232979
2727 7.02997446655648
2728 6.733903235367627
2729 5.9660574015086585
2730 6.079187700575036
2731 5.750956722646308
2732 5.905406244244469
2733 6.406745683001482
2734 5.8575890037179
2735 5.77990972877625
2736 6.476578844150192
2737 6.514525005046935
2738 7.090843420291849
2739 6.9927804420859125
2740 5.797950064569524
2741 6.4137814643737965
2742 7.112674226541909
2743 5.93147812290406
2744 5.814833033655585
2745 5.485024491903972
2746 5.84732759310586
2747 6.215881116283166
2748 5.899223312727676
2749 5.034544184035182
2750 5.732476102811971
2751 6.834228825518895
2752 6.809682998346673
2753 5.774902833862992
2754 6.049508562039388
2755 7.978214390355411
2756 5.868645947854213
2757 5.380305298723517
2758 6.105471679689858
2759 6.5709263387472125
2760 5.995357264420351
2761 6.6840523503917915
2762 5.880606404661704
2763 6.421051181764112
2764 5.967978134159521
2765 5.660172137285456
2766 5.8039320935538985
2767 6.347075243136558
2768 6.137080028461767
2769 5.765338594895369
2770 7.9048204322252404
2771 6.340281852932877
2772 7.2495387750701985
2773 6.344179767473572
2774 7.415795501203068
2775 6.477023427463708
2776 5.3506675434962725
2777 6.47980529775418
2778 5.830149868569096
2779 6.706112178477737
2780 3.587081656389028
2781 4.565906415787505
2782 6.090540824644756
2783 3.828723801422956
2784 3.6476877995927635
2785 4.249829999701914
2786 5.200675997893273
2787 3.4684911291404967
2788 3.605849097543902
2789 3.736797043654735
2790 3.903582856642904
2791 4.318292882730145
2792 5.1851393751796016
2793 5.333490572114563
2794 5.615080716648143
2795 5.560957188170222
2796 6.215646088117562
2797 5.697203902176104
2798 5.007792643141937
2799 5.719409819482658
2800 5.4402843852663265
2801 4.817196861439343
2802 6.422009106530704
2803 5.629970601144696
2804 8.201902610564595
2805 7.822759044016342
2806 8.449334556430099
2807 9.109430386339138
2808 9.056049294641825
2809 4.972431612232888
2810 4.543392628722735
2811 7.130683063788152
2812 6.218320510162851
2813 6.302834620668031
2814 5.5703989953809465
2815 5.462651423330844
2816 5.330447195163367
2817 6.913779120145693
2818 7.955007837702068
2819 8.72116242474314
2820 11.268192557107275
2821 7.863089701119719
2822 7.316499545380489
2823 8.263431378525434
2824 4.875208773961795
2825 4.811133558936993
2826 6.651393517443102
2827 4.391477257217371
2828 4.906857645498722
2829 5.630474023058903
2830 5.4902215601030395
2831 4.691358990643938
2832 4.8110382957994755
2833 5.315226287477806
2834 5.681458385384938
2835 4.4817873984206
2836 5.380420892413204
2837 5.90840891997876
2838 5.223955310843277
2839 5.180012205549129
2840 4.992338827918035
2841 6.006362068526549
2842 8.394897063349003
2843 7.54031027826
2844 7.1688189150190995
2845 9.788075535872185
2846 7.1909791483988315
2847 8.424483461388276
2848 6.2873081087303655
2849 9.35978638014095
2850 6.453164283586409
2851 10.204868185941704
2852 6.317074281746734
2853 12.219862561872677
2854 9.632418435748082
2855 5.708005008689683
2856 6.233568811196792
2857 5.804025792432413
2858 6.362701408034909
2859 4.8859427366515265
2860 5.749049328850931
2861 5.654452544011615
2862 3.8252680290950356
2863 6.17090525461241
2864 3.857391552294762
2865 5.129645980912407
2866 4.6797681799999395
2867 4.812285672099582
2868 5.095181585043635
2869 6.0588491126306465
2870 6.028449483647181
2871 7.162567350115059
2872 6.700883822322933
2873 5.048891480506512
2874 5.637967292858362
2875 5.973010175914355
2876 4.957693203438755
2877 6.057769822785837
2878 6.35794404177905
2879 7.294262997779697
2880 6.515258429816441
2881 6.381104112715875
2882 6.718954073938884
2883 7.329794503909362
2884 7.345317980153607
2885 6.839314610684396
2886 6.644683547000526
2887 6.127725952294468
2888 5.58023804830338
2889 4.909351315821067
2890 4.40525717081274
2891 3.68179086273819
2892 3.6507906622348267
2893 5.2719670833494
2894 5.935240515936213
2895 5.757613457090417
2896 4.275421381301322
2897 4.1891813122080865
2898 5.662806985451918
2899 5.255089005173763
2900 5.461083476123432
2901 4.994407996919048
2902 4.826809089801138
2903 5.051145763389614
2904 4.986160556614549
2905 5.056098675818605
2906 6.432141031036181
2907 6.468897235295536
2908 6.53459034681756
2909 5.3681691264852445
2910 5.544061234779688
2911 5.444902330549732
2912 4.578523552473251
2913 5.509462052274236
2914 5.236585533998388
2915 5.7219444438027285
2916 6.427310546094162
2917 5.0715496868512435
2918 5.181154983667468
2919 6.633750280506718
2920 6.1337392514951405
2921 6.335715818602375
2922 5.8225334458081734
2923 5.693424240761538
2924 7.674435677028462
2925 10.290341477879856
2926 8.449113556547339
2927 11.081379246852887
2928 11.610313949348866
2929 12.50487545355676
2930 13.871327748243239
2931 13.056463473823174
2932 13.244625348635605
2933 12.331911443056015
2934 11.704002054492925
2935 17.38984275075673
2936 14.723514253697513
2937 14.147726885239273
2938 13.603778576855428
2939 16.201303399293252
2940 18.57041989896871
2941 17.4499841928941
2942 15.49185929553867
2943 18.702958829076746
2944 17.762826499179457
2945 16.760126798240503
2946 14.14615003013404
2947 20.452055976468774
2948 17.883867949251165
2949 15.428469403660033
2950 16.194271346846673
2951 13.077786039690961
2952 12.402402999741213
2953 17.298219278408553
2954 12.9777494279858
2955 11.88440103667375
2956 7.969498792562465
2957 11.119343329194434
2958 10.56666637771107
2959 11.845177866356051
2960 7.606717147240165
2961 7.606489176819761
2962 10.921390094802181
2963 8.10214361144469
2964 7.212118678020808
2965 9.79953244927734
2966 7.596960080374749
2967 4.923050272496035
2968 4.88706721535714
2969 6.022180193008201
2970 5.996915446549005
2971 5.097090666969114
2972 6.745179702036543
2973 7.834495115296253
2974 9.0191697796332
2975 9.608222026553518
2976 10.980576950098218
2977 6.740566085910323
2978 10.839054528424231
2979 9.49453501370777
2980 9.428266472322372
2981 9.860617133558524
2982 8.652174455172531
2983 11.479518301030831
2984 13.278867727578739
2985 12.754669911993545
2986 12.723049674536217
2987 14.248834772276858
2988 7.900320002968275
2989 8.54875526514014
2990 8.55464122989821
2991 7.768191288943608
2992 9.281055483318651
2993 7.418844015555483
2994 7.967367988983653
2995 9.827999417298596
2996 8.530877667766912
2997 9.972878036241907
2998 14.93359029384423
2999 11.349097329161172
3000 14.325299361162376
3001 15.416712310056907
3002 9.789755630796034
3003 8.772730415216245
3004 5.720953480951726
3005 9.474268274885556
3006 7.103656151737261
3007 10.158773620811276
3008 6.077700503838406
3009 4.474378089870511
3010 5.758965200618386
3011 6.377511843109205
3012 4.456529313291573
3013 5.308149239089099
3014 5.102910843964247
3015 5.6689417292483375
3016 4.8851380674525045
3017 6.147827455576039
3018 8.731745855459103
3019 8.003332940477982
3020 10.979278411504831
3021 13.096138560471646
3022 8.162077008123239
3023 10.641666408928744
3024 8.231467140294457
3025 6.682081870070988
3026 7.037597374793496
3027 6.991258511416252
3028 7.353328151251648
3029 5.667994080546438
3030 6.166411377664378
3031 6.240381072107328
3032 5.860824556119424
3033 7.221024350442416
3034 8.102183407234412
3035 9.810401383101633
3036 9.118303353032708
3037 7.92535678289079
3038 6.1921392122214085
3039 5.59096084116706
3040 4.9688927974919945
3041 5.35448174968842
3042 4.674391414759422
3043 5.005261265572301
3044 2.6216001478604283
3045 4.697461812269455
3046 4.931457843149264
3047 5.052636298638615
3048 6.870010867940682
3049 6.571920418361657
3050 7.711103690550381
3051 6.95007404952339
3052 9.267517326838934
3053 6.042336852492247
3054 7.563960451254629
3055 7.872199370249456
3056 8.718026912291835
3057 8.091239919909182
3058 9.299995323923438
3059 9.718232662453714
3060 10.855680001433266
3061 9.006365447280148
3062 8.472315742604009
3063 9.345786910225847
3064 9.284755161749066
3065 9.663461690841793
3066 11.640496660694682
3067 10.608656736260468
3068 9.235829689168307
3069 9.351729350538704
3070 10.85701774698011
3071 8.53423924377462
3072 9.33740952838773
3073 10.628399108386187
3074 12.326380153549763
3075 10.803080619635976
3076 11.571641805181232
3077 11.09694638151458
3078 13.390009453723604
3079 12.398262882503468
3080 10.315634386579251
3081 11.187980758219384
3082 10.729039568478003
3083 9.928607507900299
3084 10.829408151479877
3085 10.265799300062774
3086 10.04168522982074
3087 10.956256200726521
3088 11.883584769037782
3089 9.878551173217128
3090 10.192461999295876
3091 11.827235984590558
3092 12.023171511640363
3093 13.30065292402104
3094 13.696312607878937
3095 12.78907808078677
3096 10.618845731217984
3097 11.775357734191774
3098 11.198856634908086
3099 12.807438815475477
3100 11.755152132717445
3101 10.59555799468636
3102 11.023208071591757
3103 11.38082644071377
3104 11.043495537462137
3105 10.481488403229921
3106 11.04661673004191
3107 10.93556966901891
3108 12.358169903127186
3109 10.15068149988623
3110 9.767432465078144
3111 10.3319087176735
3112 11.220926258797011
3113 10.328386162531634
3114 9.991220189484112
3115 10.164450902793329
3116 13.151201054136465
3117 12.321063786568233
3118 11.70455139369801
3119 10.597507830036534
3120 10.376247250366767
3121 10.275669702467235
3122 10.706459190417457
3123 10.74972687882692
3124 10.56136971600036
3125 10.35190493596457
3126 11.228409428045781
3127 10.889743387301216
3128 10.932637055797144
3129 10.187209267132417
3130 11.313053777236755
3131 10.117120181363937
3132 11.01485416851157
3133 10.45053048892919
3134 10.239530169024802
3135 10.884512055745816
3136 12.647316370740024
3137 11.772637352028033
3138 13.106005866882656
3139 12.035073209130841
3140 10.850115757340157
3141 11.210043664693362
3142 10.726750339058748
3143 10.09909703741294
3144 10.75350223910901
3145 11.389115304994021
3146 10.446553170962105
3147 11.938364159049042
3148 12.620822954021149
3149 11.83821053204758
3150 12.803988357496696
3151 12.532735581077478
3152 13.383073480166122
3153 12.709288719739694
3154 12.725136514171881
3155 11.647635343790736
3156 12.536337091801046
3157 11.669401396670759
3158 12.062478825149066
3159 13.434016059420728
3160 13.08508840354503
3161 12.918149244481969
3162 12.458910479976229
3163 13.259169698874235
3164 12.59397787207468
3165 13.163562816871655
3166 12.145603236000758
3167 13.688745311702592
3168 12.604749130604294
3169 12.611754350172017
3170 13.64024691132295
3171 12.70229393068413
3172 13.686343404152387
3173 12.128193110388633
3174 12.294566314110735
3175 11.89707294426942
3176 13.465391015611537
3177 11.307253916138826
3178 11.40361304868362
3179 12.209550737689884
3180 11.398980869721088
3181 12.003335612887634
3182 11.19603013254122
3183 11.907485496613953
3184 12.950664540093712
3185 11.979287942224628
3186 12.286861437018953
3187 11.66174819757518
3188 12.284075655849414
3189 11.771270268686362
3190 11.310259572702753
3191 11.786435242931285
3192 12.107964865351825
3193 12.149385399365782
3194 11.687046451489724
3195 13.134238299304231
3196 12.828983084977125
3197 11.957540654031066
3198 12.516531735554556
3199 12.332371470713236
3200 11.354216483004818
3201 11.033552223855855
3202 11.60421880588679
3203 11.135278177336835
3204 11.842430548759442
3205 12.1145481729752
3206 10.888230086330156
3207 10.887007209500046
3208 10.648293579939246
3209 11.766750373637105
3210 11.638090260289898
3211 12.009788648030485
3212 10.887536000667138
3213 11.729818167290798
3214 12.219814015174117
3215 12.272354198098478
3216 11.515129407255328
3217 12.15401175357258
3218 12.462370271520243
3219 11.639752619174851
3220 12.674156314738502
3221 12.918261693344908
3222 11.695736820386628
3223 14.499902834339123
3224 12.835568867867964
3225 13.5985192556435
3226 13.834701678580425
3227 11.745226484237845
3228 11.609350434367528
3229 10.930023470173357
3230 11.442210275839303
3231 11.99942544236217
3232 11.747347389559783
3233 12.122906658192832
3234 11.861722281142747
3235 12.27078866129874
3236 12.739929008350588
3237 13.01632425008599
3238 13.132170141098182
3239 12.777775800098924
3240 12.602993936786612
3241 11.90096600550501
3242 11.52493824722409
3243 11.136146355260967
3244 11.851170553732592
3245 11.246581291739497
3246 11.128875739529889
3247 11.656107411579306
3248 10.98561332557042
3249 11.889040614664975
3250 11.841770524826828
3251 11.415321050567371
3252 11.361781625599361
3253 11.80515705720469
3254 12.200091899090827
3255 12.885297244414154
3256 11.946527273807968
3257 13.09040659006072
3258 12.724561702232943
3259 12.242591672046418
3260 11.689943977923374
3261 12.603744255326543
3262 12.1339130293603
3263 12.579818196159263
3264 11.813142014918695
3265 11.843442060009446
3266 11.01878999869498
3267 11.580344461125382
3268 10.346014883008383
3269 10.839439712488167
3270 11.281771306245682
3271 10.877688938012877
3272 10.491261774768136
3273 11.956320702687702
3274 10.965284043309326
3275 11.486621270283184
3276 10.49216900245554
3277 11.206071283499188
3278 9.907164856033834
3279 9.90993306304039
3280 10.372760769980651
3281 10.83259592231984
3282 10.59468839828498
3283 10.460504886849959
3284 10.413213236293176
3285 10.394207579935118
3286 10.999392032271121
3287 10.808657603730014
3288 11.472315939423305
3289 11.00513875996351
3290 11.686280322861322
3291 11.057623969670042
3292 11.276723286687158
3293 11.318497007228514
3294 11.028309489074587
3295 9.87902364532354
3296 10.855241294378333
3297 11.902657372747287
3298 11.176468113668683
3299 11.753095567678397
3300 11.500530422818219
3301 10.796766211241474
3302 12.186171775081013
3303 12.264435918055215
3304 12.994252774462778
3305 11.64739498211517
3306 10.85868075020611
3307 8.3915812703445
3308 9.47992305257845
3309 9.649780285010683
3310 10.587827111390995
3311 12.255811295038047
3312 12.163017598037438
3313 12.555552481555178
3314 11.622493614744645
3315 13.50910290691099
3316 13.255260152036687
3317 14.203640286697778
3318 13.991079916406381
3319 13.807668891190726
3320 13.640707685844795
3321 12.408075918581165
3322 10.971917966302847
3323 11.658783692252772
3324 13.947895333190976
3325 10.87854920503666
3326 12.781691325211147
3327 11.458151994670377
3328 8.66854857266992
3329 8.335661715200645
3330 9.453471508050292
3331 7.410082542485901
3332 10.181352709402319
3333 11.892078112179618
3334 9.797627870855555
3335 11.157266736597338
3336 13.389648105251704
3337 13.494787646416038
3338 12.526786797664279
3339 11.36844805094585
3340 11.226854242254193
3341 11.194948266861674
3342 12.408615743762336
3343 12.29805974478936
3344 13.031588331663787
3345 11.664550900210406
3346 11.279333595720809
3347 8.656611605432504
3348 10.77182382412596
3349 11.45505338645928
3350 10.368393609269942
3351 8.499237953409224
3352 9.187052254121074
3353 8.383908550500163
3354 10.005826976865714
3355 10.121169418274492
3356 12.22419950402239
3357 12.247124909864576
3358 11.34070103216482
3359 8.759870403336047
3360 7.588966505334889
3361 9.72565618000949
3362 12.016301632660825
3363 10.363154461891206
3364 9.193937765296996
3365 9.818541105719149
3366 15.062949947700073
3367 13.346706178234626
3368 12.73805873495678
3369 12.495633514333116
3370 10.23531384581934
3371 9.233628162880677
3372 10.17262775625025
3373 11.592868667349023
3374 12.337804902891634
3375 11.067493923576201
3376 12.233444266736551
3377 11.130345489474621
3378 10.6295743557436
3379 10.736366823314325
3380 11.388697918959606
3381 12.065352835786392
3382 12.173833930790929
3383 10.432322857601266
3384 12.555961307018155
3385 12.352521188732116
3386 13.157086747990078
3387 12.926985171366653
3388 12.247531498660544
3389 13.171817050098477
3390 12.944444167379611
3391 12.30051310342621
3392 7.397179995594328
3393 7.540808847192628
3394 7.1754516405234945
3395 7.196894489986417
3396 7.3451475773042185
3397 7.434691229172609
3398 7.6983467467428035
3399 6.9230684028742955
3400 8.28252994494029
3401 9.864847225010363
3402 9.945976459945415
3403 9.252067947423233
3404 9.437599743853127
3405 8.941315733424414
3406 8.958002447316868
3407 7.345749547640082
3408 8.363608526958938
3409 8.229219050387021
3410 9.45178323808627
3411 9.262468532001776
3412 10.433951489388484
3413 6.5500536501565385
3414 7.298952785156933
3415 6.285387827124813
3416 6.933418113753132
3417 6.760511000922936
3418 10.166348103880164
3419 9.023221539969674
3420 10.019268901750179
3421 9.140306576156936
3422 8.423122159516614
3423 6.821122051129299
3424 7.646622927292602
3425 7.10299574608137
3426 8.11946266107171
3427 7.536955206824325
3428 8.561608482483217
3429 8.345841853131988
3430 8.367124437898616
3431 8.760670172082866
3432 9.482280887374877
3433 8.719382852979054
3434 8.80117800630937
3435 8.016904920924084
3436 10.583428367592743
3437 10.6742793814769
3438 11.9420646173213
3439 11.159406316136485
3440 10.604633570792798
3441 9.445106288464261
3442 8.951438068982329
3443 8.580323805492926
3444 8.717355258138339
3445 9.178189913248675
3446 9.614796851398035
3447 9.857597323894181
3448 9.440488573946963
3449 11.42738707886485
3450 9.357040376456665
3451 11.64253201268167
3452 10.869124592308042
3453 11.745106274876644
3454 11.051715492444396
3455 12.34690830306055
3456 11.19781905104772
3457 10.675847461523954
3458 11.328323595781832
3459 11.047570106507274
3460 9.689838154549312
3461 10.365299073988975
3462 9.810511665576202
3463 8.961911862116036
3464 8.771890919663146
3465 7.073811614070396
3466 10.40447382332499
3467 10.032543565442491
3468 10.210149077431574
3469 7.4050449032581875
3470 9.402212048244296
3471 9.81115365744999
3472 9.425943669926856
3473 8.199924924369453
3474 8.383776828223764
3475 9.657900016263989
3476 9.931981756066419
3477 10.086552942836194
3478 9.563323259089607
3479 10.730639607261399
3480 11.911616455491314
3481 9.637487720449794
3482 7.957746273528067
3483 7.564310706205567
3484 8.215401622873706
3485 9.162601784093066
3486 8.524872315472644
3487 7.047681359996976
3488 8.198422094606041
3489 8.449944448980384
3490 9.569260081655198
3491 9.959111602108358
3492 9.855514335511543
3493 10.12563766980979
3494 9.602591467129848
3495 10.430295766588399
3496 11.040031763257032
3497 9.73407912716276
3498 9.43640343623788
3499 10.083168973365044
3500 9.685371371481786
3501 8.341189364878735
3502 8.625334791502997
3503 8.496499954373972
3504 8.600643715478133
3505 10.34818532292294
3506 9.635861814134262
3507 8.85065271813291
3508 9.505034036278712
3509 9.454978223480799
3510 9.88217090262536
3511 10.146437943079134
3512 12.459995949321458
3513 8.861065545521418
3514 9.902884109938167
3515 9.243218036445283
3516 10.51769361937566
3517 7.690771948044303
3518 10.096046980536608
3519 11.735625504356186
3520 8.037904997834
3521 9.820459753724583
3522 9.346288574189842
3523 9.606916747151137
3524 9.253926940161348
3525 8.762930770757551
3526 10.082553802053349
3527 10.177783439444928
3528 9.90247577020231
3529 10.574643616644275
3530 9.534959389375143
3531 8.916290747742703
3532 9.470850535211696
3533 10.48825099688981
3534 8.029684882819708
3535 12.177058106481537
3536 11.26168074590492
3537 11.888404950697725
3538 11.447866205080366
3539 12.869458938050066
3540 12.590309106247728
3541 11.108232773423865
3542 11.249694994987196
3543 10.529721847878303
3544 9.729475865768688
3545 10.303487837675863
3546 9.560590872682983
3547 8.636557318780026
3548 7.359491614844819
3549 7.364493449626853
3550 7.9695987754575635
3551 10.312265536371301
3552 9.740682043678325
3553 9.032232354765904
3554 10.506083416928005
3555 9.059608650769542
3556 11.379021217344267
3557 13.023537225576899
3558 10.886640869722081
3559 12.87541352823247
3560 13.17199064916754
3561 13.324985733226178
3562 12.922641829387668
3563 12.62812395553365
3564 13.757419108384697
3565 13.357574279453084
3566 14.00790404494726
3567 12.906883746785194
3568 13.713166972741407
3569 13.385297570556824
3570 12.665698614361514
3571 12.899784120634022
3572 12.837545171048562
3573 11.983900809437113
3574 13.905179678626109
3575 14.152310599021298
3576 13.99152689058534
3577 14.121550941776416
3578 14.24074606977314
3579 14.496375542411709
3580 15.184145906741717
3581 13.968921430240947
3582 12.966481171903466
3583 14.322582006662431
3584 13.899278038322905
3585 13.602710881731094
3586 14.012292172881846
3587 14.679020091311372
3588 14.29689777576754
3589 15.675981962705972
3590 15.254750579430729
3591 13.70585547208953
3592 15.658508731583131
3593 15.08982631646646
3594 13.885559171657377
3595 12.277309293175941
3596 10.80040034548392
3597 10.624374525908953
3598 8.251372319613797
3599 8.82217055102164
3600 8.639950919012945
3601 9.648486803391318
3602 9.550486800484425
3603 9.330560842435947
3604 9.7348256973053
3605 8.99322957417694
3606 9.426970664103903
3607 8.1059012202078
3608 7.845702557684729
3609 7.817170337234014
3610 7.574546147722908
3611 8.152704107641835
3612 8.2158806267672
3613 8.815097822406596
3614 10.018063632921058
3615 10.523738724115038
3616 9.80048910018528
3617 9.582356816474478
3618 11.064786651460036
3619 11.585838230385054
3620 12.156210993613193
3621 11.008223521316708
3622 11.003348131179832
3623 10.040185432477637
3624 10.42872235879077
3625 10.41570222433267
3626 10.345488003062732
3627 10.603371567077147
3628 10.375865563012793
3629 10.232167303933723
3630 9.352678352790672
3631 10.36768484973426
3632 11.002529801231082
3633 10.09080644324947
3634 10.262472788989996
3635 10.843520529590647
3636 8.139982261364352
3637 12.030499702279952
3638 10.360627212097723
3639 10.260542676379389
3640 8.964157292280678
3641 10.851670204959374
3642 10.940121023844712
3643 10.365885887000037
3644 14.069419818733738
3645 13.509857250507645
3646 13.281185266388709
3647 15.397624823184291
3648 16.22897010281025
3649 14.949873446385388
3650 14.954832298083558
3651 11.997857649752799
3652 10.62508056998
3653 9.705856898910426
3654 10.689073110996937
3655 14.632055363446373
3656 12.691758871931713
3657 13.782404473508674
3658 13.01929861204141
3659 14.527249208780342
3660 13.886249129170455
3661 12.613113652495246
3662 13.00844221847787
3663 14.148737505234152
3664 11.708421231509218
3665 11.828992790626247
3666 11.730494793719949
3667 12.277542619642217
3668 12.404478671564934
3669 12.45910625467341
3670 12.014644270517874
3671 12.200208309147392
3672 12.191992139756415
3673 12.239175777796161
3674 11.450467881952108
3675 11.86142100153755
3676 12.294207018786032
3677 11.820659537594533
3678 12.212531465176445
3679 11.816505092050312
3680 11.140702651652726
3681 11.882640143496715
3682 11.889056668349529
3683 12.32933475701588
3684 11.952312216802907
3685 11.483567210912138
3686 12.016196679295629
3687 12.139886927198205
3688 12.348000316876725
3689 11.501105622331012
3690 12.325947189366703
3691 12.323279905927135
3692 12.16089871242111
3693 12.547043230498328
3694 12.28544083980948
3695 11.93432470922914
3696 11.826251342246664
3697 12.027714500704077
3698 11.857863226714962
3699 11.536734688982609
3700 12.566586787394764
3701 11.843491590112002
3702 12.308104071553393
3703 11.552360764249007
3704 12.103642993042717
3705 11.960365961913734
3706 11.994600820510927
3707 12.520407239246351
3708 11.706198169209392
3709 11.736412648171132
3710 11.923405414491377
3711 12.010276745253858
3712 11.93922719860351
3713 12.344580145148745
3714 11.818474362796481
3715 11.229257048631283
3716 11.62306035802406
3717 12.16444509926275
3718 11.98066064786953
3719 12.629676925502789
3720 12.503889078660595
3721 12.43428269167876
3722 11.950565064427403
3723 12.000102505819045
3724 12.246089075583269
3725 11.897165372201897
3726 12.155730965407916
3727 12.425640789741133
3728 12.68055427495343
3729 11.961772536526093
3730 12.447394547500185
3731 12.594971439864338
3732 12.749297294372896
3733 12.249141855755864
3734 13.233693657173808
3735 12.826632397134995
3736 12.904611418357817
3737 13.275502629369797
3738 11.11500138736307
3739 12.674569173801387
3740 12.722456275296398
3741 12.740472315442918
3742 12.791446696315786
3743 11.64903520379404
3744 12.497388414078733
3745 12.532152763776793
3746 12.285238731961941
3747 12.364542123822229
3748 11.980157216341928
3749 12.399000059731167
3750 11.9554282768644
3751 12.173357856563475
3752 12.639109403655425
3753 12.329146411432356
3754 12.498939713699556
3755 11.90388797211038
3756 12.309124323847044
3757 12.756736544686222
3758 11.627342063810689
3759 12.38438655191951
3760 11.575890725323635
3761 12.215783851137456
3762 12.312478139357816
3763 11.959170477305674
3764 12.154593556436522
3765 11.766520563607429
3766 11.700414329172501
3767 11.802839674309585
3768 12.232523272677629
3769 12.297430286090972
3770 12.140144081706204
3771 12.254237403010748
3772 12.05342145207117
3773 11.885911922752923
3774 12.181474092853954
3775 12.050661516324716
3776 11.752380834778632
3777 12.00037631691359
3778 11.931378101139984
3779 12.081910765776177
3780 12.211909413672858
3781 11.783556147337796
3782 11.41694814612628
3783 11.93451868308498
3784 12.282208872769893
3785 12.187838245384901
3786 12.570573775461154
3787 11.803138396766464
3788 11.962516408371473
3789 11.945890167524825
3790 12.161124923146271
3791 11.597353875863515
3792 11.897220870609775
3793 12.205926442256567
3794 11.999588132534448
3795 11.467851063204023
3796 11.87187922192507
3797 12.170321345605478
3798 12.189851153171588
3799 11.701877577934264
3800 11.872240129419312
3801 12.388527950992025
3802 11.684103151249655
3803 11.233975868423807
3804 11.722410481824845
3805 11.130150881671494
3806 11.61672878095515
3807 11.734386187170404
3808 11.680929968012656
3809 11.211329621369122
3810 11.359683748197115
3811 11.157466593358489
3812 11.335885846663652
3813 11.424052717009506
3814 11.208321047718787
3815 11.416071459647657
3816 11.948445122217349
3817 11.545019815132388
3818 11.587148573599496
3819 11.50250210572042
3820 11.90828591543182
3821 11.785535537535027
3822 11.502016181617288
3823 11.316488812483433
3824 11.52402787921034
3825 11.60061493211035
3826 11.28025635657986
3827 11.495725902520476
3828 11.148698502885686
3829 11.148862811614284
3830 10.95848207961424
3831 11.644283492442872
3832 11.713640384361199
3833 12.059957226731555
3834 12.183284880002267
3835 12.43524121157113
3836 10.972186695913408
3837 11.030733873261687
3838 11.994687165304304
3839 11.403372044895956
3840 12.208871382812113
3841 12.691377146063363
3842 12.033207777185282
3843 11.744172682196295
3844 11.426271782741942
3845 11.797008299128743
3846 12.008047762213884
3847 11.88692980757905
3848 11.258582540298477
3849 11.530612333840763
3850 11.633400028974728
3851 11.543070071871686
3852 11.651904771486358
3853 12.436805909203846
3854 12.200640337425435
3855 12.047549809477403
3856 11.979131101582963
3857 11.675416090811321
3858 11.871585321914775
3859 11.562818619845293
3860 11.411238772042665
3861 11.921557308786987
3862 11.883420417529688
3863 11.78698526563242
3864 11.61684753923783
3865 11.955143516640208
3866 11.340616060106719
3867 11.635572825890536
3868 11.851895128742525
3869 11.561835564603797
3870 11.910643547987739
3871 12.07155428331357
3872 12.163410382377938
3873 12.034004011223347
3874 12.089600186990804
3875 11.585123828272186
3876 11.993285565822461
3877 11.154950441314503
3878 11.506928801913027
3879 11.230686301969696
3880 11.898541602904277
3881 11.993920005404926
3882 12.127291309807982
3883 11.667701694274415
3884 11.704546659574321
3885 10.810085212873199
3886 10.494456916494414
3887 11.071156482472304
3888 10.230351557803806
3889 11.051443621625708
3890 11.24376407220893
3891 11.366178727660477
3892 11.144699957238785
3893 10.772488773578813
3894 10.611615327048666
3895 11.189256344545884
3896 10.813540042670672
3897 10.944876012750305
3898 11.205456271537406
3899 11.38072082154108
3900 10.552818337722943
3901 10.759614113053876
3902 10.960105505668631
3903 11.289063427365221
3904 11.960941161570485
3905 11.109153075675202
3906 11.395192883388619
3907 11.44954590596053
3908 11.220341260484465
3909 10.81199515832311
3910 10.853087071041148
3911 10.928740071434985
3912 9.573694459843479
3913 10.731169652838313
3914 10.260783182783108
3915 10.334785699124668
3916 10.886438393484607
3917 10.872603666088278
3918 11.32798185463667
3919 11.424503081421163
3920 11.45461551309582
3921 11.238016734701752
3922 11.498541499920428
3923 11.705725686037226
3924 11.62141366813033
3925 11.85996303199003
3926 11.797163569787552
3927 11.126934765130619
3928 12.24372536370761
3929 11.77749725452006
3930 11.065870366542002
3931 11.186327646694648
3932 11.392933756425224
3933 11.68382156182544
3934 11.393165469901241
3935 11.408396510626426
3936 11.590140344466985
3937 10.905836736874548
3938 11.685722588856617
3939 11.369889402364452
3940 10.841292154219198
3941 11.988353713074266
3942 12.384910814678756
3943 10.613518086518388
3944 11.326452692165319
3945 12.727593349399337
3946 11.150148304319174
3947 10.898747684879474
3948 11.244968596637667
3949 11.448240403814468
3950 10.900836635021191
3951 11.763224454487709
3952 11.911043175818223
3953 11.388805886656032
3954 11.929942989934341
3955 11.844077593411779
3956 11.449282116105135
3957 11.933110265115095
3958 11.420649500280065
3959 11.123714835767348
3960 13.283946905929113
3961 13.268202640153554
3962 13.631166669773139
3963 12.44648205819878
3964 13.302709804776194
3965 11.975650351495384
3966 11.197782852749715
3967 10.982605495145151
3968 12.411457337506306
3969 12.42198722685581
3970 12.619180741053754
3971 12.610240465334186
3972 12.111550857190185
3973 12.764618850200675
3974 12.18959526097578
3975 13.454216681809257
3976 13.59926860076882
3977 12.413236247715963
3978 12.168930737706884
3979 13.300802031351038
3980 12.512000600996032
3981 13.354350614026135
3982 12.520906984184476
3983 13.371431072973431
3984 12.848625459297526
3985 13.30041928139699
3986 12.596548351721166
3987 14.243492100753908
3988 11.881677040641774
3989 10.357391641554246
3990 12.327397403820827
3991 13.675400301697202
3992 13.569444463009066
3993 11.069263107255328
3994 11.035229614529413
3995 11.032530607159096
3996 10.603169354360755
3997 10.468357726301566
3998 10.818273246465337
3999 11.215226479646624
4000 10.812088740120927
4001 24.684877008662188
