0 43.835756992658304
1 33.97301241346928
2 33.76856689410315
3 34.966977251122564
4 31.316662769079993
5 30.50091511058368
6 27.15545634695981
7 30.187528521550927
8 27.77529634399047
9 26.837247353631916
10 27.866232274146
11 30.218491105709006
12 28.055295460596852
13 28.245718342673964
14 27.459688071127836
15 29.34138632327687
16 28.649804222304002
17 29.97139508734562
18 32.132118439873935
19 32.965277937452036
20 32.05021356996715
21 32.666972589122395
22 33.85832507326673
23 37.99873150252259
24 33.76108881067027
25 33.3142311590082
26 34.66587486051194
27 37.394416840198204
28 39.31433703651042
29 44.76125769139451
30 43.24951891991644
31 43.52650278493449
32 46.676356565192386
33 49.049126424120715
34 45.42988517489825
35 44.14502096701276
36 46.20461092949156
37 46.32678983643419
38 44.662005245412516
39 44.54970061535357
40 42.59528144289431
41 45.30924440656867
42 44.98432727042381
43 47.46885297141259
44 47.94587039209789
45 42.63245772934962
46 42.523764952830994
47 45.79561294257235
48 42.67465198781242
49 42.043401505906154
50 39.39395011402447
51 39.77181550660521
52 36.86423315174005
53 39.80411555652861
54 44.753501412186694
55 45.784209591370505
56 47.91042909132716
57 49.2201762114022
58 51.18929523193778
59 50.29091403387705
60 48.84534367194004
61 53.54111769916446
62 48.36479554204817
63 48.344305347293975
64 43.80985091263511
65 45.91013161446275
66 47.04997057757731
67 46.29969186908552
68 44.230970156847675
69 41.623455944046356
70 41.70791202163545
71 41.67443114712571
72 43.23761149743064
73 42.969515467242
74 41.40880273211582
75 41.81874373413242
76 43.23867398835858
77 42.7589189044117
78 41.42587786439723
79 42.85104918355729
80 41.65444205581167
81 42.8714132006903
82 41.96545127230608
83 43.29546975863074
84 40.90503917140704
85 41.75234425771519
86 41.547788582721275
87 41.04704641307045
88 40.238381506754415
89 40.737260203833465
90 41.6445057526701
91 42.92400662713741
92 38.88704558056267
93 38.850466760392166
94 37.461771914953005
95 38.00292127186314
96 40.060311982249594
97 41.78803565754845
98 37.928645113686706
99 40.6625210602579
100 39.39987908444526
101 41.34684652661711
102 41.911957159508
103 41.36700401214944
104 40.09149024349842
105 43.12006969083568
106 42.82721128164611
107 42.80498882541827
108 45.781198282404624
109 43.8870086968215
110 45.62662290194476
111 48.603045066633754
112 49.49391491966214
113 44.97747017354076
114 47.31409883797467
115 48.14832770962622
116 48.20669635249496
117 49.72116266302941
118 48.991414349337724
119 49.31781200963676
120 49.056575047235185
121 49.43116768695834
122 47.978293371535635
123 48.232631703503955
124 48.034512241111244
125 49.50402901149941
126 48.2851304828218
127 51.70513382218181
128 50.61983042777138
129 51.4222734561048
130 51.97525624099865
131 51.01513004401973
132 52.07822182576009
133 49.05480232653905
134 46.261278240918756
135 49.67894803108245
136 50.55953590362661
137 53.71754275762879
138 48.446006266986025
139 52.74827599536769
140 47.86370237003204
141 51.10584598191527
142 50.4789247175825
143 48.20727265707019
144 48.70086383373057
145 49.85055052924892
146 48.705728128542084
147 49.997126009183596
148 49.3137228802772
149 47.78197254658411
150 45.701236076700724
151 45.26791076841245
152 46.33941104206813
153 48.42579469357061
154 48.864000466695366
155 46.599355216808945
156 47.07913306114704
157 49.4866454003341
158 49.4008876649897
159 46.80045517995219
160 44.11452025125747
161 45.90596608898693
162 47.45399895426201
163 47.81346052194054
164 45.4734711428897
165 43.85470609981255
166 46.167691330358736
167 47.079736911084666
168 45.7506952583394
169 45.203083861585704
170 44.877538450704684
171 46.27370825659383
172 45.581886353152086
173 47.02700416521386
174 46.7236017638092
175 46.02298490672617
176 44.19113263417467
177 44.04857116832776
178 43.5754326557301
179 42.51616826732857
180 43.14563065925132
181 43.13051327763418
182 44.187994467915075
183 44.11762691906528
184 42.072622464367434
185 42.73259779479126
186 42.77822131298532
187 42.79066058346844
188 44.1465275909657
189 45.65010943212772
190 44.93418204752034
191 47.06328112186948
192 45.29252466308883
193 44.346963344755046
194 43.392554866885675
195 44.653926085848084
196 45.69432539742797
197 45.52202129994996
198 46.70112386239135
199 45.73573606560038
200 47.168647490199575
201 43.75203179765312
202 44.45862344132083
203 43.39780300720102
204 44.60037048842875
205 46.147121384898796
206 43.05003881547257
207 43.90680886804471
208 45.58471496981662
209 45.2270808189052
210 45.905404895941636
211 44.91577508866829
212 44.036024536848394
213 45.7309615611253
214 45.277238389222774
215 46.88583303867863
216 46.46744125062908
217 46.733336833509426
218 46.62498829175444
219 48.18557332479138
220 46.40012713326194
221 47.684586726571474
222 45.10102094307639
223 47.678883967059434
224 44.26119975856971
225 44.019531556773806
226 46.60819894590835
227 44.4424297219641
228 42.174600426301446
229 42.715797655761975
230 41.56012040397207
231 43.60728361118432
232 41.90053819643091
233 41.833972470484355
234 42.885521782282446
235 43.195644663925925
236 43.92422233076509
237 44.8538986913508
238 44.03275617211977
239 42.817597559705824
240 45.021544979434346
241 44.3785259170158
242 44.845870557338614
243 45.43999626199957
244 45.993548205138744
245 47.296214682123114
246 46.32659556347513
247 45.29503627931894
248 48.60709546243047
249 45.54179040399062
250 46.389368567753756
251 47.339080812840365
252 45.17044782320751
253 44.31314649463821
254 46.0469059390781
255 44.24671538578232
256 44.11429173222403
257 43.34221164691777
258 45.16709661507084
259 43.891488323900155
260 43.52617923425307
261 41.99124797633654
262 43.95357024879892
263 45.73264965163318
264 44.39293833688162
265 47.16086645063284
266 46.416136519475074
267 45.498739514206434
268 47.354216963382726
269 48.04799814991967
270 46.442915859353526
271 47.93565330855219
272 45.5568218847549
273 44.8521326289755
274 45.863856241072774
275 43.8811234240832
276 44.32200099320215
277 44.22174307042611
278 44.18583958355629
279 44.161499393516124
280 44.0581251209397
281 43.151188911971495
282 46.97585261181767
283 47.52032145510284
284 45.45503860650035
285 45.881361175474105
286 44.91925096847136
287 46.78646677074216
288 43.45325650123044
289 45.512786504257065
290 47.51553233703815
291 48.067391950272416
292 47.33998326413025
293 49.19580224398191
294 47.631346588642565
295 49.12415408055115
296 48.974255516138534
297 48.85459994820748
298 48.92636265362209
299 47.901011237984065
300 49.79419225474867
301 49.164062423557404
302 50.61923181019678
303 47.850826315861624
304 46.914998559856066
305 51.11239263033071
306 48.91790879250451
307 49.99106228653067
308 48.32259014662195
309 46.33967106007279
310 47.09585793926828
311 45.67206320936622
312 47.75609575145839
313 48.59625709946379
314 47.75581740941799
315 47.84650883675885
316 47.28347686589499
317 47.50033500959651
318 49.2022528395752
319 51.35901865590624
320 48.579119818478
321 48.066576928029605
322 47.17612056977799
323 48.37773198566467
324 46.237234370244394
325 48.56896827668579
326 46.80810643412102
327 47.003529610272
328 47.20866831111134
329 47.622881080857496
330 49.18823598324197
331 46.534747406432764
332 47.16860008849016
333 47.21790484731311
334 46.61098333873646
335 49.176603308632075
336 50.306211691822796
337 49.50428004798653
338 46.91881014067507
339 45.862427606426174
340 48.13620142481137
341 47.598739942718815
342 47.58926427921445
343 46.335338370176494
344 45.65915546827663
345 48.07277238595193
346 48.72393942579988
347 47.47025822513226
348 45.618931938824396
349 47.387366803199086
350 46.62460414221487
351 47.08358119989024
352 45.661815714415624
353 45.85497618190766
354 48.01449723201066
355 48.56283156860917
356 49.30739624472073
357 47.554557068292844
358 48.49521952636039
359 48.47010842511359
360 46.00326622595579
361 44.15574534106329
362 42.80157752026523
363 43.38513743932114
364 41.89361491072546
365 44.312692038258206
366 43.275247540414895
367 41.47643547262515
368 43.10593145913082
369 43.22769083177862
370 44.88789180813092
371 44.00733347836948
372 45.2385562097174
373 44.69247445578809
374 44.71411866669289
375 44.33205304875584
376 46.56157621888037
377 47.79975083468955
378 46.58327695851397
379 49.770833153875515
380 49.84656023581916
381 48.21614174740773
382 48.73691561482183
383 44.672366478044346
384 46.05216716694336
385 48.857723010984465
386 48.889937790105755
387 48.59032965847216
388 50.19410098553223
389 46.40770594916963
390 43.84185027283302
391 46.61913509438959
392 44.18508607072801
393 41.77727704429084
394 42.64526017717989
395 44.29688287563178
396 41.94307760626461
397 39.12244054886982
398 41.5259821906655
399 42.77896998402742
400 44.43172663202849
401 44.18641557897454
402 45.43567667717876
403 45.9115361424201
404 45.60801790078606
405 45.42481146242371
406 44.33229953507827
407 44.17671786115627
408 42.10676753482899
409 43.67404885824392
410 44.153077702735594
411 45.058705078225145
412 44.20204765332178
413 41.74881025446138
414 41.617914838879486
415 41.73608754605022
416 38.95237990988416
417 41.360768289606604
418 41.68924030024477
419 42.61308051056738
420 42.57330793106634
421 41.82340652660912
422 40.933563944135216
423 42.643913193329105
424 40.43588588762652
425 39.023983307130784
426 40.723255580084825
427 40.77663236414293
428 42.118763561452084
429 41.01374490512435
430 42.55395266678738
431 42.33817154238753
432 40.10420230543492
433 42.88129185591948
434 41.07761129456519
435 41.58445721390478
436 41.455198487679525
437 42.46379095099312
438 41.93564909422131
439 40.15655235490442
440 39.93538249912051
441 40.7876316497026
442 41.91679740480409
443 41.24040604536772
444 44.037525071668945
445 44.927108750531715
446 42.329421713756155
447 43.337642684574114
448 43.039922094168844
449 39.909054581377625
450 41.46108223650481
451 41.19347035328221
452 39.96420479250535
453 43.71149654600958
454 42.8773358043328
455 40.75089894585943
456 40.84028688038719
457 40.95995267310264
458 42.98060859725087
459 43.049851417967915
460 40.05531752854218
461 39.33111787295461
462 40.45000900313871
463 39.977329117495756
464 39.415737722718944
465 38.98563596759845
466 40.0807770381538
467 39.313063811815105
468 38.95732476891807
469 39.46647816055839
470 39.365365449500764
471 40.803996891443944
472 39.96801535551638
473 41.56395801994313
474 42.04490263505904
475 41.62984589162671
476 40.84364820544962
477 42.02882777252824
478 42.28784969793963
479 42.3541653900727
480 44.804095514902464
481 44.003088186401335
482 41.065028866636126
483 41.973871257316894
484 41.439719604810705
485 41.709535108219875
486 41.73912560560398
487 42.56699519563389
488 41.994035845004575
489 42.583243936160954
490 42.73370378372107
491 42.72711207416404
492 45.65604764838215
493 45.032600027338034
494 43.182003814332525
495 41.71929721787194
496 42.46710857214368
497 43.181447848119944
498 43.53347643658225
499 45.84530394367041
500 45.872155235076605
501 39.3532737025498
502 39.71373652173858
503 40.33220044770063
504 37.70717051363607
505 42.01999313421637
506 40.333094217095145
507 43.55662738844971
508 39.95902847905678
509 41.933504307670255
510 38.8068587978672
511 38.479629778578264
512 36.163810864854376
513 35.04344336870196
514 36.58261349635097
515 35.096539094978766
516 36.61401388980151
517 31.78000236609688
518 34.716295007690384
519 34.55760189059968
520 40.75523776463722
521 37.06065058874692
522 37.14690323039477
523 40.43670122149281
524 41.73840418946899
525 42.335848717905314
526 41.03786675811337
527 40.96850189196317
528 45.24014155113638
529 45.58072051010699
530 38.90823394865646
531 45.310609736148976
532 47.096681736096315
533 47.95043315111856
534 50.146313349385544
535 48.15986915760728
536 48.61690608073959
537 48.02561945410187
538 48.451343432608006
539 48.43289336927263
540 51.50409174297686
541 46.61882995184588
542 43.03327175479538
543 46.71112904636016
544 47.98376312541122
545 47.34907113960998
546 53.3262997247549
547 49.78285546041094
548 51.01920258225267
549 50.32983788285187
550 49.270357319326415
551 50.78996743172823
552 48.63234124170844
553 47.011893384951684
554 48.415177400881326
555 48.09732022044334
556 47.10411117670774
557 45.73893016341348
558 43.466078714123235
559 48.86939187318157
560 51.43577059609467
561 49.987548901224706
562 49.90136165865671
563 43.918604847492674
564 43.938162515044105
565 45.30792237384111
566 42.23298759813532
567 44.356072246383654
568 43.281890663217325
569 46.27884948729778
570 44.2468120048978
571 45.23683639662837
572 44.168681351158966
573 41.35847051078935
574 39.938314152908944
575 44.21583961774162
576 46.024826429066856
577 47.17048656014551
578 45.46500084008934
579 42.557850712593954
580 42.4541742765187
581 41.36366507645889
582 42.14611190808188
583 47.0825223905929
584 40.845410466069325
585 41.57540804491961
586 43.5753584351674
587 43.6737739517374
588 44.49034419256945
589 41.92620376010709
590 42.57721833142705
591 43.229110868180534
592 43.81444591753033
593 43.009509345608095
594 43.16956364939333
595 41.459277555777724
596 42.39406321099279
597 40.27500704510854
598 41.00544632491084
599 39.1039898080692
600 40.001329478753796
601 40.6187906401622
602 39.457108728253026
603 41.27006585768735
604 40.44809741768767
605 39.74774905347485
606 39.861495022269146
607 44.193517330148275
608 37.66179299110269
609 39.347067873588095
610 38.688255613002774
611 38.09809455714628
612 38.57837104877519
613 38.02633897459245
614 38.93004914911458
615 38.27641671449258
616 38.584261620686405
617 39.75026687901017
618 39.35244962830228
619 40.4092662967268
620 38.8422511890767
621 38.47489864994946
622 40.06277975925154
623 40.77027607954143
624 38.89012531883223
625 40.11019082945857
626 38.78812500040324
627 37.52140531595282
628 38.291096660146266
629 38.70680469002087
630 38.602105176295744
631 38.75197729873692
632 37.359854457334905
633 37.70974846493312
634 36.87851719484024
635 33.430839221495816
636 35.969519708718266
637 36.89207787948676
638 38.01561596960552
639 37.17080700411639
640 36.79165083723244
641 37.38880243157244
642 38.24738946633549
643 37.59106692065281
644 36.3596024934258
645 35.5568296560572
646 36.474574725364334
647 37.37891319374776
648 37.33403453229944
649 37.737940092530465
650 36.86296758923976
651 37.8150925444933
652 36.10914924287096
653 37.273793276846966
654 36.31314676038582
655 35.961947357992216
656 34.96785935287976
657 34.623201043197284
658 33.639221861740175
659 34.27274335951441
660 33.78663813879905
661 33.18226151584671
662 34.07633091880563
663 35.552019784993774
664 36.070826949224085
665 35.00272453121132
666 34.98702117119129
667 35.855845612202195
668 33.8095055399736
669 35.11280689728726
670 35.88018718679207
671 36.37493629883149
672 37.82504685744309
673 36.21413259029658
674 34.24444592631878
675 34.89581394928159
676 38.0143427671872
677 40.88868922861692
678 41.09428068070604
679 40.992819277691964
680 41.10087169557264
681 41.448903753282124
682 42.70581958595729
683 44.82923063604682
684 42.814634771752885
685 43.264743342202756
686 43.3527957071786
687 41.092025699746166
688 40.23919676378175
689 40.776398809795815
690 41.97104285944429
691 42.13768684491128
692 41.90337031926209
693 42.43208479117071
694 42.15234572022995
695 42.93049548780518
696 44.35942915259393
697 45.104565399177154
698 44.3544207682163
699 43.91748264511591
700 43.214379403451055
701 44.84633199945066
702 42.620935695049425
703 42.834127386009676
704 41.67800165361163
705 42.37718994416111
706 41.77192108478279
707 44.27910256753985
708 43.06742171780634
709 44.22102691303457
710 43.35380634176791
711 41.977928982483256
712 43.59076547313343
713 43.67850628669094
714 41.34838039904594
715 41.86291175342283
716 41.74840121295175
717 40.570104491729545
718 40.52389400775424
719 40.983487528422714
720 40.16156658335278
721 41.50475089658948
722 42.47098628210991
723 41.827040765986645
724 40.182356313044316
725 40.06715298094013
726 41.00676271547631
727 44.71603246644107
728 41.67949337321963
729 43.041267921640674
730 41.863393692751984
731 41.874235171640116
732 40.234528456170075
733 41.76692338925989
734 41.85825851197088
735 43.611336481477544
736 43.47453106794602
737 42.85365537484089
738 43.25471125355573
739 41.79636278105102
740 44.79689948485462
741 43.51451858499752
742 43.3229693391785
743 44.29601472923255
744 43.515299448116686
745 41.996597969465554
746 40.598649550017164
747 43.26148934491463
748 42.45304758565159
749 43.26087630020619
750 44.145066290082546
751 43.21324834581829
752 44.21166052011693
753 41.47039943634352
754 40.77039035837657
755 40.041522333242696
756 41.309699994501024
757 40.27182565293996
758 39.63412066538591
759 42.85216800725663
760 44.18623303813212
761 43.279521823844895
762 44.84359606868073
763 44.09054365857277
764 42.61095659089317
765 42.728751371278165
766 43.076872971582134
767 43.649917011178275
768 41.35652592346022
769 42.688845653640875
770 42.68581898831659
771 42.273512727226425
772 42.82905350206876
773 44.431745113055996
774 43.535128249679474
775 43.74434515690266
776 42.59549479012195
777 42.17372353889376
778 43.45904441073473
779 39.7152470105388
780 40.72026332295139
781 39.37201963665189
782 39.63165492853954
783 38.61058509614574
784 39.141836497592976
785 40.067022398485285
786 39.409779689941075
787 39.45509501811185
788 40.27062969604032
789 39.54044189026764
790 39.933134926071666
791 39.91096500032057
792 39.812436637909464
793 41.29477089898501
794 43.266596388872394
795 42.018167628880555
796 41.59570838210864
797 41.45714827052898
798 40.60928154688235
799 42.653665922894476
800 42.29644728738083
801 40.864913539162764
802 40.30506719911421
803 41.591419180184
804 41.728324497024815
805 41.76045403301363
806 40.50582798244376
807 40.758437961197686
808 40.36124720046205
809 41.056102089576065
810 39.128062184464746
811 40.65671110599012
812 40.75692263633432
813 41.29310401563022
814 41.52639717633364
815 41.86132311235924
816 41.42683244680881
817 42.074422841620766
818 40.65689512239081
819 39.66554880140297
820 43.61879657909621
821 43.700308144956125
822 41.10784531692691
823 41.230716383948995
824 42.27382876926218
825 42.52045256970456
826 42.039730083533115
827 43.24261519286307
828 43.32323597316095
829 41.62777128459648
830 43.99844408506033
831 42.683614303708794
832 43.04938502158892
833 42.365962889369094
834 44.17207898367681
835 44.726072153120235
836 44.32309706343507
837 43.37506570827129
838 43.427738715725
839 45.032341155217864
840 43.21021809169149
841 44.59074242459109
842 45.07170388327621
843 43.28240025723619
844 42.6598933354053
845 44.54280295888234
846 43.21102364478586
847 42.16619394085625
848 42.40760196390614
849 41.72945289901355
850 41.83774526664084
851 43.36828152766958
852 43.18166255356471
853 43.925884036457674
854 43.68610998032656
855 43.736837870842834
856 43.72873195482028
857 44.02262848344589
858 42.177606682605614
859 42.71605838938478
860 43.7672452803282
861 43.82606835857421
862 44.34777460604359
863 42.39689688898212
864 42.59297921284413
865 43.57980549973344
866 41.70545891272746
867 42.2897862278754
868 40.45964869231203
869 42.29890331628244
870 40.452216255169475
871 39.30801589559571
872 37.85954854617484
873 38.01191828668067
874 37.89625404911314
875 39.610789683589175
876 40.36593670967281
877 39.21443201700796
878 40.02134208945283
879 39.33918872267327
880 37.08685091396147
881 38.32549448198719
882 39.03890561074803
883 39.3349020988517
884 40.45125020194176
885 39.02439796187219
886 39.157640623239615
887 38.4320654679066
888 38.17338383121563
889 39.01189853776384
890 39.28859754813369
891 37.68223277946104
892 37.819492270795486
893 37.76894435638573
894 39.11234216138877
895 39.89268355011128
896 37.62905913253237
897 39.062989840172506
898 38.374945795733474
899 40.347280487101514
900 39.85270484289216
901 38.190024820316964
902 40.79507521896392
903 41.91853681318534
904 40.33230459525454
905 41.440814152291416
906 43.45133935835972
907 41.60520237912317
908 41.782407693912035
909 41.579434610213944
910 43.27028353392587
911 43.43912670843222
912 42.14402637862798
913 40.69107748236767
914 39.94437132720431
915 41.83215309104623
916 42.236782804756224
917 41.288759948594766
918 41.01636346104219
919 42.4215566431176
920 42.91391578684336
921 41.637530161695615
922 41.14848060118555
923 43.07072173441878
924 42.42754790267938
925 46.26518644411788
926 43.73978860328721
927 43.91809937352701
928 43.5465856439565
929 42.63309934084891
930 43.454132650294234
931 41.82005199452038
932 39.91007860942073
933 41.445951314201494
934 42.91177722418029
935 42.1858315115303
936 42.92589259749297
937 42.358989499965645
938 43.46702945839162
939 42.6734568625527
940 41.554719544053064
941 41.4005985391722
942 41.5952663828464
943 40.310159809516946
944 41.882286018495506
945 40.645733485737516
946 42.190710535985616
947 41.870854622551484
948 43.432007452920786
949 41.79865165598386
950 43.47366577535151
951 41.228657687494014
952 41.10984030840887
953 43.14707072837069
954 44.12162147686198
955 43.09512936613557
956 40.3205531391878
957 42.94092946517321
958 42.21048217129328
959 41.355898487956026
960 41.666851046750075
961 38.879459840825604
962 42.66823521313756
963 41.94160939513673
964 41.51592271025923
965 35.946164697765965
966 36.608834139368675
967 39.998995035030696
968 37.63397419687665
969 38.74485679268696
970 41.31073835318419
971 34.504436568682266
972 35.9035778627034
973 39.938560974490656
974 37.30538091475564
975 35.795584977325206
976 35.6318192165589
977 42.88988662654939
978 41.67296057175011
979 41.95694329507626
980 45.083815070661565
981 45.77332044803829
982 42.81490310482468
983 37.71134502750576
984 35.89305940848389
985 35.268661375414524
986 34.5039701720541
987 39.94066869631604
988 40.04226631832819
989 35.096708491742696
990 35.38531524694584
991 29.87157260643882
992 33.36375941275921
993 32.22493835957293
994 31.321827930051864
995 29.260121620016303
996 32.81502254273232
997 33.867144266717446
998 32.27154290167423
999 34.08846976160622
1000 31.4930824219516
1001 31.927088649956726
1002 33.07733356476958
1003 35.40903407371963
1004 31.625675889174072
1005 31.015029103758916
1006 28.91883394601317
1007 32.51717369724332
1008 33.86178751389715
1009 36.714909046315675
1010 36.75064447327304
1011 41.65657722769323
1012 39.66277610167677
1013 38.88073036581273
1014 33.54778218104738
1015 31.028495490346327
1016 30.81545275262572
1017 30.12320756305229
1018 34.47150818591103
1019 33.74946587090483
1020 34.20278789178589
1021 29.56727346370814
1022 28.270606862515848
1023 31.77237328372281
1024 29.639136019533215
1025 33.22865844839145
1026 34.73021626144569
1027 29.558312486259737
1028 23.691639416619065
1029 14.783180481015984
1030 24.448940377847347
1031 21.658222171844596
1032 27.422201990628395
1033 27.690091379028058
1034 27.31076416170178
1035 32.398970198784504
1036 29.30140030253495
1037 25.606569074854857
1038 28.721944328417017
1039 21.228900513499728
1040 25.65516722101847
1041 26.01414888006226
1042 27.698912919124993
1043 26.48935714198072
1044 28.268726351222508
1045 29.03350685798631
1046 23.687079391537992
1047 21.269549326927574
1048 20.293193812045676
1049 15.833527363225732
1050 14.245897910090306
1051 12.620844187605863
1052 13.542846750744802
1053 21.193907952294378
1054 17.019647311447176
1055 15.941130759315229
1056 12.318545320204906
1057 14.957710276369768
1058 15.106994103209326
1059 17.246739870312183
1060 14.770792941103899
1061 16.099435769190926
1062 19.13757175795974
1063 16.208901621221933
1064 16.23762105735531
1065 14.658208369471678
1066 20.598616511469885
1067 17.51834603941971
1068 16.612369963473288
1069 15.394101328030219
1070 17.311693532907466
1071 16.882006239066026
1072 16.448708600685357
1073 19.642231526209684
1074 17.003377850540414
1075 16.32430013449337
1076 20.356470555162215
1077 18.21697248867658
1078 16.56863126674094
1079 13.042308477832183
1080 16.03102938687451
1081 16.941675747765554
1082 17.011971723956044
1083 17.94369360708385
1084 21.4178741977386
1085 22.165955474589648
1086 19.919498847724462
1087 21.870185495435404
1088 20.546923841546338
1089 19.56725190186346
1090 24.94657889404644
1091 19.73810859972052
1092 14.8346647579943
1093 19.56603880723822
1094 20.217768060448414
1095 17.42980425533815
1096 19.62611708075521
1097 15.946756482997664
1098 15.792620672333692
1099 17.72051706076385
1100 16.476385905993343
1101 15.167150958893611
1102 16.177215990532517
1103 15.58490198534764
1104 19.28506227490678
1105 17.429043078349753
1106 15.309675884742465
1107 15.811096488046399
1108 17.83013875688159
1109 18.25948378055855
1110 19.895332117676734
1111 18.332627438726092
1112 16.801409804955448
1113 16.609794969757488
1114 13.849306098330034
1115 15.749104269370488
1116 16.378092888932905
1117 16.270263058742614
1118 17.00640959239508
1119 19.199731303202967
1120 22.197802673813165
1121 20.984322879857782
1122 18.813855408040848
1123 17.672213093799197
1124 16.19223249465774
1125 19.414156454754103
1126 16.23708898509079
1127 18.168788817394763
1128 17.33062985168907
1129 15.489687655743746
1130 15.904572550293171
1131 16.59221859308154
1132 16.33134166614256
1133 16.647424159314884
1134 16.890271596537467
1135 17.569289201701245
1136 19.359219359747875
1137 19.527302257283576
1138 21.54952310878066
1139 19.615804146748978
1140 18.044702883901905
1141 19.752210639328013
1142 19.33132570144317
1143 20.76097755556316
1144 17.855561543066678
1145 20.22139946166862
1146 14.858703563096267
1147 16.80499066226322
1148 17.117494398351212
1149 16.493892758739758
1150 17.37649633567985
1151 21.451083553485674
1152 21.013558607786475
1153 22.22880905407032
1154 21.089998485878205
1155 21.41258581297826
1156 19.41645809377828
1157 19.729016432532763
1158 18.82452898815736
1159 13.403216831057192
1160 18.80256170817939
1161 13.124030508744957
1162 16.774691182872832
1163 17.572108039821657
1164 22.407102027635528
1165 22.80713348913773
1166 22.005141567441633
1167 19.727470320851797
1168 21.97491942813522
1169 19.91195984947324
1170 14.478922738269818
1171 16.366771960250475
1172 11.558548956157113
1173 17.101602224458897
1174 9.440784526254552
1175 16.667577990792395
1176 18.308541202923855
1177 15.569443724048305
1178 20.1227946796564
1179 21.391024349094977
1180 19.317160754272127
1181 24.433820266985627
1182 21.607314446820272
1183 22.38559478719481
1184 23.997400672056592
1185 24.83349247724855
1186 27.52635189614929
1187 26.26297722934743
1188 27.89061634256696
1189 24.052343355753287
1190 25.378976956183728
1191 25.439382808654994
1192 22.98627288945518
1193 24.019393642563617
1194 24.871156801776888
1195 24.876228235181532
1196 16.51435839005846
1197 13.86126622293803
1198 19.584946157475844
1199 18.940057005026762
1200 20.687591137052618
1201 20.212261474335676
1202 23.922497931955373
1203 20.970728318824076
1204 23.40595951622696
1205 10.792339748939003
1206 17.21769234851346
1207 17.123385745362206
1208 14.910746737644716
1209 14.48015629115054
1210 9.077696436865086
1211 12.276897804502799
1212 8.721942042545475
1213 8.19440225140264
1214 13.826180696539343
1215 10.248334372978082
1216 11.928449904278567
1217 11.446949546960962
1218 10.41589013744711
1219 10.561371570439842
1220 9.439150786593817
1221 10.097438556875582
1222 9.081874234370964
1223 13.211834138866884
1224 9.712028649008612
1225 11.927879144151532
1226 10.188356023818868
1227 10.166571411022137
1228 13.045450911414367
1229 7.20226141744128
1230 12.302305338606873
1231 11.844042404712942
1232 8.882606321472968
1233 9.24257009796266
1234 10.207937157302013
1235 10.55631382950104
1236 10.664565249714395
1237 7.696530190976981
1238 11.413777188052466
1239 9.147733774340036
1240 5.766011443798674
1241 9.079604352157242
1242 13.403672027887621
1243 12.45029498689335
1244 11.770717195037317
1245 8.669518026579558
1246 7.589713016161098
1247 8.077832638817645
1248 9.14178838934186
1249 6.056343961795475
1250 5.504319906888149
1251 7.680369316798362
1252 6.6510801689367165
1253 10.094691104936548
1254 9.272641336861849
1255 8.095071673116779
1256 8.497462660552499
1257 7.769474025093672
1258 9.651769446667117
1259 8.273075834300405
1260 7.273015931452908
1261 8.442159922051255
1262 9.782135316488894
1263 15.249316932467856
1264 13.481812397495013
1265 19.51948422813827
1266 16.52506136875124
1267 15.45401034427113
1268 17.3180747014432
1269 16.28633535638201
1270 18.191630930711575
1271 18.783087573490153
1272 16.771750065312702
1273 13.321764890806138
1274 16.855695434953155
1275 17.278869613262337
1276 18.598531866153312
1277 14.820040318980448
1278 12.547173070576669
1279 12.621851166863022
1280 14.453150410134965
1281 13.183903957636383
1282 14.578594008001408
1283 16.099458485375997
1284 20.313339146354895
1285 19.447251658141237
1286 13.687411422547198
1287 13.843206594805812
1288 17.107481090421068
1289 15.818757163900537
1290 11.489075701317375
1291 14.388732233197452
1292 16.863419579502967
1293 14.441825435893042
1294 14.950080404419404
1295 14.932921686585399
1296 14.471799310093731
1297 11.028718365729018
1298 13.786833640799784
1299 13.075866894552046
1300 14.782435493038742
1301 16.579071085301315
1302 13.237116335750727
1303 9.62601941623035
1304 13.556545644545603
1305 11.693890129879886
1306 12.682672695953745
1307 9.471393387872805
1308 7.020999058442082
1309 10.362331448094448
1310 9.580870799744794
1311 11.38532780325738
1312 11.080060919103323
1313 7.790415372832289
1314 9.5211040784651
1315 10.400794954290546
1316 9.465978499516488
1317 8.166235233181323
1318 7.040658607671729
1319 12.615713038363731
1320 10.460136239384777
1321 9.949028784352214
1322 13.15610111681255
1323 13.394290114642526
1324 12.203460046930163
1325 7.223786517184504
1326 7.830800685749995
1327 8.40166459965198
1328 9.449158306280893
1329 12.45274689952558
1330 15.432821986802876
1331 12.689979496813539
1332 13.480129675765467
1333 12.367790449663158
1334 12.78248760525077
1335 13.486643338720306
1336 9.317130555244143
1337 7.572759217456656
1338 7.817743008868346
1339 8.396221731870764
1340 10.504723021369333
1341 10.194801453906818
1342 11.238596194427112
1343 11.51872903700669
1344 9.963387876915883
1345 9.921603031692632
1346 11.962544753801643
1347 7.252497411112583
1348 11.055922539504298
1349 12.336446120744393
1350 11.219731927075628
1351 12.052394152978072
1352 11.932815300923936
1353 12.327616802743828
1354 11.390499843118766
1355 12.129459385787209
1356 11.0289829610508
1357 8.897234637342784
1358 11.601979962109176
1359 10.292992258927953
1360 9.363673820713622
1361 10.656149546902252
1362 10.46005060756597
1363 11.7339495755284
1364 9.72309172199371
1365 9.641214187895905
1366 11.513527255838833
1367 9.080271811513613
1368 9.759600723262817
1369 7.814094937978805
1370 7.745174696883615
1371 7.428633559354221
1372 4.655534957321003
1373 3.5815945940938594
1374 8.510708318477322
1375 6.691584351884338
1376 7.674170532137613
1377 7.921719641060415
1378 8.06608918764611
1379 5.796595427369346
1380 5.959623410665637
1381 4.1957922931841605
1382 4.375352158681329
1383 3.216349163404195
1384 5.211402140754756
1385 5.247782803242722
1386 2.66868323928761
1387 3.8054912351394896
1388 4.301205338924949
1389 3.9323770180606696
1390 4.135487593625516
1391 5.60757450988302
1392 6.498200339387011
1393 8.957117643646846
1394 8.29099921155654
1395 5.475014140910268
1396 5.441386222231537
1397 8.320932718873216
1398 5.955643042016011
1399 5.510113543606237
1400 5.3077237006347096
1401 3.581997408596199
1402 4.054539674344479
1403 4.104660087948238
1404 3.3764266308149864
1405 3.3178613346833865
1406 4.1413467282633105
1407 6.148905606537958
1408 5.943242059258755
1409 5.727952688744425
1410 7.954580808155809
1411 10.725191599168982
1412 7.182355773732488
1413 9.835830868651339
1414 12.412868052640501
1415 13.279624361336102
1416 14.93009635061266
1417 13.950860725951754
1418 15.138631547035082
1419 15.063068057214291
1420 12.071025213209344
1421 12.947359369830332
1422 13.87424316960241
1423 13.87755674938515
1424 12.765634176816178
1425 11.10385709196259
1426 12.096374681497867
1427 14.952212134780757
1428 14.169329703773471
1429 10.635117516274377
1430 14.94171052304641
1431 13.449716868090677
1432 13.889820833363201
1433 13.732983270319647
1434 12.193145858934619
1435 13.699792487475785
1436 13.467959186494278
1437 12.571839930180285
1438 14.76567657207835
1439 13.853422153349634
1440 12.481897724458909
1441 13.591990913258245
1442 12.846119883343098
1443 12.702617978692185
1444 11.642902995044498
1445 14.023744202503174
1446 11.161728745972722
1447 14.04263504601793
1448 13.008949082525339
1449 12.901177064645726
1450 12.787125440377437
1451 13.361654652562285
1452 14.014683197937932
1453 12.561035987746932
1454 17.049586020536875
1455 14.560072911001411
1456 12.962219212580635
1457 13.484086259403002
1458 12.702704662889214
1459 14.713162555876924
1460 15.865201972569377
1461 14.681494678939835
1462 15.598512831496146
1463 14.17565321667235
1464 13.82058640650595
1465 14.735469063193626
1466 14.821281756831567
1467 14.664042337378344
1468 15.02641788661515
1469 13.442696164279646
1470 14.480367781462965
1471 14.061963729358705
1472 12.436683989626955
1473 11.431455025831482
1474 14.180694916113412
1475 11.145803556370744
1476 13.73492795088767
1477 11.549348960266926
1478 11.393428239072712
1479 15.243233514010674
1480 14.685574747386978
1481 12.775284950259975
1482 13.293764669320092
1483 14.969350139452246
1484 12.07867892841705
1485 13.757235568830552
1486 15.449957966522803
1487 13.330580113545555
1488 13.757744854553863
1489 8.685837686799287
1490 11.182750564931323
1491 11.30036586945874
1492 12.081329192682723
1493 12.895196538214934
1494 12.82398618418907
1495 13.144650043285464
1496 13.207286733841721
1497 13.991968003344061
1498 12.416332788544105
1499 12.31491718111165
1500 14.518656762575034
1501 13.631366910507865
1502 13.291089079576246
1503 14.752009051970946
1504 13.622468411556117
1505 12.723468219531766
1506 11.146810110972119
1507 12.810653502377267
1508 12.854115381298607
1509 12.759274773751928
1510 14.033624019274802
1511 12.7606621771935
1512 16.50630463749326
1513 15.020976468789698
1514 14.057441200328714
1515 14.484932909526835
1516 13.575049214424824
1517 14.07027035901556
1518 13.68845982617196
1519 13.72164891835936
1520 14.174972430492343
1521 14.351834578260595
1522 12.424011584512517
1523 13.547843342055984
1524 15.10032833343725
1525 14.211011875214405
1526 13.501686714428288
1527 12.017554342181331
1528 14.026121962769897
1529 14.421118122778346
1530 13.984115409383946
1531 13.057243759560016
1532 11.05147182497938
1533 10.759936825453837
1534 12.046048472098157
1535 12.477910369871786
1536 13.067143895530677
1537 14.213956274680159
1538 14.561472839646834
1539 13.260063824104483
1540 15.1457948150587
1541 16.166443372027857
1542 14.495668196711994
1543 14.713131977728125
1544 14.316025116378283
1545 14.152800557379729
1546 15.698586968463022
1547 13.397197731454726
1548 15.39027691776314
1549 14.689445904281067
1550 14.387689746180426
1551 14.04442226418167
1552 14.435888254487766
1553 13.924598542760458
1554 15.448174607424887
1555 14.107968221058252
1556 13.257170169647814
1557 13.853219901703193
1558 13.61848745756293
1559 14.208189413973981
1560 14.037920784627689
1561 12.714935271129148
1562 13.975018680130754
1563 13.11235797536912
1564 14.620696965786141
1565 14.314621414791386
1566 13.353621024259507
1567 14.805156900440586
1568 13.840497713677363
1569 13.497291902767214
1570 15.241390895801171
1571 14.221930668946072
1572 13.11577339675593
1573 12.231542181692177
1574 12.232788700243434
1575 13.25873901102174
1576 13.709071717172744
1577 13.547719210569541
1578 13.57314584586443
1579 13.819421203573038
1580 13.347385647361339
1581 14.380121801340236
1582 11.61127492260748
1583 11.5326216423065
1584 9.647268399881687
1585 9.25443958648802
1586 11.935153011753014
1587 12.517884431105765
1588 10.972672142406465
1589 10.248420394882842
1590 10.919759760999037
1591 11.906024857412385
1592 13.381827310794383
1593 13.401368472127057
1594 13.313262663723657
1595 12.553001310288813
1596 13.640149902408773
1597 11.892882282881695
1598 13.078976044020266
1599 13.292358374381289
1600 13.185043388124642
1601 14.168234164550572
1602 14.004813136607266
1603 14.156377198637252
1604 14.489966706211481
1605 13.40998922741788
1606 13.1907830771875
1607 12.984133346363238
1608 14.128367563322747
1609 15.329433802520969
1610 13.446971842861926
1611 12.532772092881991
1612 12.251442338259888
1613 12.533039901491598
1614 11.194104801589305
1615 13.191913788485243
1616 14.258649815098988
1617 12.652601214240613
1618 12.419654461389754
1619 12.162844436270296
1620 11.767418421118764
1621 12.843425025947433
1622 12.037575498287532
1623 13.528437779269499
1624 13.76295531573329
1625 12.851123627931985
1626 12.235129998333957
1627 12.475298590685732
1628 15.099297969945525
1629 12.179394303223388
1630 13.92494873410131
1631 12.337269764153449
1632 10.872658595379052
1633 12.978310405817785
1634 12.737490553385731
1635 13.383164340525296
1636 12.076131610304095
1637 12.34456304216489
1638 13.483786324329948
1639 12.382359865052717
1640 11.098717255579619
1641 11.995312916920222
1642 12.244670755021001
1643 12.65036634447089
1644 13.473680943122568
1645 12.85412781286894
1646 12.05682778234921
1647 11.862052705879364
1648 11.053202338125788
1649 10.909377748490478
1650 13.544846556716632
1651 12.215291982652694
1652 13.07618374987853
1653 12.831333619736654
1654 15.193452512891554
1655 14.42301940009169
1656 14.402730107270106
1657 12.667565638340829
1658 13.107105760104433
1659 12.756015488573702
1660 12.757460554221629
1661 14.0825949099452
1662 14.227853303155065
1663 14.365132954849459
1664 15.354120529860557
1665 13.478210700289889
1666 13.86141085012792
1667 13.624679460755967
1668 12.697060684564034
1669 14.152965028176826
1670 13.898992211018564
1671 14.24183094630218
1672 12.454690217983282
1673 13.277969574598266
1674 12.790100384544044
1675 13.569027406757701
1676 14.043979007418388
1677 13.663707722354616
1678 12.261153933126772
1679 13.941804459527328
1680 14.093937012102957
1681 14.083214195286425
1682 14.361182748599424
1683 15.646471095500726
1684 12.619411385259141
1685 12.283697757722456
1686 12.773483173299482
1687 11.761570922875897
1688 13.320457769782767
1689 13.88351324696823
1690 13.272937912492006
1691 13.237446308953169
1692 12.665137118423447
1693 12.556658626669915
1694 12.344581509029549
1695 14.222914198451647
1696 13.956244883543667
1697 13.095440004465067
1698 16.528083631481024
1699 14.14578500548368
1700 14.179154463122027
1701 16.097094542066852
1702 14.718387723252778
1703 15.20684960417644
1704 14.836439869137527
1705 15.616027647240612
1706 15.204531787513066
1707 13.187222803294427
1708 14.329411901957386
1709 13.01130455032883
1710 12.740086867312122
1711 13.595856127254809
1712 12.483074500573322
1713 13.054067463582351
1714 12.530161581863936
1715 11.579316370394112
1716 11.826912433718897
1717 13.153613260358172
1718 12.001242262054847
1719 13.26662307742515
1720 13.036665382889437
1721 12.965495333906306
1722 12.540146500494071
1723 14.624417134257548
1724 13.626428737380179
1725 12.910775791214174
1726 12.43905810375286
1727 13.096123635357973
1728 13.426917349011566
1729 12.747830485286833
1730 14.073225727358652
1731 14.852715970011241
1732 14.86932739024521
1733 13.94868957818344
1734 10.700427054258995
1735 11.504267777772101
1736 12.372017810835908
1737 12.853346007989423
1738 13.079147529471875
1739 12.908745610046543
1740 13.251053496085682
1741 13.593825711224317
1742 13.598181265058292
1743 12.153294112128819
1744 13.734190808023516
1745 13.246220871736659
1746 12.995346920996122
1747 13.572017273934664
1748 13.412614390147022
1749 13.089009739872441
1750 10.925452853808395
1751 12.049913286843077
1752 13.291171821272737
1753 12.582695130961827
1754 12.068287131032667
1755 10.089005977487462
1756 13.766528076755469
1757 12.87057626343362
1758 13.03188892026014
1759 12.200112875371767
1760 13.425894241073712
1761 11.991576024211389
1762 10.826406925392012
1763 11.24329479581573
1764 11.823177890975272
1765 11.44678109245516
1766 11.173352263973934
1767 12.383738710556107
1768 11.88187232165869
1769 14.136323062015734
1770 13.820129851353913
1771 13.507352651314775
1772 13.571537332956709
1773 13.296197230681544
1774 10.718132348704682
1775 13.05269678282797
1776 12.707761488107936
1777 12.374649450343076
1778 13.242552926952035
1779 11.580331319709375
1780 12.113599632087986
1781 13.561700240137505
1782 11.624638466614437
1783 12.500140355475741
1784 11.860449015657641
1785 10.781934341959051
1786 11.371081224444156
1787 13.399046575419202
1788 11.778355682261807
1789 14.375934476251006
1790 13.32837615285637
1791 12.376104403944684
1792 12.489499111410874
1793 11.547607922510403
1794 11.962463235478971
1795 12.048539766215356
1796 8.168529747817127
1797 10.02591902723672
1798 8.206062799002405
1799 7.994652247976195
1800 9.599437792849981
1801 8.999724738426933
1802 11.198281481654732
1803 14.270432104346897
1804 9.992533951416462
1805 10.657773606656809
1806 8.62210194205112
1807 8.82191549715572
1808 11.018113681087215
1809 10.725094759151807
1810 11.765581353671488
1811 12.154903446134039
1812 12.243823317991284
1813 12.145569426694095
1814 9.54760374753532
1815 10.804505972101138
1816 10.361139678130401
1817 12.146791317894278
1818 11.442041217524302
1819 12.16026779934172
1820 11.95528051789973
1821 10.962101499720179
1822 9.809252220846016
1823 10.190257228792502
1824 10.880210418212105
1825 9.895873669361626
1826 10.692563515048022
1827 10.784640086634258
1828 9.995989506771798
1829 12.037691469820007
1830 10.683975434941223
1831 11.131101822996373
1832 11.554501272456354
1833 10.220699959695162
1834 9.930091364691242
1835 11.629378731060743
1836 12.762281183502811
1837 11.969972990130408
1838 9.976230415125125
1839 11.234634186477704
1840 10.343427880787162
1841 9.231255512172224
1842 9.63839020224043
1843 10.099501127405448
1844 11.69059029008399
1845 11.661669890764914
1846 10.970866968191219
1847 10.73633662935593
1848 12.270316437400998
1849 11.864866078903615
1850 11.495059726489425
1851 11.882893109023323
1852 11.71850517595872
1853 11.422119190785395
1854 12.372601359259514
1855 12.40102792374038
1856 12.082671984430288
1857 11.290859447711197
1858 12.440341677498694
1859 13.21463811545725
1860 14.196776270763852
1861 12.771786458963506
1862 13.104177592065474
1863 12.656296621854377
1864 12.591506393641929
1865 12.203243413573047
1866 12.206402465746049
1867 12.644805139613114
1868 13.042458374648318
1869 13.526779314934915
1870 12.245675426718293
1871 13.105586057947097
1872 13.29229786757779
1873 13.679334922319978
1874 13.749666811374022
1875 12.291375451280999
1876 11.232834854419748
1877 11.269788852463693
1878 11.063473552042815
1879 12.652181164055575
1880 10.823683689777823
1881 11.151682819461504
1882 11.78318471996692
1883 10.798412868019758
1884 10.088623945394462
1885 10.437327745600598
1886 10.468794984890993
1887 11.129636077759274
1888 10.691143051857317
1889 11.024915707843599
1890 11.882774621514233
1891 11.150432231520385
1892 11.789815586839444
1893 16.959321016629676
1894 14.64395327155432
1895 13.275387505059966
1896 12.662622206555518
1897 11.566961379710305
1898 12.2429963368789
1899 10.809712956771138
1900 11.497890505761093
1901 11.632711842336356
1902 12.233450083024854
1903 12.054116809441837
1904 12.312319043375348
1905 11.784770849995786
1906 10.789507604046625
1907 13.278937192120425
1908 12.530132746803883
1909 13.01787232507614
1910 11.402779208803855
1911 11.512954756082516
1912 11.022061740871134
1913 12.468220564124639
1914 13.935555208915703
1915 12.790247960793465
1916 13.020629543197618
1917 12.52584641815637
1918 12.652843155714963
1919 10.827477097915224
1920 11.499994128022323
1921 13.03133146695864
1922 13.928278627424215
1923 12.49844463406909
1924 12.025201055103091
1925 11.283975513623947
1926 11.844104929802613
1927 11.542249164531018
1928 12.29157287589551
1929 12.164334325048312
1930 12.67230795863253
1931 11.681569948701357
1932 12.23020727591855
1933 12.225928710423151
1934 11.719951495052145
1935 11.848924695508629
1936 11.571084174000472
1937 11.83270144389775
1938 11.109332596643103
1939 10.967358143754238
1940 10.88759124584542
1941 11.658831877128204
1942 10.644830057591825
1943 9.901814459706141
1944 10.110470028450441
1945 11.259171083680078
1946 9.17950714608593
1947 8.508979359262192
1948 9.57455155607901
1949 10.50140901902677
1950 10.661553539204624
1951 12.980995869984802
1952 11.807634757310403
1953 11.845116393333242
1954 12.897243493745988
1955 12.865478036467417
1956 12.332026563490103
1957 11.449455249672901
1958 11.924380843557577
1959 12.877587233886496
1960 12.490784952809152
1961 12.231253527751107
1962 12.571061941188953
1963 13.212693382097235
1964 13.529680330457744
1965 10.962833785610396
1966 10.20219112692538
1967 10.631850038960982
1968 12.086798020787525
1969 11.184389334368293
1970 13.583754823557141
1971 10.510309862094221
1972 9.884782320828698
1973 10.193587167682242
1974 9.899045033955069
1975 9.953046738633631
1976 11.068465781924784
1977 10.79403298899162
1978 13.176907164964616
1979 15.366541335869472
1980 14.924616280739942
1981 13.474844608126746
1982 16.323112513182647
1983 12.74628642196341
1984 14.366172291357875
1985 14.50736204627311
1986 16.0250868543632
1987 14.179295491634404
1988 14.253174811560767
1989 14.82199009319886
1990 14.077996833611794
1991 12.860737912438607
1992 13.225281342141876
1993 13.898907246019574
1994 13.22012861088317
1995 13.990660446317701
1996 12.513503880858005
1997 13.781393571876889
1998 13.510150795301357
1999 13.779521560336706
2000 14.11273738919109
2001 13.07317633742372
2002 13.793090914911986
2003 14.449519028946945
2004 14.701134844619522
2005 14.023893277760955
2006 14.821950183903347
2007 16.116395020451396
2008 15.351760849049725
2009 14.596676086078213
2010 15.086109778348217
2011 15.060979536101529
2012 13.142415440326058
2013 14.167089259758452
2014 13.28778153273108
2015 13.204250290954011
2016 13.388452385146078
2017 16.001714152164073
2018 14.605312671809754
2019 14.305690754624864
2020 15.02747174484114
2021 14.153005181970233
2022 14.947244020969158
2023 15.25748107909074
2024 14.92799740442051
2025 14.088873297355375
2026 16.002007728545586
2027 14.857019439325226
2028 15.216857088891997
2029 15.734170251626354
2030 14.898415206961737
2031 14.950112310290471
2032 15.914639682700482
2033 16.415796747687047
2034 16.192542134559616
2035 16.743512390889034
2036 16.223277716733993
2037 14.816570564421218
2038 15.069304726907824
2039 13.887497459926925
2040 15.316114470271236
2041 17.350031406078337
2042 14.74162135783903
2043 14.708063399933625
2044 15.556955328543559
2045 15.177333848702128
2046 13.933924853812329
2047 14.24984019171812
2048 14.539921150624089
2049 15.282759828487912
2050 14.631203738408267
2051 13.043736606070283
2052 12.955416374155993
2053 13.59792237625084
2054 16.625885497961857
2055 12.854445556174625
2056 12.632352129721848
2057 13.7311213921843
2058 12.915816800426569
2059 13.015931875817532
2060 13.671240567591095
2061 11.740529370826437
2062 11.676538574522473
2063 13.447620512408824
2064 11.89531890089035
2065 11.67228157759739
2066 12.71004020618662
2067 12.830601142007964
2068 14.597304485966458
2069 13.625484976666527
2070 13.997324839453757
2071 13.037763249054215
2072 14.365476585314557
2073 14.176564277899281
2074 12.817729137049254
2075 14.261167758836677
2076 13.321697235576584
2077 13.130529109932962
2078 13.143573954974054
2079 14.073637042821423
2080 15.114285332042362
2081 13.30498372257321
2082 13.449508080041142
2083 13.897627757450108
2084 14.5662428587862
2085 12.884163087810354
2086 13.933827902700974
2087 15.811120793176459
2088 14.327445222040916
2089 15.39615376117748
2090 14.420832722147665
2091 13.498385892434602
2092 13.203662766068652
2093 14.477981926039027
2094 10.672807314235682
2095 13.28609626270083
2096 11.70366678277311
2097 12.697458442250197
2098 14.7238840166132
2099 13.996420496040367
2100 14.419228647794755
2101 14.304911930862575
2102 12.567174340380907
2103 11.94841676070374
2104 12.633084630855121
2105 13.635592209172298
2106 12.460570804755847
2107 12.643989078696473
2108 13.146011540558145
2109 12.112673274672929
2110 11.383404252475037
2111 12.17231541307308
2112 12.18383175652738
2113 12.00830876800678
2114 12.71900581337363
2115 12.371768596225968
2116 12.511360323014484
2117 12.161272880038318
2118 11.076174256979002
2119 13.197259019118642
2120 12.77360072454122
2121 11.912943029118315
2122 12.522359686653742
2123 13.12198445745503
2124 13.503856025726531
2125 12.98502617722832
2126 12.72383445507211
2127 13.871861527548315
2128 13.009836964271894
2129 12.734102085661611
2130 13.034700759129542
2131 13.374901943526341
2132 13.428367280256804
2133 12.612074308595655
2134 11.85869134466502
2135 12.018172507980017
2136 12.198490975781528
2137 11.59362278973136
2138 12.520354808131888
2139 13.701769243927126
2140 14.766497792079274
2141 11.96440348724817
2142 14.775982003925321
2143 13.943421465579192
2144 14.303768414812994
2145 14.186016675130363
2146 16.57024404637292
2147 14.292025292657225
2148 12.865976555563412
2149 14.385126672796948
2150 13.59416276818106
2151 12.886021730640838
2152 13.548479508513143
2153 12.795615455522803
2154 12.98034425869778
2155 13.571799412046204
2156 15.802889500981106
2157 13.066922563079348
2158 15.72789234769012
2159 14.826111211601372
2160 15.256697497554187
2161 13.966613690723474
2162 14.551473578541401
2163 13.581585663148154
2164 13.528390516482457
2165 13.705386058292849
2166 13.073295377580338
2167 13.934234055082202
2168 13.308839335632726
2169 15.047982732734075
2170 11.672545966485785
2171 12.613997640265369
2172 13.077945361087126
2173 12.816090431809108
2174 11.72881890031399
2175 11.787997197884046
2176 12.284397437568913
2177 11.877414377427785
2178 11.76095373237419
2179 11.032070658213755
2180 10.388249397362188
2181 12.711410626064572
2182 13.300951564163002
2183 12.214648739187668
2184 12.6282767241801
2185 14.291079793649304
2186 13.85596878679245
2187 15.990008201382624
2188 12.512973587083176
2189 13.008268922175976
2190 12.612658079702273
2191 12.33238666073539
2192 12.304314685324725
2193 11.70169912543885
2194 11.804107215016378
2195 14.189474431926211
2196 11.24050663006549
2197 12.337440639799269
2198 11.909086121058737
2199 13.958275069704422
2200 14.35316229723157
2201 14.38508102930035
2202 13.737763176407977
2203 13.837560451469026
2204 13.093819789247428
2205 12.339070267300688
2206 11.206326251409248
2207 10.746514424445987
2208 12.627004971738549
2209 13.246576361968565
2210 12.399015099020735
2211 13.66519905841664
2212 11.746275225737763
2213 11.518735744524795
2214 9.887135235762644
2215 10.574816931761378
2216 12.0077356482901
2217 12.168460826105367
2218 13.053587724263162
2219 13.774679354334767
2220 15.180343012800687
2221 12.591969131510965
2222 12.692601247509328
2223 10.410536467612138
2224 13.41549455513952
2225 14.710888012936882
2226 13.314698196184
2227 13.338036319207545
2228 12.57036528452067
2229 13.197232316561275
2230 11.849068588543894
2231 12.007512476557167
2232 12.38716877656386
2233 14.434646966077453
2234 13.674535018799347
2235 14.537073165387461
2236 14.462006322983214
2237 14.560861904288542
2238 13.899630897508757
2239 13.45158606305228
2240 11.48468340021073
2241 12.096749608195715
2242 14.110606061814341
2243 13.14798032003701
2244 13.831723265294444
2245 13.278985051127885
2246 12.883004062771915
2247 13.458296914188274
2248 12.844877525450263
2249 14.59766933833606
2250 14.517847391199275
2251 15.35158488125717
2252 12.841225173711642
2253 12.19863309088216
2254 12.545246885629238
2255 12.808551100208518
2256 12.559425240626439
2257 12.166634088121093
2258 13.893705620811074
2259 13.51480722914504
2260 15.392467987786596
2261 13.243477705284514
2262 13.07422302213261
2263 15.512346038473128
2264 13.715354276583417
2265 12.98648919174897
2266 11.98282769484074
2267 13.766090761999322
2268 14.543518028468357
2269 13.243384946608893
2270 13.280791496631428
2271 14.194794092838336
2272 12.407127904099186
2273 11.825768736162114
2274 13.023256310017057
2275 12.65103614381709
2276 12.636954314000116
2277 13.171996565253647
2278 13.359639533945263
2279 13.591776867509408
2280 15.801435200128232
2281 13.536786475375923
2282 14.082511516060828
2283 13.77627795042993
2284 14.076786524679724
2285 14.441123096665516
2286 14.927475835742753
2287 12.528401272064961
2288 12.727648119210821
2289 12.663503748735078
2290 11.421728624169578
2291 13.450447854680133
2292 11.939239984729637
2293 12.386590255143824
2294 7.00907654169453
2295 7.3859475928615055
2296 8.967445343337415
2297 11.412628562646464
2298 10.587876719649044
2299 10.789075027572125
2300 9.356348225804126
2301 9.583973084204043
2302 8.340107953039068
2303 9.766944009830619
2304 7.970520451880233
2305 9.675340284806195
2306 9.177568434441495
2307 11.573874501755535
2308 9.661138002485838
2309 11.406589073518917
2310 10.66966369892716
2311 10.999541384347452
2312 15.413379223228086
2313 11.493476795297788
2314 13.417491663985185
2315 13.931135882741238
2316 12.321105906035617
2317 10.881547934848362
2318 10.680008528989022
2319 10.972969906963163
2320 13.448335817306253
2321 12.178279344889201
2322 13.259329126169579
2323 11.177584345053429
2324 12.104767259317267
2325 11.129249229027039
2326 12.532350790864475
2327 13.086363256019524
2328 12.367808387049164
2329 13.469185994340025
2330 15.73213447130588
2331 12.068296370042521
2332 11.886315434337343
2333 14.020961407065329
2334 13.350765216458404
2335 14.419399947170332
2336 11.804092823413127
2337 14.49080324430542
2338 12.837244416156869
2339 12.163208476588387
2340 13.835144356436983
2341 14.171722980167315
2342 13.217003794725118
2343 12.808586865278242
2344 11.825074243036145
2345 12.198913749365452
2346 10.546064055195636
2347 9.873861944288578
2348 11.604221420372054
2349 12.773727420380188
2350 11.669608059460955
2351 11.244177647939143
2352 11.59655017066018
2353 12.929755458305875
2354 12.277753549178193
2355 12.692320750552229
2356 9.133939804421042
2357 11.15726100836232
2358 11.803817311317646
2359 12.074298317687242
2360 14.636004586730204
2361 11.650465290519996
2362 11.29880008963785
2363 10.185968228941455
2364 11.670488514030183
2365 9.344933981874156
2366 9.773172028146837
2367 9.634902490542489
2368 10.073447371200114
2369 10.285635851398816
2370 9.564237805003122
2371 11.796979470706432
2372 11.014484022182497
2373 10.503989380961382
2374 9.99764596469194
2375 9.989286056685344
2376 8.551824835323224
2377 9.40224492135565
2378 9.478832222130576
2379 10.548752055341406
2380 11.43221003682321
2381 11.96622938275103
2382 12.810525143096504
2383 13.063158134156597
2384 12.48905486478156
2385 13.012555900110637
2386 11.814144203875653
2387 12.233253735137524
2388 13.846169490003929
2389 12.22095676453957
2390 11.476699464700125
2391 10.471043404341806
2392 11.981848650971415
2393 13.125290677819336
2394 13.974355393725281
2395 13.202690569085746
2396 12.982413401720487
2397 13.271971879499333
2398 11.146838964869692
2399 15.225166259659987
2400 13.724989112836926
2401 13.26873079924339
2402 14.751305124609786
2403 13.598351344655487
2404 13.779193333794213
2405 14.713665518516397
2406 13.977435659617571
2407 15.595119336092438
2408 13.299978734281256
2409 14.223093272788347
2410 10.982911497761188
2411 14.390957421113642
2412 14.793608224891793
2413 14.177899848305584
2414 14.116326189754597
2415 13.800133818158962
2416 12.754087160737019
2417 15.150068268877273
2418 13.181359124043274
2419 12.892477980338597
2420 14.143232255756761
2421 11.515388724706689
2422 14.975281606940309
2423 14.963935789638414
2424 12.805585570140579
2425 15.007047547488348
2426 12.462609982540771
2427 12.5308365471802
2428 13.86348050165983
2429 14.080394445227745
2430 15.7721134456603
2431 13.552459407169527
2432 12.687544524738904
2433 11.356505436487586
2434 10.847699723719323
2435 13.291247361593303
2436 13.903871903020509
2437 13.154837337985327
2438 12.090718196869974
2439 14.519424759215187
2440 11.507985283175193
2441 15.460968738325297
2442 13.386722986465331
2443 13.061109037877804
2444 12.599594439810334
2445 12.92209310235491
2446 11.369150004024673
2447 13.543463435138685
2448 12.155347645104115
2449 13.148917898003257
2450 12.47584907501631
2451 13.527899201424317
2452 14.550487572069821
2453 13.565939513146365
2454 13.372731176443983
2455 14.773494183173625
2456 11.519800675377692
2457 12.67254903880608
2458 14.18188750990204
2459 13.29183798779607
2460 14.947900530217542
2461 14.015342165758442
2462 13.157712044839716
2463 12.35008795573636
2464 13.140387050673542
2465 13.34350028388633
2466 11.280455815466913
2467 13.989535843169248
2468 11.795138207665328
2469 13.058630612423705
2470 14.815303116121441
2471 12.54821322545297
2472 12.741696958604255
2473 13.953630612362305
2474 12.788725592835396
2475 12.96049622127351
2476 10.37364108944158
2477 14.105911828405283
2478 13.897070848982546
2479 12.673562937455227
2480 10.231203049578303
2481 13.716741305800896
2482 16.340061992028758
2483 14.336554328043547
2484 12.380093120296275
2485 12.54799972776414
2486 13.855203796452152
2487 12.892088965760436
2488 13.081693862234562
2489 11.817884069782156
2490 11.223835212341072
2491 12.545942333254459
2492 9.419795437923089
2493 9.604978025734953
2494 10.26008973103033
2495 9.993878788774117
2496 10.986100354515099
2497 12.222491246966934
2498 11.678146848705506
2499 11.184057105224655
2500 12.07392440700035
2501 11.378361245746612
2502 11.109066363714222
2503 12.928787605049846
2504 11.226767103543045
2505 12.163394571244442
2506 13.436546592156057
2507 12.973327087636449
2508 13.409618625893373
2509 13.617662014098737
2510 14.026776523837286
2511 15.240781736479759
2512 15.129004018140357
2513 14.965736049215844
2514 13.978890350575135
2515 14.49386884967723
2516 12.342242912722153
2517 13.741236527121895
2518 13.411868309141578
2519 13.175834267827812
2520 12.757109975982486
2521 13.042038769865966
2522 14.339259609760445
2523 11.23535172391435
2524 10.781744189874283
2525 10.003155397559901
2526 11.60107308403207
2527 11.431496801483656
2528 11.22753183357525
2529 12.544667906579885
2530 13.674252076167193
2531 13.096451747513655
2532 13.651622848624458
2533 13.322666693883543
2534 14.935130530273849
2535 13.266096622304048
2536 13.316641608308517
2537 12.454282162140753
2538 12.86556163636818
2539 14.701026199541515
2540 12.950077884160692
2541 14.767053625187968
2542 13.264380656946514
2543 14.60844065946135
2544 13.439194644064456
2545 11.473390144336026
2546 12.020251259297257
2547 10.61771883615916
2548 11.83716749913047
2549 13.247305658444716
2550 13.466727340172095
2551 11.559879092869197
2552 12.331949070121917
2553 11.119082672102484
2554 10.882373024401714
2555 11.551957151783249
2556 9.758031780853651
2557 11.145494577516567
2558 13.781940065415355
2559 11.89049516190806
2560 12.726032947339478
2561 10.648359916664456
2562 10.193434633543582
2563 11.873161027943974
2564 11.1122643383613
2565 12.6997676927303
2566 12.430319169629588
2567 12.673565014516356
2568 12.103092866185298
2569 12.575705116965338
2570 10.875137326131002
2571 11.42751095254528
2572 12.002462798440638
2573 11.48696148754658
2574 12.283139414516107
2575 11.557807123822762
2576 10.274866322340097
2577 11.03099722808202
2578 11.761881507755978
2579 11.361076117038206
2580 11.1026039602135
2581 11.581281624996327
2582 11.339193221026195
2583 13.256641329431641
2584 12.105247966338258
2585 12.19260121901117
2586 11.749246375149012
2587 11.922048655099157
2588 10.69102681124005
2589 12.413708085359609
2590 11.446141112019427
2591 11.533963835518495
2592 13.687846051584188
2593 13.20293407984218
2594 12.887755565110158
2595 12.883467968244064
2596 12.769582228136475
2597 12.07629107752254
2598 12.727848210874624
2599 12.59584526445277
2600 12.781508538905948
2601 11.83281307042514
2602 11.796011981963694
2603 11.923341746646866
2604 12.66492801373421
2605 12.132367728565773
2606 10.876588915633395
2607 13.92628853224576
2608 11.474975093906705
2609 11.193581035831357
2610 11.524011417117867
2611 9.447107985298654
2612 10.674609606572014
2613 9.950941387557593
2614 10.392213892558726
2615 11.037571722161465
2616 10.401084175159617
2617 10.256512968816448
2618 9.974367739724734
2619 8.923183953517436
2620 11.206822559818644
2621 9.703664666532994
2622 10.467784091111678
2623 11.506418795947978
2624 10.718117030872046
2625 11.895669567225694
2626 13.266493994377564
2627 12.968173718374036
2628 11.148094897176675
2629 13.027749494483764
2630 11.121616578228496
2631 10.562697492030637
2632 11.587004980813484
2633 10.220389728022404
2634 11.368775694195582
2635 13.450092960079587
2636 13.465289158032158
2637 14.082211602846453
2638 11.496490165295718
2639 10.718395988540935
2640 11.372663257205069
2641 10.378714326533387
2642 11.105247738485371
2643 11.744856572418778
2644 11.741543820208333
2645 10.63634812563018
2646 10.474000443432292
2647 9.616745931933819
2648 12.030355102422865
2649 11.98100955638899
2650 11.041873568280408
2651 11.303274893183332
2652 10.401159437546982
2653 10.64123780084933
2654 11.693585510695831
2655 11.480917597263385
2656 10.575186505056232
2657 12.658125017298588
2658 9.02680392966317
2659 9.712400137017452
2660 11.284715028749165
2661 11.246479025904735
2662 12.052104768728157
2663 13.30598068149759
2664 11.325192792385323
2665 11.962955524186432
2666 11.09374581048068
2667 11.469793191992359
2668 10.894652741821053
2669 12.510877302407449
2670 11.902581759779617
2671 10.28817395333637
2672 10.042567764522007
2673 10.284673646640542
2674 11.823942187237506
2675 11.596455611980343
2676 10.788867287988733
2677 11.307219576888684
2678 11.912906381666714
2679 12.99159442551895
2680 12.058375905761064
2681 12.102969230599177
2682 13.362281901850684
2683 12.233446146234227
2684 12.036667500358151
2685 10.294100692623749
2686 11.60595303509002
2687 9.061531961368896
2688 10.20295505936444
2689 10.047442396179763
2690 9.556305807288913
2691 11.223313708770434
2692 9.575511056833738
2693 9.857100487475016
2694 9.490738144564258
2695 10.944385418881128
2696 10.454396430409636
2697 9.75609686835721
2698 9.860690648728978
2699 8.745948232429043
2700 10.759888235881206
2701 12.083484897047095
2702 10.691473826342845
2703 12.435130477610386
2704 9.849162776318538
2705 10.729508946214763
2706 9.967723048931093
2707 13.534273656289662
2708 13.756897621617066
2709 11.947878557503568
2710 12.03419470292268
2711 10.444280830631971
2712 10.54522850104044
2713 11.45322579439684
2714 11.117915168698387
2715 11.973267433556657
2716 10.7080331670791
2717 10.46232446769265
2718 13.00791006151291
2719 8.26529725857517
2720 8.515659643892953
2721 8.501198160797678
2722 8.46258422052495
2723 10.856110578997658
2724 8.33425921795467
2725 9.877367303489647
2726 9.784736534006754
2727 9.978866184327503
2728 10.282993624339463
2729 9.037677248157173
2730 11.051766489294495
2731 9.032169625684453
2732 9.064766402521624
2733 8.151611634036833
2734 8.99373472246071
2735 10.927559193190485
2736 9.214794601917417
2737 8.129362480252444
2738 8.850960842845135
2739 7.097452396830661
2740 6.417685585685919
2741 7.592359439579117
2742 6.185153833089153
2743 7.008966872836168
2744 5.043398089266539
2745 6.93535193993819
2746 8.139627118206452
2747 8.893905334018974
2748 10.57434391008541
2749 10.035566880314196
2750 13.201455122537942
2751 6.377256406576905
2752 9.167803965270842
2753 11.897984087565312
2754 10.171045159244601
2755 9.155108642017641
2756 9.43495447678578
2757 9.215288618747573
2758 9.508279929579954
2759 10.123513815384285
2760 10.865597491912187
2761 9.85521896080449
2762 9.51011172208261
2763 9.867248732678737
2764 10.059302452430863
2765 10.491016803556809
2766 10.443796611835669
2767 8.21352699507864
2768 8.30578370982346
2769 9.08868049655032
2770 9.061802710834211
2771 8.619392974527923
2772 9.24956011015973
2773 10.428096792026897
2774 7.194306277408707
2775 7.522739244680192
2776 8.95586767494762
2777 10.499624005519546
2778 8.917214182605733
2779 8.131504616858757
2780 7.932732162376473
2781 9.708014173547458
2782 10.341034131899987
2783 8.268225643406518
2784 7.733062236486496
2785 8.487763417536557
2786 8.138621976465354
2787 10.054345369055424
2788 9.597803969985002
2789 8.356163533507617
2790 11.44231199510619
2791 5.61127248112877
2792 5.395697203549734
2793 5.049111279540172
2794 5.669897951692166
2795 7.233855773884417
2796 5.597325499160243
2797 6.483858413632352
2798 6.444021380270869
2799 6.5504542563376935
2800 6.190216545670967
2801 8.326208030690225
2802 8.658889116041395
2803 9.486387135735711
2804 8.505493074419002
2805 10.951618511339753
2806 13.227348460582956
2807 11.551517415762248
2808 9.966593113794382
2809 10.128986982060578
2810 12.940809991594456
2811 11.979708939713259
2812 12.469476017776438
2813 10.335313114763677
2814 10.518666620715518
2815 12.184433327368094
2816 12.654947098014006
2817 13.617812053704803
2818 11.824944260706111
2819 10.876066167375676
2820 8.794702515818734
2821 9.576064670107192
2822 12.919388361587707
2823 12.363984894940753
2824 14.300796886515894
2825 16.362164657945407
2826 13.392629382971021
2827 15.261955969663946
2828 13.212292244626964
2829 14.699260343667627
2830 15.553016621346535
2831 13.057211372974258
2832 12.321726794419774
2833 13.795995090844276
2834 13.11108177598793
2835 13.73948200038021
2836 11.494001660896668
2837 11.272094118246029
2838 11.02554649981181
2839 15.585627433623209
2840 14.884349350709837
2841 18.255638295500326
2842 19.447041183612946
2843 20.686171693911866
2844 19.440471272349956
2845 17.17740565081384
2846 18.144632615390787
2847 17.60504057468246
2848 14.306444236391332
2849 21.42405973385396
2850 20.79248569162961
2851 24.144075066029977
2852 18.81908956403166
2853 20.64457638794653
2854 27.00324901213422
2855 25.380139070886518
2856 26.37636575376898
2857 28.49210946240164
2858 28.91208253293187
2859 26.721391706943443
2860 27.6936535861055
2861 28.43756791034429
2862 25.01459670137371
2863 25.783176566747528
2864 24.052095380711286
2865 22.22069631057299
2866 23.6196019793398
2867 27.328165165557664
2868 25.285618397998096
2869 23.97974486163881
2870 23.013379655278523
2871 16.829030120066957
2872 21.623515725556427
2873 24.607070404616636
2874 23.463412954820136
2875 23.554649486230165
2876 26.67892272604714
2877 24.87699627330871
2878 24.01862900892793
2879 27.46154679111619
2880 29.102482015308045
2881 27.169827532542005
2882 22.217840482358255
2883 20.135489814131628
2884 19.517952108130228
2885 20.86990102553505
2886 22.258514671022976
2887 23.188832790055997
2888 25.531731733288968
2889 20.069390601699133
2890 22.069490589784802
2891 20.74473783785761
2892 22.127890728505697
2893 23.97185350167858
2894 25.214025172374555
2895 25.325126160801222
2896 25.13572123870721
2897 25.285910793117136
2898 21.253206445387328
2899 21.853480513723852
2900 20.864230761999327
2901 16.971423689154207
2902 20.146370616690902
2903 23.057237770089305
2904 21.69589948137802
2905 23.77409583297034
2906 20.44459585684588
2907 22.708465147539346
2908 26.068169201392493
2909 25.06855023611643
2910 24.501502970749744
2911 26.01838146421591
2912 22.481559559971185
2913 19.916558337929906
2914 25.708304958189647
2915 24.626440060407504
2916 26.169281859465798
2917 26.39047530795385
2918 23.509137437998493
2919 27.892963198123407
2920 28.728585360998572
2921 28.15704783432548
2922 30.48464050456525
2923 32.496369353857304
2924 33.01314795986933
2925 26.056470362950783
2926 29.19036173623599
2927 24.99178690776947
2928 23.110314670206524
2929 14.53633615368389
2930 15.47810949763169
2931 21.998556266126172
2932 26.69593313566601
2933 21.55018975817496
2934 22.867572839742248
2935 24.074781168639696
2936 20.717647928377907
2937 23.043898411861715
2938 21.291027948228376
2939 16.980351822158294
2940 15.747688545182054
2941 18.506156891368242
2942 15.945814960047407
2943 12.204322588546706
2944 17.585313035154684
2945 8.13508659200019
2946 12.972730424136744
2947 12.376298617573328
2948 15.30339286494138
2949 16.914346502424607
2950 14.18323243760733
2951 11.238079605040632
2952 11.34846593678678
2953 14.914799714134112
2954 17.73382411004345
2955 25.12395291017699
2956 28.097084194854673
2957 27.881711827435986
2958 23.683882098626025
2959 20.722636451305707
2960 21.896094001223105
2961 29.13916376824111
2962 24.13437025893617
2963 27.949672448002936
2964 28.72931661906451
2965 32.417647236332044
2966 33.362771430583244
2967 29.91476062039529
2968 25.449656499138815
2969 24.315306412062352
2970 22.812358205226577
2971 28.19213029393599
2972 27.359356506572194
2973 22.88997574624572
2974 29.14757486565593
2975 22.904711737977397
2976 28.317392731144515
2977 28.68091706226574
2978 27.3907947367888
2979 30.04012212533009
2980 33.69915671433029
2981 29.672645234236654
2982 31.228286223549937
2983 30.52837228453806
2984 29.308334477146634
2985 28.906406599898332
2986 31.772524700955266
2987 34.30878493658922
2988 33.33581904827399
2989 33.21776212812697
2990 33.7454195237022
2991 33.233572980381595
2992 29.138360669506323
2993 22.057010881158842
2994 28.273910286895852
2995 33.65025827437416
2996 34.11607485546726
2997 35.7490541973782
2998 29.452527005855885
2999 33.76386314070348
3000 33.88215668061914
3001 34.85148693416556
3002 33.470001714758666
3003 33.824375487208535
3004 27.810724820674572
3005 27.801098321914886
3006 24.423664440425796
3007 24.71678703995377
3008 24.32261197632621
3009 25.392596750905394
3010 24.982642189063608
3011 24.84908370031678
3012 24.231176394514893
3013 23.41273756457194
3014 23.156040374441382
3015 23.293454415820094
3016 22.52647485363491
3017 21.070157300003277
3018 21.790059048949264
3019 23.88539881113977
3020 20.423878270811798
3021 23.497042794179233
3022 22.223138096231732
3023 23.651813356977353
3024 24.43065902620601
3025 21.35722165665523
3026 23.254368516858637
3027 24.119632535100127
3028 18.47156709199485
3029 19.518342130643333
3030 18.198032982976223
3031 18.630572454531425
3032 20.538742846914317
3033 19.43522010551317
3034 18.495633361772366
3035 18.24912750165177
3036 22.309038168344934
3037 20.907633917002368
3038 21.340101835587
3039 19.91711031019686
3040 19.349976255024114
3041 23.98140252607025
3042 28.49960873851333
3043 27.617969254484073
3044 20.900031913624904
3045 24.095907295784908
3046 24.828444503138126
3047 25.523496902671074
3048 24.35589526509885
3049 20.972361834916267
3050 27.48486239186067
3051 26.916163865717127
3052 25.9564246204536
3053 24.148441180702534
3054 27.259907401831452
3055 25.617806389649168
3056 30.12883486830126
3057 32.66676880267303
3058 30.20367059379696
3059 31.578710804016865
3060 28.74500038819915
3061 29.301304460593197
3062 27.64771248994277
3063 29.504888741833856
3064 29.231544189017992
3065 29.276741249013952
3066 32.847103880005506
3067 32.97272877087976
3068 32.465207289223926
3069 31.437287878116646
3070 31.010901193426232
3071 30.480120620489316
3072 29.532412513185324
3073 29.31588525329824
3074 31.44033602513174
3075 31.678068738386006
3076 31.399351954826017
3077 30.763330770312063
3078 29.833020278895237
3079 30.31088026248054
3080 29.57882328166572
3081 29.696700151433532
3082 30.300440530627633
3083 30.09779149877447
3084 28.646842906024986
3085 30.780831541116914
3086 27.606129823741565
3087 29.095250230005888
3088 29.601804436869898
3089 30.1739639022709
3090 29.155072142764382
3091 28.37453317895903
3092 29.99437302636379
3093 30.360566191490143
3094 29.68849971939346
3095 29.755122502568884
3096 30.167349479302015
3097 29.84507739562973
3098 29.350202443609614
3099 28.52475593792873
3100 29.53780855473792
3101 28.149960198006536
3102 28.69198896840655
3103 29.322476080678488
3104 28.902290553151225
3105 31.814354230581998
3106 30.509067697603637
3107 30.338789501849753
3108 28.18140034514863
3109 30.14160724915939
3110 26.941614262589695
3111 28.768219972345804
3112 28.73508927399979
3113 30.905951251598538
3114 31.911324605631005
3115 31.646932410386196
3116 32.218228650386536
3117 32.60253921290331
3118 32.41364450774947
3119 30.95652451657988
3120 27.718475815703275
3121 28.630643641798596
3122 28.0595865979146
3123 29.798144218471034
3124 26.260251546558298
3125 30.409335971646545
3126 28.691435782777745
3127 29.47335290488873
3128 27.4548955859469
3129 29.42020668538158
3130 30.546937256347057
3131 30.41085316538513
3132 31.280856141670743
3133 28.540549141026226
3134 28.669161993659486
3135 31.77971268237838
3136 32.75642548877718
3137 31.550654019887993
3138 30.229089994371616
3139 31.32018090850015
3140 25.220183550645846
3141 25.889558189102946
3142 27.755367942245062
3143 29.284698852689342
3144 29.55982498486343
3145 28.827706940990453
3146 30.164688781620278
3147 31.325215148869145
3148 31.724576220364366
3149 32.52690579605282
3150 32.33508573200853
3151 32.63125906827381
3152 31.665915761283287
3153 31.436764332836503
3154 31.323400858425778
3155 32.162066369122385
3156 31.79273157864537
3157 31.920702650182275
3158 32.879073323466365
3159 30.87906786171484
3160 32.04088297711954
3161 31.64470272667856
3162 31.165094323166123
3163 32.04616363703153
3164 32.635737086290014
3165 31.19573107477107
3166 31.544052289439097
3167 29.773001656172323
3168 31.356891518624217
3169 30.948632263630504
3170 28.62306126940218
3171 31.278769023680137
3172 29.78056684030191
3173 30.413261139263906
3174 28.615166225188897
3175 28.980368290332642
3176 26.791066458431096
3177 26.83832624324723
3178 26.936109957077488
3179 27.14015819989924
3180 31.52001422504192
3181 28.915471161314095
3182 31.984480581832305
3183 33.73904404625287
3184 28.352969617750386
3185 29.54253230388686
3186 29.01905113790636
3187 28.137372793961443
3188 27.43680485777041
3189 27.460228627915246
3190 27.854042930286887
3191 28.312762334139677
3192 28.426939127328435
3193 30.059340259549284
3194 30.08013487669083
3195 31.89087971351667
3196 32.338878736293395
3197 33.097859743885024
3198 30.00286046324886
3199 31.663313480281644
3200 31.63610165376494
3201 31.651546448783574
3202 31.55907448875361
3203 31.355986971608417
3204 30.79903123204
3205 30.393173166589943
3206 31.458972961385655
3207 31.427834958653396
3208 32.387026003021404
3209 31.42264448642912
3210 31.23292363912827
3211 31.451668655305067
3212 31.206492030923698
3213 31.8486853268155
3214 30.439517878400373
3215 31.71736012308097
3216 31.362828018097307
3217 31.917890084453948
3218 32.6584348922629
3219 33.62904003823022
3220 32.91742714423803
3221 32.887256012485686
3222 33.81186633875885
3223 32.306488234227956
3224 32.21293304495863
3225 31.175432947354786
3226 28.85832837324218
3227 29.69121387260294
3228 28.75956368944407
3229 28.911511767092616
3230 27.639152630684777
3231 26.800232336832515
3232 26.85747723449711
3233 24.240338060145884
3234 25.71706717628986
3235 26.64919888063464
3236 26.833289553279542
3237 28.05840051210207
3238 30.61535995463822
3239 28.128346769625086
3240 29.272300922546627
3241 27.517265734018594
3242 30.676129560869448
3243 27.442661331674334
3244 27.276937679508496
3245 27.607302370187686
3246 29.930643853662733
3247 26.18202148242086
3248 26.80487656849443
3249 28.14379760597562
3250 26.764595036941493
3251 28.30146506759941
3252 27.23444883643092
3253 27.073183780976088
3254 27.800596253842567
3255 27.821605278120686
3256 26.950394839932887
3257 28.240562846489706
3258 29.029608590131925
3259 27.231732623862733
3260 28.100004681407455
3261 27.365751537428753
3262 29.44851683213803
3263 30.563433514988517
3264 29.45414104897664
3265 29.446542196155338
3266 28.680661981995883
3267 27.78750147676289
3268 28.43987758953551
3269 27.19740394845422
3270 27.126180733883448
3271 27.05138288176427
3272 24.543019035006715
3273 24.62663347977752
3274 25.295074733331663
3275 27.883289007453207
3276 28.493088170939718
3277 28.001754400494683
3278 27.40476550222809
3279 27.84263629779715
3280 27.68681995342448
3281 26.401939447458293
3282 26.34275839413987
3283 26.205144774677596
3284 25.4981165160884
3285 25.567217749846442
3286 25.788449130012054
3287 25.39550813176017
3288 25.419639520318324
3289 24.494405867005185
3290 25.064147056922902
3291 25.375164209956786
3292 25.714549569776338
3293 25.472062226387553
3294 28.695132758684647
3295 26.64360775251665
3296 27.467482034593296
3297 24.53195503484052
3298 27.13508174543068
3299 26.467938520505868
3300 25.200816700615427
3301 25.4908690500267
3302 26.437128199180332
3303 25.586320176230544
3304 24.71216064794552
3305 25.634507460427546
3306 25.849774267220365
3307 26.2652273167474
3308 25.622886004049658
3309 25.791748860093346
3310 23.804708061713193
3311 24.710751898892017
3312 25.893299349493287
3313 25.293540731530836
3314 25.869140982093473
3315 25.56835001396498
3316 24.796617871700136
3317 26.455977830136415
3318 25.27129100851597
3319 25.131228512338215
3320 24.99857397815949
3321 23.95227433589231
3322 23.465658751661525
3323 20.926942787395085
3324 22.607618935831493
3325 25.2430094224613
3326 23.50529417067022
3327 24.79134015029879
3328 23.674923128062535
3329 23.240302652401308
3330 24.29585605272956
3331 25.226493837673555
3332 24.24961817745055
3333 20.678300879606105
3334 20.974035000924115
3335 21.186057736910005
3336 24.232298407842787
3337 23.5598606100332
3338 23.3677943407914
3339 24.278005835515927
3340 25.80983175223676
3341 27.00586427881711
3342 25.17746193030051
3343 26.51458441817159
3344 27.65369743820588
3345 27.607668380687613
3346 28.8005906649537
3347 26.562176862064707
3348 25.791784341772658
3349 27.336959287553885
3350 26.43957047556581
3351 25.55193852171991
3352 25.79269168940436
3353 23.169175103611494
3354 22.662529650848274
3355 27.697245643261986
3356 29.43356502313908
3357 30.201238362167683
3358 30.527723280190617
3359 30.709113554413427
3360 30.56231223835769
3361 29.823242319657474
3362 31.424869381387595
3363 30.67006401794255
3364 28.316821036772456
3365 30.17594689588486
3366 29.602332228411242
3367 30.85874907541171
3368 29.59357931504813
3369 31.22172595021733
3370 29.422610273479222
3371 29.624366364604537
3372 29.675156066639353
3373 27.949605519577112
3374 28.99299602779326
3375 27.66561319758052
3376 29.042086665819653
3377 25.748223846630562
3378 27.85973767257749
3379 25.384763584204663
3380 25.80718045334931
3381 25.707253999662328
3382 27.738965187574845
3383 29.90424044980405
3384 29.009341462615286
3385 30.172142761149853
3386 28.991174569838805
3387 26.512486330943037
3388 27.849934973431072
3389 26.85357001833422
3390 29.524372075522514
3391 30.86236293673718
3392 29.789575743022702
3393 34.59554816616703
3394 34.78244629669938
3395 34.131828489661906
3396 31.433631195658783
3397 33.23425024741948
3398 28.0053850462622
3399 28.63928977479964
3400 31.855651678636107
3401 29.192965271414256
3402 26.813474514668894
3403 24.922613803582166
3404 26.01899020309411
3405 28.61582662222736
3406 29.53017011165239
3407 25.601104714280652
3408 27.619650932995967
3409 28.437204312884123
3410 29.571495572437243
3411 27.85034732025832
3412 26.635338353063148
3413 28.791418426516504
3414 29.9672592334938
3415 29.451675885403578
3416 30.54668409821909
3417 28.210472976089818
3418 24.07531450697352
3419 22.738960507572525
3420 25.876490076152738
3421 18.36802786668578
3422 26.526005460417053
3423 25.529236787236826
3424 30.79842646577397
3425 26.47272019437848
3426 22.152594957614486
3427 20.168462680488478
3428 15.674451014395094
3429 16.847812509604317
3430 22.634401201469498
3431 23.311559044256605
3432 24.950544161474593
3433 19.80831028640742
3434 18.66952762895015
3435 24.902652682213944
3436 23.453667824051802
3437 24.394788454848204
3438 26.21673135392621
3439 27.843466853966383
3440 27.82097657454065
3441 27.470277016447735
3442 33.91209579394526
3443 35.36931381258859
3444 33.84662728956722
3445 31.696086348550473
3446 30.432387809926915
3447 34.32405002885892
3448 30.415656089275082
3449 31.508656450476472
3450 32.34854956050745
3451 29.430098959333513
3452 27.061170120598838
3453 28.151329185342306
3454 24.1805120574527
3455 27.561893923370295
3456 27.984030882588076
3457 25.848691153059185
3458 26.220514060189934
3459 29.281505250334902
3460 28.94294589974227
3461 29.86463161985508
3462 32.041086263566804
3463 31.99638907985748
3464 33.37865903422724
3465 32.365128608730224
3466 29.52755657913849
3467 27.263767359433743
3468 31.324709648182097
3469 31.87594779903318
3470 30.88639662013312
3471 31.207077008637462
3472 32.68503948268273
3473 35.99392214389011
3474 34.82173362699924
3475 33.799838904499566
3476 34.40890679678023
3477 32.46873874542188
3478 32.97247261927343
3479 30.333391900422676
3480 25.77824134977843
3481 26.578251808807288
3482 30.872968907911325
3483 31.998283494069582
3484 30.85774798022495
3485 31.810293467804968
3486 30.797377140182498
3487 29.913572861634673
3488 31.018609808362058
3489 32.15447873501757
3490 33.20098240044696
3491 31.730053569366767
3492 30.689999883732757
3493 30.881986123886342
3494 30.07521489838597
3495 33.36183132537867
3496 33.18686141297187
3497 33.63789695051395
3498 34.65070385820212
3499 32.99743825619408
3500 31.412069697162302
3501 32.89080160041678
3502 32.482458132102416
3503 33.11913952184304
3504 32.360028620119195
3505 32.40569658768975
3506 33.336312630471255
3507 33.13025607013907
3508 34.809329009127715
3509 34.85198927781375
3510 35.82249752439002
3511 34.97552759150388
3512 34.53806926415919
3513 32.5293684227864
3514 34.217656513635916
3515 34.26673802012429
3516 32.84747644666471
3517 32.068868103607024
3518 33.438378636738605
3519 27.93423651208248
3520 25.876710912959517
3521 29.58331187076642
3522 29.20921504041169
3523 31.029854428353367
3524 29.27224629823969
3525 28.77122831979668
3526 31.770202375471168
3527 28.795318268072798
3528 29.43324963162752
3529 28.21873153171595
3530 29.915052637499034
3531 29.496134835124064
3532 30.225826350500693
3533 29.9069497036169
3534 28.047300732537543
3535 29.830608559648347
3536 34.2625099769198
3537 31.960100284868076
3538 32.1022151335798
3539 28.89909278596873
3540 28.267090212162937
3541 32.18058691555331
3542 30.628732289015357
3543 30.586629568070403
3544 34.34789784393915
3545 33.31047758201558
3546 29.37885328045516
3547 31.658900390658662
3548 30.038351425291776
3549 27.13349830910422
3550 23.499878934768095
3551 25.24890512605918
3552 29.05795123445328
3553 31.334100834869027
3554 32.73499318195265
3555 30.15033916185253
3556 32.54684493344286
3557 31.727743954529366
3558 27.353917793701708
3559 30.24921463201394
3560 30.440964400496718
3561 26.673203388723717
3562 25.56816199098745
3563 25.857375147633636
3564 25.155048413322223
3565 25.0338284162957
3566 25.916162466201282
3567 26.209388741970198
3568 25.279234183580755
3569 26.826429186918723
3570 26.366671376285524
3571 28.46209348108348
3572 30.399306374618224
3573 30.666941085328958
3574 31.318320751408915
3575 32.968180761342545
3576 32.984687771039006
3577 29.184663624292806
3578 28.87422462845255
3579 32.38184588606108
3580 29.380859592842683
3581 32.683541679721834
3582 28.0721881078042
3583 23.577172604010986
3584 18.7254399409658
3585 22.875177304174134
3586 22.985496488814803
3587 27.60744373385417
3588 27.179471299122337
3589 26.378912954225584
3590 26.991220305403765
3591 25.788734340579445
3592 26.509812672233217
3593 28.15071159604529
3594 27.886223025315676
3595 31.15743301229066
3596 29.81290971449403
3597 28.243940317430184
3598 29.679854262192165
3599 29.293061572698186
3600 31.210724973072494
3601 30.807478551656114
3602 30.955854184099707
3603 30.525475167740762
3604 29.59176629341202
3605 30.59633487338567
3606 33.47022613273604
3607 32.30515935757294
3608 32.72010679083152
3609 32.051433147769075
3610 31.817135802068993
3611 29.577263893008837
3612 32.288710803219175
3613 29.967461895139284
3614 30.409356114785265
3615 29.664908466362807
3616 30.172868702357214
3617 29.182687172729437
3618 29.10308039445457
3619 26.91055532051893
3620 26.987883978060644
3621 27.502734080702425
3622 27.80881020210328
3623 26.770750766412384
3624 27.39264672774485
3625 27.361235312800005
3626 28.914015014907037
3627 27.4839960627138
3628 27.870584658872634
3629 29.18544751212522
3630 29.363403821706633
3631 28.651711729248625
3632 30.129600526179576
3633 29.447503612909365
3634 29.744652669510735
3635 29.679104909201957
3636 31.027664970394422
3637 30.785506811763167
3638 30.289778860474705
3639 30.041154173612043
3640 30.227594952629293
3641 30.70266486808421
3642 31.168174548577095
3643 32.1447004733705
3644 29.092063614477865
3645 26.985013924878558
3646 26.90968704132378
3647 26.06308529206481
3648 27.117990658291323
3649 28.046291928568767
3650 26.048116356580692
3651 28.999732229643307
3652 27.38254967612641
3653 27.790128215043545
3654 25.609813755226718
3655 25.78974048609705
3656 27.943702309892597
3657 30.81311079372912
3658 32.86666489832431
3659 28.720689128774403
3660 25.174085647359007
3661 31.558133407965745
3662 30.468244580218297
3663 29.30183772534866
3664 30.193099592870098
3665 29.144289895107477
3666 31.675860956862604
3667 29.625003930123288
3668 30.829656331303465
3669 31.20550372848818
3670 28.43369466866899
3671 28.02700966942166
3672 28.290605099230884
3673 29.161620849073845
3674 29.666966494397006
3675 30.156935414967226
3676 30.05902422107391
3677 30.07703494270751
3678 29.812937559283448
3679 31.845668653936663
3680 31.101506723145565
3681 30.788025456024105
3682 31.342827303297547
3683 34.256279825143004
3684 34.10991167086731
3685 33.63594125568675
3686 33.28102289654457
3687 31.63890536795963
3688 30.720291119428854
3689 30.89867283967965
3690 30.180179262281257
3691 30.16080549915125
3692 31.454553654382206
3693 27.718679131529434
3694 28.796595081386688
3695 29.912201964845192
3696 28.939807713180787
3697 28.361152036643677
3698 29.002640751353585
3699 28.91079069330332
3700 30.527630326250367
3701 31.193333926740863
3702 31.925126477307515
3703 32.421397940673884
3704 31.832984795588832
3705 32.16463485475157
3706 30.389935458167585
3707 30.23644095866711
3708 29.9316920874359
3709 29.24735861880672
3710 29.18845778491825
3711 29.466696314951
3712 30.344250900066204
3713 28.476763027522313
3714 28.54292328914277
3715 30.54757049030544
3716 30.394081157910364
3717 30.826596611508954
3718 31.605785432026668
3719 30.329463242015986
3720 30.606124506378574
3721 30.632088460285633
3722 34.98093027988131
3723 33.58576521412614
3724 33.766977567062355
3725 35.03026960617139
3726 36.18862023149045
3727 33.354560048469516
3728 31.43184171008811
3729 30.930265932763227
3730 31.611843604849472
3731 31.51268537162621
3732 31.87900318703011
3733 30.53685296712391
3734 31.443411284143945
3735 30.063037599296365
3736 29.965919492029894
3737 31.258284696988287
3738 29.925958853062145
3739 28.45841905627404
3740 29.72215636133215
3741 32.55804606285266
3742 30.213545236168102
3743 30.91257218950234
3744 30.128364574058818
3745 30.204926896144507
3746 29.888523700459604
3747 30.04326398582957
3748 30.546148092823966
3749 30.467537206857386
3750 31.02740026072096
3751 33.84165123845215
3752 31.408364183251763
3753 31.94701103189202
3754 31.69616122798799
3755 31.847449872174664
3756 34.79277956699669
3757 33.93074355774969
3758 31.75138897560054
3759 31.75997433205008
3760 33.551873497082305
3761 33.29106029115744
3762 33.693160839820514
3763 32.034236483679805
3764 32.55367197943318
3765 31.731864312602287
3766 32.14628938515564
3767 30.90048644145453
3768 32.2214706988842
3769 33.258819634693495
3770 31.515194494127602
3771 29.940377751084352
3772 28.40837433484504
3773 29.512951575424786
3774 31.88694593823173
3775 30.72218846572793
3776 31.734925628333176
3777 31.284996654967788
3778 31.92344869488199
3779 31.423446719849856
3780 32.191433947249095
3781 30.971595372664737
3782 29.941455744417752
3783 29.616331683130642
3784 27.89488629758509
3785 28.68611418886351
3786 27.853891117701355
3787 28.726547226794047
3788 28.19082437501441
3789 28.822981305465078
3790 30.22911657230623
3791 28.30401553605372
3792 30.659608577163898
3793 30.893323739308407
3794 29.90259889577258
3795 30.563094645938705
3796 31.203816159565747
3797 29.994467761341063
3798 31.2636092866227
3799 27.399155401035255
3800 29.70694985648269
3801 30.35663178678992
3802 31.816721291987236
3803 30.797431536552864
3804 29.815925508599467
3805 30.865742028835943
3806 31.487698372308063
3807 30.523462356218737
3808 32.52248242859073
3809 33.281524279973844
3810 31.99081969174241
3811 30.14952700606808
3812 29.082931822151945
3813 30.89469841820598
3814 29.675264939575815
3815 31.499635675533916
3816 31.973425108826742
3817 29.65480341139828
3818 28.203778864667683
3819 31.040286296183094
3820 30.61759860219393
3821 27.924884449801915
3822 29.77388181338046
3823 31.190755188837215
3824 32.79167348581152
3825 32.46208440842057
3826 35.214678404441635
3827 32.48982694120183
3828 32.417101699384276
3829 32.40218492732601
3830 31.76303997850631
3831 30.188236731420275
3832 28.648748258558918
3833 34.07756715920365
3834 32.37517733991832
3835 33.660238116777364
3836 32.47865212354791
3837 37.989061652331536
3838 38.17501510767784
3839 33.428846704055275
3840 28.67134513195678
3841 31.036167080425617
3842 28.646221744627994
3843 30.370370664022502
3844 29.207361592595156
3845 28.21076681293732
3846 31.794328092244733
3847 32.00658732624217
3848 31.45920834315928
3849 33.76659192601331
3850 31.6372878539644
3851 26.701238021551923
3852 25.73257520945981
3853 25.772569098288002
3854 26.216293047662628
3855 26.095696126611436
3856 26.557415473557562
3857 28.079884059726915
3858 28.2283697284984
3859 27.145963586024134
3860 27.367207348383115
3861 28.301799133887286
3862 24.724791742728414
3863 26.122282086585972
3864 26.698133933361316
3865 27.647580281729308
3866 29.287109221720513
3867 30.038464768568254
3868 29.762472551702885
3869 31.475773898814825
3870 30.753104288652107
3871 31.869920936776662
3872 29.462034563197303
3873 28.337467369031646
3874 26.89211465756505
3875 26.378008652982956
3876 27.031113540090047
3877 29.096563165699504
3878 28.440138040414297
3879 25.62394517336638
3880 25.64223513741491
3881 26.086846749126256
3882 24.950884025737874
3883 26.36997544456538
3884 22.503461210830334
3885 27.719452639155815
3886 26.821820831959545
3887 28.866250920033714
3888 27.650901586585604
3889 30.40336986684217
3890 33.56963777484791
3891 32.22801892674911
3892 31.587837213887934
3893 32.20576365692707
3894 31.510820702023903
3895 30.54421277683918
3896 29.171856056564447
3897 28.577136319887202
3898 32.374620235027535
3899 33.321741125174874
3900 32.94633915756874
3901 32.614186125289216
3902 31.87611710966611
3903 30.60652142985337
3904 31.518911478446498
3905 31.24450971719616
3906 32.24222302522791
3907 31.26570736417968
3908 30.19792663566126
3909 30.042180009593583
3910 29.60091080882979
3911 31.05636556231781
3912 29.349389858994716
3913 31.840200624361835
3914 33.269593899688026
3915 33.70761450025387
3916 33.94096294900553
3917 34.46014682059164
3918 33.121334994611296
3919 31.67999669855347
3920 34.10059645165385
3921 32.92751505303511
3922 33.40133862077828
3923 32.99639932927007
3924 30.558237283209742
3925 33.88506701504174
3926 32.321115977877845
3927 32.645863686098025
3928 35.05004346621276
3929 32.02775723711477
3930 32.387799620552045
3931 32.4450531018606
3932 31.364551585425108
3933 31.84088890274988
3934 31.081483921677254
3935 31.738218929746772
3936 32.839634334164764
3937 31.50329044558633
3938 34.42509149742891
3939 32.20583667565649
3940 33.14207442753457
3941 31.72884737962351
3942 31.070744941088137
3943 29.90950077350685
3944 29.82182163039759
3945 29.732887782796166
3946 31.056638843813342
3947 32.995485262088415
3948 32.91238449666419
3949 28.835083185576234
3950 29.12393375618626
3951 28.168918016189966
3952 27.599531357948226
3953 30.719437371904228
3954 32.28883540898496
3955 32.84935298390606
3956 29.741998776223102
3957 31.548865333527186
3958 29.74641576596563
3959 32.87719956433947
3960 32.54737144786863
3961 31.4410439780227
3962 31.994234825984414
3963 30.252028219330278
3964 32.66808887259648
3965 33.7174217166539
3966 31.956924968095443
3967 33.4478855964693
3968 33.33328285377785
3969 33.6000057543349
3970 33.49814949486188
3971 34.5042274059372
3972 32.674044561965545
3973 34.48831461800463
3974 33.91862629857508
3975 32.70000864286695
3976 31.014083159980306
3977 32.66422885584324
3978 34.176056993482284
3979 30.789984176770677
3980 31.320723088810603
3981 33.028985911228304
3982 31.422443083488822
3983 33.75467077224384
3984 28.946171748907574
3985 31.450074733507297
3986 30.287132236441856
3987 30.724049538645374
3988 31.08396344677131
3989 31.537488950676817
3990 30.964335208842403
3991 32.77159898914436
3992 33.93950210080247
3993 34.46850676358584
3994 35.351830102794516
3995 35.72234134668644
3996 33.058350766695824
3997 31.494919460235835
3998 33.1734614803486
3999 32.908897771909025
4000 33.51062231958577
4001 43.83574950872296
