0 31.315017294053515
1 24.769974944926687
2 24.590243199819213
3 28.33631571730543
4 26.974595029322142
5 27.00581097689491
6 22.91513965295364
7 23.086709095410086
8 19.223070856936697
9 23.065172867804918
10 24.861582379607764
11 24.921015789584132
12 26.67291994997708
13 24.43631536101325
14 24.805408670773442
15 25.34971931925215
16 25.88773130181526
17 23.618646177697
18 25.939106564573745
19 26.048538079475627
20 24.090147244014542
21 25.09967863532223
22 25.66809086258734
23 26.66424007266447
24 25.539119544212635
25 25.989236141310005
26 26.479081958000453
27 27.429831167905714
28 27.38266590353473
29 26.97497297914592
30 27.676580980584465
31 25.79531772892246
32 32.41280818818131
33 31.820529035849553
34 30.43984559247004
35 31.93501467844142
36 33.7865011874242
37 34.4779334077393
38 33.213728605254474
39 31.257027132029894
40 25.566070773171624
41 25.82324619683256
42 23.618916497569735
43 24.80303484467469
44 23.79049718791918
45 19.403869802642465
46 15.537759867060476
47 22.993720299832745
48 20.0238384762823
49 21.44096865444337
50 18.702270995320667
51 17.338105462583098
52 17.196142378983758
53 16.22483489896853
54 22.588902303868313
55 26.24365605674194
56 30.63291600613558
57 31.009546737631897
58 32.72085321568441
59 34.65743617151204
60 29.19627709189639
61 32.32484156027666
62 29.604654308608882
63 28.88830207240294
64 29.10043344338932
65 24.778256516688053
66 25.919991511358557
67 26.71424316842148
68 23.889739143030788
69 23.535488523982483
70 22.033079686359713
71 21.875745245330652
72 23.735643122374594
73 20.697133161969937
74 22.419162715554183
75 18.957013492330777
76 20.422460818143655
77 20.491022051133903
78 21.1640307881201
79 20.20588241300429
80 19.290981004726003
81 22.203207640504175
82 20.101473027661044
83 19.810643156493285
84 19.938792269949207
85 19.956148185989594
86 22.488380898305156
87 21.664933602932596
88 19.694272053212302
89 20.064816139761053
90 22.425940576196354
91 19.261838807441485
92 21.12949068119102
93 23.229010715184778
94 21.658183662997025
95 22.169222053572508
96 23.573702844137475
97 20.27331206917233
98 20.584356459648557
99 19.662237931142933
100 21.162366503725195
101 21.293733603195808
102 22.34481404040831
103 20.984208906932498
104 22.068062237676372
105 21.59876029681634
106 25.345002505343466
107 24.744009810389077
108 24.789945190973377
109 24.46530294368576
110 25.670387654725705
111 24.208936520980448
112 23.699854748760856
113 22.29306956014755
114 22.04737207979865
115 20.82226173604536
116 21.348943641849246
117 18.982665357291598
118 23.64769386980922
119 22.955641724581827
120 23.137927824858576
121 24.186127897141457
122 21.020246223874008
123 19.94123470003828
124 19.14299482116887
125 20.32699965193855
126 18.900895252159263
127 19.0169443845325
128 19.11266298903948
129 20.860400317878874
130 21.34626573117522
131 22.027535391634274
132 21.965759405586972
133 22.802426010899158
134 19.772863025350247
135 22.135938763220594
136 19.967229381718624
137 21.89047772774682
138 23.71567071302914
139 18.467984676733632
140 19.824268468688174
141 22.663834381089956
142 23.7719313201303
143 20.21809855764416
144 19.445060828563868
145 19.405563009697545
146 18.41508228831681
147 19.714364562315954
148 18.932729357978282
149 21.415421743149057
150 19.249154069423298
151 17.632631815108567
152 18.776647820017082
153 19.151530898136475
154 19.3618783934515
155 21.03739657076046
156 18.34064513811787
157 17.685688359717147
158 17.514644732542106
159 17.309144268075595
160 16.768042887054012
161 19.01361755333126
162 21.700273210274574
163 21.485377129897298
164 20.150701105081747
165 16.28923136603186
166 18.67642945916783
167 18.2850282216032
168 16.688698877778393
169 17.013821203907206
170 19.780730429760535
171 18.05985715803787
172 20.912662853022653
173 18.248561023575753
174 19.872837645704635
175 22.703537973637495
176 18.226730896772487
177 18.459221859671683
178 17.889174184488944
179 16.864001537165727
180 15.659182419368163
181 18.06615765969227
182 18.82679080716411
183 20.48775327497144
184 19.4127039897399
185 16.99202009948432
186 18.763666809237737
187 19.21681874157153
188 17.25374473213362
189 18.75949570130814
190 19.860174785356836
191 19.520718214940636
192 19.347921223408118
193 17.662420800466005
194 18.99405800881873
195 18.06630259628339
196 19.49158747761454
197 19.3707285273085
198 19.05269125419702
199 17.18904609505607
200 18.348593227753376
201 18.518310711444908
202 19.04938913770878
203 18.512495409134235
204 17.956433438026433
205 18.263872398742908
206 17.78067921125584
207 17.945459556573628
208 19.09112022466382
209 18.17251502258623
210 17.541232576289303
211 16.417791076098307
212 18.843017784153375
213 18.690273768677574
214 19.016490299586298
215 20.393202379240808
216 19.773808352055287
217 20.149124509060425
218 17.664210823975484
219 21.805534387140888
220 19.970047374014307
221 20.58491952613145
222 20.40681370185424
223 20.32945865238833
224 21.32419097356813
225 20.80653086586977
226 21.92196791648891
227 20.402460295549215
228 18.408907803947162
229 18.88827998386961
230 17.547320184240867
231 17.401117270017792
232 16.066408081846415
233 16.966223403617736
234 16.662521790864478
235 17.03735560825952
236 15.22813611037346
237 15.996398251834496
238 17.2776307450544
239 17.388835267589204
240 17.127635736536526
241 17.435644008782454
242 17.025236238249747
243 17.67197988638704
244 18.633227932795652
245 18.00049975027945
246 19.14164933794609
247 16.625549366855743
248 19.354793793139965
249 18.35921609156654
250 19.839983761768583
251 18.211445020796784
252 17.633808503747197
253 18.558280875361007
254 17.67116880712531
255 18.07879616439004
256 17.750681221631822
257 18.086066091437058
258 17.972342819947905
259 18.579992627983533
260 19.420552896317076
261 18.965529938748123
262 20.42544169589547
263 21.47027791661204
264 20.598865685205492
265 22.582801028141322
266 21.35574955658431
267 20.569964191960203
268 19.815698948636978
269 20.74408794870537
270 21.952010972902357
271 17.555185680792803
272 18.057056037339915
273 18.96696943167336
274 16.522073503746327
275 16.49679848979321
276 19.68106328790561
277 17.36928202610735
278 20.476178239731517
279 20.387074599833102
280 18.331855230850564
281 17.329591664008763
282 17.170891180267702
283 17.396184765899235
284 17.189529769178186
285 17.27768621186592
286 16.74879802889373
287 17.608511973890447
288 17.742830384861485
289 18.507635147816167
290 18.625214293818395
291 17.19755072032781
292 21.033977662405956
293 20.473987713319143
294 20.2531012433443
295 19.68963824608767
296 22.41461108719334
297 22.35181605617122
298 24.065266622673185
299 22.155049072984117
300 17.167227244994624
301 19.09776206777635
302 19.129445450876695
303 19.754877499621713
304 17.507269802562593
305 18.34081420401506
306 21.082010334724465
307 19.07146360309181
308 19.435584324484065
309 21.07897010292628
310 21.45026831740516
311 18.54821117695086
312 19.56983692099403
313 21.156247374316738
314 17.821808943294496
315 19.783137832015697
316 17.99447037910095
317 17.251742203768234
318 18.62408409195826
319 21.62907413174841
320 18.501266460228344
321 18.981028359172754
322 21.390773858068638
323 21.31492249748799
324 20.45205184454865
325 23.237049013650484
326 21.552074735248926
327 21.515801817367944
328 24.219706241392043
329 24.745400911030025
330 24.45998760650421
331 24.58878264123634
332 24.96152685078867
333 19.41810395049304
334 17.928585284833993
335 19.67147856333117
336 20.6138840509947
337 21.841436908949756
338 19.863762079972048
339 20.31553151266766
340 21.946029159843707
341 22.506480522826326
342 23.92347692487631
343 19.707211289017096
344 25.25605497269576
345 24.237318388225262
346 21.878123306603595
347 21.7879923584943
348 22.43803774783022
349 21.61767885944673
350 19.267479467247007
351 18.013183180571666
352 19.257689238758633
353 19.803222883929838
354 20.19807612539699
355 21.72877954376329
356 21.03305609097319
357 20.082648242397845
358 22.05695334762085
359 21.78493714273462
360 19.811920884662182
361 20.377755428245607
362 19.35716352877729
363 19.07346745893384
364 21.86269263646951
365 21.1999392874228
366 21.48711318303972
367 21.998939878761412
368 22.485573180029203
369 19.489867297758856
370 17.874011236627688
371 21.58819609176737
372 22.26072409070144
373 19.753955033649756
374 19.63194378891615
375 20.888943458964484
376 20.070894484041087
377 18.17795319205445
378 22.520342892057542
379 25.73113967782184
380 25.594534562581558
381 23.826501085417426
382 25.052255240337637
383 23.565941816580946
384 24.596818617286527
385 25.594255008935807
386 25.001656503073924
387 25.012642338308254
388 23.78653283258461
389 25.130207171606127
390 21.077209168551374
391 25.545462607592
392 26.98964559200146
393 25.756381513557546
394 24.886506912137317
395 24.6559859536619
396 24.16404194147299
397 25.096312561094294
398 24.12366214175927
399 25.361633498038877
400 25.33482050719063
401 22.27027567516027
402 23.879261800133165
403 22.904624926952806
404 23.337645051187256
405 22.03994841000211
406 22.854875345602537
407 18.681350158934336
408 18.660763497552956
409 20.30269482199151
410 20.00978039592003
411 20.100943129016628
412 19.467485994320015
413 17.404659604429597
414 17.196482140334233
415 16.66307927208211
416 16.283476080894282
417 18.043763625784205
418 16.571692640177012
419 17.26375690676907
420 18.693108705123183
421 17.36629391951339
422 16.586363436962497
423 16.4267949075989
424 16.289756231528475
425 17.899506910128775
426 18.143315006248706
427 16.79386778749322
428 18.927278314516148
429 17.198680990080216
430 18.78441676989287
431 17.467631791152588
432 18.09541290301403
433 16.59921408596887
434 16.626590176452538
435 16.353470866395796
436 16.874572397378316
437 17.075908864580782
438 17.118727751904068
439 17.031193135120738
440 17.000433949847487
441 18.49738671142764
442 21.04256994354912
443 19.27898321351661
444 19.13945227195099
445 18.843728262969925
446 20.407347688865894
447 19.606958127953465
448 20.29459226377022
449 19.276667746941357
450 19.263085690080864
451 20.479358830101788
452 19.32395746899003
453 21.409257297917016
454 17.33322215274025
455 20.71595239098716
456 23.68438968238547
457 22.622710538406295
458 24.603470158403532
459 23.666645152352164
460 23.274404780891025
461 23.401849839086147
462 24.120982988803114
463 21.07712746507487
464 22.742460344927743
465 22.188414518388186
466 21.00979821592988
467 21.723647439764285
468 22.79988103859028
469 21.042220590302385
470 22.812686857798294
471 21.198742682907223
472 21.25936264482384
473 20.04325427375419
474 21.658192154175186
475 22.05844403843219
476 20.96097338811362
477 21.300927272402838
478 20.524707514548705
479 21.453714280339078
480 20.410517236790398
481 17.49867245217567
482 16.82869037285972
483 16.419163752135184
484 17.924246483494276
485 17.27352028505138
486 16.45481739009358
487 17.818110760814438
488 19.329285941437526
489 16.964962882833476
490 17.610742450684313
491 17.640144886452088
492 18.76870482295521
493 17.17522079570251
494 17.413693330361188
495 17.86675036350057
496 18.078580102191815
497 19.70474517560737
498 21.350393844474315
499 21.473454588273995
500 21.515659291252625
501 19.485986754835842
502 20.153731710871373
503 20.696623660013625
504 19.031014746566463
505 20.55612715111952
506 22.949163964512497
507 21.40801747060329
508 23.102563648381924
509 20.908759057882854
510 19.571122940508555
511 20.745538412627216
512 20.06276086233458
513 19.787985647463476
514 19.44448622570457
515 20.841290624745717
516 21.52399588580655
517 19.072327236204448
518 18.176368979171738
519 19.323679640579083
520 18.75274192427198
521 20.79336299626852
522 20.51984717656097
523 22.817153525124237
524 19.813900550201677
525 25.191246880372002
526 21.200423450057418
527 21.854702223769134
528 20.062701269891477
529 23.390729171165002
530 23.837257514060806
531 23.968226772713344
532 26.129029767565385
533 23.933855651536987
534 21.919189315201002
535 23.429125541262625
536 24.15079936680257
537 22.69091766063648
538 21.515070702828968
539 22.768815472417025
540 23.309439391504288
541 20.342406850628137
542 20.13541353159695
543 22.7106535042282
544 25.753106106398405
545 23.361390552548418
546 22.706182496664088
547 22.136036608119632
548 24.979816324797763
549 22.50589094528049
550 23.12479336363275
551 25.485309022703806
552 24.490092080311026
553 20.931522834155675
554 21.893293621425517
555 23.138662386506944
556 21.686956804547833
557 21.04637115391182
558 23.377174342374474
559 22.6716859797859
560 24.355028079918362
561 25.964708300591326
562 26.36240357530358
563 23.505187086745753
564 24.028353288593873
565 24.590881142857366
566 23.423128840702393
567 27.78637845980357
568 28.012468673260305
569 27.679051540241296
570 27.412338069746507
571 27.246417439611186
572 26.14042198681148
573 24.041716575715753
574 22.901205069339486
575 22.85428543138919
576 27.129259971245265
577 24.025947072173096
578 25.12927502777728
579 22.271704490399202
580 21.411134823689157
581 23.29619694533507
582 24.696123245547373
583 23.742631217447997
584 21.807244507268432
585 22.84930848502298
586 22.68994310092104
587 21.566125867038785
588 22.676965451893295
589 27.33756313711408
590 22.038912904070923
591 20.859895198848044
592 21.560474052490893
593 22.947779065546754
594 21.318590232356133
595 23.178096029439775
596 22.928689481648515
597 23.19055887429898
598 24.70300134411648
599 22.417902585215536
600 23.303198120608975
601 21.4424502292133
602 23.143657414395356
603 21.746711430745105
604 21.75634960341376
605 22.777153940848823
606 23.619727530817883
607 23.83019122861475
608 22.89860518254736
609 24.448823525536586
610 23.290071452561236
611 23.0538213365957
612 23.26804203237069
613 21.265997340920183
614 21.361659999025154
615 22.016008989517104
616 20.68128815732359
617 20.833640228017167
618 21.179144947365604
619 21.434513506484354
620 23.16772193465708
621 21.54657684717444
622 22.351728246106248
623 21.03018644815369
624 20.686595032781575
625 21.906829787306553
626 20.992693225936467
627 21.30384534094133
628 20.905756734909435
629 19.528879771961005
630 23.337833015865687
631 23.36173752881223
632 23.514157397037927
633 20.55128556311096
634 20.372374651499385
635 19.599954356821787
636 24.28213147254844
637 22.455009737185637
638 21.71940087807657
639 20.00566134853913
640 21.64337967699318
641 20.581444860886098
642 22.508514135323477
643 23.891286193393686
644 22.44821271685447
645 21.348466075030313
646 22.627178470688975
647 21.688403470001592
648 22.603380308255225
649 22.02169265263327
650 21.171995093388194
651 21.327420020543766
652 20.62991650973656
653 24.957585407284235
654 23.862821974902648
655 24.91504792581115
656 25.262789124372723
657 24.832630386202304
658 24.476546717540153
659 21.55327611865935
660 20.986697664775676
661 21.613882179839525
662 20.136483531983252
663 20.17857403670832
664 22.134407517867512
665 21.766746338415466
666 23.954096294978804
667 22.797630599600314
668 21.4462516151897
669 20.986517925539477
670 20.85930368265412
671 20.680462980180756
672 22.402746833912413
673 21.787490861743713
674 20.631603404137746
675 21.724940525760267
676 21.949523999903484
677 21.66265336213963
678 23.149026348096864
679 26.07979388293112
680 23.989850843537972
681 23.285561736336724
682 22.67626607547951
683 25.806761818982757
684 25.09500371458338
685 24.085166473194324
686 24.632112353306308
687 21.534474232325543
688 22.25034753024906
689 22.558375894206925
690 22.828771514723904
691 23.94087409779757
692 23.172371214211513
693 23.723476062755715
694 25.254972713639532
695 23.15978498665558
696 23.691275497436607
697 24.858798230126542
698 24.63554665417541
699 22.532418766279925
700 20.902963224328953
701 20.49230723902027
702 19.753995159202514
703 20.078422259435627
704 19.671944749108075
705 16.868871201907602
706 19.09460648689972
707 20.04456496377817
708 25.188356721864682
709 24.38874138434776
710 25.917519452851742
711 25.079724057062403
712 24.852788024375496
713 24.11477773802457
714 23.454760697103158
715 22.440010139546228
716 22.67038786518998
717 22.331667720703134
718 21.785846039404213
719 22.673382492970124
720 25.461607708555647
721 21.447133709045275
722 19.370167690651392
723 19.691132249065554
724 18.673717588523537
725 19.08267605011068
726 19.935584553381883
727 19.79384200033093
728 20.520985698468785
729 20.708750670661303
730 19.797528878438264
731 18.863319463909715
732 20.38703838532643
733 20.304612544708217
734 20.08000599834483
735 21.400308746214627
736 20.324571923660297
737 19.906207149480664
738 19.10445847581237
739 17.92254495158285
740 18.935382908331185
741 18.51791747362138
742 20.63883485091109
743 18.641801996065453
744 18.640130637615766
745 19.27770022229479
746 19.989565540114214
747 20.149212746854612
748 21.54202903244349
749 19.831871096565894
750 20.581185948314193
751 20.76339817128695
752 20.109183107589438
753 20.137979302470235
754 20.035722583815353
755 19.04403292282983
756 19.730715851401172
757 19.80706846391897
758 20.322962208937987
759 19.50755913435882
760 20.269684711181746
761 19.619924812835848
762 20.757144443996367
763 21.466300964881857
764 20.217742364497123
765 19.91280997673726
766 22.47691555121759
767 20.40226780055724
768 19.864180968784716
769 20.68780218388563
770 20.875234556385877
771 21.53622281686106
772 21.835018414262166
773 21.559074926331434
774 21.99663182807829
775 20.377976515685614
776 21.720636738810484
777 20.75345180355266
778 21.03256604134393
779 18.994657746255942
780 19.878306105270386
781 19.660602513159457
782 19.72571474176231
783 19.008259705054204
784 19.385215286191094
785 21.19958881740618
786 22.868283937972297
787 20.692253019219713
788 22.896232549010648
789 22.257828423345686
790 19.25197231725294
791 18.881570044757016
792 19.719756067502207
793 20.005721794785398
794 21.151441368354448
795 22.45323644507895
796 21.221910910069404
797 20.86383128582832
798 19.478131451492903
799 19.6692472780672
800 21.850865882861463
801 20.609554308738385
802 21.31447342551971
803 21.335815930318443
804 20.99575662645494
805 20.884055965605388
806 20.965598368278375
807 19.79195137530888
808 20.838438966865038
809 19.796410446851645
810 19.891079446377024
811 20.116940498184025
812 19.181214996216713
813 20.131526453877363
814 19.70585641435884
815 19.45100090031065
816 20.487303920420203
817 20.89544776121123
818 21.84801523334661
819 20.193005298197615
820 20.747549421870914
821 21.732728825304502
822 22.17823621085014
823 19.272114278556586
824 19.928650124003948
825 21.25593351743784
826 20.983829409526404
827 20.23134746504929
828 20.797612890999087
829 20.252184345050757
830 21.000510075379733
831 20.942861938483734
832 20.154531091314183
833 19.94300893202326
834 20.4070234247879
835 21.90578691017834
836 20.360517854737832
837 19.16909808481399
838 19.982638410464304
839 18.979119418692942
840 20.486412060232382
841 21.961199546876607
842 20.289066119938994
843 20.66640822486916
844 20.22604025369786
845 20.91636395365434
846 21.407245316162935
847 21.635858471746012
848 20.73455618216662
849 20.61306900197828
850 21.09832582832237
851 21.189376695440448
852 21.98446306542481
853 22.18376641871643
854 22.38056825971577
855 22.99707363630417
856 22.66025930981908
857 23.91949863106168
858 21.77793050398958
859 21.898840834754388
860 22.004029112020653
861 23.673323750725025
862 24.35447951780158
863 25.933820239052196
864 25.866330077071215
865 26.187911163992975
866 26.06852483555119
867 25.324773729102716
868 24.977251110637344
869 27.047943371842145
870 27.57326923619026
871 24.97856060323495
872 25.078345397049464
873 24.77442708823688
874 23.926535334147182
875 22.819990269746885
876 22.991229209214566
877 23.0912303152048
878 22.89366080312352
879 21.790445386669134
880 21.809983233866575
881 22.34350157730459
882 22.25078632760357
883 20.97643859658696
884 21.17295238361728
885 22.22023949776474
886 25.892115034170626
887 20.913355600680408
888 20.81473438351631
889 22.79224952174405
890 20.134038567618926
891 21.095961952745437
892 23.04516286700333
893 23.27340643699845
894 22.033636213706444
895 22.415056427157634
896 21.980328897753736
897 22.620655582786902
898 22.6002831123312
899 21.42879769153615
900 21.452418900406382
901 23.812245037166463
902 20.454072234477373
903 21.780908283599697
904 25.308050736477067
905 25.423402247941496
906 24.57182225920347
907 23.27768766183151
908 23.379034621964955
909 22.906520295534214
910 20.440187945836335
911 24.031115745584643
912 22.75256686984803
913 21.109493707019446
914 23.234662019370166
915 21.39740802059259
916 22.014744321200215
917 21.048358286032265
918 20.68776638067491
919 22.737105308307704
920 20.135069495082952
921 20.4878640866662
922 19.54383088972378
923 21.293465135931566
924 21.997733087026184
925 23.93256654359398
926 23.60417286576732
927 23.44479406478403
928 22.896550335017995
929 25.65897021452035
930 22.62933836729588
931 20.74636894734951
932 20.147916814154964
933 23.62486991759405
934 24.281892371802478
935 23.729882296156504
936 24.15369447288574
937 24.532212431920993
938 25.18017567928588
939 22.16252404694366
940 21.124855219635727
941 22.223849226587838
942 26.148256772202917
943 25.58751165731216
944 25.54675268971934
945 24.285760256683876
946 24.547656534552555
947 24.63391113933213
948 23.787403846952895
949 25.180056854591882
950 27.308936841173352
951 27.23709580516636
952 27.048206443965103
953 24.352780241549173
954 27.118618074320477
955 25.71108945169757
956 25.066465459141767
957 27.171022680016108
958 22.389392659693094
959 25.380286594573644
960 22.63377072352959
961 20.327349112704784
962 20.4525086717878
963 21.702502642842
964 23.125117535894077
965 20.66013468625538
966 22.262530391478332
967 20.256871473027175
968 20.99344200456751
969 22.073799688832807
970 23.072861588588815
971 20.069646355669505
972 21.108332287660048
973 20.508570182118252
974 21.868952843287097
975 20.879928541097993
976 20.346292320866308
977 22.583399436875137
978 21.54156068476923
979 21.35245145393221
980 19.521837351072136
981 21.345210711258698
982 21.82619869349606
983 20.94006576890364
984 19.6334335415726
985 20.345309998069606
986 19.728205147553826
987 21.488755300767384
988 21.249270094187125
989 21.521596236451224
990 20.012769637704878
991 18.59037180651425
992 22.6201918265184
993 18.26494999066063
994 19.539624326917778
995 17.844631422346733
996 19.972136290760858
997 20.14440648291368
998 19.55271772485174
999 19.214487640039234
1000 18.486330995279864
1001 20.265975758958447
1002 19.80680662552388
1003 22.10521768217309
1004 19.762527754802353
1005 21.27568367134227
1006 22.55552946138608
1007 21.162739231405098
1008 23.386631956612177
1009 22.70112950030093
1010 21.846542136639858
1011 25.201708822942845
1012 23.411089214160583
1013 23.115505898114225
1014 22.26624664483229
1015 24.049249091293955
1016 20.69975666618161
1017 18.82266949868548
1018 23.195955515048027
1019 23.927434286677776
1020 25.70070441215069
1021 22.294704742974794
1022 20.3857047958902
1023 22.342759791111867
1024 23.133459034608844
1025 22.058583750929436
1026 23.259935572560806
1027 22.544071550944807
1028 20.52927869188544
1029 17.015065705128656
1030 20.723136376757253
1031 17.919587533857467
1032 17.645494034819976
1033 18.64850884783906
1034 17.81085444024895
1035 22.415874936798893
1036 20.0915370266612
1037 16.943884592949686
1038 16.269005380954347
1039 15.559913116746454
1040 15.761829356557586
1041 17.729075759665367
1042 17.523075257574003
1043 16.68811771148734
1044 15.186509532691288
1045 15.447828555107053
1046 16.5552299510738
1047 14.495663711601154
1048 12.575346290992645
1049 12.225846183652559
1050 12.904789035497144
1051 12.026445710578129
1052 13.901767860019525
1053 13.91903172022252
1054 12.997663491783213
1055 12.427169528237243
1056 12.719124780213647
1057 14.128507045968643
1058 11.534108111193397
1059 12.27960863999654
1060 13.20546686181381
1061 12.812136180822662
1062 12.945570565944163
1063 11.928182237697056
1064 12.289972129652492
1065 11.734665888039356
1066 11.992742387408173
1067 12.039667642956408
1068 11.619163784332716
1069 11.907667591454517
1070 13.116034934498307
1071 11.870984707989896
1072 12.57823913574311
1073 11.718389666402366
1074 12.79498187369452
1075 11.795310125733462
1076 11.836865521904764
1077 10.19851985207546
1078 8.499786903673774
1079 8.910756657215577
1080 9.799529994908902
1081 10.125110933277128
1082 9.908826236138134
1083 10.163889608460371
1084 10.637117688205274
1085 12.125140246914391
1086 11.801307003829052
1087 13.859078689605616
1088 13.44325200661348
1089 11.856589118190959
1090 14.559865147627171
1091 15.946942934005738
1092 14.792690009308462
1093 14.093005757281974
1094 17.31504371838068
1095 14.215681005288685
1096 16.518422023558472
1097 12.389580537840363
1098 12.138117461570285
1099 13.112979547540297
1100 13.291233714917647
1101 13.378466293522226
1102 12.76615659931546
1103 12.088102598900907
1104 12.321273548885646
1105 12.963955370227398
1106 11.567515517654126
1107 12.09171263504679
1108 14.161829372169114
1109 13.586618776160968
1110 13.966679593053415
1111 13.432559426733215
1112 12.80552375154353
1113 12.971850940631143
1114 12.68388490448302
1115 11.766469865798143
1116 11.957180806119494
1117 12.657145810133745
1118 12.437009861845558
1119 12.071707632384083
1120 11.812701959730914
1121 13.078276447168367
1122 12.884914082254326
1123 13.036455471722304
1124 12.36913837143034
1125 13.445740776211434
1126 13.101866627033678
1127 13.591733620211532
1128 11.535473587309173
1129 11.901625739275056
1130 11.776641376108156
1131 12.540796510264704
1132 13.388811452249437
1133 13.010624210124506
1134 12.41027207087898
1135 12.558506506307143
1136 13.368659450349126
1137 12.988361755507905
1138 12.811304463384648
1139 12.935405481249068
1140 12.979042994131119
1141 12.601283345458024
1142 12.766415421114836
1143 13.440830659629533
1144 14.405622007533267
1145 13.160701850163585
1146 12.370216498180534
1147 11.650939618509685
1148 13.908001009412398
1149 14.423250007670052
1150 18.17127035131407
1151 16.907697845076253
1152 17.567757160547906
1153 18.83482488783238
1154 17.75161302614339
1155 14.704206550618675
1156 12.589594529998772
1157 15.820342886207625
1158 14.04977444874312
1159 14.850485608418357
1160 14.598932008955492
1161 13.655738420946555
1162 16.259610813219815
1163 20.48833394237864
1164 17.76369700426155
1165 18.73725471223239
1166 20.21426148368892
1167 15.741729637030998
1168 15.927364620843562
1169 16.470369684812027
1170 16.605076325841047
1171 13.644966677371425
1172 13.034791470331367
1173 12.904053170119285
1174 11.391137066787104
1175 16.8257294363811
1176 13.786965699290624
1177 12.643624697673387
1178 14.718642515687995
1179 13.111160875917122
1180 14.0222261749438
1181 16.95290798572336
1182 13.21701211449386
1183 16.91931078172405
1184 13.531681175583083
1185 14.040136954301774
1186 13.673508964863691
1187 14.564241002242925
1188 14.070486434955134
1189 12.953245646020191
1190 13.238070923854304
1191 13.963957200993198
1192 12.696569958038465
1193 11.710184620901428
1194 16.701016727542125
1195 14.434170768024767
1196 8.411120811284272
1197 7.653783152396714
1198 8.912054686568885
1199 10.335673896364165
1200 11.529481066153645
1201 12.876670425050616
1202 12.87543850269545
1203 12.466447247813411
1204 12.72081581252762
1205 12.965146953374424
1206 14.002873284994834
1207 13.258356037734062
1208 12.451437732824438
1209 11.93873852832006
1210 12.229209589086429
1211 11.63865624874579
1212 11.327474656038426
1213 11.264100914510944
1214 14.815468321502456
1215 13.763646283634856
1216 15.64352670522631
1217 17.13430554285435
1218 16.6110196142269
1219 12.83487629508909
1220 13.331313746139177
1221 12.139067860851855
1222 13.120398124962755
1223 12.607841270562842
1224 13.204852197839601
1225 13.248894786532684
1226 12.693747776049209
1227 12.66428317554396
1228 12.641343736628375
1229 14.42856855999998
1230 12.08490468446627
1231 14.581963005416547
1232 12.966279912430084
1233 13.755031141932367
1234 13.638913817577514
1235 13.245846675716564
1236 12.356978351712783
1237 13.045574060211878
1238 13.701277659742622
1239 13.692176385204156
1240 13.620058514530607
1241 14.42918393413714
1242 13.057018517697056
1243 14.26967507113456
1244 13.292716424001275
1245 12.795778403774612
1246 12.914519936696275
1247 13.11174705672553
1248 13.4552586377331
1249 13.715020967444667
1250 13.17456069567288
1251 14.246015020369619
1252 14.131390786429824
1253 13.959415359442383
1254 13.176931292689332
1255 12.640276399259196
1256 13.21050005940329
1257 13.682968669931535
1258 13.346266414944871
1259 13.92260926335289
1260 13.683381420806038
1261 13.865634894322186
1262 14.217422160967718
1263 14.2084900639464
1264 14.262509599368805
1265 13.607529969989436
1266 14.085177613677706
1267 13.795764510350528
1268 13.056065970783493
1269 13.396839288563074
1270 12.875782718311843
1271 12.633538337340793
1272 12.155001412585335
1273 12.06370888901192
1274 11.958167271741154
1275 11.749894280922868
1276 11.699512054898191
1277 13.275911598760022
1278 13.514685929659494
1279 12.862826019338257
1280 12.931558297378624
1281 13.15089580527741
1282 13.568156604697876
1283 13.459020969558598
1284 13.64035270240555
1285 12.553535123781957
1286 12.687896546189124
1287 12.868292909944826
1288 13.57746608987893
1289 13.587183823881027
1290 13.558949773230514
1291 13.469645150546278
1292 13.982972644530767
1293 13.53418010752587
1294 13.66488724987134
1295 13.062273824006844
1296 13.031996322440888
1297 13.315720120080254
1298 13.226375440409779
1299 13.01958897277746
1300 13.13799933579348
1301 13.757618005862657
1302 14.028967567683258
1303 12.34377885213982
1304 13.104568961520522
1305 12.617536987106243
1306 12.804069721134946
1307 13.42602701724978
1308 13.581633391657133
1309 13.399367549262912
1310 12.816182900323435
1311 13.541815161583836
1312 12.921576564840775
1313 14.020185043594763
1314 13.122717199871317
1315 13.072436642636525
1316 14.51397791655287
1317 13.910796973724482
1318 12.86598137645138
1319 12.5625687083951
1320 12.674465964119731
1321 13.782751958472568
1322 13.562454922903903
1323 14.040431680975388
1324 13.493550400617822
1325 14.140561193528377
1326 13.893005025161976
1327 13.849261471501487
1328 13.731729394145205
1329 13.767311944991112
1330 13.631346788597476
1331 13.773316511022772
1332 13.391701530965474
1333 13.686340018449311
1334 14.898617039551755
1335 14.817465788350136
1336 13.908929722335744
1337 13.335859729129503
1338 13.996704315611277
1339 13.926037376298746
1340 14.334501512349808
1341 12.977342724936895
1342 14.119554897242985
1343 12.837067277343422
1344 13.58627895884738
1345 13.807980105708225
1346 13.578222025017073
1347 13.747878871872615
1348 13.451440557259858
1349 12.871366049142223
1350 14.102627733475424
1351 15.669713607442747
1352 14.59898462736294
1353 14.890060734162097
1354 14.970589883583598
1355 14.964513451250374
1356 15.160037359279714
1357 13.99542350131009
1358 14.796163967869933
1359 14.807577916232136
1360 13.315605857552075
1361 15.500155919627364
1362 14.890013772768775
1363 15.544882457898641
1364 14.680098530394345
1365 15.975134097354076
1366 15.660403448976705
1367 16.370604741203355
1368 15.16668275406294
1369 15.919746599531514
1370 16.215200409289352
1371 15.9375514996141
1372 15.106481575307873
1373 15.574191642544628
1374 15.503918607090855
1375 14.621556050565458
1376 14.325196281806331
1377 15.235409584862595
1378 13.482455072199603
1379 13.994705326895305
1380 13.868811719306835
1381 13.91575445478875
1382 14.592280611525267
1383 14.560030189422061
1384 14.332411927159887
1385 14.398556203465018
1386 14.878854501532782
1387 12.847188861952361
1388 13.453805975128097
1389 13.360868074574805
1390 13.551606543876787
1391 14.452204236455287
1392 14.412384910634357
1393 15.0722162263725
1394 13.708161710765218
1395 14.313254233718446
1396 13.383429442736299
1397 13.962997089223148
1398 14.11065421785089
1399 13.664524881845985
1400 15.065310762266593
1401 15.04873354670973
1402 14.323980068946993
1403 14.63350455757855
1404 14.144190606011662
1405 13.707328380490805
1406 15.74569376623994
1407 16.254281604750737
1408 15.309914923294762
1409 15.266519781504664
1410 15.073663523023143
1411 15.77294766397938
1412 15.56538633911799
1413 14.544571969090558
1414 15.812893315258103
1415 15.4941337195589
1416 14.993561769705204
1417 14.745424744344865
1418 14.08618153554853
1419 15.48426753173266
1420 14.653763344269668
1421 15.273072816590501
1422 15.17273815511916
1423 14.78407498280706
1424 15.79764488872286
1425 15.049689903283678
1426 14.924226989869032
1427 14.052591113218364
1428 13.559332371598567
1429 15.6933060894791
1430 14.889395548156287
1431 13.30518862837543
1432 13.361022247907693
1433 13.692777528067316
1434 13.46601960977837
1435 13.761956489164072
1436 14.073880038219308
1437 13.427113210579437
1438 13.79076989468399
1439 13.933996358973559
1440 13.237060048055604
1441 13.919426779620913
1442 13.830930309217688
1443 13.259733967710288
1444 12.871707171874856
1445 13.256894087637562
1446 13.64539878254158
1447 13.365568430440408
1448 13.168285352334987
1449 12.652424995581507
1450 11.913844540529801
1451 12.279769411936895
1452 12.57495305781271
1453 12.205781627166035
1454 12.004294743411299
1455 12.348979107010436
1456 12.107915655450268
1457 11.507109393698848
1458 12.30739475723672
1459 13.010668591525397
1460 12.081098779892272
1461 13.283640838123048
1462 13.42360912360095
1463 14.068941604294173
1464 14.786870466799705
1465 15.150982523569471
1466 14.66883137256295
1467 15.77549870181887
1468 14.57088507640565
1469 14.783335716950202
1470 14.524590193308168
1471 14.553542515371674
1472 13.604447625446172
1473 14.071298607258777
1474 12.728873437509668
1475 12.974397972417288
1476 12.892580631488052
1477 13.742910074187973
1478 12.203674589997663
1479 11.440676447537122
1480 11.697172509453265
1481 11.700439565569146
1482 11.645941238527957
1483 11.711015273467302
1484 11.477230726776693
1485 11.933417958633544
1486 11.987015549278908
1487 11.75947554437809
1488 12.11175373536622
1489 13.039316599671901
1490 12.183654241870935
1491 12.667031260480904
1492 12.097971157638634
1493 12.763737001196823
1494 12.150069724936362
1495 12.370944496307217
1496 12.464019023979297
1497 11.730035050283785
1498 12.687891119882138
1499 12.29041497463588
1500 12.658579035559562
1501 13.131248761229234
1502 13.784706348700247
1503 11.610561162512228
1504 13.093597844619834
1505 12.72501680420797
1506 12.964421991129862
1507 13.053225840386347
1508 13.135359537689228
1509 13.177561997030057
1510 13.460498978037439
1511 12.877704592343898
1512 12.138558355011211
1513 13.12512112888271
1514 12.36266210307176
1515 12.977719598544004
1516 13.480208394793063
1517 12.46361977143991
1518 12.959599602778468
1519 12.370327094527102
1520 12.136605874692206
1521 12.695457298457157
1522 12.789847970138338
1523 12.27089939791667
1524 12.397313927539999
1525 12.34834978168918
1526 12.7752031872269
1527 12.488059675992872
1528 13.214383685448698
1529 13.173824273015578
1530 12.677057951283278
1531 12.607898287985734
1532 12.716044369798713
1533 11.988121439273375
1534 12.798779139113647
1535 12.428068187115029
1536 11.931594510061833
1537 12.2093570804905
1538 12.71698067572342
1539 13.19567182732183
1540 13.043604586776336
1541 13.376120866646694
1542 12.925345572787387
1543 13.092229420327202
1544 11.888371777327515
1545 11.882614259176634
1546 11.83815067418054
1547 12.328753508268136
1548 11.375670339296565
1549 12.689582696643674
1550 11.961791929523883
1551 11.474352650984736
1552 11.728513287497664
1553 11.6900703913646
1554 12.009931799249344
1555 12.167564665620747
1556 11.983677206810759
1557 11.311372509558995
1558 11.363701695852367
1559 12.659800806332479
1560 11.144851453433988
1561 11.370009022545293
1562 11.736594084897112
1563 11.66817916407502
1564 11.321627338026628
1565 11.368396992008682
1566 11.323613363162835
1567 11.14937170904957
1568 11.040932238375554
1569 11.772774028980601
1570 11.744314488869007
1571 11.418671123198356
1572 11.962417466153376
1573 12.353560417903578
1574 11.702747876192346
1575 11.464955875729407
1576 12.165826333765773
1577 12.190229826619744
1578 11.854727633086037
1579 12.4550936257714
1580 12.20407657479269
1581 11.880273084366483
1582 11.90150265632717
1583 12.41244547293078
1584 12.321137703223911
1585 11.828539518880712
1586 12.509199680004441
1587 12.656762546949418
1588 12.223174047613986
1589 12.472436104142815
1590 12.418532250825391
1591 12.313304911652331
1592 12.730727587552503
1593 12.197818994597176
1594 11.95653346248146
1595 12.227873950172077
1596 12.366226536022875
1597 12.067041272883968
1598 13.500817283814794
1599 12.01911673793254
1600 12.144614888568588
1601 11.80681831261812
1602 11.657516765352186
1603 11.79390021642952
1604 12.015690905218518
1605 11.727946059235233
1606 11.896428723859566
1607 12.07007090170953
1608 11.903575063549601
1609 12.190806961389855
1610 12.01681258544736
1611 12.424408452098191
1612 12.404074206911218
1613 12.584786065472942
1614 11.75605745382889
1615 12.749297968310929
1616 12.14102024486048
1617 12.696233559257033
1618 12.163550689827813
1619 12.440810534576775
1620 12.319922038922718
1621 13.048124243851998
1622 12.88426635660872
1623 12.455915836152885
1624 11.848935898341109
1625 12.454961579400262
1626 12.114132962063156
1627 12.438158253675802
1628 12.6121566354921
1629 12.510161957641778
1630 12.653194354562718
1631 12.181303150012674
1632 12.463984425439053
1633 12.688476061210041
1634 12.84988669106111
1635 12.212944296370237
1636 12.503704863807288
1637 12.418767774828973
1638 12.269675622461824
1639 12.237182863830277
1640 12.524353468604422
1641 12.568506298433366
1642 13.009325113936058
1643 12.350057351786429
1644 12.011089143561824
1645 12.365264300134259
1646 13.004870127873913
1647 12.693305070616377
1648 12.666424165846097
1649 12.310646120248515
1650 12.980861843458683
1651 12.561821144279792
1652 12.693216340470508
1653 12.571614589011105
1654 12.377408869035918
1655 12.295589479743084
1656 12.568764974881343
1657 12.274296757775053
1658 12.496062054571004
1659 12.178519072553904
1660 12.647866648879173
1661 12.391972630747432
1662 12.383967029184163
1663 12.273716161650471
1664 12.616885268731398
1665 12.569272712359474
1666 12.986549381600842
1667 12.6464402896807
1668 12.823164223380484
1669 12.760259837432514
1670 12.360607561410353
1671 13.170944338804157
1672 12.917627023671068
1673 12.923479366496089
1674 13.324414875180706
1675 13.202091044482087
1676 13.374617397766439
1677 13.166217306373126
1678 12.739082504902605
1679 13.04182113082915
1680 12.834295081594588
1681 12.618247564795167
1682 13.136368903894608
1683 12.469102054194671
1684 13.063453502903737
1685 12.66856535342649
1686 12.599769003067898
1687 13.035769909190366
1688 12.060947037645644
1689 12.052182019228882
1690 12.268906926574664
1691 12.01860207964528
1692 12.61545297354507
1693 13.004950945101035
1694 12.989867987370321
1695 12.568123155076501
1696 12.374282850661274
1697 12.088984238683034
1698 12.194921997375673
1699 12.614279681135425
1700 12.170183037642762
1701 12.627363327158173
1702 12.249316903450726
1703 12.680425265429303
1704 12.640133271843915
1705 12.366095817437332
1706 11.984093856712628
1707 12.070036913761905
1708 12.252379561518326
1709 12.280896600057103
1710 12.89801353726343
1711 12.021852391114475
1712 12.426475005377501
1713 12.018071891522805
1714 11.79152392904467
1715 12.521312267653016
1716 12.848302417647053
1717 12.692561650289798
1718 12.7324278147377
1719 11.724754676059694
1720 13.016792354145387
1721 13.09845704271188
1722 12.983617828687384
1723 12.774938948337665
1724 11.918668616787302
1725 11.32145830210261
1726 12.03778099700277
1727 11.311378250403937
1728 12.08983941103445
1729 11.655564447105244
1730 11.600583144431353
1731 12.35224473378801
1732 11.665758650173656
1733 11.958754462514106
1734 12.06318623624861
1735 12.848252454743125
1736 11.954508020225528
1737 10.775534583195796
1738 11.759874891148554
1739 11.709066798605791
1740 11.757134975029462
1741 11.843197039759152
1742 12.309007944997703
1743 11.622896950963856
1744 11.84810819727444
1745 11.703712489427275
1746 12.070803728249777
1747 11.523394193775019
1748 11.88275161550692
1749 11.307449087889967
1750 12.178383154580345
1751 11.797935607979529
1752 11.650775926482783
1753 12.038562940021057
1754 11.10196693932615
1755 11.584546134665956
1756 11.877153410194397
1757 12.63996153433493
1758 11.669525124796525
1759 11.733774877831623
1760 11.850791989287352
1761 12.162482210717824
1762 11.96321639741438
1763 12.044005956048148
1764 11.436591051417658
1765 11.781397700661069
1766 12.038025265335792
1767 12.308412160476124
1768 11.804056597267698
1769 11.751099366532559
1770 11.957995487438996
1771 11.975761898008564
1772 11.60992881497442
1773 11.641383459259876
1774 11.748749098142852
1775 11.37363086658715
1776 12.872251074442406
1777 12.095214263293482
1778 11.669992445524494
1779 11.76355502663636
1780 12.187330564729475
1781 11.971401627781255
1782 11.68906114591979
1783 13.092013743975162
1784 13.090163353118852
1785 11.78981469278303
1786 13.713802456976774
1787 12.031784549750327
1788 12.37349919007449
1789 11.842150180798333
1790 11.606427054908412
1791 12.153060242237967
1792 11.769289360799998
1793 12.589037046444645
1794 12.568381276934572
1795 12.743931173927878
1796 12.932498496658402
1797 13.04314762489913
1798 13.288219105710112
1799 12.70828348101559
1800 11.970664778107654
1801 12.82159909242036
1802 12.679271618476673
1803 12.528586126568628
1804 12.017253891592427
1805 12.700055829383754
1806 12.375738584364777
1807 12.49970896078518
1808 12.89965722390459
1809 12.936527675548382
1810 12.759589051831187
1811 12.543427273388136
1812 12.99420211814362
1813 13.080215215983637
1814 12.27822554806221
1815 13.142247631081846
1816 12.926239388529861
1817 12.750743485441001
1818 12.741607860271744
1819 13.305016477876517
1820 13.38776533509236
1821 13.032561767131734
1822 12.620498684494184
1823 11.973441433400057
1824 12.004820082340958
1825 12.333924702515596
1826 12.688862184179513
1827 11.743250012747426
1828 12.198702574863297
1829 12.674106941799872
1830 12.438443275084659
1831 12.415291432820307
1832 11.13283616568273
1833 12.053654233103757
1834 11.064230661378973
1835 11.382205511015878
1836 11.5880787673824
1837 11.42518079979861
1838 11.563777273932418
1839 10.967351525170322
1840 11.619225784549867
1841 11.806005702015108
1842 12.24860898916764
1843 11.74872793693296
1844 11.93637950147025
1845 11.122178116589641
1846 11.321658368981524
1847 11.607825146866286
1848 11.58161960272024
1849 11.27597124512343
1850 11.310925785832126
1851 11.446369708536006
1852 11.805244504860857
1853 11.604638864013936
1854 11.419394260784376
1855 11.218025189512582
1856 11.170913291623233
1857 11.130164595806738
1858 11.590798878296004
1859 11.774281046504834
1860 11.188488611900599
1861 11.747688972891426
1862 11.456673907525012
1863 11.397687640796772
1864 12.1308708519884
1865 11.599995212886094
1866 11.230356453653531
1867 11.862892554011587
1868 11.695421773641355
1869 11.48002096128707
1870 11.246015647794904
1871 11.820677917136067
1872 11.720307944360952
1873 11.45074735969516
1874 11.810773054142766
1875 12.032069198661599
1876 11.511204219499454
1877 13.641248484608035
1878 13.195389608780006
1879 12.707690536812931
1880 12.14841248766906
1881 13.019833237009344
1882 12.60400478709084
1883 13.358463278694893
1884 12.520218021823677
1885 12.423575002704823
1886 11.940102993826937
1887 12.330059999939314
1888 13.126898932346881
1889 12.071918387813533
1890 12.43009881776037
1891 12.577940091082578
1892 12.563861701674101
1893 12.083863949518719
1894 12.857426217149651
1895 12.623434093997862
1896 12.395697712284178
1897 12.951197968212586
1898 12.623102748577463
1899 12.254705651623938
1900 12.06756077819536
1901 12.232680392297318
1902 11.711256088531822
1903 12.04629398108188
1904 12.895954959650956
1905 12.21427615369132
1906 12.569895847954854
1907 12.392853963144566
1908 12.4456461405294
1909 12.946221167295272
1910 13.403757014289587
1911 12.859477808071341
1912 12.140073759119002
1913 13.06642497949274
1914 12.269949276051
1915 12.682705236002207
1916 12.483182133641085
1917 12.301566689805416
1918 12.948766424397954
1919 12.688367874726328
1920 12.963127569064028
1921 12.664640742167762
1922 12.64355853419326
1923 12.578374322974247
1924 12.491473970510873
1925 12.74399376519902
1926 12.48717852492053
1927 12.554724069204479
1928 13.0583533939947
1929 12.48405293824722
1930 12.634079739050398
1931 13.420556018244373
1932 12.310728624970771
1933 12.1846666188252
1934 12.234290066707599
1935 13.002904340125035
1936 12.981169183096316
1937 13.01787333299559
1938 12.892993092734804
1939 12.926381573447077
1940 12.915159669157017
1941 12.978715405137928
1942 12.405938858248634
1943 12.300186764425007
1944 13.140447109057485
1945 12.166018577546676
1946 12.65220585910843
1947 12.532920586169189
1948 12.345172172821155
1949 12.927908655722456
1950 12.639631142367296
1951 12.539671827889167
1952 12.295037722103356
1953 12.329388132809166
1954 12.467759404305164
1955 12.326537541618562
1956 12.91348537830903
1957 11.80610274429109
1958 12.105484453267678
1959 12.350371837631275
1960 12.282360573631115
1961 12.475198765458194
1962 11.808343282872078
1963 12.196370479567188
1964 11.938683636050373
1965 12.19352293183856
1966 12.779238055804615
1967 12.724899391182143
1968 12.319765530312731
1969 12.242321700893264
1970 12.070313188525855
1971 12.844438972917475
1972 12.872741568580105
1973 13.418543977277734
1974 14.149850107970595
1975 14.526443230947338
1976 14.549250861424756
1977 14.623063387469541
1978 14.895096184052315
1979 14.30757989035244
1980 12.740039772682072
1981 13.101995726012373
1982 12.806088651223162
1983 12.62328725129745
1984 12.620881309629965
1985 12.059395027236786
1986 12.389211606490568
1987 12.245543390993255
1988 12.132083026506484
1989 12.62614026361847
1990 11.616522777249303
1991 11.948249270919852
1992 11.725524452241816
1993 12.762268160071546
1994 11.55973112038008
1995 12.357556136726998
1996 12.548739090698849
1997 12.24026640708101
1998 12.074943970861925
1999 12.317537273944627
2000 11.672363412090984
2001 11.059377464793709
2002 11.877268738359602
2003 12.087634381121594
2004 11.458058383361367
2005 11.945530734241878
2006 12.096608553559797
2007 13.308121069362173
2008 13.36330618158606
2009 12.573491161920607
2010 12.556754126660225
2011 12.463842424368348
2012 12.26184353656889
2013 12.006374432660827
2014 12.913594948506265
2015 12.520455832000657
2016 12.759646027120452
2017 11.721230494250387
2018 13.214181630736057
2019 11.9708570199384
2020 12.557245230926405
2021 11.788212516734605
2022 11.876944292992588
2023 11.609730935082041
2024 11.854149212377083
2025 11.882985246361214
2026 12.058550306527561
2027 11.590704545735882
2028 11.86395946764476
2029 11.912598004575097
2030 12.21880650524945
2031 11.631491253564642
2032 11.701077153698503
2033 11.597582760036316
2034 12.064991282570798
2035 11.821893518728068
2036 11.88316315132788
2037 12.148696647722172
2038 11.968288744072394
2039 11.919204505070788
2040 12.002859264769924
2041 12.365228632301562
2042 11.910611528381496
2043 11.905924048965892
2044 12.076579340480466
2045 11.898369886545407
2046 11.388370277427612
2047 11.650744624887656
2048 12.402215609083859
2049 11.802873456076506
2050 11.850531946404878
2051 11.722907311025471
2052 11.500351925449484
2053 11.811411325756271
2054 11.742112699625627
2055 11.893416357592603
2056 12.066141231864997
2057 11.730339381653323
2058 11.758582112352908
2059 11.792821534372653
2060 12.871912983462018
2061 11.4967916046073
2062 11.667085644168472
2063 11.8241140504883
2064 11.701132975505654
2065 11.513569313516593
2066 11.43275689092461
2067 12.518504087885374
2068 12.0966959153174
2069 11.904129180270292
2070 11.682305540350898
2071 10.99476008994671
2072 11.644424041945696
2073 11.717386446714041
2074 11.408335958532371
2075 11.743971966427104
2076 10.97641997766885
2077 11.149044570701344
2078 11.630636004234214
2079 11.19896921564387
2080 11.541690895850886
2081 11.934808946745202
2082 11.360840563571424
2083 11.594905750969247
2084 11.323807086155824
2085 11.383855807413747
2086 11.498751013299202
2087 11.94120654810853
2088 11.625610776809092
2089 11.567159270544565
2090 12.067105856231938
2091 11.635655725654662
2092 11.877608152752481
2093 11.694601727344773
2094 11.853701525968644
2095 11.489930035119949
2096 11.643979674569527
2097 11.774225763677768
2098 12.024149120975405
2099 11.915416935051141
2100 11.418819191209982
2101 11.896981253348459
2102 12.114193183775853
2103 11.952403523084826
2104 11.618318375982295
2105 11.791231443824552
2106 11.92015661226557
2107 11.77423150155498
2108 12.602126812145709
2109 12.291404838010854
2110 11.676237517878679
2111 11.867914749336917
2112 11.388370767408569
2113 11.705130380903501
2114 11.729962286666904
2115 12.024281989156046
2116 11.999765270546474
2117 12.29218591536807
2118 11.76310298899328
2119 11.69015160768233
2120 11.774316957267562
2121 12.111548732320124
2122 12.37647011932137
2123 12.450425313897554
2124 11.926434494142251
2125 13.142014535606755
2126 12.062187906710891
2127 11.872597500338674
2128 12.899098557374836
2129 11.67264306767457
2130 14.288271808754464
2131 14.89649239026397
2132 11.810609486718944
2133 11.594338316402654
2134 11.625210273138146
2135 11.764712125580756
2136 12.831758199625655
2137 12.398006341699583
2138 12.097118683569294
2139 11.63351648162239
2140 11.96135536449934
2141 11.8414755946903
2142 11.317525635550163
2143 11.979250761749826
2144 11.869826310131755
2145 11.714245905783196
2146 12.021176816234167
2147 11.691619476059905
2148 11.952423896159159
2149 11.825282348101267
2150 12.030061731098817
2151 12.334764814735449
2152 11.967353910247361
2153 11.651848595840741
2154 11.575963878469569
2155 11.767299711700717
2156 11.412152358778537
2157 11.163445388387156
2158 11.47632825929051
2159 12.199787316521915
2160 11.219813955196413
2161 12.172943570590823
2162 11.856848517069364
2163 11.992312267140097
2164 11.822949562166428
2165 11.465681386034618
2166 11.327630468736617
2167 11.964856372933369
2168 11.719957503024883
2169 11.953016996553135
2170 11.674465325546917
2171 11.772983950239498
2172 11.791571714687777
2173 11.628563650431737
2174 11.50026417331046
2175 12.146633276143742
2176 12.008148709306129
2177 11.725797294725952
2178 12.300987801568205
2179 11.6009197296702
2180 11.851186234218495
2181 12.219543547719148
2182 12.641725329219248
2183 11.833069966815312
2184 12.206580184296559
2185 11.646049563724926
2186 11.37271797526648
2187 11.405334692917682
2188 12.49729487288022
2189 11.742123746669257
2190 11.47673996509823
2191 12.089288922170477
2192 12.400959700582103
2193 12.359019863501633
2194 12.039398140297829
2195 12.318156268271125
2196 11.474711475811505
2197 11.194853597538508
2198 12.623957770691604
2199 12.587356341821218
2200 10.826408626966463
2201 11.990417615222803
2202 12.06977364771146
2203 11.701748036929294
2204 12.462591928586146
2205 11.527328016978698
2206 11.466945369292592
2207 11.984472742432601
2208 11.324512172948763
2209 12.043574801222029
2210 11.619321323675207
2211 11.281091871580244
2212 12.625637959779196
2213 12.692578904976548
2214 12.471808891552836
2215 11.869114315088797
2216 12.756226225872764
2217 12.00202963080962
2218 12.31582786655154
2219 11.258108701947195
2220 11.56083704620745
2221 10.7520983730836
2222 12.963434317460273
2223 11.535810689562057
2224 11.282218249383138
2225 11.198441076505365
2226 10.9587625751775
2227 11.60177728389363
2228 11.515848306012273
2229 11.287619904992185
2230 10.992662832456961
2231 11.947804662058592
2232 11.979939845833316
2233 11.384355573412998
2234 12.185958780254344
2235 11.839555355825318
2236 11.548943024662154
2237 11.56928493858603
2238 11.80238711687312
2239 12.159465463087075
2240 11.817319487953796
2241 11.820584119057555
2242 12.361628643005215
2243 11.864328947965562
2244 11.459959622058175
2245 11.729595811650103
2246 11.659095032387285
2247 11.301635871024127
2248 11.826246960049282
2249 11.842607584444247
2250 12.014162559900628
2251 11.353793226153822
2252 12.460055694458767
2253 12.395751447533842
2254 11.820692630105592
2255 12.044422498696196
2256 12.373452754787545
2257 11.965177117077923
2258 11.79577488623179
2259 11.95283422849068
2260 11.566488176480297
2261 12.703922713548618
2262 11.89428789301352
2263 12.207924987660736
2264 11.876827021255604
2265 12.679755619474662
2266 13.212017157647296
2267 12.557038611188647
2268 12.318410375152265
2269 12.942515442346822
2270 11.360683751486086
2271 12.087355779948393
2272 12.574991924611588
2273 12.726404443907061
2274 11.964923724941064
2275 12.181163994805093
2276 12.23370386296136
2277 11.910477191452724
2278 12.469312578357242
2279 12.347467831070702
2280 12.66457839547248
2281 12.177506678344221
2282 12.049935079693556
2283 11.749917432519386
2284 12.493829961845627
2285 11.68016604815019
2286 12.353041317171567
2287 12.518126692859168
2288 12.300777697657772
2289 13.29405589814266
2290 13.178139696831295
2291 13.406845171700065
2292 11.985533156458168
2293 12.618936263472825
2294 12.77485130017628
2295 13.431079796212044
2296 13.061820362339171
2297 13.412376976568563
2298 13.381681925688861
2299 12.835917547558658
2300 12.67853835451337
2301 12.895924490619072
2302 13.285229326307162
2303 13.401662378506405
2304 13.429389243822461
2305 13.072716593288387
2306 13.22714753152565
2307 12.744733705429459
2308 12.84407572306469
2309 12.724520561857236
2310 12.946193304186783
2311 13.618827071248573
2312 12.718841456189297
2313 12.901192915538491
2314 12.214129588735746
2315 13.322005675128477
2316 13.823630237787789
2317 15.416276506844085
2318 13.783858819382907
2319 13.433537125158313
2320 13.394219322568278
2321 13.507871782698299
2322 13.223551536116359
2323 12.717541623824944
2324 12.745833767318949
2325 13.048019033397773
2326 12.739317533818127
2327 12.59814297327722
2328 12.699811489118826
2329 13.139063538578045
2330 12.758825084683878
2331 12.218158144210875
2332 12.60339912063447
2333 12.750205461832364
2334 12.237011521844687
2335 12.046174945144982
2336 12.846472939649882
2337 13.072255348051028
2338 12.579996982026053
2339 14.582907146837224
2340 15.294758748612463
2341 13.817721253158275
2342 13.009180641855636
2343 13.77435331041794
2344 13.68037254685123
2345 13.59391900846826
2346 11.724221350091383
2347 11.739301537269847
2348 11.471947101530219
2349 11.962377442565682
2350 12.715756564658214
2351 12.976036692107625
2352 12.77080523922499
2353 12.884309829329787
2354 13.40096748457948
2355 12.885737891364641
2356 12.069071708956002
2357 11.489730644958371
2358 11.907353597765026
2359 11.889628588343625
2360 11.48353844782272
2361 11.802726763276413
2362 12.43798067747287
2363 11.929180885075677
2364 12.80009393657784
2365 11.547134952329984
2366 11.824158207490388
2367 12.825060947325596
2368 13.541483851480518
2369 12.032976750201252
2370 13.238700621311054
2371 12.739233855442555
2372 11.961794923611466
2373 12.05208373545271
2374 12.333047677097138
2375 12.265832478592094
2376 11.86359706218675
2377 13.15099709372096
2378 12.281220645379413
2379 13.786724081000658
2380 12.544031083726782
2381 12.703492821928371
2382 12.049406318064097
2383 11.796128330056408
2384 13.389254069502483
2385 12.346655543621576
2386 12.454323994022543
2387 12.397759929258712
2388 11.971387272043533
2389 12.164175836670436
2390 12.089274322465343
2391 11.619549523587684
2392 11.708320582992263
2393 12.97573555668649
2394 11.603615553429641
2395 11.186444166639713
2396 11.311420187656674
2397 11.478900390757463
2398 11.523767646158914
2399 11.774256330265748
2400 11.918842336392176
2401 11.9731521718801
2402 11.664773930968739
2403 11.67876464085557
2404 11.742745600524602
2405 11.156355373606361
2406 11.52747424435765
2407 11.634137989304703
2408 10.815227790230567
2409 10.987978002227058
2410 11.526117693344297
2411 10.843024221620462
2412 11.856220722138183
2413 11.199832609835381
2414 11.357240456285203
2415 11.692146535397232
2416 11.786320544234261
2417 11.269598901580101
2418 11.156649173997994
2419 11.737917334859853
2420 12.152088947324994
2421 11.835855791804576
2422 11.724369397418556
2423 11.830571209044756
2424 11.594358857574345
2425 11.421052399228033
2426 11.755010158158788
2427 12.10128150774647
2428 11.29677403136474
2429 11.33104165160018
2430 11.873808340575568
2431 11.88987786168675
2432 11.86912901963614
2433 12.572165246354722
2434 12.064439909891806
2435 11.848582884190504
2436 12.092806757644254
2437 11.247880553936355
2438 11.696484993233426
2439 11.504108938686624
2440 11.667763133431135
2441 11.490236553619596
2442 11.584187252692002
2443 11.379117691484472
2444 11.237848869501068
2445 11.750738081460417
2446 12.258082771554054
2447 13.190421501812585
2448 12.437229757072204
2449 12.6074823449375
2450 12.694053071847883
2451 11.288780647097221
2452 11.727620443701545
2453 12.657965718489812
2454 12.376399819226823
2455 12.903222770655447
2456 12.397825961359382
2457 11.948705099903817
2458 12.495983421094794
2459 12.915158121970567
2460 12.836579448201046
2461 12.475449885694479
2462 12.639820064764084
2463 12.881159664341018
2464 12.558328371637755
2465 13.142419527972807
2466 12.419974013346483
2467 12.64723578040451
2468 12.363607291321076
2469 12.48993980680327
2470 12.289381002138047
2471 12.51107781893939
2472 12.51361821129382
2473 12.028084700048463
2474 11.158961536126013
2475 12.001409317421986
2476 12.820376199330276
2477 13.005082879835308
2478 11.97273480576895
2479 11.069335030742284
2480 11.955494045581469
2481 12.070569992706643
2482 12.017958855882586
2483 11.539370604004194
2484 11.193246995489151
2485 11.736334615978366
2486 11.816556553286187
2487 11.961289221131857
2488 13.715359025653319
2489 12.318781459050646
2490 12.59792354028493
2491 12.457908271593311
2492 12.382598737805843
2493 12.593319848982212
2494 12.955950961972366
2495 13.031705885885977
2496 11.796800944904897
2497 12.440490651039438
2498 12.602366371165655
2499 12.579507490752942
2500 12.473353709361367
2501 12.265420064103422
2502 12.862387196340062
2503 13.038945023512614
2504 12.148387174836524
2505 13.083400245279558
2506 11.820727097470538
2507 11.825697784163005
2508 12.01259592573434
2509 12.788211215439917
2510 13.33179153543037
2511 13.184343667907713
2512 11.121555720945706
2513 11.930809021323581
2514 11.907382423004613
2515 11.96729389243909
2516 12.817202517126955
2517 12.236608252357701
2518 12.299898336347606
2519 12.259662391353286
2520 11.21466822418764
2521 11.56140663736252
2522 11.652339598610308
2523 12.335503855583015
2524 12.974099994588125
2525 12.392519117398445
2526 13.28867545170125
2527 13.876905370586657
2528 13.0367372231529
2529 13.003701751868293
2530 13.733285084124693
2531 13.39931092418067
2532 12.555938187596961
2533 12.215807305171907
2534 12.635785764802616
2535 12.606377797955345
2536 12.933582209214837
2537 12.729080835619209
2538 13.607059810375574
2539 12.894595379673637
2540 13.587992931083212
2541 12.67462257145379
2542 12.94803906296946
2543 13.175331435956698
2544 12.472040680829185
2545 13.146683856292258
2546 11.76653756914145
2547 12.409729904693544
2548 12.686844549920083
2549 13.006734450214495
2550 12.841514665033435
2551 13.42585030657298
2552 13.34922450753239
2553 12.63257310259028
2554 13.315172378966519
2555 13.105099201024858
2556 12.955102710502608
2557 13.03975740932689
2558 13.433552536618533
2559 13.646346803528193
2560 15.044182650121538
2561 13.962508698354535
2562 14.72793258039902
2563 14.195187356484865
2564 14.30683553546888
2565 14.699726561619041
2566 16.30894444814041
2567 14.015151822278611
2568 14.740302672986289
2569 14.51542880989767
2570 15.769299136440411
2571 15.469125955622891
2572 15.097487030100329
2573 15.005698946291815
2574 13.677234299819752
2575 14.32109400145382
2576 14.46024530152679
2577 14.17687292798593
2578 14.832582992254292
2579 14.954192203347349
2580 15.34738510225657
2581 15.591436739840306
2582 15.319949984161534
2583 15.389127913685314
2584 14.980419159896742
2585 14.462013439597424
2586 15.528431309103425
2587 14.687602892655004
2588 14.185236431167478
2589 15.073465350279761
2590 14.815905214248733
2591 15.099116456310643
2592 13.457979132244715
2593 12.891252278063229
2594 14.43750769513186
2595 13.312165345592094
2596 14.831072845957374
2597 15.32297386020598
2598 13.997481120407194
2599 15.293965333908199
2600 14.889028525756185
2601 15.542465724262389
2602 14.070058075300881
2603 13.981258809524192
2604 16.449215307380673
2605 14.761713659988795
2606 13.529874125231467
2607 15.252652362538951
2608 14.750472443027176
2609 16.31588806709645
2610 15.544985013104414
2611 15.32421048613398
2612 14.258755787720204
2613 15.088836422320124
2614 14.431080036522365
2615 15.813050849144236
2616 14.532418229251878
2617 14.750068304803456
2618 14.371906009065682
2619 14.876267089321537
2620 15.47433641727317
2621 15.411986886968721
2622 15.343589554567355
2623 15.117967760167831
2624 14.573326784490655
2625 15.214178805274924
2626 15.124419958168783
2627 13.707375957926246
2628 13.250785756201484
2629 14.165916281439518
2630 14.741822711045208
2631 15.458697209659308
2632 17.31749746687004
2633 16.095699244732455
2634 15.390528429862705
2635 15.13607622219993
2636 16.060228466154452
2637 15.580963629817695
2638 14.911258918018055
2639 13.933592320668597
2640 15.167096374886855
2641 15.57560528397761
2642 13.29806397801516
2643 15.050256603704506
2644 15.701619504272657
2645 15.335194818030258
2646 15.86933580336899
2647 15.561912762868083
2648 14.555438677861707
2649 14.201284709091848
2650 14.579300276314491
2651 15.906938019354172
2652 15.454782580917792
2653 15.713314599382379
2654 17.36803537646656
2655 14.699259240363567
2656 15.237698330423587
2657 15.274570374387611
2658 14.315239823628742
2659 14.555790642848102
2660 14.803618082255063
2661 15.425915610566596
2662 16.522923588252
2663 16.02795681512091
2664 15.779691584756787
2665 15.791450433485585
2666 15.239119813591637
2667 13.866287589365578
2668 16.763845194458263
2669 17.36877053578302
2670 15.237429062564095
2671 15.831277039929695
2672 15.129102800472458
2673 15.62837624245965
2674 15.056628816456717
2675 15.79116835293853
2676 15.303044222244678
2677 15.64815595571809
2678 14.589437756813043
2679 17.984910655474845
2680 13.024014004866823
2681 13.96872783813251
2682 13.924827214376222
2683 13.494191050360316
2684 14.24316034887064
2685 13.204747575100335
2686 14.26471089537995
2687 14.057921119935939
2688 12.466158168837858
2689 12.560461440812757
2690 14.149297958968006
2691 13.168700365782904
2692 12.867495258246706
2693 13.621199989392977
2694 13.078448917397834
2695 13.825081136346393
2696 12.75832269143975
2697 13.76662326551679
2698 14.672091570533487
2699 16.029362663787616
2700 14.047844170196173
2701 16.139752940919276
2702 14.465926488222943
2703 14.130326446359343
2704 14.75899968755876
2705 14.208521982816142
2706 13.202564142466143
2707 12.913495674795866
2708 13.357141966951502
2709 13.776908988203203
2710 13.457107215862095
2711 13.493490911842619
2712 12.946821952019716
2713 13.55298752426982
2714 13.980283670018121
2715 13.056396128978442
2716 13.228394992842604
2717 13.182589043662045
2718 13.366501357284687
2719 13.503604878152089
2720 13.590455220889638
2721 13.525978712061692
2722 13.867555926224487
2723 13.340894037168407
2724 13.613759363409654
2725 13.343124738123365
2726 13.11617989529903
2727 13.809132612696693
2728 13.798058433948803
2729 13.4718404221539
2730 13.264390963058254
2731 14.698120632266924
2732 13.682687268251088
2733 14.936193016226174
2734 12.910919432995504
2735 13.286213004056279
2736 13.546779331117955
2737 13.38097931133424
2738 13.589317190831904
2739 13.704725131063977
2740 14.038704185028363
2741 13.009188497394103
2742 12.346635229898647
2743 11.40324793160254
2744 12.893544234914117
2745 13.202580310395396
2746 12.422646301173778
2747 12.907201351514516
2748 12.732683643190766
2749 11.993014836460901
2750 13.184353341775504
2751 13.156965235928283
2752 12.548881289656157
2753 12.002428723548627
2754 12.819644663704667
2755 12.910657916573896
2756 13.098535468497497
2757 12.971972733814361
2758 13.657292519841723
2759 12.835311199440698
2760 13.113137322461332
2761 12.944564986835854
2762 13.451123809610008
2763 14.244533897159636
2764 14.062844488731425
2765 14.073518067750221
2766 14.46165133564256
2767 13.915735632819406
2768 13.568566774880551
2769 13.229144218949294
2770 14.119125763414706
2771 13.59116265393703
2772 14.393130138943524
2773 14.52622317475971
2774 14.73874115660383
2775 13.51998866041523
2776 13.53565500805935
2777 13.660692806073719
2778 13.793807293336974
2779 13.45461533942824
2780 12.549488894691226
2781 13.05372692327858
2782 14.038480221257466
2783 12.620005212234362
2784 13.806019084031801
2785 13.734669597972006
2786 13.148937351647136
2787 12.418228536377388
2788 11.720775326676835
2789 12.635757061916378
2790 12.520876494126517
2791 12.602298912983207
2792 12.944446107606288
2793 12.197966538859687
2794 12.488343627293524
2795 12.63253677764521
2796 12.805230699016064
2797 13.577656464312193
2798 12.567285741222918
2799 13.136006626434815
2800 12.756595123692911
2801 12.160478693928972
2802 12.57323998622794
2803 12.420810871407383
2804 11.929188667969948
2805 11.393996885773982
2806 11.120722317461864
2807 11.591227284215114
2808 11.177703805875641
2809 10.582170848564372
2810 11.615200379934844
2811 10.85827568380697
2812 11.196729072875323
2813 11.271600133427567
2814 12.544732070685777
2815 10.470138366645475
2816 11.705370124268923
2817 11.368172139487163
2818 10.481654212217634
2819 9.908176065353883
2820 9.477989474186014
2821 9.693922078261341
2822 9.722007465046644
2823 9.974169214669312
2824 9.532772079100898
2825 9.622629817132992
2826 9.939316522905921
2827 8.976987678620135
2828 11.145728880652703
2829 9.153748726956788
2830 9.786633889496553
2831 10.231419084704575
2832 10.144019135370844
2833 9.45143329582298
2834 9.573431475184178
2835 9.7890978359893
2836 9.529219011970184
2837 10.01183373483319
2838 9.84298871242783
2839 10.106263093600852
2840 11.452709405566635
2841 10.900967514150127
2842 10.72795340297163
2843 9.910874017001051
2844 10.715151257325303
2845 9.379152398446584
2846 6.002734021926929
2847 11.7116884746363
2848 11.90834468064962
2849 11.872042968913103
2850 11.552252918103802
2851 10.263350632018549
2852 9.134435370106374
2853 9.257123558558812
2854 10.663542853787412
2855 8.988889352089707
2856 10.232598899514697
2857 9.56191793380187
2858 11.093527375627408
2859 10.56659016129633
2860 11.132459814180649
2861 10.576532837218995
2862 11.185095874854076
2863 11.478014021898144
2864 11.358650245603062
2865 10.984959585526434
2866 11.310668234745627
2867 11.72342840181498
2868 11.238478562907982
2869 12.173595667004088
2870 11.54816829672703
2871 11.976523586886001
2872 11.96701552188981
2873 11.225731509428583
2874 11.66542971228864
2875 11.512946885837097
2876 11.45174721712971
2877 10.298079071619668
2878 11.743291011593639
2879 11.649098573841153
2880 10.38782200268591
2881 11.141768849884526
2882 12.37525381807598
2883 12.365458924033822
2884 10.881802491633836
2885 11.535343869247084
2886 11.975053915457698
2887 11.258299786620551
2888 11.640414026900451
2889 11.29917449238228
2890 11.33988529759574
2891 9.706780914073681
2892 8.846694420507111
2893 10.814903681697043
2894 10.772112033646263
2895 10.170232873539799
2896 9.156988522437839
2897 9.784723016547524
2898 9.69829222474098
2899 9.146145190436725
2900 9.755671311691584
2901 9.779101917870292
2902 10.45120901956964
2903 10.780695679676851
2904 9.408315045981578
2905 9.963216804172248
2906 9.317537834192201
2907 11.075894842779265
2908 11.174271248703175
2909 11.069490423632224
2910 10.873579175298499
2911 10.485142911231229
2912 10.585970446935745
2913 10.728542545098717
2914 10.586230643428124
2915 11.629516501514862
2916 12.148405895261998
2917 10.918423227908507
2918 11.577317779433189
2919 15.038367169549812
2920 12.020258899955973
2921 12.265714578694487
2922 11.110463135249317
2923 9.463725919904826
2924 8.051064085584713
2925 10.765822576482213
2926 10.486401036372481
2927 14.268753185377893
2928 11.439033719985428
2929 12.035579192963533
2930 13.0500870604555
2931 12.116139567614379
2932 7.034878540943593
2933 11.199277358931297
2934 11.425209691111062
2935 12.251721100397674
2936 8.709729519670526
2937 7.896638557911375
2938 10.448314218743464
2939 8.624932300600605
2940 10.790923104882754
2941 10.447148238789852
2942 13.951451872498257
2943 12.604087398893554
2944 12.873980858149316
2945 13.253957715236805
2946 14.093062481825172
2947 11.646920411773344
2948 14.887241016202402
2949 12.894478347602574
2950 8.695776882904859
2951 7.9997230440875695
2952 10.981870574596718
2953 12.224220954647908
2954 9.377791830328947
2955 8.581682045841962
2956 7.876476713332089
2957 6.439406368073318
2958 5.463913234287034
2959 8.309354616575204
2960 6.263356322933603
2961 8.73966061367453
2962 6.048834172183614
2963 9.78106951117752
2964 6.701512217430483
2965 6.7624130095648045
2966 9.123600587659347
2967 9.651677846727594
2968 9.303637788202787
2969 8.258239956676297
2970 9.21430284319107
2971 8.712340939705784
2972 9.655117717482081
2973 10.25981108895196
2974 10.671777961705374
2975 8.476398664173356
2976 10.559738914269152
2977 11.122983525117265
2978 10.177787287199434
2979 6.109978394046121
2980 7.673054145302498
2981 5.322574313588938
2982 5.949746428920266
2983 6.547658611648004
2984 6.322406667170988
2985 5.938356638068273
2986 5.743619194012778
2987 7.667181491166988
2988 7.431974998226918
2989 6.317043471227158
2990 9.43581042199154
2991 9.36426412784044
2992 6.1958969535879085
2993 5.817617799020995
2994 6.607257950530605
2995 7.713221620610038
2996 8.831998780040685
2997 7.952783782894209
2998 6.569519807879567
2999 5.473675372694832
3000 6.190096048897109
3001 5.610160769036461
3002 6.017765314765394
3003 8.360810055343679
3004 5.819814046406349
3005 10.631876639133615
3006 9.31679572692628
3007 8.532908186141835
3008 8.21287749850523
3009 10.426836048795955
3010 11.062639335834579
3011 9.732911588218368
3012 7.637979907553338
3013 7.325926591511912
3014 10.378243275427248
3015 10.841190903130022
3016 11.094272849354013
3017 10.012353009586224
3018 10.694673943172983
3019 10.25335609119588
3020 11.34997073387388
3021 10.698286666458277
3022 10.14243911194959
3023 10.773540929371725
3024 10.931429348224759
3025 10.92715696852068
3026 10.669451898372264
3027 10.937189276909066
3028 12.000072775811859
3029 10.640117135659581
3030 10.956886355999428
3031 11.18174776927815
3032 11.673301235209445
3033 11.681234594704112
3034 11.222709662576905
3035 11.851497059639296
3036 9.732648930599815
3037 12.578940420847486
3038 12.166843958411977
3039 12.254391708312353
3040 11.216498369185102
3041 11.056654373390813
3042 7.863617306649417
3043 6.178034884162311
3044 6.494089044680015
3045 6.665554822194342
3046 6.645150381073313
3047 7.526130197406514
3048 8.552109396325713
3049 7.841262642921569
3050 7.409006270529168
3051 6.958475846431342
3052 8.409849391866269
3053 6.34757674301771
3054 6.4927552204154
3055 6.25696232228166
3056 6.091020389257828
3057 6.44756183087322
3058 7.4537310361902405
3059 7.340532211637767
3060 6.831019087090956
3061 6.4889606828637
3062 7.710371482600208
3063 5.899511309034578
3064 6.366191080011102
3065 3.6697575350358944
3066 3.676377336516705
3067 3.7307291798258313
3068 3.7980075421253456
3069 3.7155532679627954
3070 3.498778308513311
3071 3.6775971381834363
3072 3.667887357248564
3073 3.6475888416864968
3074 3.955109166934869
3075 3.774545084042809
3076 6.751803824373851
3077 9.051557582208055
3078 7.277798819978022
3079 5.447138253429942
3080 8.35917535492991
3081 9.273684492157216
3082 7.061558901148345
3083 8.04808351949967
3084 6.631114227892757
3085 4.877977224651502
3086 6.17590637746464
3087 6.845890013276063
3088 6.218672878566713
3089 6.420456717580554
3090 8.343357308677055
3091 6.986549956294837
3092 5.573256309261918
3093 5.6531840990021855
3094 4.849617513783267
3095 3.696095878792079
3096 3.50472647194423
3097 3.432177298675288
3098 3.337903125919513
3099 3.74932845326108
3100 3.6501113862119086
3101 3.536399650988507
3102 3.7198078877124674
3103 3.3599052776895855
3104 2.9948078250613763
3105 3.2021006741550546
3106 3.4997173526582817
3107 3.5045436541479735
3108 3.172394321826974
3109 3.6163981337034943
3110 3.7029086719072093
3111 3.3277196982260793
3112 3.144330668348077
3113 3.3914892206006835
3114 3.555618795211862
3115 3.395178307652203
3116 3.1142278428941528
3117 3.5771178291391412
3118 3.2039314938723407
3119 3.4129832946883307
3120 3.2963194071492605
3121 3.1837874914732316
3122 3.503226022712339
3123 3.6198818031553617
3124 3.4974037533488667
3125 3.6510624862441907
3126 3.5493441893122326
3127 3.6843817348893
3128 3.6589332389292926
3129 3.560822640438115
3130 3.5251911075914135
3131 3.727005322064929
3132 3.4658712170959944
3133 3.6299520114298685
3134 3.628961239626036
3135 3.7282166680594875
3136 3.596454336179644
3137 3.560736365950437
3138 3.561679968327444
3139 3.4602709797642506
3140 3.4846963749691557
3141 5.633344834150251
3142 5.098878670784451
3143 5.708179992996614
3144 5.495361114106745
3145 5.914573118748421
3146 5.573154231641923
3147 5.9596559709512364
3148 5.292982380922749
3149 5.139403402090312
3150 4.942826342388363
3151 5.812586404932654
3152 5.460060444182338
3153 5.234668816102852
3154 6.052130770666544
3155 4.680349101390755
3156 4.872872052702639
3157 4.809010230876603
3158 4.324847624289096
3159 4.4850962548817455
3160 5.569851394818491
3161 3.3795918980130293
3162 3.390360660787078
3163 3.3586138936149093
3164 4.077112976836566
3165 3.3821520160765006
3166 3.4049357556410977
3167 3.813833919927316
3168 3.308704751593803
3169 3.580468531378857
3170 5.537965382751036
3171 4.159191561236659
3172 4.274053991575324
3173 3.6347345224302368
3174 3.700202220035171
3175 5.189653608640815
3176 3.55273559519313
3177 5.139137744204849
3178 3.5621196630053427
3179 4.835938833124138
3180 3.6073355972534173
3181 3.7119136781531257
3182 3.569088679249819
3183 3.429749750081838
3184 3.574668384459225
3185 3.2539260123769416
3186 3.6949307035975045
3187 3.8777515704132175
3188 3.6014165304002916
3189 3.6907522858348183
3190 3.6626602777323396
3191 3.9081021808176577
3192 3.646459771200306
3193 4.137912904909852
3194 3.547518986241951
3195 3.7243090310571234
3196 3.453060190130894
3197 3.4439720418429123
3198 3.412307435138685
3199 3.442590887330485
3200 3.583740093029682
3201 3.458396406833164
3202 3.4199029638848937
3203 3.677657083338596
3204 3.4657569804831514
3205 3.5897581566286196
3206 3.40661965814402
3207 3.629519170865981
3208 3.363418955881315
3209 3.500814787502178
3210 3.444925178416464
3211 3.4968714873411155
3212 3.625830042238841
3213 3.7319582710207624
3214 3.560002976753721
3215 3.3589777604116153
3216 3.3367554965447273
3217 3.545091447613826
3218 3.557912460094747
3219 3.327487565965638
3220 3.5025209004523243
3221 3.6743059161502223
3222 3.420153286724995
3223 3.560625702823177
3224 3.4241404824019157
3225 3.404147393006518
3226 3.6038178828225447
3227 3.5451774890716097
3228 3.53120478314236
3229 3.3991418442254555
3230 3.4915719540294003
3231 3.6521147200197026
3232 3.4283462781993452
3233 3.5472142876189108
3234 3.500449451474893
3235 3.561704411921527
3236 3.5330748862881842
3237 3.4770830831784534
3238 3.5762640207869865
3239 3.5420622470794587
3240 3.6363457007771873
3241 3.722729428562826
3242 3.4248974866062696
3243 3.6876366615969594
3244 3.422991070180142
3245 3.7995995758480334
3246 3.456851602861794
3247 3.643872673791577
3248 3.5256807677963744
3249 2.9534460788868535
3250 3.339683595398583
3251 3.402708297061941
3252 3.5136692227020565
3253 3.4563456051227623
3254 3.5754849456319966
3255 3.47473256022385
3256 3.4442264387147032
3257 3.514832151704692
3258 3.1779241847553066
3259 3.6730425616341815
3260 3.5178045331633254
3261 3.475094255023223
3262 3.7837334343773246
3263 3.5361690063505407
3264 3.7285036279457606
3265 3.6584206718411245
3266 3.2827451244034074
3267 3.9143880369344357
3268 3.4101321493028705
3269 3.3936392397368533
3270 3.460576987263111
3271 3.5634294197818326
3272 3.4026344612538226
3273 3.509801857946245
3274 3.5149335201129412
3275 3.37867112305697
3276 2.9998282136804266
3277 3.324968041771709
3278 3.1711400804489442
3279 3.4068658215427154
3280 3.355963224813396
3281 3.429872280223623
3282 3.488674567530922
3283 3.7295312377335392
3284 3.5513854185560674
3285 3.5194933544147986
3286 3.6532028969513806
3287 3.466555888638437
3288 3.5163469254578006
3289 3.610466489397233
3290 3.492865652665847
3291 3.4541295416128737
3292 3.5429997565439018
3293 3.5451463290029737
3294 3.488498618830565
3295 3.73874591956256
3296 3.445565267183923
3297 3.5697526295947455
3298 3.315383248250156
3299 3.4899357450574753
3300 3.444420119869529
3301 3.493143033786387
3302 3.67294388988717
3303 3.599595381569648
3304 3.6242503994213857
3305 3.7636932824889735
3306 3.3294273823666605
3307 3.9116917073104376
3308 3.5004921829866626
3309 3.607029705957694
3310 3.3998552610298414
3311 3.1887699056358003
3312 3.468958426499143
3313 3.9072297197199615
3314 3.7128371102430657
3315 3.461336565685789
3316 3.6074393166742333
3317 3.345842024541268
3318 3.770555338354175
3319 3.452616134122146
3320 3.6044610061665567
3321 3.1550976818255108
3322 3.5974379147665325
3323 3.562474530074673
3324 3.759656258159719
3325 3.698129084839551
3326 3.789858271786853
3327 3.737402602757956
3328 3.8194649590309484
3329 3.4678058421833358
3330 3.859348601492157
3331 3.7202052022911443
3332 3.5983104606745346
3333 3.542240680475343
3334 3.661893135704033
3335 3.6585412256597376
3336 3.540524348851664
3337 3.641588952077797
3338 3.6088372346201347
3339 3.3770555212043987
3340 3.7653953484583123
3341 3.557887225772407
3342 3.258519924697719
3343 3.615665120720532
3344 3.704735692700373
3345 3.3152856968995463
3346 3.504628634299347
3347 3.5624602883903633
3348 3.7838876095079073
3349 3.724359381768646
3350 3.5956937202829087
3351 3.5507755438444986
3352 3.473659975606169
3353 3.44826289576426
3354 3.692387159082611
3355 3.405311712485741
3356 3.7236566156552686
3357 3.669925397929411
3358 3.687854201042705
3359 3.663674488916072
3360 3.5758754112001214
3361 3.7756150763538168
3362 3.524444221786525
3363 3.332597987918192
3364 3.621117916444155
3365 3.5743374794727365
3366 3.749798691736732
3367 3.806137480379486
3368 3.3119429673190113
3369 3.60225684103168
3370 3.5128585352321298
3371 3.430015982099265
3372 3.6064678036849407
3373 3.5453969107532015
3374 3.772001100675188
3375 3.7348500441640677
3376 3.749037082591518
3377 3.41191260792014
3378 3.6984155932977667
3379 3.5515925237038988
3380 3.549398168137586
3381 3.634560566914834
3382 3.5132662338952203
3383 3.9866419820468195
3384 3.6520976705320956
3385 3.677721585397366
3386 3.811808627727425
3387 3.5479189173179604
3388 3.537343862588391
3389 3.502247456957223
3390 3.6875668037255056
3391 3.6760056524446068
3392 3.24156010825863
3393 3.608262067577595
3394 3.5165539940136967
3395 3.587077078645213
3396 3.4924157499447177
3397 3.6304539302740118
3398 3.754973079425123
3399 4.160438802393602
3400 3.6280808025055817
3401 3.53282425760591
3402 3.826089982858328
3403 3.4960747895862125
3404 3.7811873207169375
3405 3.6899966521646537
3406 3.5740104900102705
3407 3.5296656053093955
3408 3.4652185469689085
3409 3.258422284441885
3410 3.4910650011135393
3411 3.370001795744554
3412 3.663366112695477
3413 3.676657635389826
3414 3.7269918243579734
3415 3.5269875356547513
3416 3.78505341526873
3417 3.466642087676034
3418 3.4685848980680576
3419 3.7722415750300464
3420 3.745012141007831
3421 3.828194176877311
3422 3.7277718315161708
3423 3.809060417328474
3424 3.441877711393726
3425 3.5649332078404767
3426 5.475283413737102
3427 3.7218350841296073
3428 3.5925157174894937
3429 3.7011196959968236
3430 3.675570284242151
3431 3.6173696251654555
3432 3.558693086356121
3433 3.613603353464745
3434 3.624522847529551
3435 3.3009528316268226
3436 3.2311194576880817
3437 3.540549692700369
3438 3.588254222961791
3439 3.589880034802846
3440 3.275256377698738
3441 3.7269481958188893
3442 3.710371177189022
3443 3.5865759546255145
3444 3.7031235784242336
3445 3.456965619098325
3446 3.621950780965608
3447 3.6422997577161667
3448 3.903947716080846
3449 3.612677617865567
3450 3.542901230020454
3451 3.579562286817381
3452 3.5400134725385684
3453 3.499104441703374
3454 3.551644415813268
3455 3.636957876399307
3456 3.426378105300096
3457 3.3208388222768566
3458 3.6772959381723194
3459 3.641998520410167
3460 3.700290536154279
3461 3.8575666990304254
3462 3.7966405219172414
3463 3.800122854766341
3464 3.4056829610664545
3465 3.5415050983755667
3466 3.5758729027681877
3467 3.7378272039380622
3468 3.721676416541189
3469 3.529567172826681
3470 3.6065652932116454
3471 3.7083369442638765
3472 3.5736605816349036
3473 3.4544915870001702
3474 3.6228444881380164
3475 3.4781112333428643
3476 3.5804532110542464
3477 3.8426227283507273
3478 3.4529772756367763
3479 3.6007699537320526
3480 3.5866440608231076
3481 3.501815977428788
3482 3.503613151428267
3483 3.807906043681984
3484 3.4907534191083816
3485 3.5949291272179877
3486 3.7347916339017737
3487 3.405538459599022
3488 3.42530812123892
3489 3.497832439952398
3490 3.5513434820357443
3491 3.5957487610038377
3492 3.4692873169630953
3493 3.475301706957478
3494 3.6349203805776322
3495 3.6452299282583582
3496 3.1047923727951923
3497 3.5514052428930016
3498 3.5132461385319758
3499 3.5827062954544653
3500 3.770953760098714
3501 3.494494064042337
3502 3.7779174941609455
3503 3.6928266315067195
3504 3.3132317574177605
3505 3.461387894839274
3506 3.691635557533328
3507 3.501815955645479
3508 3.852770157638156
3509 3.60181300859167
3510 3.6968030568590953
3511 3.1353038819467445
3512 3.17937884185286
3513 3.430616235812377
3514 3.3518229274970897
3515 3.379654811446371
3516 3.4662294262762265
3517 3.5350983783311474
3518 3.806634265968111
3519 3.683615392144728
3520 3.297143419034509
3521 3.6222976286937154
3522 3.7064624158150883
3523 3.6609219229114447
3524 3.6916369680354806
3525 3.5621459654509273
3526 3.6577934425921788
3527 3.7399333268811668
3528 3.4341263585560076
3529 3.68884333194081
3530 3.3124573739283707
3531 3.6671818336865427
3532 3.4628945665040725
3533 3.616300205460195
3534 3.498364736182783
3535 3.6674360835426425
3536 3.4664513252204885
3537 3.6203575231769567
3538 3.6130166106757726
3539 3.4304243678352164
3540 3.243517716344688
3541 3.504503239626493
3542 3.584220833060787
3543 3.885929916032829
3544 3.3630867843715064
3545 3.6932282627375175
3546 3.3250930064175823
3547 3.247046249218024
3548 3.5603404851013623
3549 3.573539210520357
3550 3.6191698098258027
3551 3.2997245017059877
3552 3.423418910946558
3553 3.312100418131348
3554 2.9889669382841757
3555 3.379131581405642
3556 3.741433570404838
3557 2.904346351293899
3558 2.827998115258246
3559 2.8579532117731237
3560 3.091175322479784
3561 3.190843904618187
3562 3.393430658945254
3563 3.6704834917417646
3564 2.7930723822668537
3565 3.40123459965432
3566 3.027926580503547
3567 3.5491115732887857
3568 3.5431268483945577
3569 3.2958885835659224
3570 2.713718705179403
3571 3.1269933788829465
3572 3.3188358124891106
3573 2.8370397656954487
3574 3.427820810657766
3575 3.5038209612023885
3576 3.5839370935391486
3577 3.4228137870210262
3578 3.2794239385028328
3579 3.4165270479560728
3580 3.6512699411792515
3581 3.5971837204989847
3582 3.641600090719324
3583 3.7778310396264154
3584 3.6885902813356326
3585 3.6722626133550498
3586 3.3522410377686938
3587 3.5719000137734596
3588 3.6556977948407368
3589 3.67354066609443
3590 3.4664107192524063
3591 3.6015186586502446
3592 3.5180628600510513
3593 3.6808475298010572
3594 3.4011152249383314
3595 3.4860598373703016
3596 3.7265497575876045
3597 3.4816462751037975
3598 3.6461998529104984
3599 3.6360186973092246
3600 3.682679439402035
3601 3.6051348369215828
3602 3.438187661157583
3603 3.5513312727414523
3604 3.6189972052367594
3605 3.6761308232494145
3606 3.3035867739280067
3607 3.479175704162952
3608 3.6894015832371623
3609 3.3513135087444557
3610 3.756630038676841
3611 3.464525283950417
3612 3.344437438468326
3613 3.529328591795605
3614 3.4775143754878943
3615 3.5692080485512
3616 3.0978797144191947
3617 3.4587060583997915
3618 2.6718222508282934
3619 3.667242722176842
3620 3.0868376036148812
3621 3.7405714738832305
3622 3.064321212421187
3623 3.100814129653087
3624 3.252740613882137
3625 3.347148522528163
3626 2.9821599237317704
3627 3.300178862854099
3628 3.418487863271518
3629 3.22873679199771
3630 3.2229548242460004
3631 3.769260551123001
3632 3.3319574398354823
3633 2.565998940285925
3634 3.3836009279897676
3635 3.2156744171206015
3636 3.6535632723514193
3637 3.6511911117895717
3638 3.6124927695478206
3639 3.7611237818868353
3640 3.5632789230448854
3641 3.4340667742936635
3642 3.6542695950393367
3643 3.3703557066229806
3644 3.072358073359232
3645 3.5720628193194317
3646 3.465585968322267
3647 3.4742377401340216
3648 3.5666068976881466
3649 3.5998229002390465
3650 3.316810776181489
3651 3.5953190923327516
3652 3.4391833342939973
3653 3.416645951183536
3654 3.659227515667609
3655 2.9788124283594866
3656 3.546953397106861
3657 3.4730978030728683
3658 3.5272730803453407
3659 3.205120884711448
3660 3.0751449677434826
3661 3.44291259467298
3662 3.2710982663958608
3663 3.5502438840246544
3664 3.698594720337381
3665 3.6275723614846873
3666 3.7247513828204055
3667 3.6772640299476764
3668 3.7011371685879544
3669 3.447069375173352
3670 3.4623983791625608
3671 3.447257789261915
3672 3.6874632864519126
3673 3.515037826184543
3674 3.550142602132999
3675 3.5296581087699046
3676 3.5083672484765986
3677 3.3879393944524154
3678 3.5155754326038915
3679 3.3130074603988966
3680 3.520512436066874
3681 3.707113756591537
3682 3.601347999180943
3683 3.6642217593256268
3684 3.5159536734419854
3685 3.291215359562212
3686 3.4799442383292694
3687 3.487856281859538
3688 3.8574188441573227
3689 3.559371747079604
3690 3.62524642675483
3691 3.540813477583267
3692 3.6791452109706033
3693 3.691540033332925
3694 3.8046987523125884
3695 3.6498680040747926
3696 3.5543668343671655
3697 3.57215426652212
3698 3.4541879409046663
3699 3.4650988539734833
3700 3.6225580145428826
3701 3.466963151603203
3702 3.830053215754971
3703 3.470223281231353
3704 3.7571148041596416
3705 3.5041030484948745
3706 3.5460465489531474
3707 3.6930870454353184
3708 3.583014660626888
3709 3.5340494309326886
3710 3.2464582339061856
3711 3.622877574381309
3712 3.6652286309423974
3713 3.5843688796753947
3714 3.5159845649543486
3715 3.626098172661804
3716 3.6137532850619216
3717 3.5931860987669273
3718 3.456157993523407
3719 3.7992752484434162
3720 3.8109960190378898
3721 3.3310467536007735
3722 3.4574413991493227
3723 3.7416704667994223
3724 3.3475915738322675
3725 3.26021525181731
3726 3.53533805559476
3727 3.2669917529063177
3728 3.496825300564265
3729 3.5796967967316626
3730 3.2813653109467977
3731 3.7232535457930136
3732 3.5460987819311924
3733 3.464858607820213
3734 3.278448351456447
3735 3.380258923618677
3736 3.336276789959593
3737 3.4121870020808522
3738 3.4818084038853465
3739 3.5321039918277406
3740 3.5488690894416575
3741 3.3250628695254765
3742 3.21141988326892
3743 3.2100624178288526
3744 3.8219912654659205
3745 3.7705246138961748
3746 3.5460139222779756
3747 3.6686049376743117
3748 3.627540868103491
3749 3.675962166365369
3750 3.5307546838782087
3751 3.439019192000159
3752 3.8086887902943762
3753 3.442657570822484
3754 3.5507928097352526
3755 3.5305095272495546
3756 3.523572578322328
3757 3.4703550993691206
3758 3.541375404680684
3759 3.450373965367854
3760 3.715352584933294
3761 3.575228136176219
3762 3.26745950687171
3763 3.4907796632709034
3764 3.4489419821942144
3765 3.5830199094120014
3766 3.2599963949986748
3767 3.3663966248825448
3768 3.485667936010626
3769 3.679145547947447
3770 3.827980346246081
3771 3.5490093845663298
3772 3.8152801878781033
3773 3.5195084070349436
3774 3.4899119172126767
3775 3.7370582549283196
3776 3.5984027828900986
3777 3.4529174110461525
3778 3.679109021427875
3779 3.559446700319931
3780 3.735587050389216
3781 3.5566971317530536
3782 3.0804769439059814
3783 3.723319285092554
3784 3.6641841778773405
3785 3.5201039437698953
3786 3.414833341586879
3787 3.6067091823577435
3788 3.499500025111268
3789 3.6012070543875607
3790 3.337619052551022
3791 3.411841240987879
3792 3.4908603873523365
3793 3.6222471459963534
3794 3.565320480535192
3795 3.1971817672014975
3796 3.9856282741170888
3797 3.639322933912073
3798 3.3259057145445805
3799 3.4922796513486127
3800 3.5842398938376543
3801 3.479773950801622
3802 3.4831349334040205
3803 3.275777290182026
3804 3.6061977708778024
3805 3.5673684717474266
3806 2.5715187225480283
3807 3.4304009904547605
3808 3.5286893448534813
3809 2.7570172714787105
3810 3.4634875521159194
3811 3.55259574789258
3812 3.420811559311188
3813 3.6106589762562757
3814 3.54763583353281
3815 3.5822617320095778
3816 3.5833611059841304
3817 3.3265849805930703
3818 3.5177937256106517
3819 3.3595023651937415
3820 3.50868884820929
3821 3.5981733316396625
3822 3.4996684422151656
3823 3.520843244037241
3824 3.7002141410229537
3825 3.399459339040734
3826 3.3401428162500157
3827 3.5879348285154036
3828 3.809273867960711
3829 3.636122864638304
3830 3.549301737712586
3831 2.8034761279061393
3832 2.8932463990325856
3833 3.4545706267715395
3834 3.4884506868074285
3835 3.5895058149973136
3836 3.5366158312887825
3837 3.5529878607592766
3838 3.60531387126894
3839 3.39507931512531
3840 3.4552117219155503
3841 3.4893388509965204
3842 3.2879589094249773
3843 2.5225626277123396
3844 2.541707684643274
3845 2.5815300625816144
3846 2.5648914681800434
3847 2.765433965095967
3848 2.7797197730386345
3849 2.729913485497616
3850 3.0299905838551484
3851 3.3892219965137818
3852 2.6582850355962537
3853 2.9145659035751943
3854 2.704615425538481
3855 3.107825860092445
3856 3.4769014634702455
3857 3.3426952305635718
3858 2.9937807962367073
3859 2.5437695041841706
3860 2.758626970072414
3861 2.9389689065999143
3862 3.188236554187171
3863 3.2889284414666062
3864 3.446476652373274
3865 3.712669238018799
3866 3.3905251668446326
3867 3.356908762243937
3868 3.3671944872976285
3869 3.3241331579677187
3870 3.5468624474972508
3871 3.383930018493969
3872 3.373113823440892
3873 3.5436941658707823
3874 3.4056922350139667
3875 3.1757819587054708
3876 3.679023773662182
3877 3.5776167535299614
3878 3.548942562744296
3879 3.497493889501188
3880 3.7246542652648333
3881 3.51476098846192
3882 3.672904369941798
3883 3.3511985347453894
3884 3.5488442207844915
3885 3.513778343127944
3886 3.9085761739873166
3887 3.59018365331956
3888 3.5207553668687086
3889 3.47881693934934
3890 3.518064706429356
3891 3.487626794626861
3892 3.6470640394477676
3893 3.6703616583253127
3894 3.542983736273124
3895 3.677729399148342
3896 3.445223293305503
3897 3.4245341337526383
3898 3.5566909344012134
3899 3.3002385732034347
3900 3.6066110121882873
3901 3.663180266340447
3902 3.556527017166298
3903 3.4175946451647046
3904 3.532121019183013
3905 3.49624054467542
3906 3.7358533803056755
3907 3.6219986261589616
3908 3.6121491989357817
3909 3.6100033434093577
3910 3.6311616204432875
3911 3.4826422959896983
3912 3.407290778229079
3913 3.7006596662829754
3914 3.66068673408659
3915 3.6374530324163685
3916 3.45521738166524
3917 3.5434256221652074
3918 3.6510130699839167
3919 3.4041490963207974
3920 3.5806485467752225
3921 3.4141810798981793
3922 3.544705769499084
3923 3.424249954857478
3924 3.4006036985443298
3925 3.521521881733746
3926 3.40384329397624
3927 3.443096474561793
3928 3.846459292724698
3929 3.6985289751854133
3930 3.4268941433697857
3931 3.551779917060376
3932 3.780911199157714
3933 3.3037071088551784
3934 3.293725930069556
3935 3.595164897252617
3936 3.8198034941138372
3937 3.5894201820995044
3938 3.1917406796930115
3939 3.5034836531921414
3940 3.5219431091624314
3941 3.667203819422738
3942 5.640294333686662
3943 3.9151421354765725
3944 3.743291489688891
3945 5.346999162405866
3946 4.574775021557563
3947 3.783379990312021
3948 4.069087250177443
3949 3.590310590480068
3950 3.4701763919595834
3951 3.988264377734142
3952 3.7683987992957126
3953 3.6735723366733026
3954 3.7149615090568626
3955 3.725084570831595
3956 3.8365242601957297
3957 4.010078648203474
3958 3.5442787215800022
3959 3.6550533582007376
3960 5.0482722292804505
3961 4.752557330328051
3962 3.504231804931361
3963 3.5651772462318108
3964 3.653061615621342
3965 3.797390301900616
3966 4.791199245489786
3967 3.7789446912927147
3968 3.419896628629354
3969 3.692740703944966
3970 3.6589744014837975
3971 3.775933121915767
3972 3.984483436027525
3973 4.632355852519234
3974 3.670804584260001
3975 5.782571122805913
3976 3.5061649771103327
3977 3.7328680645243195
3978 3.668594259107584
3979 3.6637998492104638
3980 3.7206781035997594
3981 3.6292266513784606
3982 3.570896613753319
3983 3.563611462702974
3984 3.612024384445204
3985 3.7490504722408096
3986 3.7711020144626546
3987 3.5147707482266557
3988 3.594621564243435
3989 3.589315876292296
3990 3.830958903820645
3991 3.739602383172663
3992 3.6701862481464427
3993 6.375651248360234
3994 8.372342938615647
3995 9.558576776877254
3996 9.353361439335801
3997 10.221482024637503
3998 9.153633890776833
3999 9.990014265204293
4000 9.799569364934893
4001 31.31502618302888
