0 30.709948343266696
1 21.000325418731478
2 22.32872342954982
3 30.153608759136368
4 24.41740681853721
5 23.197382382673776
6 21.75976561539436
7 21.25695098946873
8 19.8652588848125
9 21.075050987101495
10 23.323555688624538
11 20.761948170255348
12 21.513007212627876
13 22.031194362740276
14 19.551075343615132
15 23.25932573100587
16 23.119152021004197
17 22.883889552674002
18 24.259478391119707
19 20.810426811306254
20 17.435286718124274
21 20.188618626343754
22 16.883621281169653
23 20.461255781431642
24 19.465805928018714
25 14.28586069539227
26 12.423115944920841
27 12.473803336503941
28 11.083058348982993
29 14.548649470518827
30 11.81008955092818
31 11.111647320850356
32 19.60588780761777
33 17.978471719462483
34 17.97839757243324
35 16.37952351400162
36 18.886786455492704
37 19.899928508649747
38 20.600313781129085
39 18.07320305530502
40 17.0641558810642
41 18.022352126552953
42 16.79337172169528
43 21.542208941653588
44 26.015921484505682
45 19.545036642064904
46 17.540262215285374
47 16.986975444092923
48 14.136229277501167
49 17.26635491466569
50 20.30550049579151
51 24.051233168490338
52 22.43757589167013
53 23.60446490482361
54 22.04717284983405
55 24.62403580104648
56 28.26025969826874
57 28.44868990958003
58 26.328474858291745
59 30.89434811547956
60 27.298599183529333
61 29.948791691525418
62 24.28083476113302
63 24.46378027645739
64 15.889189043231278
65 17.304406729083098
66 15.762128256863779
67 17.626906833734846
68 17.703566478923037
69 19.275575433123063
70 17.295213319908942
71 13.35182501822162
72 14.025535549010668
73 13.251834648865376
74 9.37266005873876
75 14.389732819572973
76 15.331391224002296
77 11.788520540916025
78 11.316563991824667
79 14.408490934648269
80 16.318620601076898
81 12.807375368539274
82 10.86678327887281
83 14.019175375007006
84 14.430884847499634
85 13.356136564038303
86 16.01510968511769
87 16.571796563782463
88 13.26996225054789
89 15.283596366696411
90 19.489990080337037
91 19.546403781174405
92 15.52923202914963
93 14.402952342758846
94 16.958316193748786
95 16.5905930186064
96 18.211462144719878
97 18.213654533997886
98 14.196346871013805
99 17.508125568670945
100 13.488418680349563
101 13.628918446027484
102 14.795285338101797
103 17.94124667885124
104 14.192059171389115
105 15.62218487238047
106 14.425304386627214
107 18.49204763954864
108 22.478101208988296
109 19.20185438658411
110 16.14769007798795
111 18.015099572412097
112 20.317937198374935
113 17.37591741251591
114 19.63178275596271
115 16.662421378751215
116 15.779221143613698
117 20.352071642020196
118 19.804095667701272
119 20.76899822326305
120 16.94500789017593
121 20.55354597118917
122 17.00078474105089
123 17.936714985647935
124 18.99263691517428
125 19.40503513843227
126 21.833439811697037
127 22.430487013287017
128 19.485613940256194
129 19.305687709475826
130 18.22186377748324
131 18.32352343996454
132 24.89073770440772
133 19.853612344975573
134 16.296159890430836
135 18.154371008035803
136 15.642998387375304
137 20.955354751282233
138 16.181937123868252
139 18.36421053989871
140 16.059339244880693
141 19.6083286682768
142 19.713666985357627
143 16.01014961196825
144 15.616672898289131
145 16.762196075666505
146 16.07674194636825
147 18.436669658459163
148 16.37394746252296
149 16.105123408406406
150 15.592725856190079
151 13.187583537658332
152 13.622075055062124
153 15.018359477620697
154 19.03027138697562
155 20.614307814106372
156 15.195525232937637
157 19.01493635024108
158 19.640407228348195
159 17.344391319612253
160 15.614696161573725
161 14.082211868425247
162 17.295453305376867
163 21.727975575944935
164 21.605192290962783
165 19.051497496532487
166 20.16743673783735
167 19.34522310689853
168 21.112655670444507
169 17.153415699594024
170 15.023519106278222
171 17.102055753937584
172 18.24583248715973
173 20.109357541188235
174 17.272524394524734
175 20.41657124452559
176 21.718564050816454
177 17.67070991830135
178 17.9776473139147
179 15.679948936009623
180 15.228380803621725
181 18.04848521310291
182 15.78410713036507
183 19.454303890100114
184 17.842632824902687
185 20.285416795278014
186 19.393389015454478
187 20.11657226532037
188 20.93912374118658
189 18.230166847190215
190 19.67388642568571
191 22.095233500505696
192 21.882335737273085
193 21.413347939399706
194 17.613638416417878
195 21.59780624079058
196 17.521948999579884
197 20.006930844221596
198 17.742783507627113
199 17.99795709673362
200 17.375884422220192
201 14.971368901897396
202 16.003433491710595
203 17.183350195230307
204 21.349075506920684
205 20.263746024112805
206 20.823802987272657
207 19.24442505744554
208 21.314615275818408
209 18.68808116127093
210 17.604513684194465
211 15.254979901299183
212 18.88360673325579
213 20.067067568296125
214 20.569788716464235
215 19.92540838013158
216 18.60404603230203
217 19.261134832903096
218 18.441792345013
219 20.57329227202815
220 16.417033685900638
221 16.064497217124448
222 18.253227238920392
223 18.850816737445477
224 14.825448724298967
225 13.52497146485424
226 15.833174917394532
227 14.385735603967012
228 17.581248201883263
229 20.4911174415497
230 14.842561425790388
231 19.852536969510524
232 18.416257240285237
233 23.101377393538044
234 22.042555471106454
235 20.528615494323983
236 23.442786773201583
237 19.044751614619464
238 18.488682890756966
239 21.15985477289705
240 16.405962892254724
241 17.662967568724735
242 19.84885775176323
243 18.246228272525368
244 18.09031553610268
245 20.183455996950734
246 20.873151883523104
247 19.565517818192284
248 19.16410248185435
249 14.863455796959576
250 18.709419085498585
251 17.180152662799642
252 16.86821473448982
253 17.33204971355865
254 13.711842428072426
255 14.289743577754573
256 15.109930059852399
257 13.472402460280057
258 14.413121542057759
259 12.36813209116727
260 14.406524721042969
261 9.669928787902334
262 14.470224224429938
263 15.801284524107395
264 16.09840840807046
265 17.707931490205542
266 16.9384194140475
267 15.789641895498688
268 17.891363231223195
269 18.048145189338378
270 16.169345038555125
271 16.49740225698373
272 13.842466715794494
273 15.726316089960488
274 13.121652282789059
275 10.937491430660812
276 14.255084203007794
277 12.921283210889255
278 13.130863092654119
279 12.00517115639268
280 11.129083437136098
281 12.264030679500916
282 15.367674491939438
283 15.3336139735436
284 14.382501257944208
285 13.22123623422264
286 12.430822335110784
287 15.106793152521053
288 9.08164379802194
289 11.86329735307832
290 14.35078316580507
291 16.986649264767685
292 16.046639408416947
293 20.073716364924106
294 16.566537309010492
295 15.92215322377413
296 17.305597501117468
297 15.49263916180104
298 17.39970295575796
299 17.582668820019414
300 17.90060794586737
301 15.565090011008603
302 18.219060019903146
303 17.417144395937775
304 19.2044329135341
305 21.83674417890559
306 20.689047876634845
307 18.41603943459223
308 16.36708556739546
309 15.900935904641068
310 16.74886530407442
311 16.149275211475594
312 19.416149639563326
313 19.80396480144139
314 17.778695878046467
315 18.145235599431746
316 20.900145961745228
317 19.538505432851988
318 20.903469100916382
319 22.125138254405556
320 19.560966450506537
321 19.05647948079738
322 17.1972113444993
323 18.763695433817226
324 13.56221750424795
325 21.138136651701977
326 16.981308209244247
327 16.36809464986883
328 19.498178045832727
329 19.292905569091126
330 17.256895313415928
331 16.241976572500633
332 16.944795415999973
333 20.183552476236233
334 22.03783139084991
335 18.411553223052266
336 18.98056627222819
337 20.062300221242097
338 17.600272555670937
339 18.540887538649596
340 17.94620633496261
341 18.246103592142536
342 21.659369396776807
343 18.285339582681726
344 19.603722498983323
345 20.37864943367225
346 18.54869950902304
347 20.081232517609433
348 18.11478760382689
349 20.03242826874842
350 23.761902354792202
351 22.616460748660753
352 23.098671944529237
353 20.317191550710447
354 22.26026835277351
355 21.715512569245345
356 20.44634403012161
357 18.97944409636798
358 19.807702160378746
359 21.700489943006446
360 16.00120957466176
361 18.095535714915112
362 17.129168032581514
363 16.178065646038473
364 15.884354381417285
365 19.140892069605655
366 15.910774684918103
367 17.009192403049127
368 18.689269872890257
369 17.968254323327972
370 17.79681748406428
371 20.770174252142503
372 22.773840045557222
373 22.289117650213118
374 21.807854016708763
375 23.13487018490348
376 22.729311648015727
377 21.601929926874508
378 21.341170232876056
379 19.351078462108138
380 17.46846905853337
381 17.928970602160874
382 14.352096309331872
383 13.396685058674196
384 13.122900563117923
385 17.964288956765937
386 14.968194703063562
387 18.161231685580333
388 19.378554840061334
389 16.951189035801832
390 9.01688380662452
391 12.699279350565575
392 11.987434073070883
393 11.950852423365232
394 8.655998888313526
395 13.446938446626277
396 13.47798686472235
397 9.099704276468382
398 8.91410721301463
399 11.432289882775503
400 13.238712254307412
401 14.405740289226818
402 14.096374399189191
403 10.4294136167099
404 11.981689371203682
405 11.171985274093887
406 10.619365029473775
407 9.347106833423789
408 7.746022709117145
409 10.869864397652975
410 12.983976406960384
411 14.209013502392315
412 13.75108080668979
413 10.287798727822754
414 9.88731273990067
415 11.367091681973426
416 10.675932208560003
417 11.072996678603674
418 11.45880081280475
419 11.389835641159689
420 11.353746817812972
421 10.253629887049716
422 9.514443265471053
423 11.778464592188028
424 9.617660842402541
425 8.447578343291447
426 11.609237900463391
427 13.921587660345432
428 12.757475404831446
429 13.136008010714336
430 16.62574252662025
431 18.228229359837123
432 12.490383515528816
433 12.81772854640985
434 10.956955809260313
435 11.439997170989942
436 12.092098217707106
437 11.039724749299692
438 11.289326263275264
439 9.493816557099938
440 11.336464150145684
441 9.150996221957628
442 13.3434273747339
443 11.244926543857572
444 11.934242535555917
445 13.010149204886833
446 12.59592911319544
447 11.522010390644917
448 13.890405182118274
449 8.845816609245476
450 9.972269414426648
451 12.862881602626244
452 9.515645537619477
453 10.804373821877602
454 11.853548194354406
455 8.798898794113207
456 9.308847387413248
457 9.198147320175263
458 9.414419839402198
459 8.949582330519059
460 4.975160689937238
461 3.8224083120567736
462 6.2829653473002045
463 5.0681117792396595
464 4.412964330346447
465 5.006091853211975
466 5.8020218370399075
467 5.346910686080729
468 5.724679532873312
469 5.4276088267607925
470 4.678872806408968
471 8.262764147254757
472 6.735646370948453
473 6.565870261115631
474 6.339398272627738
475 6.2064304234500804
476 6.892366763642475
477 10.58679165690544
478 8.481160229633247
479 8.381522345549794
480 10.720438551971938
481 10.5691968735821
482 6.248697963134468
483 8.77397082501027
484 6.903030312809113
485 8.15492990610053
486 6.903334654055944
487 7.908690950220358
488 9.046172134427191
489 8.048275666175405
490 8.989043036125949
491 11.620899235110903
492 15.701735512707025
493 14.172841674487747
494 12.057928473359057
495 9.983474440922986
496 10.567068375165544
497 12.345389869192344
498 12.722655657886424
499 13.599447455350036
500 13.438758849783635
501 13.20605719873178
502 11.409957256722153
503 11.981092997573716
504 12.582060481657027
505 13.132408436257217
506 13.468513509721415
507 13.796227614790391
508 14.682078738620302
509 13.657777743950504
510 14.07017667541644
511 12.392591859417907
512 15.656710007833718
513 15.271126496809673
514 15.738094291683748
515 14.938445786366668
516 14.874942773635606
517 14.429367877335586
518 13.820318298433138
519 12.0197424873404
520 12.803067909402923
521 12.85091568091261
522 12.56423937519859
523 13.731299687920464
524 11.787167557172534
525 14.395837456053437
526 11.663575262450221
527 11.765477282843275
528 14.178119877164566
529 16.33070088710953
530 18.112591149311186
531 19.366106077046734
532 19.393152970129883
533 20.85442725841016
534 19.44137698538116
535 17.104277877262785
536 18.051560174779105
537 20.260948195718303
538 20.094709289758026
539 20.119925942938853
540 19.059000456660677
541 18.732921571997178
542 18.098156944606114
543 17.91990682841748
544 18.11191020254432
545 18.307402060857722
546 21.80322888515943
547 18.500038677816377
548 20.076497808578385
549 19.482980415633502
550 16.835923570897876
551 18.78029582893823
552 20.420838640778584
553 20.09634562440363
554 18.087423216767082
555 17.98052160028488
556 16.908759801358034
557 17.023557048760207
558 16.939407229945935
559 21.179492495100288
560 20.94214014158364
561 19.201662434053773
562 19.14185632953522
563 12.286729165255293
564 12.511714783199654
565 13.89467987647222
566 11.646133482538596
567 13.340331001980108
568 13.38572052650577
569 13.282613044259547
570 12.071442944637871
571 14.005361368354125
572 13.707969399403348
573 12.679928208006762
574 11.477792994126045
575 13.384191337559688
576 18.139686467639073
577 17.28278480863501
578 16.22347834037467
579 15.320892696619392
580 13.538081729948143
581 15.501150784408706
582 13.522928900749912
583 16.454839112207914
584 18.098492063777588
585 16.89439408452313
586 16.55234167219731
587 17.46054684188261
588 16.904476081382395
589 13.745688044486448
590 15.900547580192493
591 14.151235476445274
592 14.904974331942036
593 14.476012753812526
594 16.748154799898483
595 16.259934680384028
596 18.90519537495161
597 18.716496879322833
598 17.320301557124324
599 15.590175058805274
600 15.68635295457535
601 14.71222579807219
602 15.363826437420911
603 16.562578802510668
604 16.9054191636231
605 18.21884592471515
606 16.995694667381954
607 20.1172658236115
608 16.887331999919912
609 17.77203325848677
610 17.800434700512074
611 15.765006718127216
612 16.506098381967544
613 19.868772677303593
614 18.902188014746137
615 17.635338053913614
616 17.895855804086217
617 16.886719440529465
618 16.5606750350943
619 17.45773196496174
620 15.981693714700377
621 16.536132598952292
622 16.748681214709926
623 18.160248942832894
624 17.78925127269389
625 16.182936638749798
626 16.195854523729047
627 16.65434179933408
628 15.669643245646709
629 15.318448968665164
630 16.795773132670902
631 16.973013215464654
632 16.234691026274035
633 17.058236860641976
634 17.298253853232453
635 17.15453092747292
636 16.87626666316421
637 19.15835691357382
638 18.13272038573034
639 18.293260917400037
640 18.198616731289114
641 18.443736773795084
642 18.324343818730178
643 18.31299459479532
644 18.15510960942471
645 20.108398915826836
646 18.920310244528057
647 17.653789373359206
648 18.81101535727615
649 17.737141321149394
650 19.346849974940223
651 18.001295006857617
652 16.734129190440623
653 16.724129085977804
654 18.026001704050437
655 17.49816099258908
656 17.77234055723913
657 17.438853023023903
658 18.42525651001312
659 18.631298624174857
660 19.167286677241275
661 17.85156190867863
662 16.715559756680126
663 17.965314304740033
664 18.383119730885024
665 17.9334374668184
666 15.829619780148096
667 17.26329665243095
668 17.080595693520383
669 15.404184493656079
670 16.672803988366788
671 16.35614822700161
672 17.6220603357899
673 18.800409106937476
674 17.320584065102363
675 17.06471096747524
676 18.539927644146562
677 17.66254361109952
678 17.440608581371524
679 17.717242584966513
680 19.26685247798177
681 16.688547418009808
682 17.740958272219423
683 16.80088603035829
684 15.641865706277239
685 19.113088258324463
686 18.184598816292407
687 17.975290420372612
688 15.906853054139978
689 15.543422393108674
690 15.760907094093277
691 15.161928678540262
692 15.02056291731941
693 15.28419116095435
694 15.506528972830548
695 16.574515051006642
696 16.675794895060086
697 17.018397824581957
698 17.751547367271876
699 17.135153617182638
700 16.517807076131014
701 16.176846500568438
702 15.487502741213657
703 15.070740569512104
704 15.326549131176698
705 14.775265506122881
706 17.706889683935366
707 14.83437723079856
708 17.116737100196605
709 14.720357785335052
710 15.89938314237283
711 15.210243666639444
712 14.63746700001482
713 14.916713014189629
714 14.860044861800718
715 14.209182881936743
716 14.843650480138427
717 14.24164826251376
718 14.466299354301968
719 13.040023595988444
720 14.147652511843162
721 17.86065281857123
722 18.209942294369355
723 14.096800137118057
724 14.905230699844266
725 16.109791502123453
726 16.560953920044412
727 18.518840857951183
728 16.59523844038248
729 15.940949582542439
730 15.446224612154746
731 16.529121611812776
732 17.153725362736743
733 16.55764928488825
734 18.02597261587288
735 18.29661316168868
736 18.45395096120966
737 18.606954692583475
738 18.477628480911605
739 18.335489981715458
740 19.475990062360193
741 20.01793829061765
742 19.621601709129944
743 20.050536028235665
744 19.40119556228479
745 17.427288010772074
746 17.324136299857113
747 19.24801242897963
748 17.09696181205586
749 19.117998429521023
750 18.47199876109124
751 17.13271999254107
752 17.944172938994193
753 17.934893976861215
754 17.06731531705387
755 16.54000819292594
756 17.34916609613097
757 16.656243064893456
758 15.578342838913441
759 17.704282514293595
760 16.661437293949277
761 16.791160441540473
762 16.84662085131803
763 16.904524779817724
764 16.31496978580749
765 17.847913240072778
766 17.391070802484222
767 16.776594544126677
768 16.046538118061417
769 16.37647755375102
770 16.751330148200637
771 16.913974712082027
772 17.234321187339397
773 17.58107729387474
774 16.030117064899912
775 17.20311796375934
776 16.795980967536735
777 16.805815149959685
778 16.508209131975565
779 16.619074064329155
780 17.110888963121432
781 18.295256098800518
782 18.314329731534738
783 18.1030540066524
784 18.805507435970718
785 19.280393694702482
786 19.310895834026518
787 18.021519299307244
788 18.839570924181864
789 18.51761230039267
790 18.941437807866233
791 18.61590239377451
792 18.23281838749429
793 17.904428913242548
794 18.722261346028464
795 18.1405854089725
796 18.254486710169616
797 18.26773341045324
798 17.33353654104637
799 18.244878366892454
800 18.229305375301255
801 18.49444259088399
802 18.534568338279772
803 17.68896990738325
804 17.30176349807005
805 18.411224574857332
806 18.024618943461665
807 19.344744607536857
808 18.04556338552581
809 18.47664415853101
810 18.582262645054644
811 19.36975984726886
812 19.32425346077545
813 17.573109051620364
814 18.167961774432626
815 18.14300079461985
816 19.66380444917394
817 20.29581716188888
818 17.12737553616242
819 17.616428564866386
820 17.62548729184994
821 17.340231982772835
822 16.33163148643659
823 18.259841385703048
824 15.110046787505285
825 16.45013679208959
826 16.588322583660435
827 17.085427451879934
828 16.786694335694584
829 17.25436457536023
830 17.491024787984568
831 17.72235330373281
832 16.905727241306455
833 16.03173873200774
834 16.739957682876575
835 18.358863002910486
836 16.416387113212757
837 16.646664125603305
838 16.314052219200487
839 18.62421415373685
840 17.5681288361128
841 17.04973600551268
842 17.90866829492573
843 17.353914307705406
844 17.745868684085305
845 17.407267169089227
846 17.44326881758123
847 17.424287621559426
848 17.658906074376205
849 17.32313279037638
850 18.00298368940581
851 18.08384849617008
852 18.05569361704272
853 18.042523275106845
854 17.598284520771976
855 18.17504372025065
856 18.573693045761207
857 18.160290923220906
858 17.524081744987264
859 17.47814297796192
860 17.583917338559324
861 17.673259761625392
862 18.56794946762733
863 17.03547010681762
864 18.705424201721936
865 17.238819321742554
866 17.346836942488206
867 16.092758917688702
868 15.805161771445048
869 17.419526056200603
870 17.449828395994604
871 16.61286283311901
872 17.945668061714905
873 18.085291143525943
874 18.094498485436752
875 16.297905671640844
876 18.188935237380328
877 16.64096697235261
878 17.131934801257835
879 18.26617903998807
880 16.925368521505714
881 16.415061064231157
882 16.594612836514393
883 16.683176751299243
884 16.06520324834963
885 16.673113008716722
886 17.786562435165862
887 16.60006213856835
888 17.30231291252407
889 16.460742439221733
890 16.63829898012473
891 16.956790307014032
892 16.99554747015896
893 16.674935994221638
894 17.201117538687104
895 17.64978794547584
896 17.31598362245191
897 16.408951060834706
898 17.116927672232265
899 17.29303737626744
900 17.308873677602893
901 17.44921733747194
902 17.140140744972665
903 17.57498407615512
904 17.77495577740122
905 17.725084874799418
906 17.13582323226903
907 18.833704517593567
908 17.70874518224415
909 17.06323175740155
910 17.157995286677103
911 17.917810579900884
912 16.709780137346804
913 18.600831740006612
914 16.353002545919704
915 15.060343327250669
916 17.135684506558416
917 15.78886854373748
918 15.486863350086809
919 15.945893141914041
920 15.99586526892108
921 16.379471542348515
922 15.397282019855044
923 15.082864665146186
924 16.01862823878944
925 18.585452479781715
926 17.822390515232797
927 16.67550206305147
928 15.70024745809423
929 14.850138740614518
930 16.730845489572783
931 16.363109388924958
932 14.604490022541498
933 17.785583065194558
934 15.334897396938162
935 16.885757219699684
936 16.91287077396661
937 15.623604089771332
938 17.698657229477142
939 15.572354015010271
940 15.625093283341391
941 15.167787607389098
942 15.248438001690761
943 15.428055397055132
944 15.563380496764276
945 15.399119956694985
946 15.099710585492888
947 16.12815368434688
948 15.847204062762165
949 17.012107263835762
950 16.650500563032065
951 17.121827686025497
952 17.307948963911652
953 17.13134194274886
954 17.58579663711988
955 17.262874210840238
956 18.2146717780721
957 17.458752840624147
958 17.420874858374997
959 17.77337897303365
960 16.382919680108483
961 17.196936487925
962 17.86556247281643
963 18.245211270072268
964 16.92453944908664
965 16.500171058323296
966 18.882670380493007
967 16.134362385259134
968 17.703798252981425
969 18.10795782822727
970 17.619415324889122
971 18.079322721046747
972 18.021255643539796
973 17.225903772925726
974 17.84164161313828
975 16.59001050326801
976 16.96960906872007
977 16.94726433580876
978 18.962112017148996
979 17.42620083972857
980 21.054859063232684
981 22.887451862953693
982 18.009805713476542
983 16.667116084814353
984 15.355543819425872
985 16.147903936372277
986 16.186263586387863
987 15.045312088673192
988 17.16581535924321
989 20.960253489688142
990 18.74933591593491
991 18.774596433871544
992 16.935144981080246
993 19.26253789297304
994 21.965312832820715
995 23.017322192740025
996 19.424341455871403
997 19.019474803641668
998 17.321712357800802
999 19.640702927124913
1000 19.783812710121904
1001 18.699147519596416
1002 21.267690737507507
1003 20.21292686475001
1004 22.32425956385405
1005 25.12490579488388
1006 25.79262529504674
1007 24.99578656900649
1008 25.560864900423894
1009 26.092999107132286
1010 27.0670416842762
1011 29.655386766643105
1012 28.248448751385602
1013 29.313241107765997
1014 28.697588671532454
1015 31.568311043016532
1016 26.662620338680128
1017 28.28215989197026
1018 24.437661830715932
1019 27.489958148895543
1020 26.046980013005513
1021 32.5768134625512
1022 27.22503451157631
1023 18.55539185069407
1024 20.586528467913748
1025 23.19032751909912
1026 22.684978428091572
1027 28.630886550300794
1028 28.22458498280865
1029 28.163391723359673
1030 28.76849071560051
1031 28.31702734914462
1032 26.929589024811015
1033 29.978424968598887
1034 28.896106248490902
1035 32.8286977305395
1036 32.03167252722481
1037 29.904490689635505
1038 30.15427102976507
1039 27.840868106549966
1040 23.49866662298473
1041 22.488364064385472
1042 25.085825250992244
1043 24.604406764185374
1044 24.81126666767507
1045 25.5961148405136
1046 20.715889307299047
1047 25.258843797378574
1048 26.488750997068927
1049 29.930040778898938
1050 29.265830313308147
1051 28.000791612170868
1052 26.957602184194002
1053 27.945235956137807
1054 26.73378536047077
1055 28.36240564159021
1056 28.33565196499024
1057 27.85316482568162
1058 30.64426133618552
1059 29.296875287110854
1060 26.66318832128653
1061 29.314879262676797
1062 28.35011648145755
1063 27.94463657125997
1064 28.5802933191104
1065 28.47628629506591
1066 30.66240575440901
1067 30.505440468239925
1068 28.763020205600718
1069 24.991395773405905
1070 27.9428977504688
1071 28.932738791458966
1072 29.636549115807387
1073 29.88868080500322
1074 29.54580328889524
1075 26.0337270624134
1076 27.706797024108862
1077 29.80250684808643
1078 32.107278897318515
1079 32.287740703398896
1080 32.022778022793084
1081 29.130904980440757
1082 30.80333117516536
1083 30.357906399313826
1084 33.18620280953085
1085 32.08660053524169
1086 33.59729284986115
1087 33.18184987361605
1088 33.32054148558046
1089 32.89272283965843
1090 34.13896314569562
1091 31.238213777652785
1092 30.952074849184516
1093 33.558620510188966
1094 33.795303983782205
1095 34.00824866483492
1096 33.68714980884678
1097 31.57839174192127
1098 32.25414626080197
1099 30.844029718017218
1100 30.639465959319498
1101 32.61563099958734
1102 32.475166350117306
1103 32.44271482431983
1104 32.01017206922229
1105 31.931181351516457
1106 29.83157121048098
1107 30.727235752491655
1108 33.35192508440833
1109 27.8911483361652
1110 32.608437950392215
1111 28.63530525387203
1112 29.206386743403296
1113 29.79860630728139
1114 31.55415487616587
1115 29.68987829716048
1116 29.701613190302655
1117 30.07613785133934
1118 30.237976043627125
1119 30.742436683716157
1120 30.016365336615234
1121 29.94833705354903
1122 30.155549525189365
1123 29.293472920697656
1124 29.6997048683811
1125 29.64852725465587
1126 29.184859890806642
1127 28.64779292666537
1128 29.863659081417005
1129 28.266351866934333
1130 29.037539992109185
1131 28.838520530921457
1132 31.6865808759747
1133 28.65313433027654
1134 29.22217839499062
1135 30.10357511082071
1136 29.540635930051693
1137 30.22883701238918
1138 29.77175826693095
1139 29.292590025389487
1140 30.925137521868376
1141 31.311188232478283
1142 32.33932142089605
1143 31.10795055401391
1144 32.074302752367196
1145 31.33296777509824
1146 33.76759486396348
1147 31.404872474794306
1148 32.02172084022762
1149 32.78306861011424
1150 33.49259493616269
1151 33.91848779290148
1152 30.559310810297386
1153 31.973964327339534
1154 30.196953281078592
1155 29.87278173763477
1156 31.269238433396843
1157 29.951207408098664
1158 30.02826206814648
1159 30.702911526002328
1160 30.90049873492799
1161 30.147869212250264
1162 29.330493795749906
1163 31.78044855366712
1164 32.285380390261174
1165 32.30132861307224
1166 30.099971879053108
1167 29.762550234916514
1168 32.01576676176908
1169 31.093501752625983
1170 29.77552573004629
1171 26.912724989670583
1172 29.088047129339383
1173 31.185051617527037
1174 30.820074864099574
1175 28.633366726096103
1176 28.010066617747626
1177 28.802334454285024
1178 32.74411502282409
1179 27.560727404724567
1180 26.835668334998594
1181 26.637137621372702
1182 26.339705570461817
1183 25.100107029235176
1184 24.75099318172812
1185 25.293664849796823
1186 26.08305504393294
1187 26.946348153014835
1188 28.351581742944127
1189 26.26957186355568
1190 26.404171426838403
1191 28.74787947067144
1192 30.66891549513266
1193 28.712447782875277
1194 32.02066675041239
1195 29.135237986279463
1196 30.319368883801435
1197 31.823018503406395
1198 29.636201016242502
1199 28.04482978370633
1200 27.550873866129276
1201 30.448833055231805
1202 29.38872738824765
1203 32.36920547417738
1204 27.511078654102555
1205 26.458042486390376
1206 30.189084555085838
1207 31.453408096820873
1208 35.876033388660495
1209 30.7885635053771
1210 32.606960383686065
1211 32.96603748183608
1212 29.223798056132956
1213 28.477589008151273
1214 24.874548662369197
1215 29.14240850867134
1216 25.063308481745683
1217 25.45468360082404
1218 25.213596157547048
1219 25.82312478760291
1220 25.70610921957299
1221 25.247046221686734
1222 27.326219687335897
1223 24.808096987872332
1224 26.71119634304922
1225 25.09187657654275
1226 27.952464293073632
1227 27.84091939759347
1228 27.197509518360572
1229 28.343331957537462
1230 26.61001009468215
1231 27.39590108304129
1232 28.6257677187262
1233 28.192023103602452
1234 26.979862737950604
1235 26.271319429904185
1236 26.168665333447713
1237 27.897534143075653
1238 26.352975462241986
1239 27.16151217682318
1240 28.853522602786626
1241 30.096560366822736
1242 27.982788868748365
1243 33.57198763715619
1244 36.97115631740654
1245 34.726908880269384
1246 34.43986707508893
1247 36.186197625711294
1248 35.925908808269426
1249 34.47818368292125
1250 33.63662758058286
1251 35.843303446434795
1252 34.24979589402427
1253 32.61716645136443
1254 33.13765684722583
1255 33.681643359988996
1256 32.1095346204325
1257 32.39131567051686
1258 31.47069783748994
1259 32.16132391614956
1260 31.238094625895013
1261 31.660010029690113
1262 31.197234435438126
1263 28.241183508477835
1264 29.693394404789668
1265 29.449373559581584
1266 30.518553090526144
1267 29.643935151183825
1268 29.29938445945255
1269 28.238837641172726
1270 31.05965385858333
1271 27.699203161354188
1272 30.794030265720714
1273 32.1171193663681
1274 32.28817260897055
1275 31.28740837814738
1276 28.41053244962307
1277 31.193844626067875
1278 31.97308524175825
1279 32.68543273900796
1280 30.62936886472632
1281 29.940338531907155
1282 32.255926094296015
1283 29.80920461387584
1284 29.62658890431128
1285 26.340322149012398
1286 29.381480602224677
1287 31.346088515485476
1288 30.065157682589223
1289 30.949345568195174
1290 32.0178655199609
1291 29.97084468617309
1292 29.122466498025823
1293 29.70610238362325
1294 30.54082879746437
1295 31.054705957739557
1296 31.6226997582106
1297 32.388824357041926
1298 30.52396045908663
1299 30.974914072825033
1300 32.91760640239021
1301 31.132412375046535
1302 31.222669013558768
1303 33.647144745943464
1304 30.221906526867368
1305 29.581180827886175
1306 30.24731217826474
1307 31.879263102274948
1308 34.07179776562524
1309 30.394853309897147
1310 31.502826374132706
1311 31.738672491027334
1312 30.55377157744216
1313 31.108233978902636
1314 30.340406338732073
1315 28.839246234699612
1316 26.929361684992223
1317 27.16243712809959
1318 28.249407672987186
1319 22.932809453806343
1320 29.819076187336098
1321 30.020681725982477
1322 28.337050043748555
1323 28.354231316525418
1324 27.697869321605562
1325 32.43823807344833
1326 30.648075677351805
1327 28.960645642092224
1328 26.93242898576009
1329 26.792403703015157
1330 24.492141091401734
1331 29.714135780252832
1332 26.2730573629068
1333 26.413667684472195
1334 28.898629706504337
1335 28.810830664664852
1336 31.128328348060307
1337 29.458000303071827
1338 29.205326151989087
1339 26.822845959700523
1340 26.014417113358977
1341 24.05938230335436
1342 24.72587466318657
1343 26.84365650665699
1344 29.10795942196261
1345 25.698010870937203
1346 27.394581540653625
1347 28.924048888295836
1348 27.130040250608545
1349 26.868550005946158
1350 25.236057683715345
1351 22.514786425889085
1352 26.73577095979331
1353 27.702631321060633
1354 27.92403167288861
1355 29.05476280487205
1356 30.253189949759836
1357 27.606582065512637
1358 29.752207576314824
1359 29.64604422987449
1360 29.818671299366994
1361 33.184989093907184
1362 32.5258052676164
1363 32.345969330208156
1364 31.930677404295206
1365 30.851270779199396
1366 30.51358712660992
1367 32.247044195942024
1368 33.778626576944916
1369 33.89822862418393
1370 33.140909554864855
1371 33.258952947802726
1372 32.90446489131873
1373 33.456090539123316
1374 32.075728012138356
1375 32.87183490929598
1376 31.556803136283303
1377 30.399717487077016
1378 30.33130929909961
1379 30.76998549296529
1380 30.49485533272656
1381 30.92400252326228
1382 32.068007467621435
1383 30.219432000200566
1384 30.31372971259362
1385 30.87639166343242
1386 31.568109192073237
1387 31.42407353895214
1388 30.86565135046907
1389 30.827562288193135
1390 29.848057034157836
1391 29.994859701224254
1392 31.800495441249016
1393 29.792987158694846
1394 28.170815782580636
1395 30.566078489656476
1396 29.940735704815484
1397 31.345737309257647
1398 33.9305940449118
1399 33.44078432952157
1400 29.314970091561978
1401 30.627205067598286
1402 30.164191642817837
1403 30.38093895705005
1404 31.30444082029364
1405 30.603537397756316
1406 29.380451277298626
1407 33.36615460383301
1408 32.292505434950186
1409 33.08071789395043
1410 32.98440530874434
1411 32.97061119827664
1412 32.21675860931116
1413 29.142553631984708
1414 29.950742489076674
1415 28.84751683089437
1416 26.56164152886708
1417 27.422139954845242
1418 28.057130953175353
1419 28.044895035413127
1420 28.68874288169716
1421 29.458779854974637
1422 28.84516264151698
1423 29.011189194520547
1424 29.311113993451823
1425 29.71422569394598
1426 29.94413495444782
1427 28.42786815485129
1428 29.121449066385033
1429 31.79287311497921
1430 28.049745280967695
1431 28.969738980173695
1432 28.968076135962946
1433 27.835173460015174
1434 27.204960595053546
1435 27.057448143330276
1436 27.667986981148164
1437 28.356741300367915
1438 27.740495832066436
1439 27.478371459148384
1440 29.306242408444714
1441 28.517474017349002
1442 28.99702957628334
1443 26.614507692074383
1444 28.09144264523045
1445 28.752511497490715
1446 28.878693883029953
1447 27.528896279233454
1448 28.102803621361055
1449 26.236914797062088
1450 24.871331708324025
1451 25.64352633664025
1452 25.40130345413819
1453 26.09176356147138
1454 25.649254887517703
1455 24.762486015705818
1456 24.478737142938687
1457 23.566351285542176
1458 24.54392735275877
1459 21.96951067275915
1460 21.981455971185675
1461 21.697010726152126
1462 22.274226114208254
1463 21.563608322789072
1464 22.628754291713072
1465 21.97525672958988
1466 22.511209751466623
1467 22.08191513864207
1468 22.44711297898758
1469 23.597355165761776
1470 22.082987483857757
1471 23.18659220473908
1472 22.869515466799914
1473 24.61665322624981
1474 24.171148886974056
1475 24.13167796808168
1476 22.857275792465924
1477 21.87947117935446
1478 23.21933003177831
1479 24.213925420755952
1480 23.117319774303642
1481 23.569246308290662
1482 22.54373568118571
1483 22.976736315385423
1484 22.710670915316392
1485 22.496373252490844
1486 23.607573577207717
1487 23.057895936518204
1488 24.55678684846302
1489 24.389536376526003
1490 23.500405030287776
1491 23.438586921022583
1492 22.75251623751962
1493 22.98413941620698
1494 21.92155449085409
1495 22.815687586456914
1496 23.176025782429047
1497 23.179393093996513
1498 22.760026279596214
1499 22.483963733636966
1500 23.458016059872232
1501 23.49976852647137
1502 23.81836199713654
1503 23.66468466240281
1504 22.932044936112437
1505 23.259518963177094
1506 23.263531066184395
1507 22.408926048062057
1508 22.744288594577508
1509 23.555074508767262
1510 23.255469594516374
1511 25.039113529986032
1512 22.9721247552
1513 23.420059526858743
1514 23.522077350062027
1515 22.887205505710313
1516 23.53763841598303
1517 22.03463307039899
1518 22.53250472929358
1519 22.755440452369907
1520 23.104615654293106
1521 22.607496540643577
1522 23.26203884416041
1523 22.39456675017612
1524 22.110540754245168
1525 23.72416653255058
1526 23.13017328543033
1527 23.121357949153953
1528 23.432226408266292
1529 23.754660324114113
1530 22.098974473176924
1531 21.868853796395374
1532 22.10200565851529
1533 22.628846420440425
1534 21.44535956592147
1535 21.804541225143566
1536 22.053017343650584
1537 22.872979543773102
1538 22.885743766304522
1539 22.535087781778877
1540 22.669454882866628
1541 22.613380289752847
1542 23.41982215644441
1543 24.085671460511918
1544 23.57124679750784
1545 23.691550003557214
1546 23.625571338991115
1547 25.376826438319142
1548 25.51357775235294
1549 26.51226390846213
1550 25.735555697753508
1551 23.241895385804398
1552 22.983940694322232
1553 18.78026254371087
1554 19.56498339255816
1555 20.082118591388173
1556 18.479733334885378
1557 17.153502222518952
1558 18.691604648976995
1559 23.96388198215331
1560 23.333796881931065
1561 23.87180244579756
1562 23.864743220340394
1563 23.902424919937918
1564 23.763609159234377
1565 23.981496653489682
1566 23.808589415600505
1567 22.911374698893038
1568 23.61403425928063
1569 24.272919212537943
1570 22.74889543163313
1571 23.02357382855199
1572 22.2099873427249
1573 21.94620995649477
1574 20.947373009923094
1575 23.24126938227395
1576 22.485334290812414
1577 22.442312738981425
1578 22.192076123741852
1579 21.826306859342804
1580 21.778606734361862
1581 21.281183382774895
1582 20.834012950846564
1583 23.03146076706352
1584 23.705557446993353
1585 24.02943507228695
1586 23.002376534921027
1587 21.94949698769926
1588 21.145876490773464
1589 21.225527730002142
1590 22.852603780429487
1591 22.38604129369274
1592 21.84217294551908
1593 20.43742750070851
1594 20.496763399180068
1595 23.55127389774304
1596 24.7579096594289
1597 24.458602764369118
1598 23.023377468138992
1599 23.335817316332026
1600 22.87448303536065
1601 22.90088637143411
1602 22.54390507587291
1603 24.385008596733076
1604 24.58984968753118
1605 23.504370455578847
1606 23.96253698899747
1607 22.88441062130012
1608 24.114875740366557
1609 23.94711364686194
1610 23.808250111344254
1611 24.074255427272057
1612 24.49787270598928
1613 24.212233958393217
1614 21.098861384943113
1615 22.62110782470589
1616 20.576916086155943
1617 22.10474496918327
1618 22.916222905808706
1619 22.328816388541373
1620 20.67276627199713
1621 21.247131846522155
1622 23.87137934515402
1623 22.197159246062366
1624 21.177723167054218
1625 22.345779200702523
1626 21.701651995735578
1627 23.479304866185366
1628 22.318832784918122
1629 22.819729610783984
1630 24.16769949833353
1631 24.536138975902098
1632 23.73096177879701
1633 22.568009751795593
1634 23.22681664425413
1635 23.57108301279634
1636 22.73388293893168
1637 22.835202901736487
1638 21.04026004699513
1639 21.441495745780482
1640 21.833787034265224
1641 23.26298320572338
1642 23.41743970830582
1643 21.716159900428416
1644 20.911503780954188
1645 20.70138961396087
1646 22.06144636827507
1647 23.203753761309148
1648 22.047370175786813
1649 22.18967839875132
1650 21.581335499532436
1651 22.9234389162522
1652 21.629177564205225
1653 21.97038690836886
1654 22.31334652449864
1655 23.150701971794103
1656 20.64463098029489
1657 21.145542791674526
1658 19.701749432801734
1659 20.487761388968092
1660 20.74713451351824
1661 22.117717348387778
1662 19.876902737152626
1663 21.096178683680606
1664 20.061173457380434
1665 21.884397582807402
1666 22.23746241998112
1667 23.75955167983281
1668 22.018103600594536
1669 21.945818653669267
1670 22.273138342679353
1671 22.38973230887738
1672 21.88605763575184
1673 17.760018721648123
1674 16.79334606447835
1675 16.36316404809413
1676 16.23268766881467
1677 17.471689551526634
1678 16.963906920568135
1679 19.674312146195682
1680 16.604250288125527
1681 16.594934359496133
1682 22.395415355310874
1683 22.026839463493523
1684 20.111918021137885
1685 18.725708913220945
1686 16.11436738337559
1687 19.30930971884575
1688 17.812110250543785
1689 18.150629322671854
1690 18.103509895722055
1691 21.377654813176548
1692 19.942366102672626
1693 20.366792035697014
1694 21.49128645243869
1695 19.83725081623805
1696 19.77185636682103
1697 18.684392702372495
1698 22.08364489985241
1699 20.45585729585132
1700 20.7855537052659
1701 20.324898230304164
1702 21.470284746163028
1703 20.903771730154205
1704 20.91830492996978
1705 17.54013198128768
1706 19.42213382080785
1707 20.76761036452501
1708 19.37878779735205
1709 23.649600831422916
1710 21.57962199731208
1711 19.2784044269137
1712 20.596025728899992
1713 21.594605710880966
1714 22.005375918573
1715 22.23828120951847
1716 23.622694355544237
1717 23.33957415678556
1718 23.86101629633478
1719 22.53915059138662
1720 23.962202347460636
1721 23.984809737160266
1722 22.496644810534292
1723 21.828604888513414
1724 20.786909103281808
1725 21.67220491262082
1726 21.113393919863835
1727 19.799554665925136
1728 19.808681289903102
1729 19.556611620497357
1730 22.222282028512428
1731 21.76063463744294
1732 21.181602040365227
1733 19.758549065545193
1734 22.531354385350696
1735 22.057982470300942
1736 22.69913709941414
1737 21.560477310801044
1738 21.240660889361074
1739 19.298513218079727
1740 19.349260523977726
1741 18.55190417763247
1742 22.7757566882336
1743 23.000620021392233
1744 21.348783389588935
1745 21.015598118993257
1746 21.00590289984358
1747 18.25595931471658
1748 19.08568196678378
1749 19.6543020945386
1750 22.00642699288899
1751 20.375934484104075
1752 22.231389803015876
1753 22.01068355731169
1754 22.87024453339863
1755 23.405156018887272
1756 22.428385949092466
1757 21.470556723524115
1758 21.470606336699074
1759 22.444373440528388
1760 22.907096649919303
1761 23.745320560286512
1762 22.162302999672008
1763 22.510029769195036
1764 22.19175703569794
1765 23.563708568454345
1766 23.682046909820684
1767 23.471946644811734
1768 21.44678497321408
1769 22.033358148322858
1770 22.534921310523014
1771 19.524785741746545
1772 20.57711803873001
1773 21.482627605220724
1774 22.98388059056584
1775 23.268010579549387
1776 23.981561608839353
1777 23.873403957429442
1778 24.08842547359479
1779 24.557111611336634
1780 25.571824794521408
1781 23.674961914676967
1782 23.829693921870053
1783 23.19700002850779
1784 22.59490112803093
1785 23.924834149654025
1786 22.661308919676685
1787 23.77267582386234
1788 24.690064320904106
1789 22.890720659097767
1790 24.021881667103145
1791 24.759473164797708
1792 23.80923966806799
1793 24.109374012963734
1794 24.319922565349806
1795 24.306197860760417
1796 26.428402758574087
1797 25.350898438734646
1798 26.6609262652383
1799 25.066575638355772
1800 25.973522357990742
1801 25.770581327136394
1802 24.303356870959508
1803 24.486207633733766
1804 24.69178998003279
1805 24.449768575685553
1806 26.17224349644469
1807 25.633982265146322
1808 20.680154178827287
1809 22.80378560909992
1810 23.911709780345017
1811 22.48221092718181
1812 19.039653881277896
1813 22.60047936452794
1814 24.359227085036075
1815 20.049446281342938
1816 22.181635187103502
1817 23.176920944190353
1818 24.19549935929522
1819 21.325670684932415
1820 21.824552452017883
1821 23.20699167290381
1822 22.703639403375625
1823 22.142251111367983
1824 20.43949582241875
1825 22.158685564933624
1826 21.373621037814146
1827 22.585849289990545
1828 21.733025431430725
1829 21.466541775708436
1830 21.997569085530696
1831 20.216189002493323
1832 22.09158152443878
1833 19.537824064003242
1834 20.109791771008922
1835 21.28110872334767
1836 18.491125297489724
1837 20.184071422589774
1838 21.316382294517172
1839 19.978867982716626
1840 19.96487244211606
1841 23.39405377640909
1842 25.68163707007271
1843 23.677888936911394
1844 22.13820853383169
1845 22.376885752537426
1846 21.19195496323111
1847 21.353754306155384
1848 21.882245645856955
1849 24.4897553173662
1850 23.854411267300183
1851 23.950116622548368
1852 22.96304791998353
1853 24.3895433972028
1854 23.76441446396577
1855 23.54977507886884
1856 24.060092428288907
1857 23.47990936970163
1858 18.291620097042767
1859 22.117240427003523
1860 21.40588882696727
1861 23.101199376203052
1862 20.947987290855536
1863 20.44551470848807
1864 19.723896470565123
1865 21.113486346642876
1866 20.394288368538156
1867 23.293723158601292
1868 22.65124357896624
1869 23.23937159031736
1870 21.715229844282796
1871 22.330710750600538
1872 21.617739080804064
1873 22.578703914169676
1874 22.158355124637346
1875 22.926746546784273
1876 23.782943576449103
1877 22.42690373880937
1878 21.54475381603925
1879 22.73616292992335
1880 24.133720654361106
1881 21.76826531297519
1882 22.750228796645086
1883 22.327776788173953
1884 22.53203842098369
1885 22.32989651298701
1886 22.265678485476204
1887 21.750021936094576
1888 21.510307688230853
1889 24.459348687042336
1890 23.931289377319793
1891 24.27680881990721
1892 25.19604576440373
1893 21.232722058724907
1894 22.540410635558843
1895 21.782457859223143
1896 22.49894518604964
1897 21.145044703659433
1898 21.42867131025663
1899 22.534944299799584
1900 21.96699682914874
1901 23.326595285502737
1902 20.001445962096433
1903 22.548524791635053
1904 21.16674786198469
1905 21.575295895914653
1906 20.59132095953697
1907 21.094264217763865
1908 22.85097943713999
1909 22.718896671827835
1910 21.886832551462557
1911 20.524279380498395
1912 20.716296368511962
1913 21.818148333184574
1914 22.23272344870148
1915 21.52440411413506
1916 22.382843853225573
1917 21.953692077515694
1918 22.332732657315628
1919 23.216482554512545
1920 21.998925256177706
1921 21.787494044957484
1922 22.40986957626279
1923 21.577747646586584
1924 20.99737850030244
1925 21.01149231086213
1926 21.416385172515856
1927 22.524138862771796
1928 22.57414310803651
1929 20.891512340915863
1930 22.764950723542878
1931 22.990832034699924
1932 22.306783104647277
1933 22.28818641784114
1934 23.585427179987082
1935 22.15425597980094
1936 22.465202274461628
1937 22.765414556545494
1938 22.91568624502295
1939 22.47432743119394
1940 21.6944784533152
1941 21.937786645340434
1942 23.115898323931155
1943 22.52260342335726
1944 22.243770003950964
1945 21.58931767020293
1946 23.314380195261307
1947 24.585605853601393
1948 23.55873295756369
1949 22.454388886593854
1950 20.40870876603373
1951 21.067521086270844
1952 23.280981256609632
1953 21.98478542800233
1954 20.856072406913537
1955 21.66400989213112
1956 23.287289608212976
1957 24.60178954862
1958 25.14294667633596
1959 24.482329483681053
1960 23.711598995999957
1961 24.76807707683072
1962 23.25829097265313
1963 22.42266274884851
1964 23.982738159295838
1965 23.989276617990992
1966 23.62904029059657
1967 24.920398700458755
1968 24.304803512021767
1969 23.81888036535681
1970 24.79360762080374
1971 24.6297156744601
1972 25.095695137510123
1973 25.102964133515915
1974 25.495549074564885
1975 25.20236197256252
1976 24.005016745283847
1977 23.786657016335898
1978 24.40545945872818
1979 23.704737251917184
1980 25.661931493766087
1981 24.013351026793927
1982 23.351733348903206
1983 25.696832767556526
1984 23.052557088419267
1985 21.42219351780967
1986 23.85444521087693
1987 23.769106926228137
1988 22.80989288920533
1989 23.71998292713469
1990 23.015352221739374
1991 22.494869068763208
1992 22.470919422174227
1993 23.476118513638582
1994 24.27339342911631
1995 21.106021620501018
1996 22.724117878864668
1997 21.252048134079217
1998 21.843628784334943
1999 24.62413730165972
2000 21.509718618570627
2001 21.482245070558807
2002 20.679992420852432
2003 20.228029497755593
2004 21.023244968572794
2005 22.078842141296796
2006 20.78237472278289
2007 20.49643797956573
2008 21.7579917286379
2009 21.036023605138258
2010 21.24860116518477
2011 21.20184877374177
2012 22.634308411162706
2013 21.761719000918127
2014 21.506262496080158
2015 20.958495341194308
2016 21.783988569560226
2017 20.000059183950103
2018 23.014373212688422
2019 22.93307304209722
2020 21.538566005867253
2021 21.615839918358134
2022 21.464459056352048
2023 22.661299869296514
2024 21.90688038083166
2025 22.541401446117263
2026 21.766429281806065
2027 21.91196603879798
2028 21.536630062131948
2029 21.655116048223984
2030 22.000747798279228
2031 20.937125805090798
2032 21.793718826330352
2033 21.986090370122703
2034 21.865649613842933
2035 23.51583987625158
2036 24.382497821746597
2037 22.793484621947695
2038 24.01628655924788
2039 22.61895574441325
2040 23.949261821099324
2041 23.076111401543965
2042 22.13694069998895
2043 22.818524699921454
2044 20.141232981817772
2045 22.122582183559263
2046 20.944621582696385
2047 23.9520433842925
2048 23.530602669349847
2049 23.170275792580117
2050 24.29844273990999
2051 23.50488457160464
2052 23.366516028277484
2053 22.028297801841944
2054 22.14606216897933
2055 24.057106996474374
2056 23.43073441289483
2057 23.19056550902858
2058 23.85595810801587
2059 21.972406376013943
2060 20.800953042131116
2061 22.243764020626685
2062 22.203750933310186
2063 21.328816165076766
2064 21.716765619989577
2065 21.3598871506739
2066 22.057993838132536
2067 21.833396995621168
2068 21.41542924820067
2069 22.117385469445384
2070 21.919832747441927
2071 23.087082214145763
2072 22.875656647076234
2073 21.007412547182405
2074 22.02538025488611
2075 21.535898419363388
2076 21.18357129780292
2077 20.446343010546695
2078 22.33738260985733
2079 22.50535863801201
2080 23.01794280772282
2081 23.35737424751121
2082 23.717226071872766
2083 23.03424597571106
2084 23.851174563038324
2085 22.77601985539956
2086 23.158498126734013
2087 22.621629634409775
2088 23.43898758993361
2089 23.169810254173516
2090 22.453337457166832
2091 22.6248121763095
2092 21.833027446477978
2093 21.80471630805027
2094 21.68041443348146
2095 22.086088644862834
2096 22.13375916854273
2097 21.48390036801729
2098 21.60442551138484
2099 22.75037206505722
2100 21.687567659107014
2101 20.885027285854108
2102 22.55044349975279
2103 22.51617611203276
2104 21.199466698938483
2105 23.133921247816918
2106 22.246919592709084
2107 22.709277277222807
2108 21.467320676976218
2109 23.656287990027522
2110 22.173840377506593
2111 25.2656890147706
2112 24.142139622729392
2113 24.3572719164491
2114 22.486679276731316
2115 23.128256536960954
2116 22.868544933437292
2117 23.056856015248826
2118 24.462440908105613
2119 23.352312821657186
2120 23.469521703799916
2121 23.80753804804798
2122 23.961368824320804
2123 22.855515669449282
2124 22.311604985359825
2125 22.794752154719706
2126 23.328668130824127
2127 23.876461208061727
2128 21.22607835454493
2129 21.661243955162774
2130 24.50154963803164
2131 23.763324076806406
2132 24.214950743395708
2133 24.466443749447805
2134 23.89794301203209
2135 22.86875559148056
2136 24.701419287057732
2137 23.597500465313345
2138 23.404561993553486
2139 24.691224294494315
2140 23.669087297566005
2141 23.968556333157053
2142 22.583203874520805
2143 20.918250756590034
2144 24.659015137837013
2145 20.068524519661494
2146 23.676246224044018
2147 22.9637172867158
2148 22.877422523205333
2149 23.699994658361305
2150 22.5341365439391
2151 22.1035262351091
2152 23.94136329032705
2153 21.506473381907757
2154 22.926823606688192
2155 22.927325956504124
2156 22.203774776865163
2157 22.97830438634746
2158 21.81354301915476
2159 22.422200229976607
2160 23.28924330933853
2161 23.45457706425661
2162 23.030437213759008
2163 24.31027881206793
2164 23.25489159200652
2165 22.079618154832204
2166 24.18864720766574
2167 21.722596244586594
2168 21.17437618442052
2169 22.877091670293854
2170 23.460282038355185
2171 21.854872699647387
2172 23.458760000891683
2173 22.05693979972923
2174 21.575933786990277
2175 21.311261550889682
2176 22.723161474811434
2177 23.059085888841146
2178 21.86113470862304
2179 23.22792196273079
2180 22.352504659315247
2181 22.82293170983341
2182 21.562668877813433
2183 23.06882218065092
2184 22.404972176614567
2185 24.555145934739052
2186 22.799502047003827
2187 22.40101345300396
2188 23.017161254843007
2189 22.304673338027158
2190 23.495394886545096
2191 22.25772938710965
2192 22.202013157749004
2193 21.8698945473159
2194 22.761216891899846
2195 22.142919150989055
2196 22.63532305339449
2197 22.63593958322616
2198 22.337328129735884
2199 21.776557748217883
2200 21.689366949858762
2201 22.458256006037022
2202 21.69712697093279
2203 20.795321308177158
2204 23.164709020410104
2205 21.9005061943049
2206 22.528768901351892
2207 24.84699729311975
2208 25.65264801229697
2209 23.846895646270802
2210 24.939698395210684
2211 24.136542894018465
2212 24.531555175999543
2213 23.849253063094952
2214 24.49276652173375
2215 24.60608607496194
2216 23.29689395899777
2217 23.09289026442681
2218 22.612188934869348
2219 21.31539289462863
2220 22.3596221245722
2221 23.173054063731243
2222 23.425941570953988
2223 24.529296108026518
2224 23.95652729042721
2225 22.04484248163291
2226 22.614052649423616
2227 22.556540693508015
2228 23.808685014310612
2229 24.548653410489738
2230 25.17485965638953
2231 22.884902655253807
2232 23.926845237567953
2233 22.35314364103339
2234 24.710088509896696
2235 22.591210134245063
2236 21.17088497962977
2237 20.32864501948666
2238 24.11354379451384
2239 23.976033116206054
2240 24.15504591359528
2241 22.76136926859732
2242 22.42484092518205
2243 22.479848437225364
2244 23.084224940777005
2245 23.786671733442578
2246 23.841911069196414
2247 24.32651838660893
2248 24.10138454515499
2249 23.454450910716282
2250 24.54037718410869
2251 21.747623679090275
2252 23.172496761892404
2253 23.858299734924728
2254 22.352652988011904
2255 21.777155456095127
2256 24.044621141433
2257 23.413888466793566
2258 24.77169908409046
2259 23.829600041820044
2260 24.822080322615495
2261 24.815700951938396
2262 25.08627956783549
2263 23.61939410518704
2264 23.557430821734712
2265 23.504149455944063
2266 24.0437829470317
2267 23.79612995502113
2268 23.038468931508707
2269 24.91432303534824
2270 24.2046991531852
2271 20.99409853325172
2272 21.96520670174684
2273 22.40490017065953
2274 20.657209505850584
2275 22.854433293834003
2276 23.15270708857212
2277 23.381372245546064
2278 24.241241817581145
2279 23.468807579083023
2280 24.31903414314396
2281 21.55340962028597
2282 21.03129366775496
2283 22.38164348952913
2284 23.294271829183753
2285 22.5642699723574
2286 22.156282041282758
2287 24.041468201011448
2288 23.831506088470242
2289 24.835010182345616
2290 24.919567540429597
2291 22.68710561308695
2292 23.26255251726604
2293 21.283241783039376
2294 27.38661313922156
2295 28.751034055262597
2296 25.201025982666142
2297 26.631237116064387
2298 25.39216724820369
2299 25.633836324287277
2300 26.009600701675883
2301 25.099741286445955
2302 25.647853480717863
2303 27.69390179965179
2304 24.568938498508697
2305 23.64310117935243
2306 22.79455374008106
2307 22.712859269840674
2308 23.837223104902368
2309 23.510341537214792
2310 24.818518189669458
2311 23.258030702338424
2312 22.388679873594622
2313 21.840671031411105
2314 22.84399986611164
2315 20.50993938569286
2316 22.65159225209596
2317 22.651190096210854
2318 23.39543206361042
2319 23.13170309780538
2320 24.50265219533858
2321 24.50603673342637
2322 25.022663348668633
2323 24.66441519559955
2324 23.77661650550718
2325 23.719046682979602
2326 22.614291286256606
2327 22.021150840878786
2328 23.17035651488026
2329 23.48753567253857
2330 21.436929393913534
2331 22.362391648383646
2332 22.470790340581182
2333 22.5645247080595
2334 22.250828379714076
2335 21.9826908732087
2336 24.19557682246122
2337 23.525729502542795
2338 23.424304468892963
2339 22.819833303740822
2340 23.10741133476054
2341 23.28678448026181
2342 21.655392812630478
2343 22.087973878917033
2344 21.883121876335203
2345 22.758386905910157
2346 22.771836401861325
2347 23.2645828126385
2348 22.214987457327123
2349 23.358218322117427
2350 23.47652235200292
2351 22.229179077093235
2352 21.09685362425142
2353 22.436216400274674
2354 23.162349787448814
2355 21.644046667249693
2356 22.752206956498213
2357 21.343060402764433
2358 22.20407282810408
2359 16.905724560234
2360 18.626821481739487
2361 16.840735236403308
2362 17.47946435312939
2363 17.872516179604474
2364 18.513465957075763
2365 19.112955775573024
2366 15.82611255094142
2367 16.126120229682567
2368 17.835608172709314
2369 17.68491065777532
2370 17.761607221101073
2371 18.78276892565341
2372 17.083827620715844
2373 17.315063653929652
2374 16.83136210033583
2375 19.239634728960212
2376 19.42357872475417
2377 20.269547552659606
2378 22.14251902749943
2379 21.836296757793995
2380 22.72173886220057
2381 21.157132770065893
2382 23.03911584522242
2383 20.33378287791364
2384 21.95246073408403
2385 20.939482618242902
2386 21.409293966045592
2387 21.48711264212775
2388 20.642793867958567
2389 21.108147641677455
2390 24.121092046337814
2391 24.058965750207776
2392 20.495499784431143
2393 18.961130516334528
2394 17.189837049829958
2395 20.216753026684096
2396 22.33294285038768
2397 22.200327938717034
2398 21.093836260169148
2399 19.656925261070434
2400 20.75423886422864
2401 22.555789675023
2402 20.16008158455509
2403 22.415200326210122
2404 20.830370116185293
2405 21.12769336384925
2406 20.825157967361854
2407 21.5744916294731
2408 21.10807512991994
2409 23.189164040168922
2410 24.07808017852853
2411 22.301256531455632
2412 22.494823197999626
2413 22.58800342097366
2414 22.81026297886493
2415 23.613033136007665
2416 23.76219500353946
2417 24.367260216727132
2418 25.046804613656455
2419 24.650356432956702
2420 22.440646064556486
2421 24.149956605481933
2422 24.91550596289582
2423 23.577130843205193
2424 21.09416219757942
2425 21.265686825289134
2426 20.254026829213817
2427 23.01348156150206
2428 23.225869871934393
2429 21.833156854063063
2430 20.734733382830452
2431 22.810673741781155
2432 18.50386199263798
2433 22.502497153298734
2434 23.716649708030964
2435 22.04238623365832
2436 23.771380187887427
2437 24.653045918396263
2438 24.84762797136938
2439 22.513840846602616
2440 23.787098376431906
2441 21.828083672353298
2442 22.33966656476291
2443 23.11852868549722
2444 21.479007467501553
2445 22.77948284717731
2446 21.127872598397158
2447 19.80481255018705
2448 23.29040393235029
2449 20.14182940844641
2450 21.780917673246982
2451 24.415197802979524
2452 24.25753439941695
2453 23.47395484276403
2454 24.068883810912396
2455 24.96942772884482
2456 23.03028844019373
2457 25.093157715212
2458 23.453881432073167
2459 24.066914292172726
2460 19.448728684483356
2461 21.882367399066535
2462 23.104180439306294
2463 23.710275793254393
2464 20.58903874388306
2465 23.281505166783813
2466 24.24035085040274
2467 22.914064721488423
2468 24.99868899858619
2469 21.83930449601053
2470 22.338339479868306
2471 23.709056164231185
2472 22.460534060677755
2473 21.737265606187933
2474 21.87303422026769
2475 23.89104743695619
2476 22.791044718360546
2477 22.64147799456319
2478 22.9332578093757
2479 23.551206341798096
2480 23.41770088436296
2481 23.74424083088231
2482 20.312287472821804
2483 21.126076683281223
2484 23.35295877626658
2485 23.50410501613009
2486 22.69537619578974
2487 23.815622269348477
2488 22.991372411549083
2489 23.317532084106464
2490 23.051019868676683
2491 19.548438065052714
2492 23.109907585036865
2493 21.241410174353042
2494 20.966265074622903
2495 22.10300988441098
2496 21.8424872258916
2497 21.104580228239172
2498 21.258217543476476
2499 21.782263934519086
2500 21.508598588296028
2501 23.19827918576969
2502 23.683422386193747
2503 22.42624499294818
2504 21.690544295598105
2505 21.484459721780212
2506 21.3918816653488
2507 21.74685987731025
2508 21.17988740439047
2509 19.54639710436263
2510 21.05321005281354
2511 20.25258212794477
2512 19.462847952318093
2513 18.502892795950558
2514 24.454411966559885
2515 19.95770851062022
2516 22.98637174541462
2517 20.290033081013654
2518 23.163513200696883
2519 22.37078033395913
2520 21.81546165773481
2521 21.807719986022754
2522 22.011417196976648
2523 23.880784796370893
2524 24.37431704603501
2525 23.999195925660818
2526 23.865265480673845
2527 22.934233745238956
2528 24.763896153675013
2529 22.120835339465724
2530 23.05828945416408
2531 23.08620274464991
2532 19.774573597090985
2533 24.543426998306614
2534 21.510841928177346
2535 22.60708394577433
2536 23.536319811519558
2537 24.08447808642406
2538 23.531380830869338
2539 22.800223865013013
2540 23.11244001131136
2541 21.545143197434673
2542 23.137218166817625
2543 22.213123786099512
2544 22.50876338342947
2545 21.675041340614563
2546 22.056960615672114
2547 22.057282297321926
2548 21.252534895912923
2549 23.315997733133276
2550 23.37530931524931
2551 22.561057636414702
2552 23.17128950499574
2553 23.560734892172054
2554 24.443058516083596
2555 24.51315620072494
2556 24.076834353624456
2557 23.97383200477331
2558 22.84979145861441
2559 24.18611800654869
2560 23.4541305095249
2561 23.128045869075446
2562 22.61551455222748
2563 24.07068135659259
2564 24.16963868442145
2565 20.158080231755008
2566 23.353528643948177
2567 22.804754190461946
2568 23.003504205473043
2569 22.31446146744973
2570 23.921867098071864
2571 21.74371548534004
2572 22.76046651868454
2573 22.67359481942772
2574 22.539030557820144
2575 22.441944865979984
2576 22.82500798129847
2577 23.283177756283617
2578 22.85391383025124
2579 22.490174767820424
2580 24.074514689179807
2581 21.34818438973246
2582 22.58659054056918
2583 22.351239341152795
2584 23.01275736524918
2585 21.754428014792317
2586 23.010110657719107
2587 24.46908415190126
2588 23.802939116622024
2589 21.968660484880637
2590 23.954641778505575
2591 24.083725886112145
2592 20.233248109004876
2593 21.102489182436535
2594 21.68045503877985
2595 20.810121408579093
2596 20.26206825906221
2597 19.97868746481606
2598 22.142924038394547
2599 23.12042945370602
2600 21.52412471495773
2601 21.51647086812582
2602 21.793850684356336
2603 22.269365560319734
2604 22.78424030771421
2605 22.933795225486104
2606 23.730896206446833
2607 21.372111944179466
2608 23.097174402430902
2609 23.284379957191476
2610 22.83623824185376
2611 24.251041204631594
2612 22.99582130718952
2613 23.29179783579149
2614 24.279238103668185
2615 24.65644797992597
2616 24.881561571744236
2617 23.935411024834053
2618 23.98318185069941
2619 25.118820329775456
2620 23.702609266778197
2621 24.173682507881445
2622 23.207125594721987
2623 23.000552880585982
2624 23.911805396689516
2625 22.591356255059132
2626 22.922620320222293
2627 21.96206099669214
2628 24.747289648491023
2629 23.877011732034877
2630 25.070552806262185
2631 24.171725394550702
2632 25.367332929801705
2633 25.881207971991635
2634 24.307168297934144
2635 24.569235892458046
2636 24.087910110443055
2637 22.844187595469347
2638 24.90500274223347
2639 26.23436468519609
2640 26.302127155367657
2641 27.228768891555585
2642 23.954431165624804
2643 24.283497546009027
2644 25.441844283257392
2645 24.315934561753913
2646 23.972351867177238
2647 24.573540676124278
2648 23.3942263752456
2649 24.964806311093543
2650 26.193920888501946
2651 24.925264750124228
2652 26.185795162963615
2653 24.86288781877746
2654 25.130791603581233
2655 24.23699885797347
2656 24.9423605976271
2657 23.378365491509285
2658 27.540264575660633
2659 25.788361162238306
2660 24.61288562156121
2661 26.027540220620402
2662 23.46816678940181
2663 23.775905316915967
2664 24.136477950075747
2665 22.77007656280921
2666 22.906770720090613
2667 23.256809388927834
2668 25.46681838456168
2669 25.62860844734599
2670 23.6065969567654
2671 25.12008644942665
2672 24.19677188711766
2673 25.359890276314328
2674 24.516987290676163
2675 25.154221011137125
2676 24.8547987206865
2677 24.72231242990439
2678 24.756313842569003
2679 23.367682097717704
2680 24.200726178144745
2681 23.374141751549157
2682 22.270200964025882
2683 22.92559987342277
2684 21.607564105921856
2685 26.538737516871688
2686 25.10407767945636
2687 25.80979262099159
2688 24.496290015012452
2689 23.56819015025281
2690 25.420356291368627
2691 24.10902115817793
2692 24.608634237674153
2693 24.862686034614168
2694 23.675721589322027
2695 23.83194302521873
2696 21.912842725253434
2697 25.8549666329527
2698 23.404355147976027
2699 25.453889785683263
2700 26.36933584141459
2701 27.48842867110264
2702 29.25981710928425
2703 26.484264824566576
2704 28.935530683372846
2705 28.795039972754083
2706 28.513429512042098
2707 28.224380458361665
2708 27.211786116945756
2709 28.193880892572764
2710 29.3135873868078
2711 27.381317599619347
2712 27.186235325965217
2713 26.851093321834316
2714 26.548386642087692
2715 28.645207098814595
2716 28.963748815753807
2717 28.905776308778094
2718 27.086751935924045
2719 28.116238491100432
2720 29.01753356579389
2721 28.831168306187834
2722 29.657461311416338
2723 28.857884626050062
2724 28.831797002414405
2725 27.90294913376273
2726 29.145320823632677
2727 28.758205350396942
2728 27.954664928631416
2729 27.926563010028037
2730 27.903505557653787
2731 29.354875261330868
2732 29.14932209874334
2733 27.50751312652213
2734 30.589605405970516
2735 28.362433559671228
2736 28.257931952054335
2737 30.012105669983175
2738 28.59771397363015
2739 30.328964087294953
2740 27.991947673157576
2741 26.52748549527531
2742 27.372743200076357
2743 28.54079479434232
2744 28.407221633795665
2745 27.241154187687926
2746 28.787487894206187
2747 28.7979791651219
2748 27.90865441135293
2749 30.51963335564513
2750 29.092341954811445
2751 30.026522985756063
2752 28.470778213279537
2753 28.81947073355851
2754 29.90365431076579
2755 28.6519339937737
2756 29.259192593530468
2757 28.976069898310623
2758 27.866204606650474
2759 30.37913092188504
2760 26.777111508555308
2761 26.44706702174628
2762 25.52018160617919
2763 25.395216871742495
2764 28.322248377289867
2765 28.791958965449606
2766 28.78837440419674
2767 29.136057224473838
2768 28.307719821418132
2769 28.149365917647575
2770 27.059896551697236
2771 28.532674847833324
2772 29.01799904143235
2773 28.71122849948268
2774 28.625017141172407
2775 28.333321800638114
2776 28.94996568183017
2777 26.694239289257297
2778 28.557851021324225
2779 27.835039822944918
2780 28.550204978995872
2781 29.516147238310843
2782 28.830032786954376
2783 28.789398316181572
2784 28.527567030681407
2785 27.929762414564184
2786 28.689378022093674
2787 27.311885798777556
2788 28.603800374591284
2789 28.588239283748624
2790 27.991140001666434
2791 28.892569935130314
2792 28.774363514692602
2793 27.973261548445286
2794 29.457517509932323
2795 27.998120855054566
2796 27.207023488254933
2797 26.82174814135361
2798 26.337384820065076
2799 26.262654550730893
2800 26.957770079496896
2801 28.246299429089134
2802 30.572947315198665
2803 27.947615627505773
2804 28.735109170150498
2805 29.291215204392454
2806 30.03256059525388
2807 28.667789253019794
2808 28.992894303665643
2809 28.103163257704058
2810 28.164569475110508
2811 27.958099774007813
2812 26.80854890660547
2813 26.786302269387267
2814 26.20435392634783
2815 27.471817469122417
2816 26.236743004495406
2817 26.664758411646414
2818 27.448995290577912
2819 28.314349167013297
2820 27.58145362293055
2821 28.424009612425024
2822 28.82030894916698
2823 26.982746586333654
2824 25.143180256716516
2825 26.258041368700553
2826 28.243623294676766
2827 29.359362005193514
2828 28.362659980011536
2829 29.842479052233198
2830 28.335166763480192
2831 28.242267217130617
2832 28.045934847524347
2833 29.240390977295576
2834 29.54310352058638
2835 30.63189150154336
2836 28.497773631839696
2837 30.677838599206396
2838 27.878958830418096
2839 30.307288642668492
2840 30.889502922003786
2841 27.800476324160886
2842 28.404266606610072
2843 30.043998035896784
2844 32.06499176682007
2845 30.313520356489065
2846 29.628091790830965
2847 30.584883958447833
2848 32.133657027823126
2849 29.29468232156655
2850 32.363526719799424
2851 29.522566189605094
2852 25.70065510754291
2853 29.371131154437393
2854 33.16593332013535
2855 31.890198863460753
2856 33.5601401892407
2857 28.726147600775228
2858 30.067268725145837
2859 32.09545911765789
2860 27.164229930942213
2861 25.02169631083738
2862 25.207013684037225
2863 29.718307929871106
2864 28.763600466690473
2865 31.30397546397698
2866 30.15060695709187
2867 30.20688072922952
2868 32.96010845766105
2869 33.244939600936235
2870 36.52103330121831
2871 28.97422404548236
2872 30.855109470726894
2873 33.415807566367846
2874 35.77194590679639
2875 35.8491913859587
2876 32.15140686046776
2877 34.308390434402426
2878 33.34075166373337
2879 26.003922401494158
2880 27.47861321283111
2881 30.26562526176655
2882 31.838858803949208
2883 34.94022639563196
2884 35.60209642919674
2885 33.5292993135226
2886 34.76916614242486
2887 33.691312549326874
2888 28.840860478637047
2889 34.83580481147103
2890 32.076849772063646
2891 32.1331721624187
2892 31.89298883503572
2893 28.092463910965126
2894 30.167702008646668
2895 31.594698273452874
2896 30.23421483938961
2897 27.614896455096066
2898 34.70806784113867
2899 33.69399618482894
2900 32.93469844654186
2901 35.009885264048265
2902 36.26164501374405
2903 35.89431328896291
2904 35.47445515209551
2905 36.247966869929314
2906 37.38993366587595
2907 38.366588856016534
2908 35.868731434013796
2909 32.9117552072171
2910 33.02704733599826
2911 35.74417593026059
2912 34.62874999511055
2913 35.216630088758336
2914 37.11760433395911
2915 36.93097411047788
2916 34.95534449546592
2917 35.62266817135602
2918 35.59144496705893
2919 33.47103630757141
2920 35.39938550068807
2921 35.636945810688196
2922 32.769768578765245
2923 29.859277825000408
2924 33.157289543114345
2925 32.70368120029175
2926 30.96852565873692
2927 29.836092131560314
2928 33.090110959063516
2929 26.104525237941598
2930 27.260059032362612
2931 28.970727644853884
2932 29.33493114059856
2933 27.998032622894055
2934 31.803611852310617
2935 30.51421554582264
2936 30.26472370424335
2937 34.043093986207865
2938 32.07829760348566
2939 32.31127737183434
2940 33.77987803905321
2941 35.16249808050651
2942 35.826333571110105
2943 34.06867130171071
2944 29.420749076161353
2945 36.2887114140133
2946 35.02001791251547
2947 29.897892401396778
2948 31.458496887423298
2949 28.878781870411864
2950 29.159271940815806
2951 28.99554288668817
2952 25.51698616151155
2953 31.789194342048674
2954 35.76836750580823
2955 34.52051486443661
2956 29.626098228528374
2957 30.12074655372615
2958 30.566913058450492
2959 32.19024475635168
2960 29.747993626130736
2961 34.10298080357155
2962 35.18271586220665
2963 34.25126765294666
2964 36.80223524801856
2965 34.924098324910645
2966 34.32327612990333
2967 35.32939584128636
2968 37.06354828211952
2969 34.13570173012554
2970 36.02570861424478
2971 37.35427063019674
2972 35.55341194100821
2973 36.80478293799669
2974 35.65069426078188
2975 37.57024369013339
2976 35.4850453608242
2977 37.36490175477051
2978 37.07761444109307
2979 34.475695757821946
2980 34.63297095262082
2981 35.30270745339631
2982 34.79201388322758
2983 32.79828643909748
2984 32.161377679346685
2985 30.23294613543739
2986 33.419926283987785
2987 30.656857588820007
2988 31.44166388736485
2989 33.182381236286204
2990 32.84659726588203
2991 31.87896921906156
2992 35.983810811272214
2993 33.692290238992044
2994 36.76994843355788
2995 33.209338501842055
2996 32.452587610182086
2997 33.713455639131226
2998 36.43970639965819
2999 36.128366608410694
3000 34.86478365515
3001 36.34263458678449
3002 36.796000215890615
3003 36.928609782790886
3004 36.56781928633277
3005 33.76616535039346
3006 33.11904912085952
3007 34.38770873114792
3008 33.30421258815404
3009 32.48558489148094
3010 33.76516635884917
3011 33.49181122022289
3012 32.25076632130392
3013 32.499984804262404
3014 32.341073727450535
3015 29.946723313311903
3016 30.77098798282432
3017 27.605613160540496
3018 30.43579166641888
3019 31.903933783613148
3020 28.42773377807335
3021 27.57637411597481
3022 28.83777892630029
3023 28.942646866335675
3024 30.191476443851954
3025 28.600207105994553
3026 28.620749915139893
3027 28.46799389437657
3028 28.149334629632296
3029 28.617091030898795
3030 25.26546838824135
3031 28.554544565145818
3032 26.6544088918873
3033 27.513598196211902
3034 26.535831507882094
3035 25.4077229573916
3036 28.79541540705861
3037 25.964117691915853
3038 26.694350709508985
3039 25.8551838737179
3040 29.529652065266585
3041 29.7201496249385
3042 34.45116752167689
3043 34.13950037245971
3044 30.591398542745445
3045 30.143606740088803
3046 31.830678759213427
3047 31.016415045924425
3048 32.52000078663516
3049 30.324520666751596
3050 31.0402144614421
3051 31.951482492693177
3052 29.269661885072406
3053 28.264542777822168
3054 29.236082582559092
3055 30.30610389769736
3056 33.01687432361865
3057 33.10258361911911
3058 34.54889514712324
3059 34.213406263664524
3060 31.384892580470368
3061 29.21614741887338
3062 30.2970880422784
3063 31.109384903451605
3064 29.092404493909807
3065 29.530095122508673
3066 30.37822041440713
3067 29.78159167440911
3068 30.653347679636006
3069 30.211006735501755
3070 30.82636498506224
3071 30.482511993684962
3072 30.713854178447605
3073 29.024941003338167
3074 29.50251280145077
3075 29.95824216919017
3076 31.36862337291958
3077 28.989991809887858
3078 28.219987991191697
3079 28.597971617683292
3080 26.985025730515154
3081 27.19371305506267
3082 27.668267418840408
3083 27.000026956304907
3084 29.37796634816062
3085 29.975720777307984
3086 26.77480031559242
3087 29.32298729701825
3088 29.750308695242296
3089 29.69553380021121
3090 29.655095745595638
3091 28.967528882413962
3092 27.577537852673064
3093 30.716841978531534
3094 29.030948699053614
3095 30.054948059149748
3096 30.65987777690596
3097 30.89491162827212
3098 30.130012347818273
3099 31.306584349021765
3100 32.413229730989165
3101 33.19801880167077
3102 31.33991503618257
3103 31.45519576114168
3104 32.59149802366432
3105 31.313879728736932
3106 32.6483084218796
3107 31.220384320199003
3108 30.412901988329665
3109 32.29537434716702
3110 30.68691835997911
3111 30.901919096971014
3112 30.691864719963476
3113 31.387580819874476
3114 31.72708882583712
3115 30.340911216053325
3116 30.887100375672347
3117 29.720077283254003
3118 30.02422595673213
3119 30.25887829488837
3120 30.696207992115617
3121 30.460013229708203
3122 31.146867162686423
3123 30.378993917335595
3124 29.093048226801695
3125 28.571088625549898
3126 27.654214735316298
3127 28.797286791368943
3128 28.424545038586608
3129 29.149497742031407
3130 28.50356504143754
3131 28.206527970936342
3132 28.747827351247263
3133 27.945684063591397
3134 27.255499663852977
3135 28.426338791427035
3136 29.001648977187894
3137 28.698624633053793
3138 30.142038356402608
3139 29.76441348353657
3140 29.063104407463314
3141 30.017457372579536
3142 29.39425686546693
3143 29.70890085542707
3144 29.665757951905018
3145 30.73531248076297
3146 29.44717387334854
3147 28.441704256900636
3148 28.92713766403764
3149 28.587233843419945
3150 29.225352508847745
3151 28.793701847607572
3152 29.823297200583657
3153 29.756691722188688
3154 28.986686405796455
3155 29.02890652935317
3156 28.894232535189634
3157 31.07712212537331
3158 28.92273689945413
3159 30.4395685511731
3160 27.548262427228483
3161 28.532667467615404
3162 29.53475278742124
3163 30.287166038016835
3164 31.270371499339024
3165 30.467301671456784
3166 30.317525220339295
3167 30.16619446509049
3168 32.54340764402585
3169 30.449355842332114
3170 31.685461622370706
3171 31.8403095521696
3172 32.52922047668189
3173 31.827202365376202
3174 31.754470569618086
3175 30.815358488445547
3176 30.682982845607647
3177 31.82226278559106
3178 30.302710784112065
3179 31.596301164212644
3180 34.050477955694774
3181 33.88149331527655
3182 33.89314122761189
3183 34.23909341672856
3184 33.671539704229005
3185 31.72481022049975
3186 32.042032884406034
3187 32.54369538934887
3188 32.25220042982137
3189 32.63636405561767
3190 31.939224551301287
3191 32.68985130568321
3192 32.11329323341064
3193 31.123285284916612
3194 31.915677857155693
3195 32.28871755534936
3196 30.715164757720114
3197 31.70229186077288
3198 31.714542527380072
3199 30.933252937406348
3200 29.612978768623414
3201 30.592969168017962
3202 30.856510597036927
3203 32.21251303513773
3204 31.88583903136912
3205 32.09054589762761
3206 31.842205347910685
3207 32.97596251421047
3208 31.6832345312658
3209 32.019212555457116
3210 31.603195225610452
3211 32.883763635196146
3212 31.763042371543058
3213 30.321647026198953
3214 31.23500374662335
3215 31.84815848289998
3216 31.17921817002681
3217 30.63359724127928
3218 29.16505845747998
3219 29.955507647435333
3220 29.994405591887553
3221 29.687803384450635
3222 30.250339042693774
3223 30.41764530426294
3224 31.426890214128523
3225 31.066908769158594
3226 30.4186403969657
3227 30.480783075802346
3228 31.429709420871866
3229 31.712822841376155
3230 31.511503462619753
3231 33.138057873762435
3232 32.76106566827978
3233 33.78219428543051
3234 33.80569642133857
3235 32.84693827331043
3236 31.680383401199787
3237 32.6168498673585
3238 32.317290995583896
3239 32.2218944697777
3240 31.90132261207131
3241 30.80085135281858
3242 30.13265972098083
3243 29.727920803447613
3244 31.747787387075938
3245 30.632157349466414
3246 31.456015604822465
3247 30.19700326473982
3248 30.443163386678037
3249 31.85720395575052
3250 31.3945308931564
3251 30.74658428007034
3252 30.4887532722916
3253 32.012810192843595
3254 30.9926683658859
3255 29.064066252529237
3256 31.23991380540487
3257 30.14947076053244
3258 30.189608338714034
3259 30.399074646620104
3260 29.874444467348745
3261 30.626838683047186
3262 30.890043130451268
3263 31.096159624681746
3264 30.96020335187502
3265 29.900239496478882
3266 28.97933639803957
3267 28.711389734960367
3268 29.935192254339462
3269 29.8911953934333
3270 31.103244823291444
3271 30.446241965298455
3272 28.30368729408223
3273 29.601547734186354
3274 30.694657050176996
3275 28.976339474805
3276 29.287808333087288
3277 28.811812261474227
3278 28.43971998932863
3279 27.829361207509024
3280 29.977794063559298
3281 29.80558482712024
3282 29.251580098673568
3283 26.030840156358682
3284 29.01732349648815
3285 30.518505600356765
3286 32.35702099744812
3287 32.15883560426154
3288 31.178442308912672
3289 32.505858725706716
3290 29.736050961583803
3291 29.82083611818718
3292 30.580300667197882
3293 30.28109405133641
3294 29.392926003485307
3295 30.85907950580583
3296 30.311939422723135
3297 29.93173487620353
3298 30.03579135467648
3299 29.398165594262554
3300 28.90858249505363
3301 28.0374809705227
3302 28.123219531317794
3303 28.441777540959098
3304 29.686361790708588
3305 28.3295997302664
3306 29.1910619279505
3307 28.708251927252594
3308 29.35806977452091
3309 28.23888263942289
3310 29.87053174067149
3311 30.041452819955357
3312 28.683871786198683
3313 27.026077067973688
3314 28.964601741921136
3315 27.825592178446584
3316 28.568988918565562
3317 27.56393288249107
3318 27.200148711613245
3319 25.849289977165054
3320 25.158553934283045
3321 27.070432874237085
3322 28.3446165588951
3323 27.788880109704763
3324 28.758781185083976
3325 27.769104357059142
3326 26.641467421129516
3327 26.070191972801297
3328 28.44396324418132
3329 27.95093836980394
3330 27.59243603483977
3331 28.054856949590576
3332 28.119154356402973
3333 28.63754350729925
3334 29.877266655930804
3335 28.90340550278173
3336 29.601759118261835
3337 30.085854965777447
3338 31.132739093095235
3339 30.875223647718883
3340 30.259570338345878
3341 30.016636765218028
3342 30.300409552700113
3343 29.13412357749092
3344 30.15339105619254
3345 29.706335789547843
3346 28.648104144897637
3347 28.833776726094904
3348 28.41932540291602
3349 30.016367119815342
3350 28.812052822154225
3351 28.744590417900596
3352 28.736059761584674
3353 29.451167157087824
3354 30.913728869950344
3355 29.48054907066196
3356 31.636206600742636
3357 31.264973313922386
3358 29.578439900265277
3359 30.97678835067074
3360 28.97910092082757
3361 26.183894116962538
3362 27.464208731859607
3363 28.22918660115322
3364 30.73623275630497
3365 31.44057267111599
3366 29.61806019027607
3367 29.400230951350334
3368 29.83315944292237
3369 30.265290062746622
3370 30.22310310342141
3371 29.458317632710074
3372 29.435869475778613
3373 29.941400899380376
3374 24.72154454507687
3375 26.02193493937358
3376 29.129520050506365
3377 28.38791610637326
3378 27.481828280328156
3379 26.052060449193945
3380 26.897159535614414
3381 28.315732930025263
3382 30.0265176010611
3383 27.90101125160417
3384 26.777312360658648
3385 27.164601280450608
3386 24.956706117103234
3387 27.190531907429666
3388 28.373040790587613
3389 28.238300795591442
3390 28.63454955839032
3391 26.620299315142717
3392 29.694502019683995
3393 28.967285694697207
3394 28.63427698852388
3395 27.96180667197501
3396 29.087641855089643
3397 28.632040085559243
3398 29.548173812594072
3399 27.42699940589844
3400 26.580168560577047
3401 26.486652311348276
3402 28.450458651153
3403 32.93637813102843
3404 33.45975834656075
3405 30.776052438226518
3406 32.89328261216033
3407 31.644468436704855
3408 31.694753102157474
3409 34.550632482544536
3410 32.35379979788704
3411 33.66958473976103
3412 34.36898126816733
3413 33.85848861597459
3414 34.909318160624764
3415 34.19214684011368
3416 32.449778430200446
3417 33.71762153527218
3418 31.434200874488692
3419 32.47110751343744
3420 33.292329583743594
3421 34.56285728824845
3422 33.01650338008249
3423 30.230217835970628
3424 30.7391550150725
3425 33.18711195059982
3426 33.78055030275252
3427 36.03264886635803
3428 34.6465030809991
3429 33.93858432022553
3430 32.535153200836554
3431 32.303419432441196
3432 33.70711132375298
3433 32.76570879989928
3434 33.68935763250913
3435 31.617868239648466
3436 30.86600565389505
3437 34.712250816586234
3438 33.71283171324012
3439 33.917763816026905
3440 31.92119340367707
3441 29.98115330496566
3442 29.273148505661084
3443 27.49416679589155
3444 29.12194453103154
3445 28.579359647920025
3446 31.907683668044637
3447 31.755976174856038
3448 32.94817164357687
3449 31.767511601240802
3450 32.216638602883826
3451 29.089544568924175
3452 32.16376986356832
3453 33.67392412254884
3454 33.75771319639834
3455 31.703085424408894
3456 29.70468299474511
3457 30.925102798057072
3458 29.638368481666326
3459 27.588046149676305
3460 29.75787816553944
3461 31.686761422713253
3462 29.090769263595085
3463 31.639403433502434
3464 33.15294687895069
3465 27.001330148442417
3466 32.626367352779646
3467 31.714276378399276
3468 28.19984037432749
3469 28.056332066536214
3470 25.963642091994398
3471 31.55381854722231
3472 32.02396528296366
3473 33.81849009506409
3474 33.55538995979347
3475 33.45340637872235
3476 30.26656429428419
3477 30.728493865717994
3478 33.43762855617614
3479 31.132337027913742
3480 31.864922114429326
3481 34.65264744197139
3482 31.555164998554403
3483 27.969491074304194
3484 27.70521018182219
3485 28.316911479404737
3486 27.21097155378061
3487 29.348092030833943
3488 27.66049230425755
3489 30.011519214294267
3490 30.462318316207313
3491 30.776628704318522
3492 28.826940940311527
3493 27.54486880324133
3494 31.98146458717668
3495 32.67503721470633
3496 33.70691957343716
3497 34.446596963658386
3498 34.17988884257806
3499 32.30343582761834
3500 33.03437666771706
3501 34.1006369396702
3502 34.19889085128985
3503 35.078521620898265
3504 36.52014406336795
3505 35.89353841928159
3506 34.90124711509996
3507 33.906274954606026
3508 33.05242409809601
3509 34.151715598269504
3510 33.673613051188234
3511 32.94544529565299
3512 32.08633626886662
3513 31.847421606859708
3514 32.720644846767506
3515 31.9973655681067
3516 33.12094392168557
3517 33.20429941397353
3518 34.1482034456527
3519 34.35260587906559
3520 35.4629947018751
3521 32.733985125820816
3522 33.75973478999625
3523 34.060470938394545
3524 32.18890692830317
3525 33.987311920509946
3526 30.731471200991592
3527 33.65037853704942
3528 34.17806556183117
3529 35.553067758259076
3530 32.00606331659545
3531 30.474742790007074
3532 30.624491169044433
3533 31.517752691700284
3534 26.72679287252837
3535 28.050503598758116
3536 33.57345975545562
3537 29.772284420014092
3538 33.6690629413271
3539 34.85152430515802
3540 33.12331978764216
3541 33.20674990332374
3542 34.63773122062064
3543 35.48543578580286
3544 30.277701237901795
3545 32.1940658634304
3546 35.05088041092827
3547 31.15948512010742
3548 36.106137179851544
3549 33.988754149250205
3550 34.58580108089949
3551 35.031372981627975
3552 34.37336290122485
3553 34.94360157594079
3554 35.94813232039825
3555 32.36805472406297
3556 35.98443029824435
3557 32.25575052065272
3558 32.64719898230288
3559 29.978641232220387
3560 33.75156551807133
3561 32.25421360247698
3562 30.48682607216184
3563 33.05577210209718
3564 32.184163746907096
3565 32.9151240558311
3566 30.00602196055219
3567 32.77582270333574
3568 30.87702772650216
3569 31.1832708565242
3570 29.8996501836314
3571 29.230529191939727
3572 27.31359504506833
3573 26.424558409207624
3574 29.682493976113193
3575 32.399453113367564
3576 33.70773416015891
3577 32.366131974959515
3578 34.69252338476664
3579 34.12609758123049
3580 30.05814712514467
3581 32.97822283012558
3582 34.30035120401163
3583 34.79319261885159
3584 34.09726678829656
3585 34.296207826743384
3586 34.60313952787497
3587 34.72739971620704
3588 31.393141720050643
3589 32.244545545411555
3590 29.60473959652564
3591 30.19627023404398
3592 27.57754762198958
3593 25.498018309362113
3594 24.7766045626677
3595 22.698127295464936
3596 25.952638270044353
3597 25.38052496767884
3598 26.341087518746516
3599 27.561376264892818
3600 25.057829991954872
3601 24.992364990384665
3602 24.35808505851789
3603 23.63732273423191
3604 27.446911502294018
3605 23.684736527791447
3606 21.726730749024004
3607 23.024662624080378
3608 23.331699847100023
3609 24.372149072059297
3610 28.531563924771586
3611 25.05290524512774
3612 23.458896251807804
3613 21.340289992961605
3614 23.05299330652564
3615 19.94454286898442
3616 21.370372856718234
3617 22.09949461650194
3618 23.032318457093513
3619 22.09879920856107
3620 26.277672319725244
3621 27.439316438719857
3622 25.914211785740434
3623 23.9352176508626
3624 21.692834791393132
3625 21.725436943480663
3626 23.088669075325953
3627 25.323832441284157
3628 23.97101948912324
3629 21.767974109790753
3630 21.529393263656132
3631 21.082755154432697
3632 23.561086531359745
3633 22.82058973495055
3634 26.827907291998446
3635 22.323980005593928
3636 23.844463238202653
3637 24.24350405914071
3638 23.072807507671115
3639 24.79556450313903
3640 19.47076657746096
3641 20.756815880854038
3642 21.552047246181218
3643 22.773158717874686
3644 26.545817539017285
3645 27.6328848689294
3646 27.670884942151346
3647 27.809383224075106
3648 24.280916332444974
3649 25.022909703351868
3650 29.464860663082757
3651 24.777452919872697
3652 22.92970643752128
3653 25.617112269553797
3654 26.579786872555065
3655 24.887302034887302
3656 26.73473920995705
3657 25.946434052468444
3658 23.04287026497669
3659 22.641672457802688
3660 23.53556200130427
3661 22.59236521402321
3662 20.339947490569767
3663 21.41289399523432
3664 22.431385488763308
3665 20.874465150187635
3666 20.773909818139312
3667 21.823707317722914
3668 21.916228720850224
3669 19.73543865256731
3670 22.026037109690265
3671 20.71994532868866
3672 18.87876840785601
3673 19.077347632735844
3674 19.10608304641605
3675 19.714912962251425
3676 22.87065349464804
3677 24.42439847988363
3678 21.157533164795247
3679 21.781309535275415
3680 17.28054961293126
3681 19.08637784753826
3682 20.01657251535759
3683 20.617435271994733
3684 22.46302085568982
3685 20.518261703276416
3686 17.801332939518947
3687 17.855567311227265
3688 16.630711915727574
3689 20.423858636463486
3690 19.057511662411702
3691 20.969745479962853
3692 20.490687594292645
3693 19.852033521367897
3694 20.221250687812176
3695 21.627453148465786
3696 18.26830468579115
3697 17.662484124201214
3698 24.26300100038534
3699 21.925762014374136
3700 23.358171620016464
3701 22.40441062065263
3702 21.30193743094364
3703 19.568872688431323
3704 19.3574014515022
3705 21.054280334109915
3706 20.514294573871645
3707 21.055570380703355
3708 21.011269748527404
3709 18.605475804378642
3710 19.506814057602863
3711 20.628650998099793
3712 20.771901938092974
3713 21.565944091453897
3714 19.91688350964991
3715 20.3512480005847
3716 22.59243835029292
3717 21.040545210646542
3718 21.064187224939975
3719 19.696672178877456
3720 17.453311819520472
3721 20.084108473327387
3722 21.952079734279923
3723 20.34716814602343
3724 21.614169115790453
3725 20.522074749853832
3726 20.501745368905926
3727 19.501022872233328
3728 18.522870897927202
3729 17.46611051722979
3730 19.451614440207276
3731 20.044614829600466
3732 18.986610781091255
3733 17.919088825920742
3734 19.559526591825204
3735 19.063676958095897
3736 18.944266733621852
3737 18.586720548544953
3738 18.04921568348487
3739 19.185439693850462
3740 18.288979688065243
3741 24.881301686007696
3742 22.54794766159465
3743 19.653327238859116
3744 19.519261907944454
3745 18.24998843994053
3746 17.987723121686663
3747 17.998111145098953
3748 19.83333239715965
3749 19.36001765242518
3750 21.358541438421444
3751 21.825608028023257
3752 22.90358522314199
3753 23.05873688387507
3754 22.297778694745965
3755 20.272316460155707
3756 21.606440169599157
3757 20.630480305220008
3758 22.71302838195412
3759 23.773351572422637
3760 25.756701728770583
3761 24.8300657621005
3762 21.731153314833758
3763 26.056537170745962
3764 22.585074825910937
3765 23.72314888990565
3766 23.805280765128305
3767 21.97585338771338
3768 26.042237432957464
3769 23.889458045673774
3770 23.357726047667015
3771 24.591302562715004
3772 21.879469335282536
3773 23.921761031314407
3774 21.536181785904862
3775 22.63871937907684
3776 24.63140474799982
3777 21.188755435950792
3778 22.39078891013636
3779 22.394626611628972
3780 20.29819256370288
3781 24.288764774550618
3782 23.43576199571599
3783 23.227874072438464
3784 24.28935529912689
3785 22.760157385484785
3786 26.682258959025162
3787 23.218145616924833
3788 22.282025802192116
3789 24.266310835874965
3790 21.56221407780062
3791 18.792607638766903
3792 22.031785954529894
3793 19.992329712070294
3794 20.566319800092007
3795 20.70876643686186
3796 20.72987039484252
3797 20.38463321979929
3798 22.451600582643596
3799 24.99976436900719
3800 22.564020256616644
3801 21.474449768691397
3802 25.441233136023108
3803 26.912819958902222
3804 20.059733246983594
3805 21.47858741164753
3806 21.274744206578678
3807 22.32308506130178
3808 23.117829006525277
3809 22.433586447257362
3810 24.45236113392518
3811 23.89754672125274
3812 25.061497014139743
3813 26.607825564394908
3814 31.192693620799254
3815 29.240128910497255
3816 26.819214490046168
3817 29.591108254799025
3818 29.037329602219092
3819 27.477283457563946
3820 28.74768573719937
3821 28.726362047060658
3822 28.473790268599085
3823 28.958393159516366
3824 31.783758216689414
3825 26.78454352714291
3826 29.500838962379685
3827 28.155627719749308
3828 24.702726094531986
3829 28.054159982085086
3830 29.06737959928306
3831 28.23197037385561
3832 28.897169943235586
3833 28.264680675496184
3834 29.797685007795792
3835 30.184386746956008
3836 29.838516766040062
3837 28.301843783000585
3838 27.73738934339891
3839 29.169096641847222
3840 30.159839196070347
3841 30.428340623024095
3842 27.62452607368976
3843 28.815593676802482
3844 28.169549244887033
3845 26.367354461509144
3846 29.17999038507973
3847 30.013649731661694
3848 30.35572736753091
3849 28.963128437020398
3850 29.265881342362963
3851 32.730401141526755
3852 28.140027247283957
3853 29.23289101173042
3854 30.031792138656254
3855 27.804781953107582
3856 29.067100504336388
3857 28.48067135228525
3858 29.281138975785737
3859 30.24084031930765
3860 27.977748417165728
3861 27.044905828144916
3862 28.096266719344644
3863 27.42779864671651
3864 27.601530177947403
3865 29.72341744483729
3866 29.012616813428735
3867 29.349895089009518
3868 30.55242913950682
3869 27.73639629721977
3870 28.309407343400995
3871 28.425752699148877
3872 30.642089996869966
3873 29.809467111130825
3874 28.404086170266623
3875 27.323411506349302
3876 29.279017238227162
3877 29.446320738668994
3878 30.987734957131877
3879 28.466214019227436
3880 28.647841007338602
3881 27.98448493956749
3882 34.02515949323517
3883 33.44130140190723
3884 30.09587439571592
3885 28.286180477072953
3886 26.90280240472753
3887 32.097585636884006
3888 29.945095533116337
3889 30.02367611085455
3890 30.57142042559506
3891 31.92543449097894
3892 31.174029506576566
3893 29.170052978761298
3894 29.262214512622325
3895 30.395321378243608
3896 32.01558538842741
3897 32.90186095925723
3898 28.048221869264204
3899 28.86307084662887
3900 27.832023780592746
3901 27.676883626488372
3902 27.066682768806736
3903 26.235612166927936
3904 26.874257589531375
3905 26.255201619002065
3906 27.12683139760779
3907 26.79890344027704
3908 29.083974754492377
3909 28.420339738077228
3910 28.547728931858007
3911 25.627532709552007
3912 25.78344584552648
3913 29.290046194398677
3914 30.515097959218792
3915 24.53163372977066
3916 25.11890527605596
3917 23.986192925429766
3918 28.87834457503274
3919 26.74251013730047
3920 25.3156810581956
3921 24.676445282420985
3922 21.897126913839507
3923 25.826930232748644
3924 28.41350473879021
3925 27.67081103301015
3926 28.826830903320687
3927 25.447174915115788
3928 27.690275293583095
3929 28.97909115968887
3930 27.410222884381678
3931 26.70775345792588
3932 24.86635781277289
3933 26.566289848780954
3934 27.4746439371989
3935 26.65585594375925
3936 24.999188277351546
3937 24.983319328599332
3938 24.07530516985592
3939 32.77200252357111
3940 33.307095333495084
3941 32.12470048284777
3942 30.826430066822127
3943 30.063377738159875
3944 33.14202136825983
3945 31.46701974816525
3946 29.149056886338396
3947 30.343185671416972
3948 29.012954690838253
3949 29.789072587406384
3950 28.708078917112648
3951 27.76493936706348
3952 26.858889259556744
3953 26.391749416070816
3954 28.041844073564434
3955 24.150193148838188
3956 24.17636861445586
3957 22.23478356861971
3958 26.85730907825132
3959 30.260602703408587
3960 19.617611005968925
3961 26.700794291481973
3962 25.884150556127317
3963 27.066185187089193
3964 28.4778546234634
3965 25.71497955440261
3966 26.59853415501625
3967 25.234104522186342
3968 22.15299940749417
3969 23.98715711101353
3970 28.522311079490102
3971 21.08865984512168
3972 21.572218343092867
3973 21.171273328125714
3974 23.650487123019897
3975 26.81182111093623
3976 26.454512089275962
3977 25.440322217402066
3978 28.06054165388861
3979 22.39430083001082
3980 26.108695063918947
3981 24.95787037940517
3982 22.546330591304184
3983 23.078969123667438
3984 23.74550481327549
3985 23.323702791210337
3986 22.20897182607876
3987 22.986448296988762
3988 20.665342863365712
3989 26.731886046375067
3990 26.681043158760556
3991 23.20341805548475
3992 23.456814394977304
3993 24.25638181249264
3994 22.509460278366053
3995 20.45026852099046
3996 22.6773787063841
3997 20.481241708532753
3998 24.82511461939513
3999 24.133301294267202
4000 19.820405204554422
4001 30.709939000907426
