0 12.47712554100838
1 11.22909158213711
2 10.78455119862273
3 17.683246470527884
4 16.322433858005745
5 20.23534244881983
6 19.02701706893665
7 19.272881437650444
8 18.672950331304477
9 14.133329785839631
10 13.34544462513206
11 15.518936816304715
12 14.406719819895384
13 12.272460785379383
14 8.369504747953403
15 10.55135253025073
16 7.878331212747692
17 6.802153903806155
18 6.529912242797357
19 5.221753574063155
20 5.6478552191189655
21 5.38274092316559
22 5.8083856838211405
23 7.670712265904576
24 5.566887198385185
25 5.3943787977423705
26 6.552180850796862
27 11.14872071841693
28 11.520223756578487
29 15.412209010339579
30 16.008455080956978
31 14.593922478478236
32 18.625275118154445
33 19.405260018877847
34 15.849888955867605
35 16.98985473948019
36 16.606789598755046
37 19.188135716308786
38 15.779298804723773
39 15.816168008199927
40 17.889817443949514
41 19.81855069594305
42 17.840183397813544
43 20.818046181621046
44 28.217824214758462
45 21.312818381876678
46 20.92512041902774
47 17.292867187467042
48 16.282441331925146
49 16.62613773311241
50 15.912318605361078
51 15.676177215275576
52 11.948411323066283
53 13.46115380804806
54 17.939902286242926
55 17.74942989772741
56 23.1004793595624
57 22.189469607127812
58 23.942446604758644
59 22.27232624900395
60 22.339825688659083
61 23.610861566311968
62 19.566549736822047
63 19.980832259913928
64 14.312599791228445
65 14.643985462208567
66 14.901075651731517
67 13.01883658009075
68 13.349393835134281
69 13.491474213019849
70 9.702630724992089
71 10.976803393501717
72 11.46587470649622
73 12.477574590587022
74 14.047214899057632
75 12.65286807734105
76 13.709561310980991
77 15.24310552639733
78 13.572595979833077
79 14.28722928136851
80 13.829519729275761
81 16.231333575222514
82 13.293104990190052
83 13.19609473853167
84 12.856463735210614
85 12.326207912967673
86 16.8747149635955
87 13.471682831132098
88 12.999562756157886
89 13.005189327812891
90 11.37534790050343
91 14.116455143113763
92 14.50400468285603
93 11.432915166861921
94 11.508871358690943
95 10.882619810315033
96 11.436450676553834
97 13.424734120726512
98 12.02765164800133
99 12.986719769273405
100 13.768245856228834
101 12.588440566684964
102 13.432400609795337
103 14.809936553386471
104 13.652845974315527
105 13.306704830053892
106 15.135725804933966
107 18.844601196174875
108 15.604934260736039
109 13.028926249577566
110 12.156818300338967
111 14.497135716529678
112 13.718483270994536
113 13.714013470066876
114 13.754092981572185
115 14.440999549501164
116 13.352529872738868
117 12.681738756987322
118 11.908483499856889
119 12.041252557610225
120 11.845059589709756
121 11.441645994484311
122 9.401530776111336
123 6.908508894227351
124 6.893890247961799
125 10.062118638673226
126 8.121451967398025
127 6.512948308532145
128 8.022583493338983
129 8.695396795975723
130 8.980621049132056
131 10.046805100058686
132 10.44701404734979
133 10.744943702805394
134 8.003456107708013
135 9.929284794647124
136 8.920099561847907
137 10.143717968040335
138 10.57199444247784
139 9.260661597871641
140 10.248835698392655
141 10.57344578425471
142 8.401402310533081
143 9.610627516505263
144 8.754450281077172
145 11.537911467220859
146 9.633298074082727
147 7.897026297728193
148 8.949641084008062
149 11.081475448562903
150 14.833353017135945
151 11.42953600465059
152 12.871932107028153
153 12.87181499425881
154 9.559321237435734
155 8.331369247192193
156 8.848126597427356
157 7.81000808402936
158 8.306062886244558
159 8.37289724870865
160 9.502186688259496
161 9.98589969430863
162 10.577856189896258
163 7.9304677065819
164 9.703829305994015
165 7.719347025680326
166 9.207807686871492
167 7.907206831115761
168 8.552856699428284
169 7.840289214114052
170 9.119835960523144
171 9.607539634575334
172 8.183677887396916
173 8.207483906076838
174 10.36641214514217
175 8.832194221531688
176 8.278267974117014
177 6.87161849001486
178 7.067820622263121
179 6.43249636612158
180 6.5075744508583915
181 7.320549248282668
182 7.230242060810002
183 8.037983110829128
184 6.703270668999492
185 6.0882904370571
186 7.627810668824132
187 7.532382710306117
188 7.630268937719348
189 6.515387845683552
190 9.00437325295574
191 8.564553111681159
192 8.977777224336096
193 7.754110235239104
194 5.088595152014958
195 8.285869439778903
196 10.737738763963971
197 8.57970814695399
198 9.920766240033345
199 9.475142812655834
200 9.981109924443913
201 8.569956421713677
202 9.321558804210511
203 5.7068350413879845
204 7.67848771167309
205 7.735861665636931
206 6.089832915973994
207 7.063202819749496
208 6.887967354376017
209 6.531108063860207
210 5.89617201280804
211 7.243184443757051
212 5.987228778087795
213 7.678146671353571
214 8.202375937806622
215 8.3105805360675
216 7.434203421553149
217 8.59747654917737
218 8.29469956068563
219 8.906655251283212
220 9.193930344714287
221 9.89664109957301
222 8.07569501587255
223 9.36219471941882
224 9.113513889417801
225 7.920930048251573
226 13.997737665163731
227 10.379249134505587
228 10.673122304188613
229 7.517670991083927
230 7.717314653271786
231 8.677263583670767
232 8.989749507194954
233 8.59289446194241
234 7.6571860692133455
235 8.591601188744493
236 8.84525285168633
237 6.858178455753926
238 5.924441176965588
239 7.962323400437931
240 8.597002269192664
241 8.084874961136906
242 8.689397062099834
243 6.642942176150211
244 8.011558494731926
245 6.323948434141155
246 5.649361184535421
247 5.31680981202308
248 6.643784108634014
249 6.782660798411131
250 7.41264908731803
251 6.651833464423841
252 8.666760720592336
253 7.7100261358273015
254 7.546268429724016
255 8.060857808115173
256 7.876865909668584
257 6.001906807095342
258 7.671755417698039
259 7.72765790498563
260 8.363135773489903
261 7.101511615434091
262 6.000335473157558
263 7.636436525317295
264 8.19090050680986
265 7.471098460844143
266 7.358318787425612
267 8.615816752668369
268 7.127212813635722
269 7.399848631888389
270 7.341982193417022
271 8.535749723897156
272 7.565785969853566
273 7.950006880851797
274 8.301785704493469
275 9.155392448481468
276 6.956193116541932
277 7.462113934985761
278 8.237729293573963
279 9.838565128972217
280 7.890686271714961
281 8.54923133259961
282 7.799755086136012
283 8.696663432340129
284 9.335019290788628
285 10.030245286522918
286 10.52615634646643
287 8.986368938387875
288 9.246139951565175
289 9.05947493154361
290 9.226433873835092
291 7.790195066192346
292 8.548351515837682
293 8.631296493022518
294 9.196911875785533
295 8.599866007982945
296 10.673785097266359
297 10.261669675219729
298 9.832083878082331
299 10.796410268425522
300 8.25628736387922
301 9.941651076617777
302 10.795357424046454
303 8.30393810348096
304 7.609212118865366
305 9.302611840227717
306 9.71231757316417
307 9.321918070712883
308 8.193713094184849
309 8.234072806918457
310 9.433618550371042
311 9.358378061471706
312 10.756880287585826
313 10.042140203923212
314 9.057441221846062
315 9.780837204249428
316 9.451378662382053
317 8.487361684132738
318 10.53495759511158
319 9.124401472974014
320 7.761852139433924
321 8.30781502451766
322 8.978767230373123
323 8.405396306888827
324 6.9562942482126635
325 6.5196437035101775
326 7.739100500671832
327 10.122537954028592
328 9.958787910905121
329 9.881902833012786
330 9.758916449675095
331 7.0096515150985175
332 5.75497838524717
333 9.194016025288576
334 12.096249872910601
335 12.558669917149484
336 13.270111762570563
337 12.356654488334128
338 5.959954220903407
339 8.511217479736146
340 8.311372444859376
341 7.946663590997221
342 10.01771250564945
343 9.610777321776414
344 9.99697729050732
345 10.243653552381202
346 10.706061103968942
347 15.239461306217496
348 11.978328455504727
349 11.924368444454712
350 8.94819154116869
351 7.594751337442125
352 8.255955471518108
353 9.029122753601486
354 9.30777820680744
355 13.099985348409867
356 13.823435951209818
357 13.963240235735745
358 13.527294868324086
359 13.395958480520687
360 13.501655759193337
361 14.728536515367864
362 11.11573122036787
363 9.9718096210578
364 13.366637355181183
365 13.403760832871908
366 13.228720303766833
367 11.64484782400361
368 13.309906122750563
369 13.102653875935966
370 11.281946306123906
371 10.498516576631218
372 12.165306753359202
373 10.75586723317806
374 11.89361302926928
375 11.772205787688373
376 15.489607966654402
377 14.49255130845186
378 14.591222986342272
379 13.72079535166961
380 17.193458331835835
381 12.088932793200277
382 15.237358075228158
383 12.735039912904407
384 15.02653409801912
385 14.899039338093376
386 15.106035651901179
387 12.817419696911465
388 13.281940919416906
389 12.970927333930456
390 10.60941509867536
391 13.781495981228323
392 12.378253704157432
393 13.364419009920795
394 12.72690562916352
395 12.796315657133043
396 13.105494092107744
397 14.037187497826276
398 12.734688869558733
399 15.135282306041548
400 14.715301129303489
401 12.611094239425256
402 14.004579826081027
403 12.467807751079253
404 14.050376319597111
405 13.140818561045998
406 13.700596012488619
407 14.039907564147937
408 12.679329292298643
409 15.542349444380374
410 13.697243566729368
411 12.47946243241505
412 13.593596899396617
413 11.409247287525861
414 7.6186451805360225
415 9.73754076959835
416 8.154810119794961
417 9.466804899774552
418 7.494736920016531
419 9.983652000153965
420 7.45045770465641
421 7.9347652512601545
422 7.446289266395762
423 8.223707186314417
424 9.03092302651245
425 8.53453100041255
426 8.422062507245585
427 8.800264282945214
428 7.8285950881620225
429 11.088168427250123
430 9.545897131801476
431 9.811693565948364
432 11.066040100637682
433 10.26884450569383
434 10.375377260855046
435 10.41149861105352
436 10.371005563276983
437 10.601532522012635
438 11.564609356001615
439 11.239445073015741
440 9.548304548188561
441 12.480866893838344
442 12.582162764298959
443 11.27838301086909
444 11.185457634467989
445 12.27938336555011
446 12.362730623723412
447 12.2607219090229
448 10.510757806754587
449 11.36730456346875
450 11.859396654707444
451 8.988236872368148
452 9.619979791919341
453 10.47148393603272
454 11.06056195409454
455 11.608399444707262
456 9.777383801387616
457 10.4553136908952
458 12.174293299788157
459 10.99066117843034
460 12.796286105491756
461 10.665801455205841
462 10.953640083372497
463 12.723806112645653
464 16.002622521387213
465 13.439678548023803
466 14.058033757669007
467 14.236000014763112
468 12.843502020410762
469 10.433832261349227
470 14.748802682780424
471 14.584911660132244
472 8.821800521315748
473 12.982766826789083
474 10.285475472461785
475 11.1913607878386
476 9.832934530139417
477 10.722802223933348
478 11.573134662253244
479 13.672639330422246
480 14.27721572916345
481 13.170965300271899
482 12.855036557420208
483 11.878137314354513
484 15.727528335674553
485 13.610151328228131
486 14.702707141338006
487 15.172852372261609
488 11.64835953429024
489 15.17192941344341
490 13.369375402773784
491 13.947760119312946
492 12.598339702028218
493 11.407810143596642
494 13.204024378808796
495 11.96473467522249
496 12.780265776690838
497 14.300596060649678
498 16.419139589403013
499 17.674408068811996
500 16.030651687683438
501 15.95471870195982
502 14.3587243623978
503 17.07398764692277
504 16.877776574192758
505 18.973598752518914
506 18.972089566789357
507 17.89580338219567
508 20.15189265106536
509 19.972880241661713
510 19.25736962777585
511 18.833092171228426
512 15.662622413200442
513 16.821990684388613
514 14.887494405367695
515 15.565642309614645
516 15.186424869112056
517 15.600858354625032
518 17.762578265454035
519 16.36553865692607
520 19.827466384807984
521 20.5465367476022
522 20.82909201516196
523 21.225692736173265
524 22.125438581872444
525 19.930621720726272
526 19.18622706418472
527 22.045195118903198
528 21.742350227970615
529 21.965711003117132
530 22.130895947791778
531 23.577121220453808
532 25.80704263787669
533 25.94599357286046
534 24.446238986705136
535 22.49815600699786
536 22.8763182769303
537 22.869238114571264
538 23.644867041349872
539 22.653362091841252
540 21.99150080032962
541 21.895108066387277
542 23.293263353542248
543 21.219793913953335
544 21.17414848242385
545 20.66123747060053
546 22.128434099183544
547 21.304095730018936
548 20.58405797191362
549 21.06261291875716
550 19.50739858892184
551 19.72957198837442
552 19.713889034624934
553 21.046760419255666
554 19.134015579439314
555 18.988762695156286
556 18.225224888885077
557 18.16907508658496
558 18.883461684885134
559 19.740098206219958
560 19.354575448688003
561 19.68557365444011
562 19.11463063706705
563 19.379855965985115
564 19.11023999872589
565 19.466220411665102
566 19.77097039858547
567 19.02122686209988
568 20.882742984636717
569 20.00620110210479
570 19.107662759218076
571 20.311713411903593
572 22.30637804246476
573 20.78652449276457
574 20.324555594118166
575 22.212964381185113
576 21.664947266647633
577 22.546602958196072
578 23.27038270469232
579 22.346576225937525
580 22.156450586200407
581 25.043775775376343
582 24.538723794696693
583 23.867631138998725
584 20.05365390320311
585 21.218684259587878
586 21.047236821271568
587 21.649913388526322
588 20.615698274550542
589 19.82436522252075
590 20.32451869482159
591 21.057042918892147
592 21.134493114601707
593 20.358112301694327
594 20.543714641174812
595 19.064350237915345
596 22.407392597513645
597 20.89296527391509
598 22.165503774435404
599 21.81723786697756
600 21.63648883468938
601 22.62767512045472
602 21.395870472709536
603 21.70207699637309
604 22.083812058678504
605 22.93793260159968
606 24.058174068202028
607 21.393770481680882
608 20.733115491151636
609 19.851503783815826
610 20.87510881666627
611 20.0033493085968
612 21.145375038279656
613 21.503937408442177
614 22.33952654961057
615 21.174577649207716
616 21.68111893535912
617 22.326555442833033
618 21.392286694693247
619 18.50770925170629
620 20.57498989994014
621 20.100251380602064
622 20.259155550094157
623 21.603542264189286
624 20.761718829778772
625 20.98767010627416
626 18.028876383761347
627 21.31966141031107
628 20.31265246671393
629 20.987535014522674
630 20.736467720336275
631 22.554422485782432
632 21.69660947601872
633 19.92709847224567
634 20.582324366641057
635 19.78186738463504
636 21.022552887961847
637 21.16022040521149
638 18.66031921191444
639 19.091559491890624
640 20.7699762010522
641 19.014938123605003
642 18.9941503908846
643 18.38051252356249
644 21.006664040405198
645 21.96467435788613
646 20.98230816405738
647 22.561553113416476
648 21.201835556246255
649 22.11359881856539
650 21.150700074606178
651 21.105868445366976
652 18.582560809984518
653 19.799053070702275
654 19.43940966420164
655 19.441429285758282
656 18.409332870383178
657 20.198997986217513
658 19.76663887001825
659 21.920648072053392
660 20.468562730742033
661 20.134139372644494
662 20.228081329445086
663 18.575748233558315
664 17.99555133989964
665 19.944407302933588
666 17.74981055856548
667 18.071332783275814
668 17.87454652538153
669 18.405619689410194
670 18.88378686266249
671 20.005435199101136
672 18.342725278384883
673 19.29258658284705
674 18.005489010560613
675 20.577248555013725
676 18.24344987945155
677 18.155511295870898
678 21.18058446479728
679 23.67251450284076
680 23.775456988239036
681 21.990229905347675
682 24.76284946567484
683 22.181520263023383
684 21.645445018131763
685 22.917500497264857
686 20.98040163237712
687 19.936623666897933
688 18.80839814970056
689 20.0797251995633
690 19.98692037541732
691 21.495068537196456
692 20.098586435422355
693 21.297765576466855
694 19.659495048442796
695 20.15790941649929
696 22.011701384164443
697 20.71376773418601
698 22.367090069276923
699 20.177559460677823
700 21.610932153620336
701 21.918597452550888
702 21.97434233346911
703 21.554437647991925
704 22.776939257068832
705 22.912624258319102
706 20.66800757798628
707 22.164383567951102
708 20.576975135752473
709 21.681636232360212
710 20.600987697738265
711 20.539575892105503
712 21.150835016979283
713 21.415844484931398
714 21.235157239353175
715 21.96853856000529
716 21.046332985757214
717 21.74724225738898
718 21.090803681931387
719 21.207707559815127
720 21.02536419039471
721 20.011954551684116
722 20.519915149729663
723 19.425434233733046
724 22.240386222943833
725 22.07223080808702
726 21.158446489250245
727 22.030131003710412
728 21.535211014168556
729 21.29508997987652
730 21.139760827432255
731 21.285441034295456
732 22.12125740782047
733 21.97673320791401
734 22.601180848557924
735 21.010030896556064
736 21.30575670812126
737 22.173867646595806
738 20.40841171611555
739 19.14508756807341
740 21.06298798800738
741 20.675966711395095
742 21.242846963461812
743 20.477898597586954
744 21.884815399739963
745 18.840894130541088
746 20.92473767574524
747 21.080536158002822
748 20.727577064564134
749 20.709376296889285
750 20.607590865472865
751 20.808637946053175
752 21.640084288357638
753 20.523936482708017
754 21.435532816696572
755 21.042756360707145
756 19.115627007106347
757 20.526425982774615
758 20.924164643380912
759 21.045873215773298
760 21.77847422643906
761 22.716647519673604
762 21.433716811436796
763 21.503675485287143
764 22.476539650769812
765 21.721705730089322
766 21.55869579493305
767 21.174031199522307
768 20.95724903191712
769 20.217247072907814
770 21.006387094249106
771 21.050192694793743
772 21.114911395970438
773 20.62983449128977
774 21.223649916381277
775 22.46838979906486
776 21.695937743747436
777 22.058463116610106
778 21.520947388638096
779 21.496067238361974
780 20.828002603392214
781 20.52056431061429
782 21.229901993895236
783 22.433946715850958
784 21.1537828481658
785 20.337504766443782
786 20.92238052937679
787 20.017572196638877
788 20.03018591961805
789 20.725617805947483
790 21.39365111197781
791 20.208863884477854
792 21.368462171403333
793 22.34248150692897
794 22.33694339820974
795 22.10640031322047
796 21.35688631816036
797 21.329679901791412
798 21.815822501493585
799 21.952805742542456
800 22.16205082430949
801 20.531156464757625
802 20.627704779201288
803 20.29122395497143
804 21.161392502748235
805 21.40305434603634
806 20.44640553937228
807 19.94587981415443
808 20.45904603140131
809 20.869537189472872
810 20.883403590558128
811 21.318506271324576
812 23.53522305459474
813 22.127727234735637
814 21.789112545465684
815 22.050981798560205
816 20.01757587310423
817 21.46617452778068
818 21.217061454600653
819 21.289811030277228
820 20.939966908404188
821 21.3136924904595
822 21.14497995230908
823 22.493721471567156
824 21.406665221937587
825 22.03598397429976
826 21.36470060710553
827 22.45508129031263
828 22.334552508488773
829 21.66850745968646
830 22.245023824963372
831 21.98895263571681
832 21.841554161779044
833 21.86761585573482
834 20.676985065227612
835 21.275498315734026
836 21.778709719807562
837 23.088245906693643
838 21.141480431378355
839 21.545603937735216
840 21.548249107304965
841 20.01875983811149
842 22.69726680632195
843 21.932879159682933
844 21.322921710796678
845 21.501402489273605
846 22.150891471989844
847 22.746713883488322
848 22.31536479456245
849 21.03632529332623
850 20.72644901440344
851 21.11416624547374
852 25.323262851346
853 22.597922938345228
854 22.04373989546949
855 21.99194097823419
856 20.7743503609463
857 21.321128182290153
858 20.590116899223016
859 22.016640245396083
860 22.01707771974911
861 23.208003498843002
862 23.079816621353544
863 22.72940437785165
864 23.184879828581234
865 22.685556705296154
866 22.26625603621971
867 23.324005671299695
868 23.252891872654704
869 23.40401460799319
870 21.865672503026136
871 20.233126085221787
872 21.17571935523069
873 20.774432486964045
874 20.639356078521075
875 21.843092617148777
876 19.680501394458826
877 20.651502656628033
878 21.209867417902906
879 20.979327258078172
880 21.59992570934968
881 21.010709902279377
882 21.275622881942464
883 21.00340177454777
884 21.951226634865442
885 20.7894448043726
886 21.16394708225583
887 19.73364822339258
888 20.29095215256949
889 21.26730672689239
890 21.49664687789288
891 21.242822100952527
892 21.282957816392724
893 21.778678478157676
894 21.796467578150175
895 20.417839406494576
896 20.092496256783893
897 22.135744864954574
898 21.907932312160746
899 21.573834902427045
900 20.79875665323115
901 20.863605469010615
902 19.40136478912957
903 19.75897364599619
904 19.812432720737544
905 20.260314382430778
906 20.59564519345309
907 20.156495882459776
908 20.871115731949658
909 19.96567065829596
910 20.447847179670546
911 20.244384427876966
912 20.28494296537282
913 21.06338401858165
914 19.773869150577635
915 20.11341084286337
916 20.625970410446985
917 20.952564242444968
918 20.32537685076018
919 19.92773391864043
920 21.439228069659052
921 20.3779656771602
922 21.27993159032193
923 21.99653229124968
924 21.167468135997098
925 21.848401725155764
926 20.698322254821367
927 20.73701748737922
928 21.90293066832357
929 21.146614657110803
930 20.863060718642163
931 20.168425753034704
932 20.561815152066274
933 19.55429921536441
934 21.452076707023068
935 20.30598382711412
936 22.619508766369627
937 23.07514084950129
938 21.89624490983609
939 21.91803945826802
940 20.574238836955647
941 22.01504644494495
942 22.505091054342813
943 21.521487865703897
944 21.108591457343717
945 20.872465121990494
946 22.329012440096847
947 21.342871302592307
948 21.060593752248767
949 20.576133566703497
950 21.888089487396538
951 21.85441643370052
952 20.89725566248079
953 21.838202908327087
954 21.130811083762637
955 21.197089736807108
956 20.357460236640186
957 19.89403944121705
958 21.074766567653946
959 19.8238582441482
960 19.909124393110897
961 20.55146370401749
962 22.153680739815286
963 21.520137472068477
964 22.021167260882027
965 19.56309531385503
966 20.97731677603985
967 20.991462328726087
968 19.738941220392082
969 23.266854549733324
970 22.765037002316102
971 21.12265058870513
972 18.805207512747455
973 18.496274682655756
974 18.689336337761805
975 18.613270061603217
976 19.895029913225496
977 19.376345333285517
978 21.104657688126277
979 20.357781994673367
980 19.76181548936907
981 19.47234040781103
982 20.134585435426
983 20.19567895037781
984 20.903988353246014
985 17.276656794419562
986 18.145688326918574
987 18.891126163008476
988 17.923064856571102
989 17.98537872912773
990 17.892295084269396
991 17.56524292725589
992 18.740181100839827
993 14.781885466425582
994 16.781389858763067
995 12.312774453326773
996 17.841928970502554
997 15.945634203237004
998 17.693997257577344
999 18.82642013944115
1000 16.51333685453083
1001 19.406953033952142
1002 18.408799822889186
1003 18.46967934599229
1004 19.527074369032583
1005 17.511255216546786
1006 16.57298917827959
1007 20.33537761907011
1008 19.330416036117754
1009 18.7293397683414
1010 16.868351349651242
1011 18.02833084439254
1012 19.54248938669698
1013 18.675922910812865
1014 17.77102995882964
1015 20.187239877977728
1016 19.168040989378444
1017 19.103972894393944
1018 21.628322769546717
1019 18.95913916343836
1020 21.191827886326212
1021 16.92049829204796
1022 20.31365393529733
1023 19.41261151859447
1024 19.562096751036087
1025 20.20575677247074
1026 19.784982661774297
1027 17.084664040607066
1028 17.28463957932054
1029 16.874853139101567
1030 16.24966685501249
1031 19.531458413185216
1032 20.92272679108937
1033 19.755189439565232
1034 22.924356064766727
1035 17.383479750360877
1036 21.461838726540957
1037 16.070025445411897
1038 16.191301030644606
1039 17.07368551531331
1040 18.643675666892026
1041 18.903498670444773
1042 17.06630043938278
1043 19.766908033681723
1044 18.45866647133816
1045 18.369804412849504
1046 19.691691231038337
1047 16.26371557174481
1048 16.01208617517494
1049 17.457046367504905
1050 12.863415626522437
1051 20.865595438962757
1052 20.575437367311352
1053 19.44725685149087
1054 18.990632085843075
1055 19.50685646713602
1056 20.924501751838058
1057 19.643113516827093
1058 16.932164611964687
1059 20.046395222727828
1060 18.145774193502543
1061 18.1781859821087
1062 17.566531098850902
1063 19.426219544451115
1064 18.733803469034044
1065 18.45961422611245
1066 18.554321272951675
1067 17.464808729180277
1068 19.012870113867198
1069 17.85394941048206
1070 19.087623689862156
1071 20.933578314294625
1072 20.329711754102618
1073 19.351133188664576
1074 18.427300301385344
1075 18.063076511188587
1076 18.924322977471782
1077 18.122654566059197
1078 17.038632332626122
1079 18.728669873375253
1080 18.859547040320322
1081 19.080710429035225
1082 18.401692361895357
1083 19.40755592199672
1084 17.691955252198582
1085 15.73303420516292
1086 15.141121912453832
1087 14.26756764993893
1088 15.248066400436072
1089 15.638622473617025
1090 15.295222054177414
1091 14.1352932490781
1092 14.242578342458259
1093 14.014171578689806
1094 11.868898263016119
1095 13.684977509853722
1096 14.829814800103966
1097 14.386342796366876
1098 15.485120629004031
1099 14.991011705543205
1100 14.944998192147413
1101 14.702775395291175
1102 15.067048398019404
1103 15.310291274855235
1104 16.06078374339868
1105 15.240346045633526
1106 14.36257981208993
1107 15.969019921721369
1108 15.30059275337869
1109 18.088277566432357
1110 17.538531970896532
1111 17.405689657829328
1112 16.43855868212339
1113 16.17552760664566
1114 16.93825822973664
1115 16.58122066877564
1116 16.429393104498722
1117 15.320482332988378
1118 15.748385998333415
1119 16.40022126444118
1120 15.553685982560904
1121 14.940836105187902
1122 15.358864979656873
1123 15.597052591605557
1124 15.505355233164703
1125 14.146613594406785
1126 15.251625519518095
1127 15.992717604167467
1128 15.490328013651965
1129 15.733338049392476
1130 14.989728882358209
1131 15.780196542713787
1132 15.392138080565887
1133 14.896782474205914
1134 16.049225018534607
1135 15.821008934282332
1136 15.704284029060522
1137 15.404445188957867
1138 14.569838056692115
1139 14.961315368515137
1140 15.176852991838022
1141 15.345988211535218
1142 16.707519111997243
1143 15.027899352515377
1144 14.255709400836436
1145 13.950603251825797
1146 13.843288557215343
1147 15.068923759683909
1148 13.34598250504659
1149 14.616364424212348
1150 13.862725167018148
1151 14.465499262760543
1152 14.040836214285617
1153 13.488990776198605
1154 14.822226441900112
1155 14.308844820660688
1156 13.559080201914878
1157 14.538482749832994
1158 14.513214466944389
1159 13.20056728739442
1160 13.135140723357582
1161 14.201593138369292
1162 13.69142811205698
1163 13.021192026287244
1164 13.16010118237006
1165 13.944595412235584
1166 14.798870783848978
1167 14.678162693507517
1168 13.73650562625873
1169 15.854038242005602
1170 15.450451570202617
1171 15.464967791638763
1172 13.354767416897822
1173 15.07615544111106
1174 14.766742594399897
1175 15.032915397855211
1176 15.992118335946968
1177 19.109047703915028
1178 16.839080217530107
1179 14.778092235818262
1180 16.041635893309028
1181 15.054828405755588
1182 14.889261285356232
1183 14.977423520594721
1184 17.344969662562693
1185 17.726306059203665
1186 17.271624639241068
1187 18.39262887892754
1188 17.894945950466656
1189 16.772184239440136
1190 15.965659969558576
1191 14.394914143854596
1192 17.321009680764206
1193 19.38826681440782
1194 21.06953858169525
1195 23.22265268358413
1196 19.031008849912855
1197 17.162182540371365
1198 20.394997949324832
1199 18.944265199146088
1200 19.319665816203752
1201 21.839659675141398
1202 18.56233482354212
1203 18.117878064128522
1204 19.740145889603
1205 21.393742254400475
1206 22.002395388781515
1207 20.766900675309106
1208 16.01738594673323
1209 18.9341815773028
1210 17.82643085128895
1211 18.05329484737435
1212 17.273189182178697
1213 18.396343903408233
1214 21.565759008412243
1215 23.892700709760184
1216 22.797398418238572
1217 22.34377062051758
1218 20.204092316153424
1219 19.72712512490665
1220 19.93620453451625
1221 19.73599318354638
1222 18.09203115035705
1223 18.49208606639895
1224 20.629875131508637
1225 15.673723093399337
1226 15.054456843851968
1227 17.072954877725802
1228 15.938657377412705
1229 17.24103554184645
1230 16.06848778636646
1231 15.021695463185168
1232 15.783043895085347
1233 16.31562395493276
1234 17.424401173135966
1235 15.679141294752318
1236 17.906032808073146
1237 17.95423711657714
1238 15.773927440810755
1239 17.52267712824091
1240 16.822053090550977
1241 17.94250446720853
1242 18.769157122068663
1243 17.542888447545632
1244 16.87688071894877
1245 16.82175107570466
1246 18.507988212852776
1247 18.1046264978253
1248 13.831616067753053
1249 15.776704640319222
1250 14.711906378140778
1251 14.119219877943227
1252 16.353281040478894
1253 17.847997392531855
1254 17.970393507421775
1255 16.00092018561798
1256 18.785130613563794
1257 18.274646623276936
1258 19.2063019144121
1259 18.29305031316075
1260 18.620680698569174
1261 17.564628781838675
1262 17.700373790264123
1263 18.447627658819794
1264 18.098087877637152
1265 18.296687029351403
1266 16.646193983916913
1267 17.48517483125101
1268 16.95609977438073
1269 17.345557228038324
1270 18.851116651735488
1271 17.298131668284878
1272 17.119825537229634
1273 16.688293072981843
1274 16.57563137862413
1275 17.91063216763111
1276 17.2522045538823
1277 17.61993984641071
1278 16.834675041850154
1279 15.781670018002817
1280 16.801538546593466
1281 17.48391653856447
1282 17.427809973885907
1283 16.55982381003707
1284 17.858955943571278
1285 17.583032521809518
1286 19.103072765138425
1287 18.819880080859893
1288 17.86119281314081
1289 19.803039200855522
1290 18.408498868066975
1291 18.813788263136743
1292 18.885416630237938
1293 18.952827632334046
1294 18.292309222436106
1295 19.161317760968224
1296 18.89849057325393
1297 17.19755726736686
1298 17.976781190695768
1299 18.302822190508145
1300 17.999045821521943
1301 16.69974441853659
1302 17.086901666666023
1303 17.092847017540553
1304 17.189980200090755
1305 17.88302869947811
1306 17.68851908301684
1307 16.2036824826808
1308 16.41379197043925
1309 17.520965809265427
1310 17.832176630535
1311 17.878210740694232
1312 18.057229522577416
1313 18.199717248669888
1314 18.79256912793256
1315 19.327143938571925
1316 18.739747987030977
1317 19.803736925384356
1318 16.69991074818307
1319 19.649112522731162
1320 18.715343106893517
1321 19.146970916344312
1322 19.7190124434673
1323 19.734038724257303
1324 20.072385121837854
1325 20.17804519315698
1326 19.413912287522905
1327 19.451836467038298
1328 19.494664140789556
1329 18.6241838312332
1330 19.31697520668352
1331 19.296599949845884
1332 18.64068987008024
1333 18.080572475805944
1334 18.397577964181878
1335 18.293618397971553
1336 15.96233371207709
1337 17.90867586498868
1338 17.60240439134633
1339 17.394284799495964
1340 17.17374959289629
1341 17.807066857114215
1342 17.423600152771947
1343 16.76031825471404
1344 17.02516457580376
1345 16.942953516573166
1346 16.73037049571348
1347 20.322053978167446
1348 18.917010077274426
1349 18.240589701047202
1350 17.406836352176324
1351 19.301968730309827
1352 19.751126222818538
1353 19.946410380637477
1354 19.01745059961198
1355 19.977591749736582
1356 19.257480163844328
1357 19.072554405616586
1358 18.79111310811734
1359 19.44609005855394
1360 19.883823566510227
1361 19.386890073529212
1362 18.543229536560244
1363 18.917290850189644
1364 19.154327175041953
1365 20.24392937423749
1366 19.439508742691263
1367 19.417368740808687
1368 20.441675381463572
1369 18.839107558785283
1370 18.915931534846802
1371 19.582404220582877
1372 17.662378106974117
1373 18.428039009556656
1374 18.993289777697875
1375 19.104737222277674
1376 19.006180570647174
1377 19.881681717829608
1378 19.55712276898148
1379 19.358943167759413
1380 19.94851788614683
1381 20.082724637485306
1382 17.263340028957884
1383 19.06893283889054
1384 18.956907656427692
1385 19.63579871196776
1386 19.443881563414394
1387 19.46658076391913
1388 20.27777889236326
1389 19.319233193829582
1390 18.830091726938008
1391 19.509022786721417
1392 18.560553374755855
1393 19.223744977805676
1394 19.372482216150534
1395 19.034486957487225
1396 18.571754060893763
1397 18.566288424127517
1398 17.882807647222023
1399 18.43678503430506
1400 19.530080964077218
1401 18.74934239927642
1402 19.29060576481387
1403 18.98538949168742
1404 18.2109716957436
1405 18.525998918873686
1406 19.362423196423656
1407 19.358048778048246
1408 19.016991227818426
1409 18.754303232673045
1410 18.025496171661427
1411 18.158801649064944
1412 16.804015079277445
1413 18.267798925313816
1414 16.305656890975246
1415 16.400297632122935
1416 17.522844645741852
1417 17.084908237674785
1418 19.51507061589093
1419 19.02115721847627
1420 19.771730828049932
1421 19.212895729693383
1422 19.46777656861456
1423 19.59106979670017
1424 18.411676638716123
1425 18.64251337870211
1426 19.415130076203273
1427 18.187181879594483
1428 17.808809944332307
1429 18.307976663155912
1430 18.324928341674564
1431 18.173438096718343
1432 17.24245927489311
1433 17.53685389964835
1434 16.596748475375243
1435 17.048103283894935
1436 17.163794467995956
1437 17.194904969340826
1438 17.929838473206026
1439 19.58604755255895
1440 19.21099434133456
1441 19.34855462894483
1442 18.09732853133393
1443 19.41910461805479
1444 19.0726606706746
1445 18.51393342632274
1446 18.43928184244649
1447 19.260870437681216
1448 18.522456835598838
1449 19.665119191151433
1450 19.4936031698803
1451 18.757094982545265
1452 17.70669572571432
1453 18.146770055342575
1454 18.37700230328962
1455 18.533298379458838
1456 17.23209802705587
1457 19.78064326977016
1458 20.586367976629298
1459 19.76441188208495
1460 20.561114537759497
1461 20.488412048857423
1462 20.13876152295407
1463 19.976155350027852
1464 20.02599856009436
1465 19.93143538363919
1466 19.31343355799175
1467 19.000933385751274
1468 19.38642924658389
1469 19.670712081207324
1470 19.67053010661802
1471 20.025122800644002
1472 19.879067719856852
1473 19.90181578160758
1474 19.198903553652013
1475 17.11722117515147
1476 16.978388169110204
1477 16.5183600963549
1478 17.28923174747282
1479 18.75136780753146
1480 18.61067552901716
1481 17.58231458076148
1482 17.36147825372636
1483 18.429332143779593
1484 19.679246103882907
1485 18.779341157400342
1486 19.192023217761474
1487 19.36517497753267
1488 19.383554733592074
1489 19.371608880914962
1490 19.396444319042352
1491 19.24238833012069
1492 18.892215766782872
1493 18.373798728823186
1494 18.469406150561518
1495 18.694085359771922
1496 17.241355654882053
1497 18.41772614430535
1498 18.360972221996438
1499 17.571550246810375
1500 17.485056496962304
1501 17.208285685421654
1502 16.988859277457884
1503 18.80928152262613
1504 17.944128158620117
1505 19.391515138125804
1506 17.91681321542179
1507 17.986223961057807
1508 18.477522465359325
1509 19.230939489976038
1510 18.711160833006485
1511 17.947705188667925
1512 17.704078742953154
1513 16.88596841662588
1514 16.698870364696116
1515 16.83482988598596
1516 15.86495235192238
1517 17.546971710553574
1518 18.393010965924493
1519 16.970786470749054
1520 18.46347157552593
1521 18.56917547368842
1522 18.104004258547093
1523 18.27006138791829
1524 19.267292883722497
1525 18.56750867460251
1526 19.487681853380057
1527 17.889851555761368
1528 18.646853975175407
1529 18.243107033587464
1530 16.349180265916814
1531 17.68788344220579
1532 18.865453946751142
1533 18.041143448617927
1534 17.338533570740395
1535 17.331138048176157
1536 17.805143158705146
1537 18.098821451123214
1538 18.482582440372585
1539 17.019337819237595
1540 17.350699812218245
1541 16.64320517180022
1542 15.767971200918206
1543 16.757430714073323
1544 16.890628511922294
1545 18.10370901655105
1546 16.230870458519
1547 19.50891368131341
1548 19.10941753336479
1549 19.586662962693257
1550 19.277666916104206
1551 19.45473497240185
1552 18.917695411146042
1553 19.169565953260257
1554 18.188774440515534
1555 19.238347904709272
1556 19.692437960924995
1557 18.23635008056388
1558 19.327923740631665
1559 18.560275996967963
1560 19.46435329645865
1561 19.759171934847362
1562 18.841402069371178
1563 19.48073023909881
1564 18.398901094629053
1565 18.44940926559163
1566 18.88144562254237
1567 18.80904524230266
1568 18.396177200264475
1569 19.15035150891648
1570 19.16830378387458
1571 18.42167176024301
1572 18.52707087583947
1573 18.848340470418897
1574 17.643979846742596
1575 18.64770434653164
1576 18.311479041691328
1577 18.088681595787833
1578 18.220563918347864
1579 18.17436339666379
1580 17.984797760479314
1581 18.40805403284332
1582 17.748453204434536
1583 18.182196011164805
1584 17.94910523129627
1585 18.587911976008204
1586 18.572305977271295
1587 18.43087574725133
1588 19.230900873992095
1589 18.731886210869103
1590 18.998197146203637
1591 18.64285919260869
1592 18.88470235794791
1593 18.679684025831104
1594 18.941257313947023
1595 19.651305594210843
1596 18.850816784433004
1597 18.974192833822503
1598 17.670437488375683
1599 16.94275871873024
1600 17.51864270627004
1601 15.820672972166694
1602 18.07345406453411
1603 17.69290803933425
1604 18.858672976244407
1605 18.554675638566806
1606 17.415859592283656
1607 18.471969917179656
1608 18.234397855105325
1609 18.34789965125789
1610 18.938870452989544
1611 18.425498601453537
1612 18.70706641107121
1613 18.17414109239987
1614 18.400259287085632
1615 18.829138147987702
1616 19.199066878455408
1617 19.460224048270366
1618 19.491750517553882
1619 19.11086256115771
1620 18.1335614427567
1621 18.651070566699698
1622 18.96046326035217
1623 18.470572169125827
1624 18.863125081864336
1625 18.59006972248204
1626 17.60112045401942
1627 17.306542981965812
1628 17.149331587019784
1629 16.860437084158498
1630 16.374487954837225
1631 16.65541217386762
1632 16.745760328881957
1633 17.20136532727422
1634 16.468128758379837
1635 17.41166662049341
1636 17.136748326930388
1637 17.599448022466593
1638 17.459539779685734
1639 18.368777660971933
1640 16.525235961662215
1641 17.70482434426855
1642 16.77625800747036
1643 18.678390252515843
1644 15.881798546890662
1645 19.209127444384297
1646 19.32673463280662
1647 18.97602017746574
1648 18.82050600683177
1649 18.96916574593319
1650 18.643580471519233
1651 18.695845120744202
1652 18.775778392276568
1653 18.423758506905596
1654 18.955697676878135
1655 19.31378688936001
1656 19.464670732105972
1657 18.79285750891151
1658 19.148158222206316
1659 18.488721619765514
1660 18.23771323023839
1661 17.904144752614105
1662 19.39186447587565
1663 19.848348636227808
1664 19.432244638631232
1665 18.642829779888345
1666 19.199035247367174
1667 18.53969558285166
1668 17.21451807433943
1669 18.120510680141827
1670 17.891396808713978
1671 18.062098474812945
1672 17.129947561084023
1673 17.103659369489662
1674 17.200011896706798
1675 16.66334611690429
1676 16.78744060828164
1677 16.696005304671353
1678 16.642601810036982
1679 17.328927031253755
1680 16.59179090075986
1681 17.04000427805983
1682 16.964018367046204
1683 16.18884142985044
1684 16.824695587535306
1685 15.22106798272352
1686 17.813725301324382
1687 18.437156382772194
1688 18.39206078479288
1689 18.689038630661997
1690 18.853035973486673
1691 18.419249316566173
1692 18.238747733864816
1693 17.95085360537176
1694 19.27520447088512
1695 17.945205330257842
1696 18.118154949922005
1697 16.946393903513673
1698 14.496489523616612
1699 15.211728641812172
1700 15.06806036639365
1701 15.963565938491781
1702 14.91070284010145
1703 15.619163572261291
1704 15.581217801610414
1705 15.84685304340897
1706 16.76672024714787
1707 14.878990017346025
1708 15.568378588044103
1709 14.839644298356658
1710 15.56846195824737
1711 16.209463042603453
1712 16.364854878346247
1713 16.941475961783414
1714 16.883093706039038
1715 16.871950470081025
1716 16.460899943134486
1717 15.707354621026955
1718 15.391250414008852
1719 14.700241734496355
1720 15.270546569436245
1721 14.593350552660745
1722 16.036194063839776
1723 15.220845077555033
1724 15.267938602913167
1725 15.906950783752979
1726 15.998514743819124
1727 16.559881481355767
1728 15.495832183345676
1729 16.32020637400578
1730 16.102049325300253
1731 16.715450643708365
1732 15.336032801856597
1733 15.271498214883131
1734 17.937040687257735
1735 16.470919289705115
1736 16.41779197218433
1737 17.607498987978325
1738 15.29777613675496
1739 15.144857540577123
1740 14.7539486001223
1741 16.000049751967662
1742 16.43112610429684
1743 16.454472212787927
1744 14.423973650779708
1745 15.762319725126615
1746 17.581974792925898
1747 14.655734166238258
1748 15.213625457884842
1749 15.595581864598989
1750 15.51460544774375
1751 17.62724717007257
1752 16.712120035033845
1753 16.25991724319701
1754 16.119769349968934
1755 17.00201089450586
1756 17.123043718098543
1757 17.018128273291897
1758 16.820662336429066
1759 18.617585646545713
1760 19.327859059677813
1761 18.453153467564558
1762 18.967661530096823
1763 18.366072486783885
1764 15.545005115154108
1765 16.946734815524128
1766 15.436586617943956
1767 15.51787486461307
1768 15.985786473147838
1769 16.284360205757945
1770 17.310825863491097
1771 15.825253821532762
1772 16.6958958509582
1773 16.334949482822733
1774 15.349590221688835
1775 16.996574902783674
1776 14.360794891310547
1777 15.9642000330917
1778 16.263004675551468
1779 15.981889371935546
1780 16.14302721178644
1781 17.709999352858958
1782 16.519303461774747
1783 15.443803022690126
1784 14.983135858464811
1785 17.019887758866883
1786 16.902059907865272
1787 16.481901772034615
1788 17.43605702601863
1789 17.547061174612903
1790 15.392159838800719
1791 16.933368537692527
1792 14.884103958281917
1793 16.703151918115783
1794 14.932584367047824
1795 15.757173159500704
1796 17.13848866693587
1797 15.417246781447082
1798 15.991646229142958
1799 17.149772464233216
1800 17.183553434683258
1801 16.726995468364862
1802 16.794172323081536
1803 17.36463390000742
1804 16.509420900869596
1805 17.0959648197912
1806 17.420224664949664
1807 16.392285790660715
1808 17.896784034303355
1809 17.643137580560346
1810 16.634981608084686
1811 16.738680268180236
1812 17.535020751158008
1813 17.674692573690848
1814 17.641048981970606
1815 18.319682724467945
1816 16.841146516803217
1817 16.913328188088858
1818 16.47974491107152
1819 17.439026449136616
1820 16.95702556092081
1821 17.355433061802987
1822 18.24802970212693
1823 19.41506944862642
1824 19.013405383141656
1825 17.923091820274085
1826 18.51536348378334
1827 19.285908513961672
1828 17.911013739058188
1829 16.448417843502735
1830 17.046691073177847
1831 19.593385162199226
1832 20.01951866775937
1833 19.992052884432393
1834 19.641644086452136
1835 18.04763287991131
1836 19.34403803840006
1837 17.92827182183648
1838 17.994435932535858
1839 18.95856071892477
1840 18.437897719658267
1841 18.637785449541173
1842 18.659141475884542
1843 18.600754764954647
1844 18.361938896859623
1845 18.17604129274081
1846 17.316011702139555
1847 16.99758678245329
1848 17.64587603030192
1849 17.149681339162864
1850 18.007062428710462
1851 18.32007910157664
1852 16.846530809560942
1853 16.85843727019209
1854 18.035600695568927
1855 19.78422481824179
1856 19.00618468773652
1857 19.91627500130054
1858 19.521584391315358
1859 19.12635003839905
1860 20.331819251641875
1861 19.41017887817378
1862 19.2823769953325
1863 19.90302030322714
1864 18.98803954874101
1865 17.80288583014721
1866 19.385491841248523
1867 17.71182491384285
1868 18.02490797466442
1869 17.85376140408023
1870 17.744764284111554
1871 18.776318333490824
1872 18.245669338072126
1873 19.905419446814893
1874 19.709492671601005
1875 19.590141622512544
1876 19.715479894725032
1877 20.03161186813721
1878 19.785403169697158
1879 19.888937487792873
1880 19.898712376177134
1881 19.923624925290753
1882 19.55434977067749
1883 19.740728071134196
1884 19.09348309872989
1885 19.26918579883862
1886 19.74684361575506
1887 20.0131486704806
1888 19.724289810141016
1889 18.1573483211669
1890 18.58145706154926
1891 17.95232205839404
1892 18.79966740058426
1893 17.6738049903504
1894 18.081953050785895
1895 17.860079814739258
1896 17.706087333090988
1897 15.213202536442035
1898 16.486019222466197
1899 17.978201553351155
1900 17.003849203220316
1901 16.90516018881767
1902 17.249074248223437
1903 17.20690769571238
1904 17.273809972029273
1905 17.694505225964118
1906 17.836835672007695
1907 17.483204216659246
1908 16.9446688336327
1909 15.15655167074882
1910 16.711645805679957
1911 17.195941197492907
1912 17.066664800038595
1913 16.726317425900344
1914 16.864210818499053
1915 16.57700509773617
1916 17.071297409553758
1917 18.38769776919158
1918 16.90690285435643
1919 15.086507515489282
1920 15.83117186015743
1921 15.126099552661454
1922 16.81160859226423
1923 17.141590473581218
1924 18.644301690558752
1925 17.9794614788041
1926 17.652106548268765
1927 19.40077985183227
1928 17.78337649798865
1929 17.79131931407233
1930 19.06851610672754
1931 18.201375301504882
1932 18.27009178260043
1933 18.52634031567047
1934 18.371136719116233
1935 18.622868501951555
1936 18.499262718975125
1937 19.09903206319051
1938 17.165236589651055
1939 16.02068024132938
1940 16.942798437581523
1941 18.000922740852932
1942 18.036792599453474
1943 16.852845325969867
1944 17.095744619474203
1945 17.83890854024229
1946 15.217800685067873
1947 14.454987794547556
1948 16.21291919598667
1949 15.08853887938072
1950 18.330801190703347
1951 19.031885948122284
1952 18.268724071003177
1953 18.16379316336843
1954 18.545289581292796
1955 19.069911094584803
1956 19.546254579685584
1957 20.01179785171145
1958 18.287644003687543
1959 17.38745859468415
1960 17.687535182098987
1961 17.541460893095188
1962 17.05803565617728
1963 16.547279398171504
1964 17.629173076924936
1965 16.45199017989218
1966 15.822986375697996
1967 15.290746946584076
1968 15.02051264410071
1969 15.715622930946001
1970 15.206636926460089
1971 15.589353206742178
1972 15.734424775129098
1973 15.91330296180543
1974 17.970473421682737
1975 15.801058291810381
1976 16.32319369828278
1977 15.268150958796708
1978 16.470761729856896
1979 15.881702365865069
1980 18.111373214520672
1981 17.491144315739845
1982 18.07900638196249
1983 18.486841091090746
1984 18.42520703745847
1985 18.810271428374904
1986 19.08211319223526
1987 19.399463127337267
1988 18.97000240219464
1989 18.920249158015693
1990 20.241194667012106
1991 19.865666914719995
1992 20.092317154714948
1993 19.945196240720183
1994 20.07956968728051
1995 19.470194054466916
1996 19.63672047774058
1997 18.326035426428177
1998 18.846210972112704
1999 18.591116621519518
2000 19.02861773547935
2001 18.968676772272588
2002 17.800885333986187
2003 18.575249616833368
2004 18.89507420037027
2005 18.463598473931764
2006 17.598813218332232
2007 16.707355063940096
2008 17.358127302779828
2009 19.590741031686367
2010 18.323659473219404
2011 18.790507603114342
2012 19.388120101762773
2013 19.144911453110872
2014 19.307791889717606
2015 18.833035403833403
2016 19.834197644563734
2017 20.12405256407411
2018 19.496163158646333
2019 19.401764018882687
2020 17.990670695715878
2021 18.748546751626307
2022 18.42488182570706
2023 19.20536133696371
2024 18.92490056141631
2025 19.056676136252968
2026 19.272589107246297
2027 18.68206967918437
2028 18.725251219588486
2029 19.07737555418844
2030 19.401046979831683
2031 19.00711287317357
2032 19.11966722374637
2033 20.050735379251318
2034 18.846111393700767
2035 17.985083558925584
2036 18.324547602338402
2037 17.172306969791546
2038 17.194225060121557
2039 18.125486691676056
2040 16.507217632896403
2041 17.61583830268828
2042 17.485885234499726
2043 18.093348269605993
2044 18.165949764776112
2045 17.425641391503913
2046 17.814245812199747
2047 18.558121620938724
2048 18.452965529301345
2049 18.41506976837161
2050 18.81856247652537
2051 18.233217075630986
2052 18.496750271769375
2053 18.513643491347718
2054 17.657600944108683
2055 19.0090482845008
2056 19.17310533169764
2057 18.397806918435535
2058 18.217090935563736
2059 18.661670210852417
2060 17.33564679281837
2061 18.48215445882057
2062 17.19678304911127
2063 16.820974141692275
2064 18.261637719825305
2065 18.58945890577973
2066 18.229307017337046
2067 19.494731816036307
2068 18.654065832890304
2069 19.088535958730617
2070 18.31818621531498
2071 19.958506705474147
2072 18.68463240149891
2073 18.737599624501428
2074 18.384006380646422
2075 19.763630100819082
2076 19.73705114429
2077 19.894059856530948
2078 19.792055925672933
2079 19.37848356685841
2080 18.681562007154437
2081 18.951582477975315
2082 18.301182290080195
2083 20.108536422069058
2084 19.80570412863204
2085 20.617678250453253
2086 20.221770824614246
2087 19.102646810514376
2088 18.481916411970914
2089 18.70612003887717
2090 18.77675329014949
2091 19.455837478514763
2092 19.42085673837941
2093 19.220774853756854
2094 20.42848128116397
2095 19.780736453443
2096 19.398529648108862
2097 20.228789731461916
2098 20.04028884009779
2099 19.065601113180378
2100 19.659564682149256
2101 18.666481675804434
2102 19.292732251806697
2103 18.930431875068894
2104 19.817583954384684
2105 20.019261522231105
2106 17.789709290677298
2107 18.923127012948985
2108 18.755176410665346
2109 19.210455561752443
2110 18.468359267634373
2111 19.293726329696813
2112 19.26962748275949
2113 19.596696694973083
2114 18.65926662741782
2115 18.816185432701122
2116 19.6935742491973
2117 18.740077495924666
2118 19.43855817436217
2119 19.433010387327403
2120 19.437199535616482
2121 18.465295644625517
2122 18.790844442855562
2123 18.881673608811706
2124 18.672000760396916
2125 19.223090564214186
2126 19.123977136882782
2127 18.995696396038113
2128 19.037180202109994
2129 19.234164611588213
2130 18.953562202232106
2131 18.962553141993443
2132 19.087316987025766
2133 18.524023778818506
2134 18.837930683161574
2135 18.362963311154477
2136 18.052759951812234
2137 18.81119995248609
2138 18.331443352862504
2139 18.457351743748184
2140 18.86531973767425
2141 18.696521506496882
2142 18.466055418087187
2143 17.64906780065704
2144 18.79967704349541
2145 17.733002930558946
2146 18.999913924333804
2147 17.83699218703097
2148 18.828778727791633
2149 18.41392425369768
2150 19.18189512721554
2151 18.826486537730553
2152 19.763527417343937
2153 19.42919404035519
2154 19.2740548306497
2155 19.36793325558069
2156 19.53466594511209
2157 19.10379852758101
2158 19.22223537132448
2159 19.069176265327044
2160 17.721488089153272
2161 18.281189277995242
2162 19.157369299454125
2163 19.03234151646356
2164 19.30913615755782
2165 19.596243801489376
2166 19.440858925733767
2167 19.126171514955768
2168 19.12354353429507
2169 19.33853185467966
2170 19.23541616887729
2171 18.93977284691131
2172 19.0950108925926
2173 18.727722187550178
2174 19.637999806689123
2175 18.97040275777886
2176 19.09218524093677
2177 18.583758771293606
2178 18.931614776190305
2179 18.84922074951161
2180 19.581943327229872
2181 19.17635606723901
2182 18.491930651347246
2183 19.215959121112967
2184 18.558159293204636
2185 19.083038300417687
2186 18.72211056952628
2187 19.130858286434773
2188 18.267146360284958
2189 18.532533673255404
2190 18.260022520154244
2191 18.81940048446725
2192 18.627631116342663
2193 18.960135149416338
2194 17.842581586124805
2195 16.06078303298772
2196 16.57638140433737
2197 14.776456785312195
2198 19.505177768307377
2199 18.70198439488258
2200 19.30711306958891
2201 20.331224142129333
2202 19.467575483263005
2203 19.11002673655858
2204 18.922637207406172
2205 19.636648514420862
2206 19.297713078573945
2207 18.866658416211628
2208 19.869356967562126
2209 19.893723229040393
2210 19.21152024107418
2211 18.96184136257701
2212 19.3495179332886
2213 19.415898440486608
2214 18.232294974955924
2215 19.397370826319623
2216 19.641458167434873
2217 19.45245749576467
2218 19.16728722287792
2219 19.366833638106456
2220 19.648866536072287
2221 20.021333569023238
2222 19.053401244176808
2223 19.470550871405322
2224 19.80559874263494
2225 19.172057622048253
2226 18.9205606618253
2227 18.86659468878186
2228 19.137895347533405
2229 20.343244973961024
2230 20.050908601109803
2231 19.53902498676733
2232 18.8114897704749
2233 19.494021139957194
2234 19.948495977975618
2235 19.456748534181823
2236 19.008214626726406
2237 19.316076402486456
2238 19.006451713200065
2239 18.771890977610127
2240 18.966166318657518
2241 18.936746956883127
2242 19.051992648699965
2243 19.081980215037817
2244 18.94329834879769
2245 19.43938475314361
2246 19.136482395259893
2247 18.96226821965004
2248 19.233244195127703
2249 20.12510315108508
2250 19.407939746871705
2251 18.971695268542614
2252 19.095513825678683
2253 18.651799195506715
2254 18.81782374489212
2255 19.431564120851856
2256 20.00980391772886
2257 19.08470117476502
2258 20.489220678240343
2259 19.257580775340635
2260 20.026182529391132
2261 19.232585847465675
2262 18.65907592599444
2263 18.92852722452417
2264 19.101901935171757
2265 19.173511105820236
2266 19.32810037884657
2267 19.332362942004483
2268 18.883047060694647
2269 18.41956175217668
2270 19.28060908111423
2271 18.825154152410274
2272 17.85322600684118
2273 18.14933090422826
2274 18.64431265438143
2275 19.080541451088155
2276 18.302859835102996
2277 18.905202691607094
2278 19.607226167124256
2279 19.11944458526415
2280 19.217009037637183
2281 19.061738527151924
2282 19.285834312283882
2283 19.143256285096925
2284 18.671318242427464
2285 19.523223061253187
2286 18.58359739740262
2287 19.283724429390883
2288 19.065857009414483
2289 19.319434572756528
2290 19.583332477994112
2291 17.42624686974481
2292 18.634207921575662
2293 16.590552491594078
2294 16.635321864694472
2295 15.559072120432392
2296 17.963232139028506
2297 16.597086825370162
2298 18.598688209340917
2299 19.672299441286054
2300 17.270918748425373
2301 17.860119313592456
2302 19.368445351702075
2303 18.989897490391385
2304 19.317337596356325
2305 18.277167515914666
2306 19.552862950255435
2307 18.765786566570398
2308 18.127426592597626
2309 18.563076003548794
2310 19.0646896297028
2311 18.489033854999338
2312 18.563737461918052
2313 18.65933090126667
2314 18.754267866815297
2315 18.765354041795963
2316 18.517541353727456
2317 18.63026252303658
2318 18.404109529876948
2319 19.06301447416002
2320 18.98944191962976
2321 18.5165219973317
2322 18.609299505744605
2323 18.482150306114796
2324 18.98804893800293
2325 19.191523358671127
2326 15.728234616576971
2327 17.374958641476795
2328 17.269626872898268
2329 16.497112535701703
2330 17.1780890078545
2331 15.973167619521924
2332 17.859595856105816
2333 18.950274963641615
2334 17.802670069225982
2335 19.82999267001003
2336 19.553715845879218
2337 19.44049673890148
2338 18.57087075340267
2339 19.346080013365963
2340 18.22014066556507
2341 19.26766351646747
2342 18.630830254723524
2343 19.225591739988737
2344 16.308789800094416
2345 17.251945809393728
2346 17.34218475156518
2347 18.347332807820063
2348 16.292003420113893
2349 18.658472471690054
2350 18.504815800804202
2351 19.381381222504636
2352 19.00242408740398
2353 19.96324426418524
2354 18.941220683889295
2355 20.266318649662715
2356 20.005284202596883
2357 19.04280701734411
2358 19.773603234192972
2359 18.86713254662523
2360 19.433263695297665
2361 19.84961489152736
2362 19.567455445771134
2363 19.269154374596038
2364 19.429264217194458
2365 19.73990164062906
2366 19.073405596533245
2367 19.8763534632471
2368 19.317308821574606
2369 18.090451221396272
2370 18.239732697186703
2371 19.78478845702593
2372 19.122938148087464
2373 19.075723017639
2374 19.1419455205363
2375 18.264630240085804
2376 19.357780228009606
2377 19.305860024447803
2378 20.385461382760752
2379 19.3300081294295
2380 19.728273238281812
2381 18.479843796408392
2382 18.38146290151452
2383 19.684680082801005
2384 19.7376566048075
2385 19.298736645120826
2386 19.659927264805113
2387 19.337612191839746
2388 18.96899514251149
2389 16.976357933372675
2390 17.73588002716985
2391 17.750029566609204
2392 17.462429650616325
2393 18.548839331331965
2394 18.86102058165473
2395 18.238862440794602
2396 16.13960870091484
2397 18.66677851634634
2398 17.492627987036
2399 18.395041692489762
2400 17.75112012637449
2401 16.993337484927814
2402 19.331023673054492
2403 19.0617012546403
2404 19.391217925416182
2405 19.76436322337542
2406 18.829372175855358
2407 19.030549226694614
2408 19.433374683595687
2409 19.446414813802026
2410 19.382035821686543
2411 19.575910587027824
2412 19.257916600568212
2413 19.486876392108858
2414 19.844488609804923
2415 19.23285213749889
2416 19.469712808589573
2417 19.892961448658724
2418 19.188854716896817
2419 20.343129296857285
2420 20.28808447085701
2421 20.48948773400504
2422 20.64930126905453
2423 19.4808063252476
2424 19.422569254393
2425 19.65250708701831
2426 18.627935702285757
2427 19.443787888025685
2428 19.610209269868697
2429 19.66306056705447
2430 19.02684224729234
2431 18.4025427302822
2432 19.038432258811973
2433 19.42938465787477
2434 19.275565066794822
2435 19.046809336714794
2436 18.457423631579125
2437 18.656268343501374
2438 18.956403600698494
2439 19.93687223641734
2440 18.690383166106002
2441 19.807375578176053
2442 18.70896296797398
2443 19.35001718880151
2444 19.33480754771449
2445 19.44784109028172
2446 19.298076681689952
2447 19.020778521783324
2448 18.314888683944222
2449 18.89046816737015
2450 16.597036678135215
2451 15.926355221368773
2452 14.97344206751589
2453 16.267922117304447
2454 16.15971014641123
2455 16.42930359138262
2456 16.510266469957465
2457 15.275641837813682
2458 17.0794124872537
2459 19.112879662045476
2460 18.510949314697086
2461 19.25830933539341
2462 18.5952314279861
2463 18.524269292302513
2464 19.21891905076057
2465 19.182485958413878
2466 18.117953874459936
2467 18.70859283000115
2468 18.340774705139346
2469 16.815674717321706
2470 18.03003398399105
2471 16.929298904874383
2472 18.372114064234168
2473 17.31616301818551
2474 16.71511381872244
2475 19.511207647836695
2476 18.483225225263556
2477 18.755585782803323
2478 18.78685060850131
2479 19.35836956827713
2480 19.655892496937852
2481 19.203354043304053
2482 19.258512563697558
2483 19.590047414006058
2484 19.99502504214172
2485 18.019324690247256
2486 19.04847206708584
2487 19.885452872594694
2488 16.472689919582773
2489 16.378559645227757
2490 15.84841692044628
2491 18.034958309742493
2492 18.704410590804574
2493 17.73388328962113
2494 17.450095006472377
2495 18.775873740032242
2496 18.462094930390904
2497 18.41307967917246
2498 19.10035920353676
2499 18.240800369506477
2500 17.967587773809942
2501 17.712894185120206
2502 18.562604326094753
2503 16.926490952066093
2504 16.64721484578104
2505 16.655692089250778
2506 16.693638759892618
2507 18.18300693044127
2508 18.203205123927393
2509 18.72356139565023
2510 20.157605211075055
2511 19.967171228983567
2512 19.17154951727458
2513 19.1985943024574
2514 18.748491287121134
2515 17.58017474416539
2516 18.020473046737507
2517 18.732430709983937
2518 17.920246396330654
2519 19.611695410365183
2520 19.264444989571956
2521 20.1796757894135
2522 19.575212050031663
2523 19.709405479194995
2524 16.13566370282052
2525 16.435318216157334
2526 16.639084549903036
2527 16.996044018005545
2528 14.946860973165101
2529 15.380703481554477
2530 17.150236229340184
2531 16.32251979794743
2532 15.774722070681594
2533 17.66495742831677
2534 17.290796950923173
2535 17.833778882649977
2536 17.587288175414304
2537 16.282186969856543
2538 16.532664294878483
2539 17.033848453585147
2540 18.27812340500985
2541 18.56174019507175
2542 18.112341088441706
2543 16.11068089590777
2544 19.468337421838978
2545 17.82772353851137
2546 19.92473177502922
2547 18.014245140657167
2548 17.491714249579736
2549 18.176320840522653
2550 17.778398187870742
2551 18.20430231863016
2552 18.26365416148025
2553 18.537667827975863
2554 18.061158970158914
2555 16.430836941932924
2556 17.44482962510249
2557 17.30620800723296
2558 17.721858394555777
2559 18.488206288721152
2560 18.15040779118129
2561 18.86657031599272
2562 18.45556406073446
2563 17.47316577712283
2564 15.649170174290658
2565 16.785322745242443
2566 17.09452314266867
2567 16.560301757957554
2568 15.623124203616204
2569 18.91423033844596
2570 18.96603905544686
2571 19.14832376427715
2572 19.087314942068762
2573 19.287521507148426
2574 18.69362868571954
2575 18.40854561676048
2576 18.6566321872343
2577 19.539413932361526
2578 19.68878587171357
2579 19.277874530196545
2580 19.022214539424393
2581 18.247167454711185
2582 19.037338488349224
2583 19.35734869126462
2584 19.03339994450931
2585 18.768192618677215
2586 18.557719346953057
2587 18.706641709824993
2588 18.830256086363963
2589 19.09515511936968
2590 18.594830708484864
2591 18.30801460039863
2592 20.181957662577418
2593 19.172867501498853
2594 18.983367991555497
2595 18.413514440825807
2596 18.07966649815524
2597 18.488187329662935
2598 18.224053100436304
2599 18.115315035241757
2600 18.786464010563563
2601 17.90940370769592
2602 18.397200015196024
2603 18.295606078029437
2604 18.74334739061211
2605 18.614499767877643
2606 18.885214099473654
2607 18.4093185060852
2608 18.655334283171946
2609 18.660003080705486
2610 18.944947155184252
2611 18.539706796428625
2612 19.095926772866992
2613 19.215481521644353
2614 19.423154235578647
2615 19.53375930724456
2616 19.017474250080596
2617 18.74690128011944
2618 18.917697912496767
2619 19.138221018521694
2620 19.299742711502788
2621 19.495736144599544
2622 19.147000266722504
2623 19.61260127281904
2624 18.818382656237002
2625 19.39476240956471
2626 19.86498891435114
2627 18.9472455854974
2628 19.554736577219774
2629 19.53025313022549
2630 19.5204122179317
2631 16.944953178191046
2632 16.884672536163826
2633 14.881345476828505
2634 17.13163487005866
2635 17.024237636083782
2636 17.259891334935467
2637 18.50839287135481
2638 18.24122569333081
2639 16.903285104173303
2640 17.483192794954626
2641 16.69195939376368
2642 18.941208579188142
2643 18.198132529227724
2644 18.209447669127627
2645 18.152856492037735
2646 17.293621798745434
2647 18.16170045915701
2648 17.22197568930806
2649 18.444261052759263
2650 18.63560089870677
2651 18.83829582508808
2652 18.65951564278973
2653 19.681683315689217
2654 18.58424935722369
2655 19.31280119062259
2656 19.286513183548124
2657 17.543325110063087
2658 17.60481507568059
2659 17.849028919510285
2660 17.574619282798214
2661 17.50427051391745
2662 15.374178657638355
2663 15.82174575799524
2664 16.555947051708607
2665 16.920391480086703
2666 18.122545629384224
2667 17.59272345924372
2668 19.109678275106642
2669 19.076753357464597
2670 19.320754415779597
2671 19.038481355096902
2672 20.411995383125497
2673 18.98116516914543
2674 18.76465984561926
2675 18.98508478973192
2676 18.58032040635002
2677 17.31333045597195
2678 17.55328331142112
2679 16.543316401859418
2680 17.92333157773213
2681 18.569444290586848
2682 15.314643123111596
2683 13.485027190829857
2684 16.601955640612168
2685 16.35336651501873
2686 15.120972795125946
2687 15.836121758205755
2688 16.48623028955371
2689 16.83461279106405
2690 16.31483453108682
2691 13.718206118928771
2692 15.960912630716187
2693 17.397705072882275
2694 15.493921523794745
2695 16.482294482248737
2696 16.500167662540743
2697 17.233824054963815
2698 15.631051503728068
2699 16.40667796791202
2700 15.244389448943192
2701 15.581825191258345
2702 15.02776080438283
2703 16.734984553786834
2704 17.748388756408
2705 15.371814182906705
2706 14.500703138155206
2707 16.43060608557084
2708 15.932465177935683
2709 15.28553597112474
2710 16.51726778957661
2711 18.361723725636104
2712 18.923927063131934
2713 18.272166767055438
2714 17.59462215480832
2715 18.39792101891023
2716 16.121308806747802
2717 15.729705481663736
2718 18.752051136832844
2719 16.683520330177892
2720 17.872205315457318
2721 15.579375067287794
2722 14.588348556146572
2723 15.365544976388563
2724 17.220678763930426
2725 15.903595129986329
2726 17.26834400735064
2727 16.094059619671118
2728 14.85824953748831
2729 17.44730991228413
2730 19.28099270033893
2731 19.777915778711268
2732 20.0821588878159
2733 18.74646970883369
2734 20.418063893122746
2735 20.12792585539105
2736 20.56603353932845
2737 20.33760901007324
2738 16.137954600604402
2739 14.729671642427762
2740 16.948837947205977
2741 17.573447763586866
2742 17.748609717367223
2743 18.235059459727626
2744 16.83460182106707
2745 18.163960578764936
2746 18.654842321363265
2747 16.993547272551577
2748 16.356551737309285
2749 16.773567685920884
2750 17.965535808146516
2751 16.102938192820304
2752 16.608192583442083
2753 15.970674954881172
2754 14.755608612819078
2755 16.624782978402745
2756 17.30184336293615
2757 16.384747754121243
2758 16.198716896153584
2759 15.689578054189441
2760 16.746973184062313
2761 14.769967426739823
2762 14.919605003631114
2763 17.270875632702168
2764 15.994122519147238
2765 18.127968348751473
2766 15.10310188345715
2767 15.60301242450909
2768 16.116123821995842
2769 18.876326842020635
2770 19.294404958391848
2771 19.414138016704758
2772 19.0611418572775
2773 18.611644863717128
2774 18.67790628928144
2775 18.317981046179323
2776 14.956972952601548
2777 17.29412236638487
2778 17.41111060529467
2779 17.10092719980945
2780 17.06641392803048
2781 17.98900472164197
2782 15.330843611646333
2783 17.016738245013528
2784 16.203382681154025
2785 17.763337663070487
2786 16.405685001340352
2787 16.936145320850045
2788 15.783676789209958
2789 17.012864198127872
2790 16.585217344364246
2791 16.107217046280258
2792 16.18878817626566
2793 15.228634815107794
2794 15.828562631325454
2795 16.06598423383624
2796 18.218352301721605
2797 17.952492373664924
2798 18.471566776395544
2799 18.490982375717184
2800 17.035696643038506
2801 18.399825239845715
2802 17.130489095375307
2803 14.836921288997955
2804 15.929123684765703
2805 14.4509786632671
2806 15.367592045694787
2807 17.9414951488604
2808 18.529698141227914
2809 18.608961693991503
2810 18.75611302741792
2811 19.542704588823778
2812 19.298431595555673
2813 18.885004182332278
2814 18.499888159173185
2815 18.373124132924996
2816 18.419241862813763
2817 18.852290148374756
2818 20.01753235798295
2819 18.935436101323415
2820 19.80256683496328
2821 18.23762542576939
2822 19.238727503155342
2823 19.612874753060137
2824 19.87880081489852
2825 21.046173196050084
2826 18.4157537311371
2827 18.54760608359647
2828 19.52587248635218
2829 19.024998034525233
2830 20.15927087055761
2831 18.817190498858512
2832 19.679687989095562
2833 19.548627630158485
2834 18.89356992225598
2835 19.848270690270176
2836 19.008344797419046
2837 20.312304468560633
2838 19.367555074716925
2839 19.8763677532468
2840 20.046993844411958
2841 19.081637612688283
2842 19.565240159855964
2843 15.249018861073106
2844 13.738377576211082
2845 15.770951128952424
2846 13.570861406415716
2847 14.616173751687572
2848 14.20725142245996
2849 14.461222592662574
2850 15.668477323909272
2851 15.494697785386318
2852 15.328603240481371
2853 15.972073576330484
2854 15.307762398185519
2855 15.664572723194723
2856 15.082247983707695
2857 13.535249731144326
2858 18.547945247644385
2859 17.875879431628746
2860 17.443147312841692
2861 17.911119114657783
2862 17.816958680252444
2863 17.22418682084665
2864 18.30030351060146
2865 18.42042669326332
2866 17.921080504354755
2867 18.248655000135727
2868 16.672903091653456
2869 17.372354867650667
2870 17.676498779636745
2871 17.556102728221962
2872 18.61843170838523
2873 17.286658296320745
2874 17.337366120562635
2875 17.441803926256704
2876 17.839293358497464
2877 17.72425031850841
2878 17.467235800992206
2879 17.699003660361498
2880 17.81709508374634
2881 16.71080792604513
2882 17.121653140817017
2883 17.35886136817114
2884 16.592990213486804
2885 17.80590937922464
2886 18.011564527227446
2887 18.25718414957264
2888 17.877098701421616
2889 14.794266016097872
2890 18.14285085569385
2891 20.038923422251088
2892 18.92959673666236
2893 17.531481682789142
2894 17.264906385819444
2895 18.496664068558005
2896 19.111656337410448
2897 18.91660751816756
2898 18.462081637653913
2899 18.98906618382626
2900 16.402056219572902
2901 18.582590139789893
2902 17.413786041155
2903 17.659037869470346
2904 18.497996396663083
2905 16.034285470800217
2906 16.5617616908717
2907 17.33089422711216
2908 17.103460211206407
2909 17.10571088610192
2910 17.29826361146095
2911 16.64116742092072
2912 16.85086164341857
2913 16.475135624190084
2914 16.67453725549792
2915 16.504766385039947
2916 16.15187784215661
2917 17.811298630168427
2918 17.977015496044782
2919 18.663484628078812
2920 17.08243320670757
2921 18.262024406953213
2922 17.9389211472752
2923 18.52679838071787
2924 19.51087480915451
2925 18.319031381696888
2926 20.804397680416837
2927 20.907436988825367
2928 18.191306311170262
2929 19.272665270365955
2930 21.16193833449386
2931 15.778886693885205
2932 13.582686044959363
2933 16.191578392952117
2934 15.43312039580598
2935 15.244621293472461
2936 14.269619788366375
2937 14.479970025196435
2938 19.31103319459298
2939 16.959101062604518
2940 18.114510700168974
2941 17.720949849274916
2942 18.48538155679663
2943 19.06008310197964
2944 16.658129404664013
2945 16.914078634563992
2946 15.16186283825187
2947 15.450218799313605
2948 16.14236304889528
2949 14.745831429373778
2950 15.790655296697071
2951 19.463900618081013
2952 19.503281122083404
2953 16.50765403804212
2954 13.45036144352372
2955 12.14967039777766
2956 13.608128233100379
2957 14.272490382019367
2958 11.795885456222116
2959 12.32378965638441
2960 14.567667202374162
2961 11.9004229267533
2962 17.524727109258777
2963 15.924593545418983
2964 15.055660349828402
2965 15.657281749312814
2966 17.17617838896967
2967 16.638929198731944
2968 17.764869523735033
2969 19.06140803393022
2970 18.365281401655917
2971 18.560388635274506
2972 19.232850035062636
2973 18.9825512232822
2974 18.556498329030386
2975 18.76676108533237
2976 18.674149059353002
2977 18.234779776314497
2978 18.859025422338302
2979 19.39642654982869
2980 16.97199130853755
2981 17.53447710879212
2982 18.008489710695486
2983 17.914927707775735
2984 18.207275275474633
2985 15.818904487787181
2986 14.549948830111866
2987 10.174698940913709
2988 13.607424472402402
2989 15.03019586452293
2990 14.637445084936662
2991 14.006686907076286
2992 14.268852716855388
2993 15.858965984423916
2994 16.186788417184925
2995 17.41543256969213
2996 14.183612545711469
2997 12.151545043855508
2998 9.50825350395748
2999 12.375628823075811
3000 10.197921297051547
3001 11.009118728089584
3002 13.725944010860376
3003 14.036830039311557
3004 18.52609276328455
3005 18.930754934537852
3006 17.873596476310755
3007 17.163074034046847
3008 17.512218139473205
3009 19.580593118462232
3010 17.816775399391727
3011 17.96362330711583
3012 20.36920529717713
3013 20.423463270782502
3014 19.147202159233064
3015 18.090722117944605
3016 16.67301081177143
3017 18.610120592255416
3018 17.90246970996821
3019 17.3833176307421
3020 18.02586164995519
3021 18.1601234967522
3022 19.14975556662322
3023 19.07198879255555
3024 18.999337323930398
3025 18.63452100723211
3026 19.198419700755476
3027 18.681671113944653
3028 19.230049801673143
3029 19.671051817691552
3030 15.794702018542987
3031 17.829906613401235
3032 16.0421967282161
3033 17.655420614336084
3034 18.274975385366037
3035 19.200982665586
3036 16.3871652695428
3037 15.172426562032205
3038 14.30646851454039
3039 18.021169947032554
3040 13.515894072016586
3041 16.971353837042017
3042 14.432220174831613
3043 15.905988853821155
3044 16.952689312789605
3045 18.806300345802843
3046 17.784054807054954
3047 18.825334252136496
3048 18.946536379203987
3049 18.61803837089947
3050 18.626817563870414
3051 13.518416433479866
3052 16.20424625422342
3053 16.20994044119881
3054 16.577804196989682
3055 14.357648599380278
3056 14.554095983397076
3057 13.525189521524023
3058 13.904877870992008
3059 13.348518615883478
3060 12.73618477937577
3061 12.214071427355513
3062 15.336623194026222
3063 13.482195373750573
3064 14.528968882458281
3065 14.807583798055163
3066 12.771379602842357
3067 12.994487789932363
3068 15.0092862465142
3069 15.629487072713356
3070 17.50564748735226
3071 16.603051279339176
3072 15.927696347529734
3073 11.413022957961154
3074 13.3496209425277
3075 17.55027861645419
3076 17.470119865197095
3077 19.350283537688856
3078 19.085524660636068
3079 17.299598502731993
3080 17.45058494921004
3081 17.562318409871786
3082 18.15369450638043
3083 18.133127596074488
3084 16.41768660679727
3085 17.255417981940948
3086 15.285296031518001
3087 16.59345910661038
3088 16.18588236461535
3089 16.170941012292744
3090 16.034663390008074
3091 13.269843171668372
3092 14.446451786567508
3093 14.58246705102564
3094 15.703356662724365
3095 14.165903252304979
3096 16.43108270682517
3097 16.320340094576828
3098 18.277346643205995
3099 17.740154665002603
3100 17.316042125161914
3101 17.657897091363207
3102 17.984582028450696
3103 18.475578336964222
3104 18.490313884863085
3105 18.09526861796324
3106 19.230561764471343
3107 18.169331847457496
3108 19.058077717061604
3109 18.230693917808868
3110 16.768706911809847
3111 17.591484683446307
3112 18.64997077690078
3113 20.487343209358436
3114 17.191822974104095
3115 17.66057332776926
3116 20.047952959928505
3117 19.17126454544072
3118 19.86967134116563
3119 19.504021998621074
3120 20.311800363703718
3121 18.42162013464191
3122 18.47720486528851
3123 19.912358178239284
3124 20.531149115089374
3125 18.23829977037903
3126 18.149494954843163
3127 19.40438235583061
3128 18.99317003810604
3129 19.355436213631897
3130 18.03367377024162
3131 17.628185715128833
3132 17.7629264665464
3133 17.637843233986665
3134 17.894177974122876
3135 18.044915805534984
3136 17.506193607741437
3137 17.071942476260556
3138 17.19619599811345
3139 17.165028547068967
3140 17.29433849233536
3141 18.37857869245247
3142 16.248181512959416
3143 17.108338660690823
3144 16.141619559129623
3145 15.830640683635322
3146 13.954827580854014
3147 16.28274754169038
3148 15.080729351468769
3149 12.481379560434224
3150 15.391824272958017
3151 13.949703585522043
3152 9.067121086358828
3153 14.827690914908798
3154 14.821687769211227
3155 13.818044885782074
3156 15.43089213424759
3157 13.798820524094332
3158 12.089510192734865
3159 12.896266857039183
3160 12.988519874219053
3161 13.36780126845579
3162 12.891956242222983
3163 10.18687998496801
3164 11.173917227842834
3165 11.107762505356543
3166 14.293515095718183
3167 12.211774828587828
3168 10.452537037151444
3169 12.14013816466419
3170 12.687519338268276
3171 12.56302974592971
3172 11.821151351751933
3173 10.994680429200717
3174 10.939661387941694
3175 13.739643883957154
3176 17.857702936258196
3177 17.34313941286207
3178 17.246327438253246
3179 16.65712511625981
3180 12.765477681293456
3181 13.312346726720778
3182 13.416687621701378
3183 14.428054434362682
3184 14.274802135800357
3185 13.735751521850178
3186 16.081052648673623
3187 13.400778994226446
3188 15.48497838886935
3189 13.955263984504787
3190 12.904658697232916
3191 11.995357052006252
3192 16.470500028671292
3193 15.53367686751236
3194 18.793755033992408
3195 15.319096789520035
3196 15.21023390982136
3197 14.296250112284575
3198 17.772818309355713
3199 15.881969668174557
3200 15.874544880559565
3201 16.982845842852324
3202 15.746468875191619
3203 17.057629559353295
3204 15.627397338355555
3205 14.418701993011993
3206 16.62073538235547
3207 17.887307943471207
3208 17.51688778656384
3209 16.515673358252098
3210 16.52939220827476
3211 15.342829315001879
3212 17.174408046866567
3213 15.694947687885026
3214 15.197794921744968
3215 13.97563113108593
3216 15.373755924364486
3217 16.363092933257864
3218 14.123654482439623
3219 16.453410068922903
3220 16.27399414807747
3221 16.358212713347044
3222 16.976011218149253
3223 15.973803002586822
3224 17.64123714935533
3225 17.39039084957827
3226 18.40967166009249
3227 18.356014082331036
3228 18.006692849380876
3229 18.52935355041421
3230 16.97216567293271
3231 16.075708206167793
3232 14.74677871924905
3233 17.26775308536924
3234 16.76768689321297
3235 15.16608646031471
3236 15.613032662266331
3237 15.144420662823546
3238 16.58884090943625
3239 14.257602710254151
3240 15.552261936640043
3241 16.285337174945067
3242 16.213935833601887
3243 16.88755735912664
3244 15.038014697266831
3245 15.401700132480117
3246 17.9144857719402
3247 17.822005600543335
3248 17.81877866487935
3249 19.375472477779706
3250 19.884536111364596
3251 18.422483085828347
3252 16.934706671997173
3253 17.230743103475685
3254 16.76365329338232
3255 15.020943939326445
3256 13.297313561480685
3257 12.50093840265103
3258 13.788736052152988
3259 14.762724567666863
3260 15.429884835172295
3261 13.427924785696643
3262 11.143399758477457
3263 17.766957202898062
3264 14.698016087983907
3265 14.467921427325775
3266 13.349035305875452
3267 17.16064756367695
3268 18.856556818099342
3269 18.798631506806995
3270 17.774092110800158
3271 14.01269527057705
3272 13.574394919271548
3273 19.999672050077475
3274 19.36898927027917
3275 18.504320826711318
3276 19.24216397470327
3277 19.165208649929784
3278 16.54053615476094
3279 15.272595531260944
3280 16.509676181388212
3281 17.08980172798789
3282 17.32294063792342
3283 17.253719411645772
3284 15.510294820665452
3285 15.526140703988593
3286 16.377404220460207
3287 16.411965070435325
3288 13.440706152872256
3289 17.300143809786057
3290 12.874890550171829
3291 16.40580594093242
3292 15.237512973395946
3293 13.888441455098231
3294 11.97273378129588
3295 9.937317306280786
3296 12.931656420376509
3297 11.968379763876783
3298 12.348703467585452
3299 11.651242943401588
3300 11.513316178247017
3301 13.276032269132928
3302 12.503197823258567
3303 10.871781732970463
3304 12.462339278277513
3305 11.324466371474683
3306 10.250257884582295
3307 12.492806360422732
3308 11.63649324678446
3309 12.461616604058623
3310 11.99384567183365
3311 11.529533976049883
3312 12.279111926246932
3313 11.492669015355414
3314 12.115324812255231
3315 13.400279958334504
3316 11.690602571545206
3317 13.337501825912357
3318 12.804731676539047
3319 12.392283043489261
3320 14.398788009927026
3321 12.8848588260006
3322 12.90477132394441
3323 14.05137216360701
3324 12.4005543819911
3325 12.691033337716224
3326 12.053734255919844
3327 10.900070367009365
3328 9.945049165253964
3329 11.149428340066452
3330 11.700545468780382
3331 16.61345984457233
3332 15.958056887747503
3333 17.185337918392783
3334 17.453375389005583
3335 15.109840839996938
3336 15.909249848881945
3337 17.871433001136186
3338 18.26131754088024
3339 16.703310263660434
3340 17.458093003416813
3341 16.086734467950127
3342 14.75536299282437
3343 17.108976800180386
3344 16.668891666230724
3345 14.550011669247631
3346 14.915042590684877
3347 15.778512336511595
3348 17.07312756782528
3349 16.38206228066682
3350 15.596290701694375
3351 17.515013435834813
3352 17.175242167225207
3353 18.760059766288883
3354 16.325214304853223
3355 14.254526261267948
3356 15.376007925650363
3357 15.840723360771161
3358 14.745314846203375
3359 16.187168159247364
3360 16.99897296343321
3361 17.86895501094073
3362 16.77682369837564
3363 15.217391704879876
3364 14.078376923233309
3365 16.15848001290734
3366 12.715105285929575
3367 10.472579625589429
3368 13.18281727719381
3369 11.616185851634247
3370 11.98435352058101
3371 12.088526226300903
3372 14.511933716760803
3373 11.797892725918972
3374 15.843258190388669
3375 14.004133670359781
3376 12.086635872883503
3377 12.903431695874861
3378 13.363726827116713
3379 13.929725528597858
3380 15.90059869121425
3381 15.040519089370358
3382 14.45006945483159
3383 14.099530940485666
3384 10.877079999602337
3385 15.772078747895039
3386 15.964363128790456
3387 15.14390184846222
3388 16.945809763912326
3389 16.795868395347664
3390 17.098668576347325
3391 16.93796679557899
3392 17.975075274101783
3393 16.402257281644648
3394 16.03594571418948
3395 15.61138039604204
3396 16.364234544037473
3397 14.960815289512825
3398 16.672413749296545
3399 17.17287442407762
3400 16.768085571002526
3401 15.81290224536967
3402 15.323683440822503
3403 14.902241568704078
3404 14.13366775846621
3405 10.93552061721157
3406 11.189253357087784
3407 13.688320966903115
3408 11.57936032342484
3409 9.586226588786039
3410 12.055133521452001
3411 11.658952626714177
3412 13.494331572786303
3413 13.63299335308423
3414 14.84032516864029
3415 14.921698491990645
3416 15.756664822681604
3417 15.577116667813126
3418 15.426599028667699
3419 14.452886071135673
3420 16.15381631579716
3421 14.412207047118367
3422 15.420866130446454
3423 13.042519435069321
3424 15.383815080590292
3425 14.279721692792586
3426 16.37647868554959
3427 16.139631153229317
3428 15.866312659753158
3429 14.934996075728426
3430 15.178943685637616
3431 15.911803895073849
3432 15.965313985805535
3433 15.363823133760823
3434 15.663932531412572
3435 16.70283231398156
3436 15.820951357471404
3437 15.129570595346015
3438 15.703214780188933
3439 14.49705232121929
3440 15.902186210813081
3441 15.489947040586307
3442 15.763787529778638
3443 17.670153197579193
3444 17.576193274892876
3445 16.124493495587913
3446 16.18652594763749
3447 14.702189227308985
3448 15.586289383708165
3449 14.936476092146226
3450 13.122999187911363
3451 14.974666857954654
3452 12.876061920638756
3453 12.214466762326383
3454 12.579551269460966
3455 12.464608456385205
3456 12.507094075527837
3457 13.047166277509842
3458 14.116143756924396
3459 15.226480089828204
3460 16.107132151181165
3461 17.828199442580583
3462 15.479603790421306
3463 16.350745772546034
3464 16.667599760921647
3465 18.58337697013218
3466 17.605380066894906
3467 17.38549233429354
3468 17.48155072524775
3469 19.041584785286652
3470 18.862541940207258
3471 19.809793489237855
3472 15.732817724012232
3473 13.92278685373157
3474 13.833991424009547
3475 16.39428668868209
3476 19.256306018108315
3477 19.217244647918736
3478 16.026350689984287
3479 15.392195389330134
3480 16.07695395067842
3481 15.32857336863263
3482 16.274389090001684
3483 16.367080176828598
3484 17.009954232407463
3485 18.08349837747764
3486 17.843765749502662
3487 15.97810180132427
3488 16.511732685800137
3489 12.44763551839586
3490 10.677294560993893
3491 11.432292034394111
3492 11.229945598550687
3493 14.324118816868888
3494 11.176487666296826
3495 10.884270095571031
3496 12.57344609986441
3497 14.207031997692988
3498 14.396110424529233
3499 16.06212011526439
3500 14.322018280692298
3501 14.843268166317179
3502 15.751220487847252
3503 16.76538257953149
3504 17.541248784692094
3505 18.640546316728493
3506 16.692124771444643
3507 16.36906542282716
3508 15.768471009534592
3509 15.9185937199047
3510 17.084799185207874
3511 16.650875118597337
3512 19.224052879706704
3513 13.705055335684087
3514 14.797580661984085
3515 15.755220538274104
3516 15.351224592192754
3517 15.215336656208978
3518 12.820324631151268
3519 15.82496788891934
3520 13.91750402314608
3521 14.61848093159701
3522 14.63974699885774
3523 16.925186460340264
3524 15.629924140548725
3525 16.56037234712521
3526 16.477950560349143
3527 16.266468484416496
3528 18.118507586361556
3529 14.476416487939808
3530 16.2370436908144
3531 15.761419684277733
3532 17.377119221979942
3533 17.063495387025153
3534 16.319218814050807
3535 17.2039951926587
3536 16.425946651407994
3537 16.65012789538027
3538 16.062739778314167
3539 14.807131404898119
3540 12.220573486634391
3541 13.802945225105079
3542 13.644408367187248
3543 15.971947098276683
3544 16.07831581785228
3545 16.43860184230399
3546 14.48250809682292
3547 17.41147161058643
3548 16.496204675611004
3549 16.183286461309297
3550 15.795281254558297
3551 11.908930529057063
3552 10.266568689385872
3553 11.378195182738612
3554 10.71384744701742
3555 10.736997145650424
3556 11.698054645758775
3557 10.765499215889875
3558 10.68143109095471
3559 14.409331118899518
3560 15.279049040578533
3561 14.474589828980752
3562 13.438730431550777
3563 14.757159309571806
3564 14.444248563739604
3565 13.865919363674678
3566 15.292199637179943
3567 14.027224335723044
3568 13.966262426303537
3569 14.751921944426831
3570 15.494207287653415
3571 16.496612727344015
3572 19.396586188341715
3573 18.456133254940685
3574 14.078478535250646
3575 14.410381073688844
3576 12.328657094030874
3577 15.53145398792902
3578 15.393731977793676
3579 14.797767329714688
3580 11.540885006771907
3581 12.565110171981948
3582 11.805385884786752
3583 12.533274908065716
3584 13.104346109004693
3585 13.87263958875713
3586 11.641444174721578
3587 13.64915048961473
3588 13.799273147243891
3589 14.572934259871824
3590 13.644342022468498
3591 14.845044798998305
3592 14.335341575766103
3593 13.359340457628043
3594 10.740641689206171
3595 10.288852077623313
3596 12.205232917286262
3597 14.087440426529716
3598 15.589872624512612
3599 14.721087863780689
3600 11.629878519726045
3601 12.039373232727893
3602 11.053549878800434
3603 13.181749695511813
3604 14.584158889013953
3605 12.465883326626255
3606 16.46980852748989
3607 17.537068054233796
3608 16.29503612738424
3609 15.71578792838543
3610 15.148866321109285
3611 16.445669986094767
3612 16.33549893180406
3613 18.42411847158726
3614 10.001896301688614
3615 13.413776431255103
3616 14.59414930263348
3617 9.106002735647074
3618 12.931769079519375
3619 8.801065907861688
3620 9.260150981851426
3621 7.7803044920125135
3622 8.981693566825564
3623 9.596481614615415
3624 8.644899113135441
3625 11.879573247162837
3626 11.292642105828772
3627 11.10769751243434
3628 13.65098631904126
3629 13.636662199557707
3630 12.49443409182445
3631 13.179908280119173
3632 13.038622549652933
3633 12.481721840947015
3634 13.471346189750287
3635 11.331987691931863
3636 14.199610839185887
3637 11.072936966715714
3638 10.970108803946
3639 10.405977376693022
3640 12.074603124190025
3641 11.096673661019237
3642 7.803215698742657
3643 12.389015130041598
3644 7.371007478923322
3645 8.85330177079135
3646 8.436096695194143
3647 9.437811489437053
3648 7.989556832472029
3649 10.505031071530222
3650 11.796608191832266
3651 11.54724558538264
3652 12.395744863383916
3653 13.7631605589964
3654 12.640308454348544
3655 9.215644312016334
3656 12.44897404236054
3657 10.82496708283115
3658 12.225818483815122
3659 12.207884422001793
3660 12.795242833843872
3661 9.499592459441558
3662 6.343790419697635
3663 7.011442997494001
3664 7.824524571025436
3665 8.193387031207457
3666 12.559752776757167
3667 12.631773120439528
3668 8.521500496893605
3669 9.473898804382992
3670 10.494216824588618
3671 7.209099091054191
3672 6.757170380443889
3673 5.9626521241595265
3674 6.854044369371263
3675 7.126375670290056
3676 6.721994301986973
3677 7.525843386411423
3678 8.912509611022909
3679 6.032481488211459
3680 6.201450429037676
3681 3.249458738129512
3682 2.7310557311907497
3683 2.494892807635038
3684 2.6590504545071454
3685 3.4152676697779554
3686 2.7326755879874463
3687 3.2831674094703405
3688 5.2012704991839165
3689 6.729794649619252
3690 4.915811841476749
3691 5.662759833504377
3692 5.603947468058626
3693 6.614385505674804
3694 5.160981877969316
3695 6.39325437699276
3696 7.061166501277163
3697 3.8375234247052807
3698 3.5021254968419697
3699 2.689770018664517
3700 3.3465222171331814
3701 2.5920693235419248
3702 5.525105675983658
3703 5.864920928767148
3704 5.923693059168117
3705 5.229352131210476
3706 7.2065912348740655
3707 7.197369362594311
3708 7.926495618375475
3709 8.366736496331
3710 5.161187760618625
3711 7.353727310409734
3712 7.864142953463563
3713 5.456062881041488
3714 6.041308337736517
3715 10.939135176458079
3716 10.249650292958824
3717 8.828525373597074
3718 7.555147334846022
3719 9.952209606404718
3720 10.324932553721435
3721 10.264408388180923
3722 13.087782684977862
3723 10.677041322239216
3724 8.46039859653577
3725 7.177715797809804
3726 7.577675741356096
3727 7.9025316953524545
3728 6.335131692822632
3729 7.093935341626953
3730 5.048056999565198
3731 5.856894613544142
3732 8.428928627454157
3733 6.473634737989819
3734 6.267249269055443
3735 6.888478233586673
3736 5.3300656396032755
3737 6.241299803658661
3738 8.542868810414678
3739 9.315510971794021
3740 11.424286354933546
3741 11.645118333308492
3742 11.12662286438744
3743 10.48919037872292
3744 9.213627494648046
3745 9.52200427138932
3746 8.602162344441961
3747 11.404190433574438
3748 10.824625993359952
3749 9.189331871792644
3750 12.160613798536978
3751 12.286803132362863
3752 10.247355484368097
3753 11.147598345901784
3754 11.326579140285535
3755 7.940121892191061
3756 9.14667670128304
3757 10.263416091018806
3758 9.981580243890035
3759 11.248909354689587
3760 9.871983426747127
3761 10.46444945336695
3762 9.04514486716717
3763 10.384264481223928
3764 11.582692282200922
3765 12.481868346676428
3766 7.815448066626092
3767 11.134647250678022
3768 7.739499880777023
3769 11.32577971843497
3770 11.624852535108712
3771 9.550773901138331
3772 9.624230931775907
3773 9.773750655470643
3774 10.650669670723417
3775 7.962676069251321
3776 9.558309128437998
3777 8.602981727547254
3778 9.39940365502862
3779 8.006546743528341
3780 8.517557996640754
3781 7.015310703181186
3782 8.827363764199966
3783 7.317871612716452
3784 7.284811536123048
3785 9.21272664451706
3786 11.386082653761903
3787 8.615186531410615
3788 11.14157966371945
3789 8.683206647288026
3790 9.40337023099442
3791 9.34443873892328
3792 10.711974384108087
3793 9.438278668953002
3794 11.63965138165853
3795 10.946063870403833
3796 10.938273481858968
3797 11.184118469317259
3798 10.834266546518297
3799 11.647269434045526
3800 12.107236864415633
3801 9.392573192190687
3802 10.113442384930156
3803 10.927744877469857
3804 11.861130794249299
3805 11.548459042359438
3806 12.626068692200397
3807 12.694307494717654
3808 13.914907234371794
3809 14.961751480387404
3810 14.480698364551857
3811 12.720566904643235
3812 12.19792519221137
3813 11.800374182510804
3814 11.551720158883496
3815 11.529737232456029
3816 11.353894134121546
3817 12.574993543743089
3818 11.187524341346162
3819 9.68748582085954
3820 11.930034027435543
3821 10.837810503850854
3822 11.379755388393379
3823 11.799881770626424
3824 11.415864178851804
3825 12.761006292646892
3826 11.757104732515149
3827 11.280564666575874
3828 11.880921555043543
3829 11.96364882967602
3830 11.427206036966982
3831 12.847244953782024
3832 9.688847637336298
3833 13.464553103505242
3834 13.447456887484586
3835 10.487024936833699
3836 11.408541336907774
3837 12.026933459252202
3838 12.05685980710614
3839 9.789494692862917
3840 9.123136054479193
3841 10.80308697134145
3842 8.984306550691656
3843 9.142836648670153
3844 8.297101393157737
3845 8.558156295697286
3846 8.045597830421455
3847 8.05718010978231
3848 8.448578895025532
3849 11.339620566775814
3850 8.417028247202438
3851 8.392110136112388
3852 9.47790625278975
3853 5.493231201260937
3854 7.102641951190343
3855 7.792900577420603
3856 8.566653909886243
3857 8.08594878906145
3858 8.217208444724733
3859 7.287281337595167
3860 6.851937818546866
3861 4.715470841363571
3862 4.9662073664624815
3863 9.184246485770904
3864 6.528585897273343
3865 7.740507650365655
3866 8.263006613572989
3867 7.640323527411926
3868 8.71057428615897
3869 7.044377312098589
3870 9.737489703622856
3871 9.36357741272691
3872 7.293490914083451
3873 12.310938622200176
3874 11.771271178150874
3875 10.646745140905459
3876 12.019475922229802
3877 12.06857414970183
3878 13.951590208417233
3879 12.760338971411057
3880 9.552157121470504
3881 8.97806555492372
3882 8.883322094605182
3883 8.972803909457808
3884 11.43383290795726
3885 9.209850558914729
3886 7.924610603857763
3887 14.874711566598297
3888 14.86680975066688
3889 12.498586020005424
3890 12.383315687234333
3891 13.130808640369013
3892 13.521051535711065
3893 12.415448329790998
3894 13.896326553480376
3895 13.112439405974502
3896 15.278236833226241
3897 16.405686295376427
3898 16.6513987174673
3899 15.877030878934903
3900 17.961193432908598
3901 14.206499527358314
3902 13.4455087807082
3903 13.62098748104685
3904 13.233285848701412
3905 12.720410399625425
3906 13.04183101758487
3907 13.804105541153024
3908 14.037445275001007
3909 15.269142853788273
3910 15.236927149908
3911 16.341993985700107
3912 13.52626393367767
3913 17.001542069272382
3914 16.27523421158573
3915 16.816066014635606
3916 16.580603602599453
3917 16.602836943548123
3918 18.07698373075634
3919 18.256165313932076
3920 16.77901109357334
3921 16.24920811387493
3922 19.18716777621168
3923 18.212797744237054
3924 19.28960117740696
3925 16.590663518715438
3926 17.774864087321955
3927 19.80773194240947
3928 18.445415933273992
3929 18.33564750416755
3930 20.257345990119966
3931 22.834804014330803
3932 19.18158193323618
3933 18.957070564640368
3934 20.06043079176181
3935 17.15801142937004
3936 16.849627384403902
3937 16.07515047639955
3938 16.500727254249732
3939 17.95864609787178
3940 15.905147511563639
3941 18.182135221026236
3942 18.589509833544515
3943 16.0574411936648
3944 16.31192211040783
3945 11.516403665266994
3946 11.50719834175522
3947 13.200686490676521
3948 12.587047104326066
3949 11.511573928220114
3950 13.168986450622857
3951 11.237538216636281
3952 11.56592310802454
3953 13.22597818397069
3954 15.24779511799033
3955 11.99863918256331
3956 9.95416346516074
3957 13.22915868948852
3958 9.68786627647009
3959 10.310429992590132
3960 9.87247252363395
3961 13.289353594994772
3962 10.652740855957346
3963 13.169580665351079
3964 14.649699428717147
3965 9.736226975405105
3966 12.980120790330693
3967 13.142175365762368
3968 12.706584243214838
3969 11.662043995666913
3970 12.508687430853673
3971 11.897546223750068
3972 10.717817557497714
3973 12.112666248170248
3974 11.422338114224795
3975 10.726260118488772
3976 12.7516670276595
3977 10.885970422946976
3978 11.66712546150281
3979 11.49611493611273
3980 13.38680016297983
3981 13.809639364087571
3982 12.537076779223494
3983 12.14121414724599
3984 12.201744457038801
3985 11.056541823279218
3986 9.7522337591686
3987 12.746695965737947
3988 12.459540704805212
3989 13.764195215858702
3990 14.313857432774006
3991 13.396354756182898
3992 16.059412903465887
3993 17.67846353957606
3994 16.24158572075293
3995 16.631930383712483
3996 17.021139931747182
3997 16.26431497749307
3998 16.033908556914366
3999 19.235123021462293
4000 17.84305263104512
4001 12.47712354302832
