0 10.616781202776744
1 16.147639044226693
2 17.4701299962355
3 19.789317082385065
4 20.59747792962243
5 25.608694401819452
6 25.303526333461058
7 24.239294766188422
8 23.319409184015356
9 23.67125813265872
10 25.569730665619048
11 20.74140093262799
12 21.26975202924346
13 20.125488330599136
14 18.713918845409328
15 19.079390664197785
16 19.33245187727723
17 17.500474266994356
18 17.859105800786118
19 15.988284228122662
20 15.624357053375206
21 18.035211536299457
22 13.82700224790866
23 13.1039351108757
24 14.47893477088903
25 16.60235118632268
26 17.572524600738827
27 18.67577552061952
28 15.32058024595008
29 12.834094051105785
30 16.488772737951425
31 16.64148988665333
32 12.972884506612896
33 9.025165207976007
34 11.950994475417799
35 11.888904006278729
36 14.100388880032698
37 10.133209932890297
38 8.870322802498064
39 9.498653791031595
40 13.681895677049578
41 11.656804060446898
42 11.645011830897303
43 13.27775003779986
44 17.293159064991844
45 16.888965531782134
46 15.681073654065212
47 14.811229236391073
48 11.504867321909728
49 13.582095067943348
50 13.472599047326678
51 14.58561639288327
52 14.20895218188143
53 11.923286802695204
54 13.176043985371379
55 13.017580055444173
56 15.132281837676926
57 12.964420196775023
58 10.831360053260662
59 11.967700949140363
60 10.281881923156364
61 9.534732739164772
62 6.619050064620105
63 6.551491459759444
64 4.928234740688623
65 2.9490016750715857
66 3.0895012180773582
67 3.012396940253687
68 2.5136410357867476
69 2.618765971644005
70 2.779945688339033
71 2.709265450177991
72 2.680372482165104
73 2.7102978881277595
74 2.909657953627067
75 2.604184794218827
76 2.8785294124378527
77 2.703458968271072
78 2.480802222614449
79 2.9838119279239197
80 3.681196121634679
81 2.577832513311467
82 2.536187692857068
83 2.7710795472828926
84 2.8467715371668687
85 2.6217657949992748
86 5.143784594883059
87 5.163494186773147
88 7.4541975104984575
89 7.698643867962127
90 7.115678452659041
91 6.523573673028798
92 6.1473597560500695
93 4.7795855565189544
94 3.559873790863195
95 2.807758924685004
96 2.726371639431397
97 2.7065962521434184
98 2.7847652058429917
99 2.6459575277046397
100 2.7030868799472527
101 2.752255111187385
102 2.6041931970745567
103 4.761996309013824
104 3.75334972199376
105 5.769235041538039
106 4.880008062922109
107 5.717252734751394
108 2.915868065749051
109 2.7416887981955798
110 2.7517989302775177
111 2.754203618979023
112 3.398658355342726
113 2.6044791774771
114 2.740060459781197
115 2.6062068590759875
116 2.7120147527001643
117 2.629474997974396
118 2.6996376037424086
119 2.5824350691292612
120 2.61460594052958
121 5.836576988033528
122 4.531930826244438
123 5.266406752118045
124 2.6928158817771073
125 2.67920242512384
126 2.5197440302005147
127 2.7842524302162848
128 3.004320227595604
129 2.790145846151979
130 2.6500005182415345
131 2.5783456268071165
132 2.744676896015518
133 2.6231963250981005
134 2.8426344706500086
135 2.587124556435774
136 2.8119127078132395
137 2.6016744896633655
138 2.8269292474987795
139 2.813307243369604
140 2.688814075091531
141 2.7358315637901023
142 2.6533907623901443
143 2.5738619086100907
144 2.750478049889475
145 2.6180724981738837
146 3.092941462129977
147 2.6291704936688727
148 2.5670123419427457
149 2.6842417556036535
150 3.1276040903049354
151 2.899782619884861
152 2.6712590235922127
153 2.4767118109983115
154 2.797964294742837
155 2.551437407838414
156 2.6235015908687864
157 2.720913177801252
158 2.9371780491822075
159 2.7016474500137058
160 3.3903804340646935
161 2.780399336659209
162 2.8131657366412313
163 2.598667207249125
164 3.650420042356851
165 2.7777332565850643
166 3.4806104201429844
167 2.681305722673198
168 3.285511008456954
169 3.1731790280975827
170 3.3596737812281803
171 3.0791281692425
172 2.6806819990328634
173 3.038995002975607
174 2.9885762783304024
175 2.7283866133629746
176 3.67554317815616
177 2.8363453681831423
178 2.5212924007704527
179 2.710013869150975
180 2.7041695174204134
181 2.6427368173595145
182 2.6651496307019533
183 2.768701200935825
184 2.9556258089930525
185 2.7422464136339046
186 3.005947155965046
187 2.844220430815433
188 3.1036092000401503
189 3.0887334794617423
190 2.695134688998352
191 2.578649049488536
192 2.7658714099568815
193 2.9541749435662257
194 2.9709912374250265
195 2.637138338733638
196 3.190993710672316
197 2.420171362119053
198 3.0349800036330317
199 3.279185376548138
200 2.7255947448194964
201 2.828879740830297
202 3.730023112904481
203 2.7328100750773285
204 2.7258069674297576
205 3.0402708911846528
206 2.699006116980021
207 3.25525885471339
208 2.7517611625748204
209 3.2556073460494077
210 2.662819939977372
211 2.657525085167455
212 2.7738236482955725
213 2.5726166083268716
214 2.612529665554113
215 2.9170592949830207
216 2.5794245017469226
217 3.442388916441396
218 3.307870097085456
219 2.8058654494502293
220 3.017585912966111
221 3.3742780306011593
222 2.5836100231366146
223 3.288497675720514
224 3.103559712951279
225 2.7606830581024786
226 2.8299739723325743
227 2.694871096669089
228 3.273715732508467
229 2.740042311081755
230 2.76819148301158
231 3.0172635510702337
232 2.624625787421286
233 2.774928443615472
234 3.0970970210657485
235 3.010290979666019
236 2.551884731828936
237 2.626130163857099
238 2.6947017217303117
239 2.7259190540728184
240 3.3536436351716334
241 3.2115713685887908
242 3.4437980944875717
243 2.630689173865781
244 2.8750416944146004
245 2.7748786286669422
246 3.286379378985768
247 3.1952864354765858
248 2.661149860336223
249 3.1475837372891253
250 2.784489805112191
251 2.803733568626377
252 2.9230575097668487
253 2.6704510659970935
254 2.546962011733264
255 2.5940081379344497
256 2.903211451827893
257 2.7102081911517644
258 2.6306527613521014
259 2.6040199263851935
260 2.8239939744593645
261 2.5457535263479394
262 2.53237118243498
263 2.5828894523408668
264 2.6288887829829344
265 2.665343367058814
266 2.6928237040441436
267 2.5500037297306415
268 3.385792526716776
269 2.781751051031944
270 3.4151161949310525
271 3.6642916023132743
272 2.619348901430268
273 2.6347759856774755
274 2.7533615435654095
275 2.730716735343034
276 3.0847907387726354
277 2.791869872610641
278 3.157845864345394
279 2.639321489138224
280 3.2396422932910207
281 5.082606364288664
282 2.7900809743271475
283 2.6904229225292804
284 3.2183237439791617
285 2.8765510146299604
286 3.6409983184072647
287 2.6790802405227363
288 4.460321700813678
289 4.486806321112013
290 5.27037601020132
291 4.829597234741389
292 4.7238579466891615
293 5.188521877017982
294 2.6277490366123124
295 2.605073027951721
296 3.2224273810793194
297 2.547264313738152
298 5.030599606163862
299 2.5840398844955326
300 2.6269875903953035
301 2.939413568051924
302 2.7697422323705156
303 2.8351340992602623
304 3.5797578800320213
305 3.122129179159448
306 2.762862120248745
307 3.495606838932214
308 2.7748444863246178
309 2.5599482722019857
310 3.689276425512822
311 3.1955459137950992
312 3.6554668701338766
313 2.8663649974780636
314 3.466829501390141
315 3.201199039412942
316 2.8182418626461208
317 3.505957224664253
318 3.143882994619095
319 2.5825483910429914
320 3.3424080004627967
321 2.9742003817498133
322 2.7563323168041602
323 3.521823912285884
324 3.313559107571952
325 2.6520821426161088
326 2.799225754655832
327 2.6659862349611987
328 3.013608903215486
329 2.995600183435836
330 2.6483005279651244
331 2.8123382915225577
332 2.4671691926382837
333 2.83401076831496
334 2.7376363226721976
335 2.6518481970529355
336 2.8136574671899566
337 2.6472822540372394
338 2.781468682720169
339 2.786331087683622
340 3.460380631610257
341 2.783537708510748
342 2.783123958587419
343 2.873171885832972
344 2.670317552523837
345 2.707733297567824
346 2.9731108580887233
347 4.727492703701354
348 3.024518614748099
349 2.8665156372867537
350 2.7920760969815026
351 3.3528119345348464
352 2.837226024429594
353 2.9902857992826664
354 5.1403000520647435
355 4.315459753954453
356 5.249619823248073
357 3.0028484961245083
358 2.7084623148151135
359 3.5661481472789327
360 3.5282146694001177
361 3.4944164189503035
362 3.67726191743928
363 2.9431762411015856
364 3.027231262036522
365 2.6751111113433894
366 3.368245268712757
367 2.4948362106526187
368 2.870935577330884
369 3.0413297335054406
370 2.9454467784320384
371 2.656768829448961
372 2.8809820148713055
373 2.612400534177224
374 2.677876922838265
375 3.0004674417763932
376 2.711319767717343
377 3.487219793408004
378 2.9674237439004907
379 2.929272396641205
380 2.6424254944877203
381 3.7377242891011746
382 3.3764315248843975
383 3.1281842385405905
384 3.5213676853895395
385 2.782951319214446
386 2.9822877435970025
387 2.6261647149910408
388 3.021705728806668
389 2.626664457893104
390 2.5637079374851077
391 2.7885005451938567
392 2.806882466140423
393 2.681831520598256
394 3.198128775661031
395 3.786882318779557
396 3.8245054304764183
397 3.775564035080895
398 3.211705415427
399 4.621895729970457
400 3.685702124370083
401 3.4127826642400647
402 3.0172668743762063
403 2.967583582025877
404 3.191127260800869
405 3.112903773093433
406 5.8738795216958755
407 6.281804920246888
408 5.199394753386491
409 7.817779411884675
410 4.906527476790177
411 6.246783710771992
412 4.458291327753025
413 4.504279445572646
414 3.1495252553145168
415 2.6538130534842166
416 2.6799803929691537
417 2.740158854428321
418 2.6991714130192515
419 2.7529809865239163
420 3.1583950264466356
421 2.9094020758870083
422 2.7118637660937726
423 3.305525708666463
424 2.5916221846782377
425 2.4866479051184323
426 2.69181691635318
427 2.6637722329289617
428 2.708373571135808
429 2.6881381427496422
430 2.647114923735787
431 2.714713182845683
432 3.286560218772581
433 3.221806958644972
434 3.1494833555887864
435 3.3184691801953066
436 2.937774992348237
437 3.1802661803545145
438 2.8362816245921643
439 3.381732001230789
440 2.857665562293576
441 3.369492299144551
442 3.214418017453039
443 3.508459581968877
444 3.670190931970995
445 3.068791912360859
446 3.352134802811323
447 3.36535198757872
448 3.1167324415277213
449 3.166516630726941
450 3.6635530883479697
451 3.3232756782493285
452 2.6076146350249307
453 2.565313727111538
454 3.250094943495271
455 2.6685926464457608
456 2.6699262344554153
457 2.6235671428937266
458 2.5747192173500926
459 2.5059803050776215
460 2.8948669677117045
461 2.748983109445274
462 2.9079866587559473
463 3.676782763240227
464 8.247572384992965
465 9.823737511437393
466 6.15067029944423
467 10.739130070939048
468 10.842945180123433
469 12.530168848506232
470 12.915503405877946
471 13.24135712568829
472 10.416422102486402
473 14.445277747537453
474 12.431208107043116
475 13.856304800708385
476 16.314190653987463
477 12.114535582330976
478 10.790112090073096
479 8.324515361714846
480 10.463983422498002
481 9.102313995432471
482 11.363643517625775
483 9.113433099476332
484 10.027948207002488
485 12.349213844081369
486 13.207871888049857
487 12.676191103799072
488 14.61171972541416
489 17.792950745653066
490 14.295432842916284
491 13.90181282610368
492 7.761758118888958
493 12.518934901091889
494 9.036163490759058
495 11.251068473027468
496 9.590560899069727
497 13.646260026378595
498 12.063198454722066
499 11.243451349151414
500 10.035562320573304
501 12.84377157857014
502 11.332693934352523
503 12.549648380841486
504 13.297749304303071
505 12.941189741129783
506 13.389385687234055
507 13.370987771581843
508 14.582855522626234
509 12.161072665138729
510 15.361394745018632
511 13.338416312608622
512 13.192774834617552
513 12.158424371983731
514 9.413651343459776
515 14.356542303821454
516 12.246084524768435
517 13.351610608787984
518 11.867417369271385
519 13.067134133197056
520 15.371153693202697
521 15.612666394926334
522 15.574270305361042
523 15.598841187793278
524 15.78007991495092
525 13.62964309588963
526 12.604840219250173
527 13.342955718753762
528 15.587493754743763
529 16.094181728035466
530 16.570475127477078
531 16.622129363071863
532 16.2677955000524
533 19.875092770150378
534 18.557785346412373
535 18.081251613159584
536 17.940738133371575
537 18.20698859195733
538 18.72950466802948
539 17.697172137081697
540 16.59392872009088
541 17.78173259986969
542 20.025347994291888
543 17.51778955389329
544 17.104043019323132
545 17.881931714586063
546 18.00656466041142
547 19.206386610454928
548 19.718339277097982
549 19.29033816277061
550 17.521803944616558
551 19.69666067384919
552 17.43042153252066
553 18.602721393971756
554 16.581964691327553
555 17.410230684455946
556 16.568568143755996
557 17.170928415871536
558 17.748912152550798
559 17.81670943494202
560 17.122728245501435
561 18.400221218480585
562 17.84582006902977
563 16.764438289354175
564 16.921508807102857
565 16.042329286604826
566 17.29771583706013
567 16.758187554124756
568 17.85091111127166
569 16.888745455093925
570 16.146374812799667
571 16.387500966693338
572 18.366246835294795
573 16.64942701775495
574 15.913847531110331
575 15.620650344385574
576 16.836618840804924
577 15.722835057844232
578 16.66828078793271
579 16.107137787278983
580 15.955238623967444
581 18.605159314856547
582 18.588176815350472
583 17.161381306574167
584 15.07420717599693
585 16.17338219803748
586 15.906396648028295
587 17.868624528401597
588 16.665985595696426
589 18.88741920317682
590 17.14208570594233
591 17.738130495983498
592 20.286115473429547
593 19.162527428816333
594 19.115862472121485
595 14.963479055294691
596 18.001398157708365
597 15.900092256050932
598 18.818171015048478
599 17.783039488196987
600 16.542553597857616
601 20.127504235730665
602 16.107732687777595
603 16.954570154333
604 17.808459382119068
605 17.872819390986464
606 19.194427070544844
607 18.575281270255815
608 19.36238714302766
609 18.085469374975357
610 20.564093541471248
611 18.844332381902817
612 17.95710839495819
613 18.412584988255553
614 19.059866027281394
615 19.188229641183696
616 19.373027047828362
617 20.688173990478706
618 17.118583891492843
619 16.77843470360033
620 16.97133373219017
621 17.902084131140967
622 18.8373838145442
623 20.31654140805368
624 18.896420423181695
625 20.298061319204734
626 17.17560205790992
627 18.44686499635561
628 18.44930317629236
629 20.219738138770886
630 17.461368472030873
631 18.430994712080004
632 19.80854210308539
633 18.099975800473217
634 19.0424590474256
635 18.628284510833502
636 18.738293519628265
637 18.65369683083107
638 17.32611988983047
639 18.265158385126707
640 19.212531860405793
641 17.800488010360674
642 17.429764482066105
643 17.493218354733752
644 17.962036784677757
645 18.38747494038599
646 19.086490239643343
647 17.9544539684027
648 17.715518613799702
649 17.706888897206998
650 18.512434724784377
651 20.894239374115788
652 17.179463590747165
653 18.643460525381812
654 18.326446474200065
655 17.30467132635449
656 19.55234512386833
657 20.16238757588073
658 18.893441187045298
659 19.11790183362304
660 20.17457292353135
661 18.458690673501607
662 18.802549627782813
663 17.133476641807523
664 17.757075394495995
665 19.33854213766627
666 18.030165191926763
667 18.269072237976875
668 20.12571986593629
669 20.39321345168293
670 20.450995156586092
671 20.95322048884333
672 20.101228433677047
673 20.582789309537436
674 18.126069106737802
675 17.223749529668492
676 15.611408182248004
677 16.86105692038373
678 18.417790972763846
679 19.439650202457642
680 21.799862382054368
681 17.803283586565144
682 18.21069760992699
683 17.797986923739447
684 18.70979211884738
685 17.44921181953135
686 18.015929903017398
687 17.31934052725029
688 15.81673183181583
689 17.863519813679687
690 16.453523522960605
691 16.425202371823282
692 16.109317090402755
693 19.003456691513787
694 18.294910409171298
695 20.70821027267916
696 19.74273004477827
697 19.078436859207038
698 19.030109505592197
699 18.222803082792026
700 19.51349693919728
701 19.52774817521475
702 19.259022096703138
703 20.08548810104202
704 23.171288461434965
705 22.520407487832536
706 16.493882091206128
707 16.923022433579092
708 18.89995782595312
709 15.824742641098627
710 17.326151291811488
711 18.268366482207355
712 20.02198825113167
713 18.071006861189506
714 18.455473828017144
715 19.829187507243603
716 20.925166507911456
717 20.300588994506473
718 18.456843293149277
719 18.686742827502776
720 18.670814505997175
721 19.549141467002396
722 18.239261912253617
723 18.754543642591003
724 18.595932288026745
725 18.566805999306602
726 15.533485362824972
727 17.763352865942696
728 14.82008931749642
729 16.21117770624042
730 15.909894795817358
731 17.678562827323336
732 14.825095435725553
733 17.0473576959718
734 16.654149258960608
735 15.70195911483516
736 15.022929632804876
737 20.926485439285845
738 17.705150418875647
739 18.813650757207313
740 19.221401636975628
741 19.04806821529154
742 18.699394003815694
743 18.187719380883753
744 18.623054090849184
745 16.959901228024137
746 19.663648186532328
747 18.348170655912153
748 18.10220180928192
749 18.537906555245584
750 15.767605540338984
751 15.931669062112155
752 17.452996660506315
753 18.46490202509467
754 20.1819531546398
755 17.680096164893655
756 16.067709612990676
757 16.98232938050071
758 17.460833357361075
759 16.98886204524133
760 18.32821006663863
761 18.186662998302513
762 16.69119710049582
763 14.958880694688505
764 17.251780126258726
765 19.61719326307962
766 17.792991908091363
767 16.97881543101987
768 16.55320635209432
769 14.957062536082327
770 16.201745585317795
771 17.723629214118393
772 16.30500109544247
773 16.32656480341389
774 18.050123499779556
775 18.103468430789473
776 20.61902066348096
777 20.10661937693469
778 19.071977414137276
779 19.08088184222353
780 18.63323989605199
781 17.659148367224343
782 17.500137411569945
783 19.986337364179416
784 17.074580965638653
785 14.827608197155648
786 15.993765907487832
787 17.682521265600947
788 18.78475213142185
789 17.30346411369318
790 17.05804075691968
791 18.99153654208994
792 18.753143168553688
793 18.368742720472923
794 19.99922557529339
795 21.98315392689533
796 24.74493733757219
797 24.045311490376058
798 20.315704840700352
799 20.098181638124565
800 18.01470777081556
801 17.606298183736207
802 16.205850520851012
803 17.207765126723235
804 16.368668553823248
805 17.99938019605257
806 18.218936858792407
807 16.78414084809818
808 18.57584583727663
809 18.29478170176587
810 17.618299362346885
811 18.680679037303726
812 21.37625663081438
813 18.810479570204432
814 18.112633237531398
815 19.197338252300963
816 18.64111094651459
817 19.509704396302585
818 18.09757947402638
819 19.353368416016455
820 18.30883590318756
821 18.310496987224806
822 18.379048453680088
823 18.61932530886331
824 17.13003145962414
825 18.089426349002835
826 17.884828435274322
827 16.428655873702933
828 15.891176600939227
829 17.256229259576838
830 16.83228360672711
831 16.582840543415287
832 17.81385083406745
833 16.658104238004594
834 15.849143251146504
835 18.61531370887932
836 19.339116183682428
837 20.514404636180327
838 18.883433732461576
839 17.963107073438557
840 19.080120129477297
841 17.58927605696893
842 18.37587221096121
843 17.941077062815733
844 17.39659178860561
845 16.602969792651763
846 16.52547643379332
847 18.425010658251946
848 16.882712609970397
849 15.133141687320297
850 17.24472575738634
851 20.90416978393282
852 22.387999598022272
853 20.155823080963707
854 20.693706596824505
855 22.49119004131725
856 22.098931413389263
857 23.042429855553294
858 21.28969994200515
859 22.74194452596036
860 21.43580358826227
861 22.216778971696613
862 21.18840769572524
863 21.599284734398257
864 22.973453809644948
865 19.89855786198295
866 22.118293116352152
867 21.835114101621137
868 24.098620334564075
869 23.63647054366158
870 19.86485597945975
871 21.46491079767355
872 21.804973642657348
873 18.93615220703626
874 23.202493430552856
875 23.535402512975896
876 21.354769825893843
877 24.627251480982455
878 21.509538564161954
879 20.121760548339203
880 23.60651365489008
881 25.17077739400192
882 23.412840687910602
883 22.113552669813902
884 22.95746862948393
885 24.247812815274987
886 21.82708203415559
887 20.978387211502703
888 21.42258792256944
889 20.09407591134732
890 20.567201729593297
891 20.332767761373955
892 20.699201989424356
893 19.349557277376764
894 17.61382264541737
895 17.79162149541719
896 17.77382779413527
897 19.549167819837866
898 18.868873787261283
899 18.98380688739843
900 18.1256456159442
901 18.295230175321173
902 17.143254172792744
903 18.598267587809907
904 17.930607965889337
905 18.22655847977301
906 18.06200663477529
907 19.725638458016423
908 17.77748898019409
909 17.007506698884516
910 18.604983719755406
911 17.581307597045537
912 17.33108236420804
913 17.91302560286236
914 17.594505601221282
915 16.023552208216987
916 16.736624000058704
917 16.7021617689924
918 17.838093844392812
919 16.58964943541531
920 17.66626042684726
921 17.611643468581825
922 20.102119787382914
923 21.951704828675336
924 21.21451978317561
925 20.2838132106888
926 20.003624216801214
927 19.976031102043308
928 19.282446851346908
929 21.1002695468129
930 20.70886161887904
931 18.7588679308009
932 18.351020478730348
933 19.71901295743391
934 18.75034144684256
935 19.47364889470179
936 22.85279367340071
937 22.647201448362456
938 20.94313878827218
939 20.61841627156979
940 20.69244627973905
941 22.356415886662678
942 21.69582338337808
943 20.43631483730963
944 19.084066676203925
945 19.654826630125875
946 16.20991462515675
947 15.980855717766351
948 14.824538901403814
949 17.976530129068497
950 17.880347060862412
951 19.371028493893913
952 17.183940909378624
953 16.860018236506978
954 17.623634052389523
955 17.643518098091693
956 16.3619742461887
957 17.36054579391128
958 18.488350785659396
959 16.62920457393591
960 18.292164865958544
961 20.159859218375725
962 20.662628763618425
963 19.26248111081818
964 20.109328238006146
965 19.535439189607512
966 20.916055230633816
967 19.637320600539393
968 20.26160777586099
969 18.691602910941125
970 20.67418119709252
971 17.423339104156618
972 20.034800324974483
973 18.344742155595956
974 15.398181705984943
975 18.688992116499882
976 18.39263567637228
977 16.203343252621128
978 18.068729459284636
979 19.890433252410617
980 20.729424349810547
981 19.824428953858572
982 18.758212908356306
983 20.935671122025845
984 19.135978996645065
985 17.366754308520758
986 19.971917928173248
987 22.20568616460244
988 17.200961097302947
989 17.832123024605895
990 17.860324185753456
991 17.753046612766916
992 17.067565133427642
993 15.99819606644574
994 18.889435652042188
995 17.119681496911248
996 17.10951801220989
997 18.49145539109365
998 16.706085356114666
999 20.48680007217567
1000 17.772340093653806
1001 18.864444651575944
1002 18.591824562370444
1003 17.319210360193253
1004 17.999418970267616
1005 18.139070646795957
1006 16.400895044047466
1007 17.981218563282606
1008 17.247776766778674
1009 18.086878970333522
1010 17.69008576229809
1011 17.140575783939138
1012 18.114658072875837
1013 17.769638176770073
1014 19.462637092594342
1015 19.583616452815523
1016 19.53245488736676
1017 21.988776786128277
1018 20.599913729367422
1019 19.213546377205976
1020 19.22113008462109
1021 18.745521025174828
1022 21.925346620679857
1023 19.909573921806892
1024 20.060870020133162
1025 20.050613046230865
1026 20.506335796127566
1027 19.664345431982955
1028 18.703170836214436
1029 20.576563147903276
1030 18.108552763483885
1031 21.505345176298626
1032 23.148274202668517
1033 19.679384587521007
1034 24.035876398173272
1035 20.437992070537742
1036 24.00883598842667
1037 19.430473425610455
1038 18.99317765015717
1039 20.78934869330499
1040 23.193348079768054
1041 21.512763906489823
1042 23.542613558496942
1043 26.746817570328716
1044 23.010340916455817
1045 24.685494007133233
1046 23.61564553917353
1047 22.344058931908904
1048 23.80433399766533
1049 23.33724083236856
1050 22.69822365153554
1051 25.871765696960193
1052 25.094286214448818
1053 23.162027212112257
1054 24.073625236389688
1055 22.22845992642564
1056 23.913030534953265
1057 22.537089111476895
1058 23.034847884772176
1059 30.040095079834057
1060 28.469806097755203
1061 29.12546772258362
1062 29.121678415807217
1063 30.39468887724813
1064 30.36174195472769
1065 29.77605501712256
1066 30.19621622874481
1067 27.33750753182714
1068 29.556168427944016
1069 26.291489182552823
1070 24.39024719823113
1071 23.757941859531755
1072 23.50468224027373
1073 25.014856433628452
1074 22.299058436133567
1075 22.31586278917227
1076 22.79064330608911
1077 22.93353643351414
1078 21.270575564390935
1079 22.52271818313011
1080 23.927525127869938
1081 21.811461238893774
1082 22.92711498096532
1083 24.202253078529647
1084 23.1030395791225
1085 18.638767233203854
1086 18.58913471639956
1087 16.807161872277234
1088 18.167558529488858
1089 18.45835796967819
1090 19.88457964133678
1091 19.432903296466986
1092 18.77428114635192
1093 19.73924620015254
1094 16.802602328976615
1095 19.55278395619856
1096 17.776514623738475
1097 17.351039891128114
1098 18.43021225420889
1099 17.824918827980838
1100 17.972642442343545
1101 17.52750429883877
1102 18.406631587655507
1103 18.445787118573897
1104 19.070189713653416
1105 17.91621129588508
1106 17.935012174230394
1107 18.826930766129497
1108 17.84710281825689
1109 20.182616840215772
1110 19.988335996034564
1111 19.78978911716908
1112 19.016172841105288
1113 18.53284541949743
1114 19.039408543322605
1115 18.657787761818785
1116 19.230629736816404
1117 17.970774978035376
1118 18.230544452540983
1119 19.433739602586126
1120 17.529560437434228
1121 17.229136106341578
1122 18.830468039428506
1123 17.64621969057366
1124 18.097511189501958
1125 17.38648222293788
1126 18.821220042769525
1127 19.499658380265
1128 19.709584698146852
1129 19.088686982486365
1130 19.00156544615026
1131 18.927842145677424
1132 21.679549649902206
1133 19.065708077501824
1134 18.109886790557585
1135 18.842065460917258
1136 17.888134265076463
1137 18.29352159822348
1138 18.666870194474868
1139 18.471798266580226
1140 18.196540003864314
1141 18.218700166140845
1142 19.365775317278437
1143 18.369067984017075
1144 17.824832693463158
1145 17.57880034989676
1146 17.897440304039566
1147 18.875072924504487
1148 17.48162840322507
1149 17.811674503555825
1150 16.60905404632736
1151 17.69013813911561
1152 17.387453025245506
1153 16.08158513379185
1154 17.24315705594043
1155 17.44016412841492
1156 16.51889008277966
1157 17.713818193250525
1158 17.849021053964087
1159 16.714882720527623
1160 16.42891050407732
1161 17.542481138175436
1162 17.22741133635379
1163 16.35919962667169
1164 16.786626445752322
1165 17.906234210358235
1166 17.78935609326753
1167 16.714817519088662
1168 17.390922929667614
1169 18.98704631363519
1170 18.415486016469558
1171 18.42503755140832
1172 17.542456808724573
1173 21.058816929089684
1174 21.414246334411843
1175 22.25390463419075
1176 24.31999152111278
1177 26.93092264180774
1178 25.554163990591505
1179 25.27912683504718
1180 26.229764682589042
1181 20.355735768323086
1182 20.43280143520125
1183 22.545266318644806
1184 22.543002440789326
1185 23.84548865699301
1186 23.088781258085213
1187 23.685892486734105
1188 21.91304615944828
1189 22.190328868360776
1190 21.377796755102977
1191 21.791892592761386
1192 22.083711233886216
1193 22.237235248981968
1194 23.42126579893756
1195 25.678638941209325
1196 22.73030791702193
1197 21.53273854019814
1198 23.168189895156456
1199 23.120768035091107
1200 22.462301444592708
1201 24.940029022488773
1202 23.3919466584943
1203 22.987529541166545
1204 23.329542635717036
1205 24.681009508907426
1206 26.283549041901658
1207 23.039478305103465
1208 20.978821398610364
1209 22.285195736675153
1210 21.05678409218632
1211 21.98021192734999
1212 21.944831679927212
1213 24.914193584294342
1214 29.294906894780038
1215 32.92858530065767
1216 31.803270611881977
1217 31.239968745403505
1218 25.397435526150694
1219 28.179236602461007
1220 28.150332754008314
1221 27.64818922849654
1222 26.08288386797143
1223 25.736225844857643
1224 27.5875345022385
1225 25.75526593153428
1226 26.645841034774335
1227 27.239198478804703
1228 23.99517384161917
1229 25.51165507146832
1230 26.31236079644733
1231 25.600686328897336
1232 25.22931101958617
1233 25.392757423916866
1234 28.42018714078174
1235 26.058930442832487
1236 27.00055582458211
1237 27.795192811245602
1238 23.701154143934048
1239 24.85537889169197
1240 26.005703059109916
1241 26.344960752767335
1242 27.082478879563535
1243 25.95582676775443
1244 27.009978964500352
1245 26.147825987619605
1246 26.285798340433875
1247 26.908489540942803
1248 25.434310985225572
1249 24.479294822484672
1250 23.327210467758558
1251 23.058171484762642
1252 21.304172910882063
1253 24.099839129722415
1254 24.12861835474984
1255 26.190258488845775
1256 25.593271957103116
1257 24.822739022732886
1258 24.56812767754111
1259 24.851542826939678
1260 26.37462204914989
1261 24.070334211248376
1262 24.875822249765783
1263 26.0210238856518
1264 26.177933911657767
1265 25.392537631568484
1266 25.36574376482791
1267 26.661577297808943
1268 26.013273239412296
1269 25.471897930130766
1270 27.191887853365326
1271 27.28661992730074
1272 27.716350732020846
1273 27.102805667248475
1274 27.17624952524487
1275 27.84725227109595
1276 26.192125131528577
1277 25.59007197988582
1278 26.931904362354558
1279 27.249677853869844
1280 26.39060959736811
1281 27.485971610828123
1282 25.90420859542608
1283 27.028692035169446
1284 27.354140626953345
1285 26.789894567483692
1286 27.499347219482058
1287 27.58569719737347
1288 26.838360782146548
1289 26.815299874869417
1290 25.900559037439486
1291 26.70850658462091
1292 27.51568079058217
1293 27.023887126780956
1294 26.967253581356523
1295 27.425954132482143
1296 25.56333161241542
1297 25.733967931970806
1298 25.40495034254927
1299 27.264485581270225
1300 27.45987199849401
1301 26.123832856751868
1302 26.538322471462557
1303 26.545256090048202
1304 26.224844154324252
1305 21.579766563588485
1306 24.770269673727846
1307 22.285989889714433
1308 22.379298791956185
1309 23.509810830170217
1310 22.778834989899384
1311 22.551051556449725
1312 23.052420783698697
1313 22.834908383635113
1314 23.872233034383978
1315 24.581976078828603
1316 25.387736949153243
1317 23.158263462303157
1318 22.611937916380448
1319 23.79947070442038
1320 21.207537836726978
1321 23.194340468032582
1322 23.894848836041092
1323 22.5834845916567
1324 22.970288510435918
1325 24.1195256557935
1326 23.77601602687789
1327 24.389530826514203
1328 24.48716647465477
1329 24.168711966371298
1330 25.1471954362774
1331 24.908335907312573
1332 23.855981509810498
1333 23.278155491043645
1334 23.916576791057192
1335 23.270339219031236
1336 23.30089172857344
1337 23.599390603845812
1338 22.91876994395732
1339 22.541813743750666
1340 24.19413822491124
1341 23.262549167227306
1342 22.542273693577577
1343 23.058546973420338
1344 24.02076327589088
1345 25.64027918861544
1346 25.6474661977827
1347 26.42622257672095
1348 22.723137416405986
1349 22.54161371775737
1350 22.28165718264368
1351 22.874954048587394
1352 23.852498530000325
1353 24.333930156635226
1354 23.403562743046905
1355 24.489414446596633
1356 23.182594279873758
1357 23.914608803751396
1358 23.73946616764182
1359 26.27643772109598
1360 25.603951929473848
1361 26.81736732931623
1362 23.034886149611104
1363 27.389079781709125
1364 26.838730267169638
1365 27.571820073036623
1366 27.042193205247255
1367 27.327160443420127
1368 26.669546586407538
1369 26.052449315207955
1370 26.747253704953824
1371 27.78736702296681
1372 26.19500995607549
1373 26.57947069816698
1374 27.765484969323076
1375 27.299182133871575
1376 27.40292955717446
1377 27.414604081797968
1378 28.69718970838173
1379 26.965232077657944
1380 28.524554147618097
1381 26.959912223446885
1382 27.64193252735916
1383 27.2040470172746
1384 25.72659241627676
1385 28.638721715916088
1386 27.653034739776675
1387 28.333226933711597
1388 28.623830761907236
1389 27.698555492431428
1390 27.91267960382973
1391 27.490815166823765
1392 27.979001045692137
1393 27.65737390746856
1394 26.905074147405447
1395 28.174395887206604
1396 27.093496793225302
1397 26.86955059219544
1398 26.716732047677205
1399 26.96926311777657
1400 27.626799374462607
1401 28.21854649234721
1402 27.899002061861577
1403 27.991767172897642
1404 26.506311035834766
1405 27.17303039822167
1406 27.6486930840168
1407 26.053953216965613
1408 27.347368602749366
1409 26.77769270708619
1410 26.975487346443842
1411 27.098501518206117
1412 27.55630887066544
1413 29.019273352331087
1414 27.794455660443187
1415 28.10283461672341
1416 28.351399429419025
1417 27.57986470848502
1418 29.015557835666453
1419 27.665074451318937
1420 29.42518074375621
1421 27.87422359178466
1422 27.604168007890777
1423 27.763134687114427
1424 26.778014612539252
1425 28.152087226689662
1426 28.295553580135913
1427 26.748647436525616
1428 24.728037995817907
1429 25.633798399164608
1430 25.803063848690236
1431 23.835511949378343
1432 28.063904966395857
1433 27.521964708741695
1434 26.679947829160287
1435 25.686468201762704
1436 24.585281033200715
1437 24.905160889182447
1438 26.57331797995485
1439 25.62108076908664
1440 24.50988744485039
1441 25.32126616700518
1442 24.919525781072664
1443 26.418413053119885
1444 27.731488975228224
1445 25.839425807751017
1446 25.678592948573144
1447 26.184071667023368
1448 26.020393556440013
1449 26.098385459919673
1450 23.971274392917945
1451 23.982103366981992
1452 26.845761401299114
1453 26.969372495254582
1454 26.80676422319077
1455 27.73868240731217
1456 27.81581150772837
1457 27.27688514193419
1458 28.843509365796624
1459 28.35587894154399
1460 27.679565062662245
1461 28.111350722238992
1462 28.381955673279677
1463 28.867444349754418
1464 27.565284905389614
1465 27.46830585311972
1466 28.64433863796216
1467 27.55151748163941
1468 27.63834433619175
1469 27.54888700404717
1470 27.480271207646172
1471 27.42213801590205
1472 28.04614284529885
1473 27.872535917106266
1474 28.23191741550525
1475 27.137168984003218
1476 28.427563529846875
1477 27.58304194675611
1478 26.582645128959477
1479 27.514216928432454
1480 27.648381383858958
1481 27.879451869957364
1482 26.082844518044325
1483 26.632558329935573
1484 26.09575987613533
1485 27.650332752565966
1486 27.183820209876053
1487 26.31027357236894
1488 26.86795942689526
1489 27.461862707371363
1490 23.976551239713555
1491 25.592710869098863
1492 23.104003414182266
1493 23.586123330801765
1494 23.212481547753924
1495 23.499749137286916
1496 23.79249978977363
1497 26.77579968948168
1498 27.405544641292547
1499 25.642439321093494
1500 27.69439986485587
1501 27.64167845950161
1502 27.627259867481417
1503 27.075459415417033
1504 26.995069003497072
1505 28.043335780732463
1506 26.666961534713888
1507 26.802780066842633
1508 28.17293826029269
1509 27.72718702881889
1510 27.81130909587168
1511 27.72081202722733
1512 26.20981758773188
1513 27.602248794937772
1514 28.841485398831313
1515 27.896421211662798
1516 28.33599748580702
1517 28.356610313919802
1518 28.110958820061665
1519 26.63273656223236
1520 26.950771620682143
1521 27.993670608670506
1522 27.426690522744583
1523 27.252666875855528
1524 27.83143770293872
1525 26.604555258989556
1526 26.75551369005938
1527 27.430133896855782
1528 26.316154812410925
1529 26.743811281167147
1530 27.109808168539285
1531 26.704040424653563
1532 27.998862260782914
1533 28.358751143330277
1534 27.808771650943882
1535 27.65698764062018
1536 25.732902102700564
1537 24.460377622328227
1538 23.61414906225676
1539 23.919162457517434
1540 23.242001586902294
1541 24.06544786405721
1542 23.428313411586686
1543 23.546862334331248
1544 23.738842247465843
1545 24.3628870371674
1546 23.8404374175961
1547 25.746993783222745
1548 25.73518305175248
1549 25.494077898054122
1550 25.72299264966066
1551 24.04058631347094
1552 23.202659001990753
1553 23.805741546914778
1554 24.38713340780207
1555 23.98523844142584
1556 23.63167115264347
1557 22.107527766218578
1558 24.193981864873628
1559 23.44827187179361
1560 24.36541865674381
1561 23.72496098699133
1562 24.599332974145117
1563 24.459575843065846
1564 22.32720646397168
1565 22.59922377051931
1566 23.245403045291617
1567 23.294364033715393
1568 24.282171344857304
1569 22.607105372447723
1570 24.063830547819396
1571 22.839352730369097
1572 22.59309499122823
1573 22.36933788569724
1574 20.823781536456316
1575 21.57344642645325
1576 22.524456640332264
1577 22.5265905632345
1578 22.382005095739867
1579 22.4711196099974
1580 26.052036037020567
1581 27.705770373908805
1582 26.375919143758978
1583 26.433148854401875
1584 24.88017302584854
1585 25.997312476069897
1586 23.16090864827226
1587 22.60845238080675
1588 24.970825168478886
1589 26.923334049976894
1590 27.866873963689923
1591 27.5332907411885
1592 27.41229179162138
1593 26.69999386328032
1594 28.010400624677974
1595 27.290040255192487
1596 27.736357496266535
1597 26.424620663810956
1598 25.06997573261075
1599 26.276619720450334
1600 27.044400927129853
1601 27.071671616484277
1602 25.403028165727683
1603 25.845863358447968
1604 25.29770450790434
1605 25.06066738543088
1606 25.816068050582757
1607 25.636271734268078
1608 25.75008809832011
1609 24.809664444536836
1610 25.79343922497766
1611 24.750191888608988
1612 24.282985415576
1613 26.210886129968596
1614 27.279967108452496
1615 26.789579225705573
1616 27.60112439654724
1617 26.955528910038865
1618 26.368443992052807
1619 26.843362493196018
1620 27.2794787412503
1621 26.733883466947706
1622 27.090907532285787
1623 25.888293357639828
1624 25.755111537004737
1625 26.94368515071434
1626 25.455055915533002
1627 27.97791622994636
1628 27.711568992274294
1629 24.82304396874848
1630 26.48485732224692
1631 26.002378705357774
1632 26.758528862845406
1633 26.139419436148657
1634 23.663197658533655
1635 23.52295518260998
1636 22.750133676929046
1637 23.634903780566606
1638 23.196669224424124
1639 22.95371709959182
1640 22.500661081496254
1641 23.62093910995854
1642 22.566123294576208
1643 23.453457251469725
1644 23.483360504755662
1645 22.611338834204716
1646 22.903709040420875
1647 23.22093729714944
1648 22.507624880445643
1649 23.300249153213457
1650 23.573903807769252
1651 26.727309816637373
1652 26.203031850913128
1653 23.226600390495985
1654 24.475191379755323
1655 25.554041112959865
1656 24.85864467130363
1657 23.049147115953378
1658 25.329013985691233
1659 25.566881980092845
1660 24.832359361280446
1661 26.461517318477796
1662 27.400493476185368
1663 28.73303839800226
1664 26.60551487597094
1665 26.0265815964907
1666 26.253176541957323
1667 25.098213024101756
1668 26.550066918586186
1669 25.45183590347917
1670 25.659819355877172
1671 23.93193704049711
1672 22.911906334213572
1673 22.630286266929968
1674 22.84976022593803
1675 22.976769870868758
1676 22.89894912067679
1677 25.53645926945199
1678 25.048911502545536
1679 23.412182494531997
1680 23.14870881153256
1681 22.45821963845191
1682 22.274076982480366
1683 22.76113667182384
1684 22.015679062684587
1685 22.952368958787904
1686 22.00463378580799
1687 22.648277448825223
1688 23.42950810299296
1689 23.821006912166247
1690 23.517828055936867
1691 23.233731225781654
1692 22.82684434961334
1693 23.737422955931383
1694 23.481186574494085
1695 24.004690161504918
1696 23.652246277056463
1697 25.951223690280468
1698 26.034739869607723
1699 25.786062522836502
1700 27.338778704899315
1701 26.513978667482323
1702 27.98365778477218
1703 27.26964015481373
1704 27.511750594654824
1705 26.603815613902583
1706 25.97132498204013
1707 23.656233856107274
1708 23.58538233369722
1709 23.41674801219164
1710 23.69931727209305
1711 24.111778957156478
1712 23.609473518471898
1713 24.621253105024646
1714 23.812463855113673
1715 23.830908662006653
1716 23.641868789604313
1717 23.386077358182213
1718 24.274139096930643
1719 24.018552076579223
1720 23.92756339708385
1721 22.62489696851374
1722 22.118316464917218
1723 23.42284546197686
1724 23.295244932244653
1725 23.644102787058127
1726 24.33188916725121
1727 23.41679315084574
1728 22.62038632199019
1729 23.595500273223536
1730 24.38411653458834
1731 22.802551463400103
1732 21.403527631762945
1733 23.505267483007465
1734 22.910466771195484
1735 23.07445249585369
1736 23.48884203028659
1737 22.60297859292185
1738 24.68853265208245
1739 24.402108966049827
1740 27.63567537374548
1741 27.901238808533204
1742 28.747844162735703
1743 27.84237648549696
1744 28.692761527142274
1745 26.75547433334709
1746 26.71474234814998
1747 27.836547690511004
1748 27.541944853703903
1749 27.328768764919204
1750 28.276330015112446
1751 27.820797930531423
1752 28.6404816892553
1753 26.584007922178962
1754 28.272511846884584
1755 24.205381733817845
1756 23.779333915397654
1757 24.93391639969694
1758 25.17329675446853
1759 26.984382040918813
1760 27.469753839136185
1761 25.31846459324187
1762 27.206066901039684
1763 27.293790375697778
1764 28.233587796425212
1765 27.957662259253066
1766 28.504914227839055
1767 27.425715738421452
1768 24.659205204329705
1769 24.87478163476131
1770 28.861494439519035
1771 29.546147298392274
1772 28.212062674227912
1773 27.949596192638815
1774 28.323209524132746
1775 28.432943604891154
1776 27.78384716454862
1777 28.57526055501179
1778 28.526936012278874
1779 27.906226872465265
1780 27.921716165182765
1781 27.178787997341743
1782 27.879868514247324
1783 27.406961443383086
1784 28.054769712355696
1785 27.986546718377436
1786 28.99433773173185
1787 27.806536374546827
1788 28.776227163282357
1789 29.003760772153193
1790 28.226631146557455
1791 28.772709377242382
1792 29.112333151420174
1793 28.54645558727209
1794 27.852095344055797
1795 27.665562242193328
1796 27.72787328021772
1797 28.21449575330259
1798 27.913373698166385
1799 27.48211607957941
1800 27.573189946218367
1801 27.134701117730017
1802 28.30728282968849
1803 28.734209144189855
1804 28.405972932773935
1805 27.78261282028916
1806 22.882859979692928
1807 26.193554303781223
1808 24.42000926074712
1809 25.99761761915893
1810 25.451488674612992
1811 24.740023831485292
1812 26.92170870681925
1813 23.025671863674415
1814 23.84835512668707
1815 23.205893243433742
1816 22.510024898520417
1817 25.343051050492356
1818 24.636724486062764
1819 24.243151349097246
1820 24.45213471240757
1821 24.97405026263128
1822 24.306306698598142
1823 24.992959636230022
1824 25.631251914699686
1825 24.253801971837685
1826 24.393802812135053
1827 24.54957412235383
1828 23.216085689876707
1829 23.771015801139832
1830 22.949711774960512
1831 23.39584852270933
1832 23.647920254452583
1833 23.76623174665177
1834 24.385524764978797
1835 24.195275231704347
1836 24.209357289005023
1837 24.197796110763896
1838 22.777547826833647
1839 24.129290277863397
1840 23.658608045803486
1841 23.45482798269258
1842 24.887809960099077
1843 24.893222381264554
1844 23.627753298545333
1845 23.417164231127554
1846 23.030789474293805
1847 23.510650669897224
1848 23.355385569462896
1849 23.510510853777316
1850 23.010753925116003
1851 23.922078809256693
1852 22.745207574536188
1853 24.07745264678833
1854 23.615230114602223
1855 23.201229618472265
1856 23.974802155411563
1857 24.864666389024325
1858 27.131824416261956
1859 27.44023614323058
1860 21.872972999906388
1861 22.65402945664715
1862 24.14346719682439
1863 23.504611045347673
1864 22.873515149230016
1865 23.212659021972208
1866 24.390553095898145
1867 23.81470813656535
1868 23.50201065464649
1869 25.618651476829413
1870 25.31741203647723
1871 27.01586215679564
1872 23.34104554352399
1873 24.15027242326089
1874 24.335934707504293
1875 23.931062063424445
1876 23.723913042516617
1877 24.359349401146787
1878 23.73182916905014
1879 23.486205774435163
1880 23.67759286612085
1881 24.294411308222575
1882 24.59760593159288
1883 23.148934290372523
1884 23.113893080672035
1885 24.687619853721404
1886 23.186809142020476
1887 23.97254824713225
1888 23.195970836271965
1889 23.92062638543907
1890 25.57104416661877
1891 23.676025989476905
1892 23.714036160435423
1893 23.20546419895496
1894 23.88869434635626
1895 25.609941237092674
1896 23.11470832131085
1897 23.41334242019477
1898 23.21816739051995
1899 24.521413874508493
1900 22.716124658170678
1901 23.269244363121892
1902 23.47087519219595
1903 22.92110390672963
1904 23.286908898002704
1905 22.30290959023483
1906 21.97873188779361
1907 22.44291929203727
1908 25.31609760114903
1909 23.75647396440817
1910 25.11001725251397
1911 22.8040420640827
1912 25.1495376444308
1913 22.606225659164664
1914 23.079872756885806
1915 23.21270312102347
1916 23.084625523607805
1917 23.9828358433896
1918 24.099258247644734
1919 23.51101844927953
1920 25.182289317672016
1921 23.27453161811965
1922 24.577751990215468
1923 23.543120861942903
1924 25.68644146178215
1925 22.714477741435832
1926 23.36744505752188
1927 24.46912425174552
1928 23.566311603180292
1929 23.154112448259752
1930 26.367536322808487
1931 24.79322293989957
1932 23.31294931345249
1933 22.322135229148554
1934 23.306787321791273
1935 22.446858114730304
1936 23.342975669150732
1937 22.801980270589272
1938 22.517418365416006
1939 24.645515569556945
1940 26.334779755972505
1941 26.587477863770875
1942 26.70425087525788
1943 25.84286993434571
1944 24.656067899631694
1945 25.648231802035728
1946 25.204112803156598
1947 27.116942059446504
1948 27.15084092935958
1949 25.391996987692977
1950 24.963168905970946
1951 25.932364306307097
1952 25.76588617996313
1953 26.242530121766354
1954 26.615042249154385
1955 25.71234326955283
1956 26.959969476915195
1957 23.249089129222007
1958 23.683796544328388
1959 24.013537622198147
1960 24.407519280862747
1961 23.573454559221457
1962 22.821138225926074
1963 23.507599808723654
1964 23.987577372575117
1965 24.54311992091233
1966 21.75355364323802
1967 21.99997786392531
1968 21.982240247265054
1969 21.95813583848476
1970 22.73493097640924
1971 23.667438709199587
1972 23.716183432404964
1973 23.277366931967048
1974 25.034990860998857
1975 23.668542617587356
1976 21.55443477214298
1977 24.262468584705466
1978 23.33736911404054
1979 22.93293056328925
1980 23.036990833305005
1981 23.172222505546976
1982 22.35300869087265
1983 22.255284332299702
1984 23.042784943355493
1985 23.481050024161117
1986 24.577059508727228
1987 23.26143442800279
1988 24.074758777651287
1989 22.774122913075775
1990 23.16328272260158
1991 22.009028967478656
1992 22.88978513664331
1993 22.05778620702347
1994 23.2283866448531
1995 22.745185266271076
1996 22.90890696805169
1997 22.77525871905483
1998 21.597099743081934
1999 22.282990441255414
2000 22.432036452212074
2001 21.845184072189305
2002 23.25608631284633
2003 21.465237463690986
2004 23.08215578291766
2005 21.710635901248846
2006 22.18905194891473
2007 22.025689178320018
2008 22.65670163679736
2009 23.06274519031915
2010 21.439325282598052
2011 21.3516772654036
2012 23.387317949786503
2013 23.232630212851554
2014 23.517724488854626
2015 22.867909861115344
2016 23.44106854773113
2017 23.577803357014478
2018 23.842543870044455
2019 23.468418046601606
2020 22.27402807407999
2021 22.96379772060213
2022 23.0853421276754
2023 23.787609202391625
2024 22.84374234143283
2025 23.289561034931488
2026 23.254133295522994
2027 23.609888865312
2028 22.829375558572245
2029 23.896681163116504
2030 23.552381167472298
2031 23.51263128732624
2032 22.84069596497943
2033 23.626775068046786
2034 21.114842378905408
2035 23.12950350982735
2036 23.103804344109843
2037 22.145013611531702
2038 21.73388264113261
2039 21.82995060546855
2040 22.258153763201175
2041 21.983911950278046
2042 23.51080871651596
2043 22.249971555613094
2044 22.960980395011227
2045 23.856381515768412
2046 23.417008423317444
2047 22.46042436995681
2048 20.795082588372292
2049 23.297016168067724
2050 22.547648052709334
2051 22.740794003163114
2052 23.36941093299901
2053 24.135021690167733
2054 24.012596655664492
2055 23.98144443953144
2056 22.428314044873733
2057 24.157063833770795
2058 23.028216795037647
2059 23.298167119577464
2060 23.321951682733413
2061 23.322568313543933
2062 23.708197347716794
2063 22.573236713207887
2064 24.56542162713123
2065 24.13843043087931
2066 23.487434974763733
2067 24.19829509290998
2068 22.52644137916994
2069 24.040698957740176
2070 24.130652396612184
2071 24.004861460602626
2072 22.71698358996029
2073 22.756872652666726
2074 23.59125145296855
2075 24.570435277912765
2076 22.58449650353381
2077 23.70236797453078
2078 23.835247959634614
2079 24.25290754865591
2080 23.52951127705158
2081 24.113050497634404
2082 23.230824266741692
2083 23.884192883050122
2084 23.741877278356437
2085 24.387856940930668
2086 24.75982782501257
2087 24.02590720063786
2088 23.433200711341648
2089 23.707278948884532
2090 23.72853874375857
2091 23.644352502764363
2092 22.853176524864725
2093 22.48793308281142
2094 24.852846982257095
2095 22.64559589972473
2096 22.831882698205686
2097 22.885036282284563
2098 23.52960124678731
2099 23.248239228744744
2100 24.515872638320538
2101 23.436816176385545
2102 24.658067812377503
2103 24.238638407422737
2104 24.341334755158325
2105 23.589217422493753
2106 23.50665982434515
2107 23.567044389230833
2108 23.146665161912313
2109 24.243645221119653
2110 23.585512407440902
2111 22.52289970952081
2112 22.606939282815272
2113 22.787958004415916
2114 21.91022404774272
2115 22.05142493732347
2116 22.661151787694294
2117 21.803778159083343
2118 22.541405888660083
2119 22.706359008259533
2120 23.047030229914842
2121 22.07333663165431
2122 22.407316503075215
2123 21.539475719979567
2124 21.94841338900187
2125 22.22560390768554
2126 22.531487181470833
2127 21.88126181065756
2128 21.978330910706166
2129 21.915158648429916
2130 22.66100697218658
2131 22.07396158090431
2132 21.733841495252502
2133 21.264385360061898
2134 23.320779996753792
2135 21.3206307954503
2136 20.97809550067863
2137 21.76328923175062
2138 21.08540457656158
2139 21.40275831157846
2140 21.322091568918303
2141 21.79327595475858
2142 21.595887007589642
2143 20.630313679487564
2144 21.370877555748724
2145 22.50298939505417
2146 24.29355793003784
2147 22.65037396487408
2148 22.250520183183266
2149 21.350654364106315
2150 22.440862753769785
2151 21.499641746339822
2152 22.921305528780156
2153 22.853046654663906
2154 23.026601144496
2155 22.81317471993107
2156 22.623871281818644
2157 22.867099742599134
2158 22.508408689342968
2159 22.13750603386419
2160 21.422105469576497
2161 22.228348386691874
2162 22.42505666127341
2163 22.60740702044688
2164 22.149014646774685
2165 22.418733198327995
2166 22.906696051370755
2167 21.943891149090913
2168 24.017256974850543
2169 23.184545781053256
2170 22.795009907266877
2171 22.827463887429754
2172 23.967851742382194
2173 23.879996079041682
2174 23.6722694804573
2175 21.511722419478954
2176 22.514948895570495
2177 21.582234820767088
2178 21.866238873301835
2179 22.081752051902036
2180 22.14116639232566
2181 22.06256705889624
2182 22.53113686017756
2183 22.14445826629513
2184 21.50426870025671
2185 23.64896440502489
2186 21.819365254514228
2187 22.66596327849824
2188 22.3524793330953
2189 24.79436326972773
2190 21.019787792074972
2191 22.555793047464096
2192 22.034310034817263
2193 22.182476983413455
2194 21.499166816359395
2195 24.99773492082749
2196 25.406421518720606
2197 23.17564054635666
2198 24.248457428845995
2199 23.055993400621247
2200 24.21480133239888
2201 23.799640311723692
2202 23.019342103335017
2203 23.62148690591446
2204 23.256323400655955
2205 22.866627679478917
2206 21.955368097218944
2207 22.830667510565455
2208 23.010940409563712
2209 23.59188404317189
2210 22.65685086635985
2211 23.626344117050454
2212 23.79185815059217
2213 22.760787768383743
2214 24.07263546185265
2215 23.689373282068974
2216 23.168651899551836
2217 23.139849534795534
2218 22.537928575382413
2219 22.320392677315393
2220 22.61388043091965
2221 22.64047952063351
2222 22.455687427995148
2223 22.84533225903542
2224 23.125371338078494
2225 22.881280878200204
2226 23.242359120755623
2227 22.47270815421261
2228 22.492201319967783
2229 24.2578609585242
2230 24.523486394031877
2231 22.959231100765972
2232 24.031761316431982
2233 23.31248899717523
2234 23.916596195389623
2235 23.67352738876434
2236 25.244793434985386
2237 23.441739771273614
2238 24.452979921195656
2239 24.526905856526724
2240 22.601876024787142
2241 22.18075067458997
2242 22.033670672506
2243 22.346787279772034
2244 22.449828764163243
2245 23.14947590620821
2246 22.60853443722372
2247 22.858397084641062
2248 22.747335538671095
2249 23.327763965258143
2250 22.450345772747134
2251 21.96504821577587
2252 21.871832585840018
2253 21.022720593499933
2254 21.74782682189711
2255 22.291888778297118
2256 22.65761478594161
2257 21.95636571053733
2258 24.791174685032775
2259 21.7950588413015
2260 22.461152995843204
2261 21.63261278601801
2262 21.670655442990373
2263 22.20354056468987
2264 22.39430342432225
2265 22.535332146350072
2266 22.141617565870767
2267 21.43794276904341
2268 22.519309814135838
2269 21.849721163788743
2270 22.810038353313068
2271 22.488742237192838
2272 20.98400418641741
2273 20.55772608699
2274 21.7396871233007
2275 21.902035781858324
2276 21.617051199964227
2277 22.636228621945797
2278 21.848701834308542
2279 22.43124316637553
2280 22.511075447929134
2281 23.75718454570034
2282 23.692273803225543
2283 24.074980129023874
2284 22.348365288710713
2285 23.525651434965333
2286 23.31731495025525
2287 23.273525761087335
2288 23.47476430223363
2289 23.187752388638177
2290 23.40920515787916
2291 22.920371341992695
2292 23.968105306307066
2293 23.884745820506573
2294 20.45323653518233
2295 20.244118870624586
2296 21.504054448853992
2297 21.902550207890766
2298 22.62126916716253
2299 22.990818497539127
2300 21.799059072997128
2301 22.3077555153822
2302 21.80370145385088
2303 21.688542986870228
2304 21.761415564901018
2305 21.364087477359146
2306 22.358048743276925
2307 21.28022947632387
2308 21.81571117402201
2309 22.97777525953573
2310 24.879941317682974
2311 22.0192689325593
2312 22.77070757551069
2313 22.21374190198024
2314 22.930556404893036
2315 23.779052615018838
2316 22.250330170177246
2317 22.49814246530357
2318 23.106314601289316
2319 23.381783833683425
2320 23.25135069935843
2321 22.119719894320816
2322 23.665463839237916
2323 23.1418256076765
2324 24.046845367307718
2325 23.90931607316894
2326 22.864401599522605
2327 24.78000579409365
2328 22.081027712574258
2329 22.729621373997958
2330 23.573947622591042
2331 21.463926882647048
2332 23.51430217268066
2333 23.286317950126115
2334 23.586669022795018
2335 24.338942424239526
2336 23.387608942248548
2337 22.977107325795735
2338 23.529138708601064
2339 24.367893471007985
2340 22.594092020126467
2341 26.578010044940747
2342 26.326361743800213
2343 25.44973649266036
2344 23.171304163509976
2345 22.717210920159783
2346 23.467327833805623
2347 23.69878019105615
2348 23.67064485184844
2349 22.536912089250155
2350 24.05574304036275
2351 23.061610391769918
2352 22.795251416771073
2353 24.179763515161174
2354 22.082580748438463
2355 23.934793621996324
2356 23.360525041063593
2357 22.314438504851005
2358 23.62101411097599
2359 23.568087946036133
2360 23.474624556754424
2361 22.772192335773838
2362 23.43195856821785
2363 23.70203717032192
2364 23.64189522102824
2365 24.130700519383634
2366 24.50831749758798
2367 24.476193329535896
2368 26.09459844686544
2369 25.87079623804547
2370 25.696644308846643
2371 23.90182638332773
2372 23.67007111265197
2373 22.81470691711347
2374 22.770636889130248
2375 22.584118604135167
2376 23.0319576203651
2377 23.642274144189404
2378 23.977391097596314
2379 22.49291908470051
2380 23.361806013761466
2381 23.933585813114483
2382 25.184198843546717
2383 27.264466706460276
2384 26.30625355543948
2385 27.130701938834516
2386 27.79562574725088
2387 26.186989768975554
2388 25.545580129619253
2389 25.36765417495718
2390 25.141073446489376
2391 25.654732437420726
2392 27.497741981521834
2393 26.219699461821165
2394 27.793630489531015
2395 27.39792992684284
2396 25.821913066647706
2397 27.20988141377183
2398 25.681811534857555
2399 27.87924415157669
2400 25.191405731630674
2401 23.082649805029757
2402 24.344414769174403
2403 25.12281815593145
2404 24.087814462318047
2405 24.25015303466371
2406 24.244008548202196
2407 23.585002977325143
2408 25.464068395838556
2409 22.980288126793887
2410 23.970388391823597
2411 22.63440683951529
2412 22.553544974120364
2413 23.637694723263877
2414 26.255702547356805
2415 25.52204243800995
2416 24.89178729882471
2417 23.402113381374985
2418 23.730126691786705
2419 24.629986159847327
2420 24.443980735649088
2421 25.23101663673938
2422 25.760259974394614
2423 23.865828047926858
2424 23.51561152891851
2425 23.88024302942034
2426 24.11756001146057
2427 23.53802021341952
2428 24.76681390796558
2429 25.115999735476887
2430 23.8752494113565
2431 22.42003100097976
2432 24.98518417388601
2433 23.375356558756533
2434 23.94981682260212
2435 23.697983431368492
2436 23.287613130009564
2437 23.20723492473666
2438 22.511431513126094
2439 23.830012652499192
2440 22.335861949016458
2441 23.119364256847376
2442 21.93177428437125
2443 22.86515366326463
2444 23.55772119307624
2445 24.10038791467776
2446 23.27170699943445
2447 23.083831313941737
2448 23.64312334156944
2449 24.50271693527266
2450 24.07719103521842
2451 25.2506639081948
2452 25.422297748142217
2453 26.311637545886477
2454 27.804973474390504
2455 27.31648723689409
2456 25.518058883633422
2457 25.90618671537444
2458 27.351515201086734
2459 25.136007144162217
2460 25.71661999528608
2461 25.781975871767173
2462 23.070963506335506
2463 23.388978942140042
2464 23.503200713304764
2465 24.238956166256738
2466 23.09233357410217
2467 22.66375880355673
2468 23.14550866125852
2469 22.302707436911746
2470 22.683308426880817
2471 22.63515502654299
2472 23.65790193118285
2473 25.14140442317647
2474 23.78544436950915
2475 23.788015506582344
2476 23.086916868900104
2477 25.49096269090923
2478 26.9475561240873
2479 27.75559913545499
2480 27.730361682996964
2481 27.479891135488124
2482 27.06939915435993
2483 28.282360802441698
2484 26.94384438561626
2485 26.50883865788548
2486 25.49943477171881
2487 25.194637443779186
2488 25.779340916769602
2489 25.565997037166753
2490 24.546620818923316
2491 24.489548792517024
2492 25.76771981237819
2493 23.638461597334132
2494 23.793913630218928
2495 24.396387850186706
2496 24.486263423182372
2497 23.951562785151978
2498 24.665474492461048
2499 24.08979417072457
2500 23.138136018409007
2501 23.034826301332263
2502 24.029478619621422
2503 22.67369061502742
2504 24.345006681712945
2505 23.32423273834452
2506 22.765692171349517
2507 24.50215834142285
2508 24.541571673656186
2509 24.55559374303325
2510 26.268056251458876
2511 23.240252678102298
2512 24.03368067501657
2513 24.19744655284442
2514 23.191794515960424
2515 23.686228389666866
2516 25.934819892713584
2517 26.145245695961805
2518 23.413550064287136
2519 23.986191919933617
2520 23.46999907556855
2521 23.593948815711087
2522 23.939801245035483
2523 24.631760624148104
2524 22.770194881176746
2525 24.446029756377374
2526 23.10574339228313
2527 24.387035971166053
2528 24.055138618548597
2529 23.033883262479446
2530 23.189514689037512
2531 23.407722819178105
2532 21.80504251841516
2533 22.20927291566359
2534 22.694667525594994
2535 23.302650105862295
2536 22.562537103936968
2537 22.465451725848133
2538 24.531349511081682
2539 23.683027739853497
2540 24.67188635014298
2541 24.005536541082662
2542 24.87286744880629
2543 24.16206106164134
2544 25.346644921928622
2545 27.155436365721467
2546 28.33267725818566
2547 28.08599771692572
2548 27.556853435151467
2549 27.423463762183445
2550 28.02512191182485
2551 27.449105297690284
2552 27.079696459177196
2553 27.201385696737002
2554 26.011409814122054
2555 26.497252573646374
2556 26.475096055675174
2557 26.019763075082555
2558 23.35675050487
2559 23.65677292860534
2560 23.26630640444365
2561 23.560564084902257
2562 23.70529228820541
2563 23.64283730560759
2564 24.07606198693352
2565 23.192142872209452
2566 23.883023186408767
2567 25.941903736315112
2568 25.681515332788273
2569 25.864892018994667
2570 24.88179136304035
2571 26.989576969965835
2572 26.842666280354116
2573 27.096594794491203
2574 26.899834766547745
2575 27.516470889983744
2576 27.762797701652055
2577 24.871930828908706
2578 23.422607425147884
2579 24.081627559725334
2580 22.361309260626964
2581 23.43132358011797
2582 23.544514787935007
2583 23.558097290643428
2584 22.998535854577923
2585 25.012117832328716
2586 25.091056763435358
2587 22.812656188531562
2588 24.374636478409226
2589 23.966560719872362
2590 23.47392402225746
2591 23.074860829637753
2592 24.48275185993824
2593 23.888813381691005
2594 24.167925698380294
2595 23.379681008532295
2596 22.00748579075739
2597 22.928181834750877
2598 22.88235823262567
2599 22.5883026804252
2600 24.080746471204108
2601 23.522204209247214
2602 23.783008804679607
2603 27.79736483216247
2604 25.982224999724014
2605 27.29057934345653
2606 28.298037771237578
2607 27.24186290353807
2608 27.068638573029723
2609 26.93631818096267
2610 26.510453769337428
2611 27.146173592462446
2612 26.794589552401824
2613 28.327231956306644
2614 27.796924792402265
2615 28.17740534157586
2616 26.848395171443627
2617 26.01844384348081
2618 27.064717725871194
2619 26.273855694595092
2620 23.333446330874516
2621 23.49504823350575
2622 25.534378291223145
2623 25.174383475371275
2624 23.985429986850075
2625 24.270077751611247
2626 23.843073781900014
2627 23.622053481531406
2628 23.57667219912345
2629 23.821537035269998
2630 25.667815329150816
2631 24.1217923194019
2632 26.75369465309419
2633 25.064730780492287
2634 25.236714375952214
2635 24.28871518100723
2636 24.269179924628798
2637 24.023155572914124
2638 23.2037732912345
2639 24.6354414042313
2640 23.902257876981857
2641 22.96935754743724
2642 25.436234470570767
2643 25.804003607205466
2644 24.628420480563506
2645 25.662159814065497
2646 23.577907146247693
2647 23.05368154739751
2648 23.18813161524251
2649 22.319588834131075
2650 23.05235695965538
2651 23.3250765764264
2652 23.61118271815357
2653 23.960381440708023
2654 22.9535430333504
2655 24.513985316709082
2656 23.263988923387565
2657 26.147506765747348
2658 22.04635384852956
2659 22.87556782375889
2660 21.689845147291173
2661 22.07687176102319
2662 21.33614384118815
2663 22.76995636414695
2664 23.0042657394002
2665 24.24914999919785
2666 23.351187243257225
2667 23.844229793257124
2668 22.660668640307463
2669 23.40094942478515
2670 23.20164495805784
2671 24.70069240937165
2672 26.75407393536595
2673 22.173202754390577
2674 26.829586097406843
2675 26.990090880664578
2676 25.633857444867857
2677 25.036147468926387
2678 24.20204405259252
2679 21.752757850367562
2680 25.05272171015319
2681 24.267261998917697
2682 22.058257670831694
2683 23.008619377332348
2684 23.9348946536244
2685 23.503069493310157
2686 22.568405372762786
2687 22.995340857125957
2688 23.739680945448264
2689 22.703086968975917
2690 23.397947604135943
2691 22.611925602287634
2692 23.726331667767713
2693 22.397725588013063
2694 21.83317750425537
2695 23.14700741504405
2696 22.925392080903958
2697 22.23674169716624
2698 22.635001699265775
2699 23.5124712882471
2700 21.95106566221075
2701 22.118440828439162
2702 22.307340433164292
2703 21.318434592351164
2704 23.93479972996308
2705 22.20178558179673
2706 22.004134829415346
2707 23.240804043254176
2708 21.562021341636594
2709 24.76987020028328
2710 22.25731695925143
2711 21.86023235930556
2712 22.204738526381277
2713 22.647518572157335
2714 23.480871809382492
2715 24.621242076614838
2716 22.98572181210599
2717 23.314769647761537
2718 22.96577161287216
2719 20.8991683155683
2720 22.49818791531247
2721 22.00646448991244
2722 21.32910596895596
2723 22.929254582663212
2724 24.113212173569917
2725 24.830966315087085
2726 25.847609714136418
2727 26.821976365359784
2728 27.214920524608804
2729 26.66609653143211
2730 27.676275259106603
2731 27.743184812904705
2732 27.958718408292853
2733 26.751641412878545
2734 27.8513983019418
2735 29.132893310290925
2736 29.476869669107057
2737 28.214545424330847
2738 27.33949633959799
2739 23.400126894191526
2740 23.111371402169095
2741 23.442749400938443
2742 25.552304641549455
2743 22.81855273285404
2744 24.677701870127184
2745 24.505687023683574
2746 23.741650872746128
2747 22.491842884227097
2748 23.010729718301313
2749 23.210401282468695
2750 23.587520425260628
2751 23.554058033348824
2752 21.942581353238715
2753 23.622713474840765
2754 22.491101459350123
2755 23.109490435144895
2756 23.162510399097485
2757 22.08943174799842
2758 22.220687396202877
2759 22.80538847254767
2760 22.875467860575906
2761 21.352040159999255
2762 24.977119553267823
2763 25.828362402849
2764 25.245238908954892
2765 24.70239961392034
2766 25.486186555241883
2767 23.37915702259607
2768 21.6687929080073
2769 24.06862916666595
2770 23.137761265530347
2771 23.82748722462406
2772 22.146189042273225
2773 21.857741219234644
2774 23.048276322930786
2775 22.313137509289813
2776 21.623028374237425
2777 21.46688136171602
2778 22.988053791489758
2779 22.555187714054984
2780 22.72407855041885
2781 23.22825491825126
2782 22.25632417968618
2783 22.49223238682588
2784 22.607451329523936
2785 22.534247288462065
2786 22.069762800539973
2787 21.138027823422313
2788 21.07858592717938
2789 21.860139480174304
2790 22.470036813920665
2791 21.07523880249768
2792 21.888567798059572
2793 21.052384869015413
2794 21.59354375385743
2795 21.75382159671984
2796 21.124473306951717
2797 20.904882090980188
2798 22.129728427261142
2799 21.209263528846307
2800 22.064999438197415
2801 21.21200948797566
2802 19.370665133930714
2803 18.839729963664997
2804 19.84767182202554
2805 21.418735673706855
2806 20.53050360844704
2807 20.807923305339425
2808 20.99602032618243
2809 21.51081156513809
2810 22.52801832049044
2811 21.852961734704778
2812 21.823019143943057
2813 21.84396098939782
2814 21.08408505838169
2815 21.983898676654068
2816 22.084902555023813
2817 22.0409675618391
2818 22.237456262969296
2819 21.12681164442744
2820 21.213358783231165
2821 21.498375666449416
2822 21.687346190655422
2823 22.455607460179436
2824 23.002688108773512
2825 23.452060963785286
2826 21.265761557440772
2827 21.394037046931818
2828 22.390005911877164
2829 22.04631597995472
2830 23.072787623455508
2831 21.72802679794302
2832 22.54582816147245
2833 22.35701260640854
2834 21.941456587506604
2835 22.755294222991306
2836 21.21557250423488
2837 23.494689912214085
2838 22.805769278298218
2839 22.9291440672404
2840 22.765500726620523
2841 22.092881618241684
2842 22.545263430811623
2843 20.976668619124172
2844 19.831240861306988
2845 18.100848300973585
2846 20.797223844278346
2847 21.34798963068121
2848 20.3553897430007
2849 20.653820717325058
2850 20.38925657877039
2851 20.394752971166454
2852 20.968210164512247
2853 20.399557460286864
2854 21.66897955061664
2855 21.27599104312072
2856 22.124666088419215
2857 20.517684752593993
2858 21.494389864454416
2859 20.88890713869482
2860 19.87567736107482
2861 21.669616575560873
2862 20.638987715648877
2863 20.24630464231373
2864 20.457009875857967
2865 21.45082514618617
2866 21.312901241771907
2867 20.962321534628327
2868 19.38182650538176
2869 20.74241889650141
2870 20.522469939142372
2871 20.75025352830604
2872 21.612906391371887
2873 20.32677544138634
2874 20.171955996658713
2875 20.736160622395776
2876 21.142863710939846
2877 20.718064444582012
2878 20.600058273344686
2879 22.731538197254952
2880 20.662177731640483
2881 20.420602366414528
2882 20.162504392866172
2883 20.211898517482
2884 20.65623299628339
2885 21.95124135365889
2886 21.19095552206563
2887 21.337971803479167
2888 20.38323803328565
2889 20.904202484487797
2890 21.51414774769632
2891 22.117587452131474
2892 21.747287666993792
2893 22.799557653654496
2894 21.19901875157714
2895 20.87474009621551
2896 21.49889979499128
2897 21.022333192706874
2898 21.949420600701284
2899 22.108216129081132
2900 20.28534109970946
2901 22.4413796214639
2902 22.381815534353194
2903 22.2415208733562
2904 22.580382594677328
2905 21.75551543550968
2906 21.005896793465826
2907 20.758956081553283
2908 21.42102286225307
2909 20.83371347115776
2910 21.684620174207303
2911 22.540095103079665
2912 21.19370933265691
2913 25.111785960551252
2914 25.296261411524863
2915 22.452056976901595
2916 21.05209885749184
2917 22.76840631995194
2918 22.608594382662506
2919 22.456236915540824
2920 22.122998305779646
2921 22.597026287543592
2922 24.62280082910068
2923 25.804947282057473
2924 27.35409555657374
2925 26.58234319394723
2926 26.658860272015897
2927 26.76261866781825
2928 24.00386943231121
2929 25.285058831630828
2930 25.600009584247417
2931 23.086961942427088
2932 20.959962095890468
2933 21.22635648442623
2934 21.276546608927582
2935 21.861010263382777
2936 22.504002646327734
2937 21.835797196833006
2938 27.42364522976521
2939 23.189710571404774
2940 21.844575008102595
2941 20.847097959328565
2942 20.602193961190004
2943 22.30086791569114
2944 20.271315620084557
2945 21.49495349837451
2946 22.623584936986816
2947 22.812616283550778
2948 22.938553179718674
2949 21.259261349813173
2950 21.176034834004668
2951 22.94339625985512
2952 21.933345841000236
2953 19.554021579627328
2954 17.047851284182805
2955 17.942669975306266
2956 20.68955526184613
2957 20.88134886181262
2958 20.49866719977606
2959 19.434445664587354
2960 20.407029173090425
2961 19.33612557097718
2962 22.21172677257472
2963 21.159313064560294
2964 20.37054401291248
2965 20.72899623614218
2966 21.293251604048855
2967 19.68315122078064
2968 20.0074143113554
2969 21.927651895874448
2970 21.380831243846046
2971 20.31296612269542
2972 21.669602709599253
2973 21.95070574393723
2974 20.98604688758566
2975 21.749944989577862
2976 22.691488224515762
2977 20.522753903937662
2978 21.69217452338581
2979 24.448180128743893
2980 21.433253744370234
2981 21.061711145750586
2982 21.371810200933187
2983 20.910628538461374
2984 21.780950978785665
2985 20.06846168100462
2986 20.242577462037577
2987 17.834353494565924
2988 20.117821224546617
2989 17.50532995676619
2990 17.546665597793158
2991 16.663204080644707
2992 17.450732777862846
2993 18.948827842594532
2994 18.475422556999614
2995 19.76007175262662
2996 20.23153704006419
2997 17.7279893301957
2998 17.801261202891904
2999 16.959167128933505
3000 17.109541538638005
3001 18.073175502602506
3002 19.08989681865552
3003 19.48471156223362
3004 21.164558503800734
3005 21.308589980236707
3006 23.210359333746247
3007 20.82534312227953
3008 20.287175587994412
3009 21.992264061811944
3010 21.912922078936212
3011 20.91575023555881
3012 23.69002204955212
3013 23.749383618394546
3014 22.188575831986665
3015 22.720100219734903
3016 23.728505755681326
3017 23.20588195328133
3018 23.946559608888716
3019 22.76138050116489
3020 24.014260446606695
3021 25.09374748821738
3022 24.29914809836503
3023 23.90047413203425
3024 22.224458949026065
3025 24.466531035518525
3026 23.48231047207971
3027 23.161857298531405
3028 23.045885892970546
3029 24.686012548859694
3030 25.19649811285369
3031 23.1227464375848
3032 24.774258331253915
3033 25.12003085687326
3034 23.701604280667844
3035 23.626212375757273
3036 21.52168531413132
3037 21.78460709199038
3038 20.46176986370643
3039 21.46977151398274
3040 19.613159613582642
3041 21.89918145386066
3042 19.895023212904736
3043 20.834220024506934
3044 24.21051250156557
3045 23.041302703251368
3046 25.83489304334636
3047 25.601714271370277
3048 20.92706175949329
3049 21.55431532552672
3050 20.79291287228087
3051 20.8134958332659
3052 20.776921638496383
3053 20.056426081754154
3054 21.285841197481336
3055 21.298273240351094
3056 21.329132390215047
3057 19.519888521017776
3058 20.744001110318013
3059 19.864830799549306
3060 20.210654680993127
3061 19.868273676775967
3062 19.982467762332956
3063 18.87527707655963
3064 21.519745003704607
3065 21.72217930962166
3066 20.531412828517336
3067 19.633619554767932
3068 19.228828389806324
3069 19.46488823173537
3070 20.282937012278698
3071 17.192816409214014
3072 19.627745108654107
3073 23.33367983199316
3074 24.351257077145366
3075 23.811986640167145
3076 24.676248520699897
3077 24.880692645549082
3078 25.024271138590503
3079 25.728300591282277
3080 23.893938965758412
3081 24.789191793152362
3082 22.0618885817257
3083 21.196261929226306
3084 21.346854253362665
3085 22.386369952011755
3086 24.086841977612533
3087 24.90162088708929
3088 23.2049606105269
3089 22.80137154566752
3090 24.2042692289833
3091 24.02087565437154
3092 24.295408946551323
3093 22.60799451313121
3094 19.63218608019287
3095 16.866285354395725
3096 18.957111645655292
3097 17.971253512334723
3098 21.431610323827837
3099 18.17675059426056
3100 18.554589711422928
3101 19.854758565219196
3102 20.136825919033782
3103 19.79463707672619
3104 20.276394181151915
3105 20.009755412622926
3106 23.02709105959966
3107 22.536322237458172
3108 21.842600209445482
3109 24.720687852104742
3110 22.31675253258173
3111 22.94893638360435
3112 23.52049558545712
3113 24.75066915278804
3114 21.1873774620472
3115 20.955056194757308
3116 22.093596602149844
3117 21.76087966172029
3118 21.84995844207352
3119 21.74275249638613
3120 21.501838624735935
3121 19.87079225424696
3122 21.350464617424315
3123 21.486450183306033
3124 22.073344042489367
3125 18.453152436679563
3126 24.747458280813532
3127 24.94870690019558
3128 23.86200515625774
3129 24.56955542131725
3130 20.28897228576864
3131 20.80315169225224
3132 20.436220518232947
3133 18.255956190819038
3134 20.48614436783082
3135 19.086507793187714
3136 19.658928195886148
3137 18.341309202135726
3138 17.851960346105557
3139 18.6512202618948
3140 19.61398980574791
3141 19.237345065182296
3142 17.860500991990374
3143 16.71757189099365
3144 19.131596909120574
3145 18.631458181586492
3146 16.824988322601687
3147 17.057079952593483
3148 16.60232487610861
3149 13.40713500850278
3150 16.270226525605853
3151 15.569405265729932
3152 14.796602484531913
3153 14.490140282247108
3154 16.251406817813308
3155 15.855510422683974
3156 18.916208893850797
3157 17.3721987643875
3158 14.977224004906304
3159 16.993691855058863
3160 14.851239601058566
3161 15.080086938220797
3162 17.095166220737745
3163 15.0263510706503
3164 15.246036059297461
3165 17.89041609628469
3166 19.033696215554155
3167 18.77195919203731
3168 17.505920942674305
3169 22.756893151998025
3170 22.479961367503645
3171 22.140025481542807
3172 20.839307350246962
3173 22.378737728227158
3174 22.717918811328957
3175 21.899930647615108
3176 23.244699819378784
3177 22.63201224530267
3178 22.679021909841158
3179 25.026937310685796
3180 22.26309378084203
3181 19.18309574605827
3182 16.008709417456465
3183 17.384836159944964
3184 19.216074945348375
3185 18.976120096753345
3186 18.9063818098939
3187 19.01262291558101
3188 18.464604979028767
3189 21.16438610762915
3190 18.3224118642408
3191 21.496050660677128
3192 20.83753483797651
3193 20.688580990672772
3194 22.63716340502681
3195 21.09897618880755
3196 21.148897063082927
3197 18.93557150027871
3198 21.317290424128668
3199 21.470892440947228
3200 21.047240766459257
3201 21.984302938872485
3202 22.194168183857713
3203 23.07233462839414
3204 21.710555434887112
3205 23.77722376923317
3206 22.882679610196593
3207 24.190573420389665
3208 23.718487003055813
3209 22.426648262748294
3210 22.9029481762159
3211 19.043884551857317
3212 20.909443042112038
3213 22.720668970152836
3214 20.17784532611032
3215 20.847855208521807
3216 22.228128956362116
3217 20.564031238401242
3218 16.107107294566177
3219 16.895325727618083
3220 19.29852848542846
3221 16.70334170155933
3222 17.434420962619342
3223 18.915184312810506
3224 20.48882914074706
3225 21.09207680856845
3226 22.486310539709955
3227 23.449604150291297
3228 22.968181091222142
3229 22.883318631243718
3230 22.592701001040354
3231 22.803518003499157
3232 20.2706762130504
3233 18.539844945450092
3234 18.76618811229047
3235 19.77750927185031
3236 20.407921195880835
3237 18.33956462547256
3238 19.356393603188703
3239 15.430179124985616
3240 19.481092743274854
3241 20.40752597491843
3242 20.37153365105951
3243 19.807107279289763
3244 17.581367883682972
3245 17.701350448991853
3246 19.444352885371817
3247 20.675267308494607
3248 18.86770973539036
3249 22.662412925087104
3250 22.01511687501603
3251 20.30959733940814
3252 20.033671324323905
3253 19.679098584109695
3254 18.33258523515272
3255 19.16730312880901
3256 19.403379556356082
3257 18.925766611999723
3258 19.633032389633826
3259 18.995803429467603
3260 18.054639414354657
3261 18.530504822708174
3262 18.33753073972828
3263 20.478904472160888
3264 19.872758141484784
3265 19.342320486387173
3266 18.043334070236146
3267 20.139736700678455
3268 21.97103855072939
3269 22.972210662378295
3270 22.947639926044545
3271 18.4834663507731
3272 18.704924121044403
3273 20.449124335012804
3274 19.975691020333635
3275 18.72888065311274
3276 20.22436668081704
3277 19.427380792188266
3278 18.237133828726275
3279 18.71239788443963
3280 19.670765593098036
3281 19.049090380641694
3282 21.59492890629388
3283 21.102113124997597
3284 19.443699711206566
3285 19.140744213995337
3286 20.932462538064996
3287 20.102551798978105
3288 20.12457220072685
3289 19.47085187869562
3290 19.309757440627255
3291 18.855521423001804
3292 20.7405750324072
3293 20.389460693456492
3294 19.676404147462247
3295 16.506197275386405
3296 19.665645885051056
3297 17.190852469835384
3298 18.067307018429094
3299 17.075286341359305
3300 15.853784839142486
3301 17.339049355342677
3302 17.331305746116325
3303 17.112966054720502
3304 17.582177754854094
3305 21.04684251684017
3306 18.40224341374444
3307 18.265536314168298
3308 20.164444993317645
3309 20.856472959887327
3310 20.660474936463498
3311 21.023336282737105
3312 20.40744051310515
3313 18.501885290182926
3314 20.020472027288346
3315 19.949464101378364
3316 21.502963661365442
3317 22.61402598302644
3318 22.916344812209328
3319 22.020720826390413
3320 24.75257000104844
3321 24.31241359035206
3322 23.664456285702588
3323 24.793678277141375
3324 25.0861412155257
3325 25.271095962760853
3326 24.77224281315446
3327 24.078787424538902
3328 22.943072298911165
3329 24.03766673667756
3330 24.444258180576444
3331 23.53582051857049
3332 24.123832262183065
3333 25.054902834427335
3334 26.594718402479135
3335 23.881320653336882
3336 24.449129636694302
3337 25.60075545114339
3338 25.79326941484816
3339 24.880465598211913
3340 25.408016619540106
3341 23.785826223003298
3342 24.361510178497422
3343 25.00979846749729
3344 25.06489201624378
3345 19.152175013438427
3346 19.21004730894335
3347 19.145784714149507
3348 23.226268677453604
3349 19.839332220161136
3350 22.245118527996095
3351 20.427100521034966
3352 22.70100038685212
3353 24.262706534544208
3354 20.981385617790803
3355 19.31947007125894
3356 17.557747862518056
3357 17.70352956643123
3358 18.405698030725045
3359 19.298156036679213
3360 19.510033866818677
3361 22.12505321604072
3362 19.79824565953032
3363 18.710201549903328
3364 18.289209382961968
3365 18.979973053425717
3366 18.182405604393843
3367 17.421798219160447
3368 18.129719956810117
3369 18.229362446934424
3370 19.35797953234382
3371 19.77329521039905
3372 19.231868445548027
3373 19.80548801605767
3374 20.177610308550403
3375 19.22422475573983
3376 17.81004398346982
3377 17.891715306657503
3378 19.66928587221782
3379 20.689549928235483
3380 19.65176104765755
3381 18.953411004178154
3382 17.736282090210793
3383 17.842297565413688
3384 16.27322689887897
3385 17.719659636353914
3386 18.87646936811843
3387 17.274290653314257
3388 19.79263232188099
3389 18.347078338946705
3390 19.493967836015376
3391 19.81594975812002
3392 20.00210353531652
3393 22.33367305505778
3394 19.029510783464453
3395 17.319089327034927
3396 18.528134070590653
3397 19.50744640272403
3398 20.62151629022427
3399 19.971656390681225
3400 20.434840748658726
3401 19.334608391505686
3402 18.426316655111222
3403 17.761115107454984
3404 18.44232798612834
3405 17.697388830050837
3406 18.441703651241223
3407 19.812554930641454
3408 18.210101747727006
3409 17.33603366037813
3410 17.474213471401523
3411 18.3018617677705
3412 17.446815628122813
3413 17.54760870437493
3414 17.71266078426751
3415 17.43421715272495
3416 19.673732011083192
3417 18.839451778765376
3418 18.77292083642554
3419 18.718702767533948
3420 16.56696295910655
3421 17.599787245592868
3422 17.411505169515863
3423 15.023738524737018
3424 17.334063547135344
3425 15.738527728325652
3426 19.69153843690927
3427 17.664953331716163
3428 19.75488270996382
3429 21.32077265550827
3430 22.02501029637301
3431 21.945844877946286
3432 22.16880304139923
3433 21.449600892667483
3434 22.00949472231323
3435 20.578461727266113
3436 20.790152283111663
3437 19.03041228961811
3438 20.402205727206617
3439 21.67059633393254
3440 22.142468165464013
3441 24.066703250480618
3442 24.929261579292888
3443 25.88236991001455
3444 25.025920123553018
3445 23.59896973582248
3446 24.38016852839351
3447 24.730615118070325
3448 25.893272717945987
3449 25.924775092419722
3450 24.56084170828355
3451 23.59626841633709
3452 24.55038219205757
3453 23.677392366213994
3454 23.782403330940408
3455 24.05775460563693
3456 20.348230380787438
3457 19.44308236304499
3458 18.999768298413315
3459 19.08049245223092
3460 19.735579009974735
3461 17.942554593599294
3462 18.276261794255262
3463 19.655607085168448
3464 19.438756061049702
3465 19.331659873981828
3466 20.67706628941692
3467 19.847336245054017
3468 20.17342324079376
3469 21.399981813868965
3470 20.473483531349615
3471 21.375198848901867
3472 19.758770776655272
3473 17.287102387265215
3474 18.361032851931014
3475 19.79075356643553
3476 19.393533217571818
3477 22.299640779074792
3478 20.884943372939652
3479 19.60017526626214
3480 22.28798665383408
3481 20.153019198248845
3482 20.445702011957106
3483 18.442800833892353
3484 20.270757303531152
3485 20.367242067707693
3486 19.9388200411175
3487 18.473706793552203
3488 20.071055312988108
3489 19.788268115966677
3490 19.606458732162256
3491 20.865748201471476
3492 17.742431623809754
3493 19.699235228358223
3494 16.900994769013106
3495 20.62329981125715
3496 21.10887187760634
3497 19.05109161737751
3498 20.445747338320157
3499 22.47081689199549
3500 24.180939410083568
3501 25.790940302628204
3502 23.845916836455896
3503 25.837850514198262
3504 24.33267449896838
3505 22.593229722031765
3506 23.00619695994296
3507 22.833498087574544
3508 20.417642667815862
3509 19.645373543023453
3510 23.961403020051762
3511 21.099327736584666
3512 24.365639525817933
3513 23.61520733505347
3514 23.840475968084114
3515 25.15402202096578
3516 25.680627145954972
3517 25.950541035358462
3518 22.846712773639837
3519 25.547435836376103
3520 23.04527161299063
3521 22.71701490309146
3522 19.6594473546734
3523 19.64695867206093
3524 20.188624144784114
3525 19.626580484727313
3526 19.525217387965608
3527 18.162313919870112
3528 20.965400769557764
3529 19.470568730806797
3530 19.52592006681457
3531 18.89485839451568
3532 19.88974610678406
3533 21.992658208150175
3534 18.59748460553998
3535 19.674031880275454
3536 18.786291893285178
3537 18.311732100225175
3538 18.21723947442748
3539 17.387844328596945
3540 19.877460382686884
3541 21.146289131123172
3542 19.291389327181015
3543 20.78697407348227
3544 19.312040291874805
3545 20.253946630942654
3546 19.717748221618017
3547 21.48233207332677
3548 19.09603115952729
3549 19.081411666550327
3550 19.488859813294557
3551 17.9072260258079
3552 16.78986427620472
3553 19.675541106290517
3554 21.584015692704003
3555 17.49213207940235
3556 21.4194525141017
3557 19.079602105253972
3558 18.0660870527977
3559 20.301911408436652
3560 19.230868779879632
3561 16.094933005955323
3562 16.646828295333556
3563 16.64744364078219
3564 16.069924064509156
3565 15.705580682719212
3566 17.108532598772005
3567 15.279600650751911
3568 16.351544982148496
3569 19.64307937049265
3570 17.994407343114368
3571 19.284732544845635
3572 21.252672000841297
3573 20.879450808863666
3574 16.95901389053344
3575 15.345406871834637
3576 14.075676970063142
3577 16.84802210967824
3578 16.461449605859723
3579 16.05783695642535
3580 14.968929918632854
3581 15.933446549821655
3582 16.310186196626404
3583 14.881648891524224
3584 15.275401615938977
3585 15.302548146004769
3586 13.655578736677967
3587 14.410935605538675
3588 17.374058557095108
3589 16.15944264400113
3590 15.755933176080383
3591 16.65484873308775
3592 18.13529115546858
3593 16.590975053496816
3594 13.8484323629953
3595 15.268308834319061
3596 15.69269144279415
3597 17.630269864030524
3598 18.584138672671607
3599 19.149601775931362
3600 14.544676352922359
3601 13.731011801253462
3602 16.194083048297585
3603 17.630880175219776
3604 17.808932994086163
3605 17.226669220191457
3606 18.820634340629617
3607 19.669874567816745
3608 18.418358888203066
3609 18.616451455745047
3610 17.392446620303264
3611 19.62513615543271
3612 19.075908890136212
3613 20.68058598527512
3614 17.43101001319608
3615 19.808975638527883
3616 20.22964085598209
3617 16.493058709475587
3618 19.34172536260663
3619 15.526781189593532
3620 14.573486440494927
3621 14.221842149613535
3622 16.27822062678091
3623 17.5236205172253
3624 15.366461094595321
3625 13.974646956842182
3626 17.173756846519765
3627 17.781438991729196
3628 16.560746309768785
3629 19.372418796292397
3630 16.72220758908933
3631 17.598344189394485
3632 19.544342068665568
3633 18.5441422868821
3634 18.69972355765884
3635 17.561465384356456
3636 17.843731827719665
3637 16.926901159617692
3638 16.187740830682685
3639 16.193184500326062
3640 16.342877325588944
3641 17.297144409399177
3642 12.899368808888578
3643 15.72216173446093
3644 11.792244823964959
3645 15.166850247882413
3646 15.083201215025975
3647 15.61696855471613
3648 15.51209426607601
3649 16.324825612561973
3650 19.055548082136838
3651 16.38485081874609
3652 17.25834616794811
3653 18.864812220719813
3654 16.96885316793979
3655 19.279001067547508
3656 15.365872771045272
3657 11.349353661643999
3658 12.804560102350015
3659 10.36643974790459
3660 14.222740828539427
3661 12.981836160942784
3662 11.420170080519101
3663 11.107465904063094
3664 12.789528802958175
3665 13.368703461744225
3666 12.566568469068592
3667 14.39252206901149
3668 10.306498946553614
3669 10.430148594824827
3670 12.155264237555272
3671 11.342151633243867
3672 12.039232541715153
3673 10.64587873502469
3674 11.832922149361181
3675 11.781542325698457
3676 12.877666361973462
3677 14.567406100981472
3678 12.595127357123426
3679 13.368003804045388
3680 11.787642909619374
3681 9.558100664213253
3682 11.914408011835482
3683 13.02977777065279
3684 9.849326608946994
3685 10.225283273369106
3686 11.162408919595938
3687 10.623750305358122
3688 12.169381074550545
3689 12.671792854937525
3690 12.01808950605111
3691 11.434058953426684
3692 13.33142586868218
3693 12.136469725327867
3694 11.865095587152831
3695 11.995843439063224
3696 12.411699701949797
3697 10.767571537869133
3698 10.289154455521079
3699 11.953161294754349
3700 10.691831832391287
3701 9.45806356809589
3702 10.216846446245947
3703 10.828231059669948
3704 11.291642506328724
3705 7.9297262247981655
3706 11.75070467325534
3707 11.349045495319102
3708 12.144539985035143
3709 10.38193944875873
3710 9.74456387267724
3711 11.623422200555718
3712 11.633438551933576
3713 10.236349579763797
3714 11.041436609288017
3715 12.991807868264093
3716 12.257866786175247
3717 10.750211239607353
3718 10.671429586842603
3719 11.019636588018919
3720 12.088642412359222
3721 12.426123547237651
3722 14.105316363458797
3723 11.840537854751604
3724 10.272002323858803
3725 11.202875053327485
3726 10.911680851242938
3727 10.952438273096666
3728 10.225086928025963
3729 12.719457774216757
3730 10.476371598063018
3731 10.206435374465753
3732 11.483598102644402
3733 10.540928568174833
3734 11.020777435991814
3735 10.665243108085713
3736 10.009757875154566
3737 11.573371378606703
3738 11.149853142015754
3739 12.386683828745873
3740 12.609741462641752
3741 12.169776964489039
3742 12.343226129981725
3743 10.22381171607012
3744 12.778316714093977
3745 16.68598915092285
3746 14.499621160254831
3747 16.973542276977017
3748 15.919707245507464
3749 13.419997181388956
3750 12.129888743233286
3751 14.61284643478385
3752 12.81104921289322
3753 10.792774675774425
3754 11.151067107315566
3755 13.440454451453663
3756 10.49123622857597
3757 10.34423212977029
3758 10.498146412397643
3759 17.394822251524626
3760 11.909704186189286
3761 11.869366728194732
3762 11.672990842407605
3763 9.806328763901165
3764 11.888288686945623
3765 12.883396958277707
3766 11.129629050603539
3767 10.432128091815896
3768 11.18066673938871
3769 12.531105353821083
3770 11.363943668656708
3771 10.617215533849777
3772 10.977025594310186
3773 13.767068746730066
3774 11.664759042069177
3775 12.161467302542098
3776 11.159770008575082
3777 12.43080912969639
3778 13.178674097068077
3779 12.780555827096112
3780 8.08603144609616
3781 11.54151045965237
3782 8.525859676211947
3783 11.25351962765583
3784 10.433594124392366
3785 11.393863600224329
3786 13.018649028886134
3787 13.088893993682062
3788 14.256817953115023
3789 11.541523155700487
3790 12.67996341724128
3791 13.01293546735494
3792 12.924418123648026
3793 14.03903978319455
3794 12.088049890709073
3795 13.438949481576334
3796 12.588234101817768
3797 10.624108681883902
3798 13.53029199966211
3799 12.7498551065032
3800 13.445287261089623
3801 12.158784839251144
3802 13.91660233993718
3803 11.996127285521629
3804 12.810745818311387
3805 12.917341174136912
3806 13.17238964950858
3807 13.229690072719109
3808 13.676475849755423
3809 15.105770845971204
3810 18.524853197965903
3811 18.19639732914326
3812 16.67310468736395
3813 18.310940852012042
3814 18.371750731130877
3815 15.277547458134046
3816 12.34378029280928
3817 14.308383156359762
3818 11.488677878811503
3819 11.56333250321987
3820 11.783278276789638
3821 11.917594344080694
3822 11.359408065123832
3823 12.278833372013667
3824 11.800005620534938
3825 12.189759478746275
3826 9.670531020156169
3827 10.700705770160713
3828 11.333089443846129
3829 10.013852099388622
3830 11.015430933020353
3831 12.055925015594251
3832 10.389356961883838
3833 11.723928542384314
3834 10.117813500936316
3835 11.751625240956159
3836 12.769618644307648
3837 12.226441988723863
3838 9.822383136712801
3839 11.93528713985262
3840 11.4420963787461
3841 12.169400969960249
3842 11.686664354584636
3843 10.994140850188469
3844 10.786882249387883
3845 10.97943918502453
3846 13.496514575115576
3847 10.580604833761496
3848 13.119979486452793
3849 12.908001984598693
3850 10.901128684936173
3851 11.429217899027629
3852 10.54792095175279
3853 11.901447689507592
3854 11.006402348803732
3855 12.702143118010602
3856 12.311451820212403
3857 10.284898886103575
3858 13.99006418395011
3859 10.727542939875718
3860 11.521969981370956
3861 11.340960271703915
3862 11.784383004783814
3863 11.881314443451027
3864 11.265564683087204
3865 11.351857242093134
3866 10.6209548467099
3867 10.167973378075352
3868 12.87278364558477
3869 11.599297614770876
3870 10.163607821551022
3871 10.806897483197929
3872 10.99492010652272
3873 11.054453257788172
3874 12.018998919042476
3875 11.70733214723326
3876 12.707438130399712
3877 13.208319099556556
3878 15.308313102259847
3879 14.585811972106384
3880 15.566903236264665
3881 11.28125470819581
3882 10.94316809738044
3883 10.748275455843896
3884 13.254168359778426
3885 15.708701927225414
3886 16.382585965088712
3887 19.286084430521583
3888 18.914069282289077
3889 16.055624923878554
3890 16.66902158066238
3891 16.560257849414757
3892 17.011125511238706
3893 17.05170441994933
3894 16.589790874357472
3895 19.6302144520537
3896 20.870116171375145
3897 20.7702409620666
3898 20.229878718059744
3899 18.87497181224803
3900 21.450228699864503
3901 17.834080381307952
3902 19.603056284315763
3903 21.149325875616608
3904 19.974374285316948
3905 22.23036754508924
3906 20.875524702375152
3907 18.840811220753533
3908 18.621690384033087
3909 16.951625117088465
3910 20.06182171400884
3911 18.332014207821693
3912 17.58140613453001
3913 17.67906647966916
3914 19.312069568407896
3915 18.93336168001805
3916 20.648517008514798
3917 18.815962010144347
3918 19.238306654888227
3919 17.55514660549444
3920 17.027786411091395
3921 16.49322779371776
3922 16.858702197286497
3923 17.694676186045584
3924 19.48581793748412
3925 20.416795100831525
3926 19.304327093064337
3927 20.384445509623944
3928 19.458555586433878
3929 18.938821844822787
3930 20.283670093513038
3931 22.0560912411245
3932 19.826396250486237
3933 20.101436792291924
3934 20.56829354188003
3935 18.200505415805765
3936 20.125844497837715
3937 15.851795994378039
3938 15.688601070793982
3939 18.84397975258106
3940 18.16698283832539
3941 17.74599824421076
3942 18.94377078138289
3943 19.987013839717395
3944 16.342597705725428
3945 18.990139472695578
3946 21.455797531252127
3947 20.057257629704914
3948 20.39047815309685
3949 18.642710404193092
3950 16.479670220614754
3951 15.894982809164128
3952 17.34334490245311
3953 16.71677404339006
3954 18.695536741402893
3955 19.664307701017094
3956 17.06155145466569
3957 15.974671676725011
3958 18.469572222373316
3959 17.720535368312813
3960 17.419161586973914
3961 18.260415060167915
3962 15.69591032277576
3963 15.57312943014053
3964 19.104192417850868
3965 16.636545126601884
3966 19.689704784818346
3967 18.057373583775334
3968 18.91426483879733
3969 15.67875235294149
3970 17.518289858081445
3971 16.137887420897705
3972 15.223466703833429
3973 17.405765217895272
3974 18.946853229796144
3975 15.455598645941842
3976 17.77274197196908
3977 14.807254981752722
3978 21.728133672627063
3979 17.798941558829608
3980 20.68375412347914
3981 18.701017590055116
3982 19.813178803743757
3983 19.843004025795782
3984 15.945539337157623
3985 19.26036696768936
3986 15.255861825270747
3987 14.236355958815293
3988 15.223606904737835
3989 18.9856247429778
3990 16.33615548616468
3991 16.248416161453946
3992 17.093677699232508
3993 19.705292620438428
3994 17.765508742904395
3995 18.95542967071648
3996 18.421641312040432
3997 19.470783693974305
3998 18.535705917413186
3999 20.237406826358935
4000 19.726686398551493
4001 10.616784172458944
