0 28.11508428176688
1 34.17017525261681
2 35.51334243770974
3 38.4236270193553
4 39.42675122968663
5 42.76624434287069
6 43.20605114638539
7 41.27444622159588
8 42.07134274880017
9 41.208787499252544
10 43.17072930839354
11 38.27865973401476
12 39.87720752152867
13 37.05924974924531
14 36.81217737379704
15 36.13327086729999
16 36.267948260799635
17 34.46061629106904
18 35.24646623223925
19 29.154885794219286
20 29.875952008747813
21 29.247318446273216
22 25.966329105679943
23 26.54975017417312
24 25.889255480916386
25 30.719602891595915
26 33.175988515723596
27 31.680129896342184
28 31.25280801983774
29 22.370608926874553
30 23.48294142181815
31 26.03773241846454
32 23.00977410004873
33 19.748907632253143
34 19.833411215448162
35 23.763579812436536
36 24.577326525195456
37 17.996540143456567
38 19.263434920928184
39 16.25982899692235
40 19.75516465227219
41 19.479650179133344
42 19.536533116526037
43 18.55082990721964
44 22.522974948201774
45 26.06882365755057
46 25.784747344639054
47 22.16456766741059
48 21.518990814342658
49 26.38551910262941
50 27.746768700408204
51 28.11425136209305
52 27.145135938775688
53 28.4792145071848
54 25.48550562102024
55 27.603934311709498
56 26.986741708835833
57 24.582945369061203
58 19.424724740496845
59 20.792245590893998
60 18.55778350087749
61 15.277075057465781
62 16.964777570369254
63 16.051345905760833
64 16.57964371274302
65 18.23494164116901
66 16.998236415176518
67 17.624290388348886
68 19.863601411776866
69 17.826935489607063
70 16.669787605412406
71 17.378512914446045
72 16.53978502546732
73 17.76941634353853
74 17.277838552408337
75 19.204704820848942
76 16.77355153832432
77 18.02113888015443
78 17.496965223924505
79 16.79854548797368
80 17.082881129174194
81 18.211614795715708
82 19.48578960781614
83 18.12659788947863
84 18.939834016680095
85 17.620821290117707
86 18.75676944494268
87 15.730629313809015
88 18.57982408520495
89 20.054938078095756
90 20.26616880708062
91 16.69711708421732
92 19.080062160072032
93 19.66693776022607
94 15.31621546506177
95 17.801849607960037
96 15.863915882166078
97 16.5353259128955
98 16.541488587578684
99 16.985798732159413
100 17.60757249901094
101 17.100681700699454
102 16.150424611564766
103 17.215638674528854
104 17.978398004479903
105 15.156188598408603
106 18.14715398622423
107 15.498677888365865
108 15.38962961649879
109 16.381039259736237
110 17.189668125858006
111 17.530970744553745
112 17.17708500700261
113 17.59272184383118
114 17.413012672781306
115 19.30473992489517
116 17.676351748476854
117 18.220054709922064
118 17.513750313300513
119 16.70168319297015
120 18.521681539481623
121 18.84217141611021
122 18.599917443123594
123 20.815529815836925
124 18.49786784658495
125 19.547326431374305
126 18.64604421038886
127 17.361475596014976
128 17.94787740737553
129 18.229030335418564
130 19.585778300657605
131 18.558208144443363
132 17.50449345570529
133 18.862237594853028
134 17.700815463881792
135 17.83407272747524
136 19.876822210192458
137 19.182217029129028
138 18.073888811876895
139 19.246402569368932
140 17.92520136993873
141 18.394050762946456
142 17.157243409770953
143 18.96461844445066
144 18.03068224927471
145 19.219961073497252
146 19.227256806497294
147 18.96323116406222
148 17.960809804251003
149 18.38802051944962
150 17.928796233170736
151 18.35342704490409
152 18.92251533502906
153 19.200118821968626
154 19.040529565500204
155 18.75243481155711
156 17.36781424342948
157 19.031116292570097
158 17.716882521315938
159 18.794446130351993
160 20.097921317152807
161 17.97465651233693
162 18.54059127753671
163 18.041564710346478
164 19.121525659384623
165 18.088479671245956
166 17.15403861838677
167 17.763801285434923
168 19.07374823826563
169 18.953938583045062
170 18.187928286241785
171 17.157733279620075
172 19.68526984880818
173 17.358667060290344
174 16.782262490096784
175 17.143030338839075
176 16.06331592517709
177 18.370077009792436
178 17.382247440869985
179 16.910976024684224
180 16.573007680609997
181 17.540105292462115
182 18.23500469537363
183 17.39070044135292
184 18.134621152158854
185 18.05606435380471
186 17.82970904422682
187 19.102741971870092
188 17.205721908806947
189 17.370685299152843
190 17.646184022244153
191 16.184594796818335
192 15.771164318541182
193 15.883771533817871
194 17.85383775016718
195 16.516611481412284
196 17.772433324097356
197 17.441016940032366
198 18.03726705230417
199 19.281554249683133
200 17.855861632944197
201 17.691557177577362
202 17.319509331270712
203 19.224675651959938
204 17.86332908168299
205 18.205852060346132
206 19.58245910118309
207 19.960255605097114
208 18.425550078672124
209 18.552276366572592
210 17.594733143915814
211 18.76701494380104
212 17.574041882246796
213 17.950591445574126
214 18.60479534542161
215 16.999797321773038
216 17.236551898425304
217 18.682965862847617
218 17.793406667910592
219 17.94523102550894
220 18.027276902385466
221 18.540756092398567
222 18.028728605395997
223 18.445036417636263
224 18.455944417656035
225 18.279946822376033
226 18.574920183712557
227 17.150543100238185
228 18.87442040659412
229 16.91472505405445
230 17.489717453715954
231 18.114014430325714
232 17.607847228251188
233 18.046076884873635
234 17.259199563272006
235 16.056531206484454
236 16.69150925003663
237 16.364781746394385
238 17.904466489308604
239 17.404952066297145
240 17.107368379408275
241 19.330402545952513
242 18.213416506066228
243 16.6450251809717
244 17.71686525439818
245 18.319208202076744
246 19.465263676282632
247 18.543979220053842
248 18.726942609632005
249 19.52552034075135
250 18.426995502460407
251 17.69471026379337
252 16.006541934997358
253 17.581724218326432
254 18.508143592453987
255 16.726254642980226
256 17.48180439101284
257 18.104816067956172
258 18.335246483254554
259 17.300742790992587
260 17.8268763236306
261 17.94050953463733
262 17.813090148403013
263 18.482141466373996
264 16.48349602954307
265 18.482063592490697
266 17.530856483675468
267 19.180857793424863
268 20.02411638201537
269 19.321150455933893
270 20.46821036621778
271 18.92503925181407
272 18.89747484815392
273 18.458892449066624
274 18.83170803368215
275 18.462957176587103
276 18.239924835251045
277 19.456845733297996
278 19.585568763280175
279 17.90233805793922
280 18.807228976966147
281 19.729142097271044
282 19.41543214626206
283 18.92893157861885
284 19.329851757455216
285 18.985557679292345
286 18.592516362372603
287 18.44944923410097
288 18.085955762258536
289 19.942798259524082
290 18.503977274675673
291 20.919773730046824
292 18.785939581948284
293 18.915672885222094
294 18.2602295019469
295 18.90517995809817
296 17.90329839551277
297 18.83752642694945
298 18.468127866664105
299 19.032740105443313
300 18.84503892594557
301 18.12300235657924
302 18.67471728530787
303 19.10120631685637
304 17.047646412767005
305 18.843885338648334
306 16.385294660821007
307 18.05547961755603
308 16.86297886436216
309 17.78820383183258
310 17.993175562115066
311 17.26043351116466
312 17.036415761524417
313 16.388121391476766
314 15.94984012640851
315 17.240295258403645
316 17.32579573088112
317 16.82384399379012
318 17.306557039865265
319 17.791655757632384
320 18.77779595190754
321 18.773837014377225
322 19.983175210531922
323 17.647003095414203
324 20.39405754472445
325 18.626873886077952
326 18.69959334660647
327 17.8832405885218
328 17.582345184595223
329 17.343417832766683
330 19.023784050481574
331 18.902299191978866
332 18.689983118176055
333 18.515161438645446
334 15.607101765798586
335 16.370722729970215
336 16.76341358828435
337 16.742958508827122
338 16.968498444808727
339 17.396832724326575
340 18.44271510907475
341 16.365710397110288
342 16.93260308052297
343 16.81440748061853
344 15.771704475051086
345 17.040179972395062
346 17.005433599189033
347 14.838550643732372
348 15.99915003378834
349 15.680593200771252
350 16.02235318783197
351 17.0429126415016
352 16.73178611337156
353 17.31062664253105
354 16.13591040663359
355 15.701663500282077
356 16.754867115324398
357 17.79220200907271
358 16.83988504062504
359 15.615477590302957
360 17.552487741848605
361 18.368049686381372
362 17.150039719161335
363 17.194156320811828
364 16.745119284123753
365 16.787214624316455
366 17.380482340310518
367 17.098388124045453
368 16.897976677713196
369 17.23925927962912
370 17.205935643196106
371 16.390068661059054
372 14.7055248981131
373 13.573040937662586
374 13.044867423085542
375 15.647121597934387
376 14.638526945792583
377 14.79843711978047
378 13.62511414657551
379 17.37374103298274
380 17.047877234178472
381 16.70440952357252
382 17.680761869983662
383 19.090537638101477
384 19.45167528836676
385 17.496618713170466
386 18.243534529027812
387 17.58621820364687
388 19.574884527497787
389 19.06481177052318
390 20.248473036173518
391 17.61927128544243
392 17.087765626864925
393 16.99352138371096
394 17.531598532826507
395 18.2048483933907
396 17.568229245411167
397 18.044305097730327
398 18.602074478670126
399 17.95426734332491
400 17.17577873461732
401 17.968059144838637
402 16.753058992370573
403 16.353869404634906
404 15.232809737497641
405 16.869157438375336
406 17.758728523749138
407 17.71309840018867
408 18.26896888191291
409 16.500443911968034
410 15.811293531194137
411 16.704054853094085
412 16.863762303846148
413 18.706882690214808
414 20.150064318457563
415 18.425498377857267
416 18.528120391141286
417 19.956661830669102
418 18.51102223455284
419 20.093647063746317
420 20.318998983012214
421 20.363435165110527
422 19.56826609989356
423 17.294879406710816
424 19.013090083470182
425 19.464539507267936
426 19.482846960197776
427 17.311431393075132
428 16.058595169305637
429 17.982165576166004
430 15.324173725449047
431 14.20926990402601
432 20.104580483889215
433 18.674003769416718
434 18.799499770389797
435 18.044441226290083
436 18.736389300450465
437 19.19577631329386
438 19.67698000562642
439 19.033655738750742
440 17.232306622532075
441 18.60158034077593
442 16.60443641668845
443 19.704227181966594
444 16.93390635407741
445 18.119405231360574
446 17.473276410020574
447 17.097724513213425
448 18.21260587030412
449 18.259536252187033
450 17.05018146613227
451 18.44212732630188
452 20.05481880888011
453 19.01937452316764
454 20.663403902068286
455 20.143503374759437
456 19.19143296681106
457 20.175894332862935
458 19.13630901918114
459 18.78230537905862
460 20.029220365834163
461 18.34392608406377
462 16.97858552394916
463 17.965186300058882
464 18.253238325874683
465 18.62996979904157
466 19.37345246387147
467 19.081263768152194
468 22.671784339284002
469 23.888074491051576
470 23.67745554363538
471 23.524088000466477
472 24.39433159389761
473 25.95761193775361
474 24.858638139988603
475 25.806074343387547
476 27.613372155317265
477 24.28696359698936
478 24.085466130843045
479 19.301047197068137
480 20.684931593673298
481 20.258281902583366
482 24.80088949266856
483 21.71563246980999
484 22.759299297408788
485 24.435170270913915
486 24.504943728068685
487 25.131386744365223
488 26.318775011445204
489 27.84818742099046
490 26.06206904233373
491 22.678904117031344
492 19.091073564144445
493 22.440570933751044
494 21.609274654581537
495 24.005099598909066
496 22.17796516970429
497 24.25328808230691
498 19.36926823673006
499 19.955377158452194
500 21.580533991404053
501 17.77075290182057
502 18.431192345636365
503 16.04436106569146
504 16.137866212077714
505 15.333033010267899
506 14.854979349931513
507 14.916637397740596
508 15.030504760794425
509 15.551509546734106
510 14.86094980626513
511 15.546054921153267
512 14.721857067858018
513 16.730842364641713
514 15.66488660453249
515 15.211062736678757
516 18.707038886968014
517 18.145245652860176
518 18.072871524080533
519 17.404997835145867
520 15.632989007382047
521 14.92528971257171
522 15.216793365593958
523 15.921208045213971
524 16.613017434495372
525 15.422003270555427
526 16.30159148889474
527 14.64277615261429
528 14.639957645132188
529 11.284665749822388
530 11.390670146570795
531 12.143938038720819
532 10.565060454892587
533 10.426636241257322
534 11.177094172322905
535 11.684356828454295
536 11.029729685242717
537 10.701539614137333
538 9.612155935418839
539 10.376486691063327
540 11.102953711045927
541 11.198466572829043
542 12.70152519463339
543 10.623636879473896
544 12.456448440770467
545 12.429702940358691
546 12.133646029969766
547 11.743907153010516
548 11.756975180423966
549 11.078653610174708
550 12.761176049383467
551 12.364466987293241
552 11.198602717091857
553 11.000252675709968
554 12.343222000922735
555 11.882287322683412
556 12.929726568933107
557 12.91867917445714
558 11.681909630016987
559 12.106720256507568
560 14.693732167028402
561 17.089416542652366
562 16.500663381014476
563 18.48966163181299
564 18.066228949131098
565 17.615599778570807
566 18.015118471255743
567 18.10386463253707
568 17.440742345375618
569 17.978768438354088
570 15.310063888947406
571 14.917294749950788
572 15.203014075146575
573 14.914975706484315
574 16.692880035597202
575 14.532400269810312
576 15.097584416873149
577 13.333377846974479
578 13.244754995383131
579 13.68469103920608
580 14.036014474450262
581 13.656361463931088
582 14.025107595647391
583 14.398511544813669
584 13.05994673626294
585 12.63608239172641
586 11.75838802357735
587 10.872615730981213
588 9.032458876101423
589 11.387717560184115
590 12.53602184560303
591 13.185621482717842
592 10.243617503626632
593 9.435247806925586
594 9.883849159671371
595 11.539221183373304
596 12.824093795439095
597 12.319506241702399
598 10.70012680798643
599 10.581495956710068
600 11.029171827253311
601 13.916005496050678
602 10.776920213641127
603 12.96082937930854
604 9.070011231227708
605 11.132967440877616
606 10.920012720401537
607 10.953297005785533
608 10.20637670827402
609 8.220598372610583
610 9.414591696582818
611 10.729063667053376
612 9.138952901616001
613 7.666992348610381
614 7.9118564295097435
615 9.38982892141707
616 10.36541198162039
617 8.24598759479966
618 9.17927302115101
619 9.43727999836099
620 10.04686498468819
621 9.770750891610914
622 9.809633018485139
623 8.94483992367856
624 7.894454990211193
625 10.378479988366257
626 11.160667185173665
627 8.961006816429343
628 10.1727793643798
629 10.90645245393831
630 10.929206502475008
631 9.306117383723622
632 9.268417422152048
633 8.444223420944573
634 9.046971460586061
635 9.599117966584783
636 10.73777255070312
637 8.861662347676598
638 9.713076257605131
639 10.487415159008659
640 10.250627132528717
641 11.112237320396806
642 10.442739564188562
643 9.184643019677171
644 9.78625087565228
645 9.373269253332715
646 8.176468221892716
647 9.039512664101524
648 8.608996807497078
649 8.230809651412322
650 8.65077268009616
651 9.875553653698713
652 10.384339910549707
653 9.877782420048453
654 10.596382179565426
655 10.854914825963066
656 8.929850710129346
657 10.080892801258127
658 9.502926635238357
659 10.032590680220382
660 9.235048148584248
661 10.374194441589916
662 11.645614880863366
663 9.357200923040564
664 8.884860957947893
665 9.342009111089745
666 11.200246986801424
667 8.968859977960019
668 9.351577143046555
669 9.859053506205436
670 9.577071447462652
671 10.381800300946006
672 10.493570109643077
673 10.296634699397341
674 11.850392811312812
675 10.14791195924542
676 9.582186425524856
677 10.901412065928122
678 11.035415806060485
679 10.048646726983318
680 8.722095806614107
681 9.68991169510634
682 9.184663312511752
683 9.984278882558645
684 10.591051437018479
685 6.827593708772656
686 8.528606472697291
687 10.013877538057972
688 11.870394624419426
689 10.679884432478387
690 11.066279745379816
691 11.145391099113757
692 11.271648890484618
693 10.91485993547816
694 9.556764438192992
695 10.766104333405469
696 10.2533704193333
697 11.003936213476107
698 9.938679775085834
699 10.145696325569814
700 10.446231810603113
701 10.231925241157569
702 12.123543420133867
703 12.40771354065743
704 12.944030865536368
705 11.64785602485037
706 10.29219289311057
707 11.37037421249105
708 11.487195266218773
709 10.23935693040389
710 8.954975304415804
711 9.429856145578938
712 11.025339342290971
713 12.26542652394845
714 10.53881927905763
715 10.761768273766142
716 12.254090703189572
717 11.483585016411023
718 10.521671037709945
719 13.58066978053041
720 9.898927391442607
721 8.509539855189864
722 7.798582338273969
723 11.998065227177134
724 12.54042318162576
725 10.711602125540175
726 11.33113277661333
727 9.7119348137982
728 10.700396510613505
729 10.358939877769707
730 10.167183293405568
731 10.360271385649915
732 11.554298428044971
733 10.045562091330742
734 10.729627539154308
735 10.424767199146402
736 11.016765249053652
737 9.492810328760761
738 11.426771788663958
739 9.126568297849538
740 9.811403473953952
741 10.840593194391374
742 9.987616713357918
743 10.103085065108154
744 9.832954877220313
745 10.711647582638268
746 10.759968432885882
747 9.86077384025137
748 10.712982795014778
749 8.472445285831268
750 10.480042498558994
751 12.07432917366065
752 10.427819700059127
753 9.76496418225901
754 9.325775704610418
755 9.660900294208888
756 11.129684627791663
757 11.276419679300378
758 10.54640826687642
759 10.727472315098462
760 10.164338240730004
761 9.790590250303675
762 11.247795131024446
763 11.823350186384856
764 11.168765752184107
765 10.592118272167701
766 9.993028318537853
767 10.917529330240656
768 11.053866690351013
769 11.914803759473397
770 11.041283651409815
771 11.155631142156114
772 11.29542489605768
773 11.49164101007156
774 11.962443005020136
775 16.129088663984685
776 12.578944577580756
777 11.19206874457179
778 9.59720391852611
779 8.709938621452979
780 11.32838930201207
781 9.69750479045159
782 9.478805605339568
783 8.587616521109315
784 7.470031606770092
785 11.00314943623052
786 9.81928093540386
787 10.65428585951389
788 10.942042098738536
789 10.365920296208975
790 10.704871516804966
791 12.117289685156297
792 10.654149195850673
793 11.125259828152531
794 10.77929054183791
795 13.095001434994085
796 16.173485124263134
797 16.193871082226583
798 8.958038994226099
799 8.833034942132052
800 10.348627007866124
801 9.845878608523188
802 9.863291993652437
803 11.591336004555197
804 10.000498150436758
805 10.450794241191213
806 10.677914969480678
807 9.279775550369258
808 8.891207923829604
809 8.1637808026522
810 8.825488619586437
811 6.858034389144202
812 8.964174757343944
813 10.473077174291726
814 10.28718775557032
815 9.90177173351071
816 8.089605146846974
817 5.462301185744432
818 10.630723210851327
819 8.846245636723506
820 11.363293507481641
821 10.162172640252063
822 11.052808494518233
823 10.317473494707482
824 11.410462868117978
825 11.528290867114018
826 11.963810316180012
827 12.922022244773835
828 12.72638177212886
829 11.16785149558582
830 11.46963161871842
831 10.185819261473526
832 11.38923168521564
833 11.078815634465162
834 11.15393898179746
835 10.811984787573875
836 10.426444316686224
837 10.094998541122685
838 10.573525879403332
839 10.524605555014874
840 10.209729262004611
841 10.04918304994593
842 10.408228934148466
843 8.84042478913131
844 10.68321908735386
845 11.652635940124284
846 12.970307373428266
847 10.758900736920069
848 11.479290166869694
849 12.35470595377093
850 11.403428268604195
851 15.858847933149619
852 14.192565796757524
853 14.484310547311622
854 14.75769410995918
855 15.93993283838002
856 13.944859105683333
857 15.90754998198812
858 15.998699239142457
859 15.737414644647997
860 16.94030006498762
861 16.09699721469604
862 16.44150812582613
863 16.35058087577732
864 15.311640749569827
865 16.377806163217407
866 15.489999669606927
867 16.99213702830173
868 17.395475924090487
869 13.366845936653677
870 10.732724013427676
871 11.92650234405651
872 10.828648156767468
873 7.891348447460819
874 14.12360218179323
875 14.132744520073983
876 16.050718653885912
877 13.957753776253549
878 15.006288479859718
879 14.208436233413895
880 12.306349847007493
881 12.984167542507167
882 15.69802363509459
883 15.824174659747579
884 15.265353141721516
885 14.991845286004416
886 15.332711014539937
887 9.295908966641584
888 9.071584441054574
889 9.076303269304146
890 9.767863000277073
891 9.628855775416021
892 9.74283368242801
893 9.159977884561032
894 10.937369112219878
895 8.431918805855943
896 9.408204097712147
897 9.345597747742065
898 9.710287650943341
899 8.349234225993
900 9.576442741962634
901 9.225358957893105
902 8.402527758058858
903 9.12824958542733
904 9.62630849541429
905 9.714200975404781
906 10.65958350908971
907 9.320862499980127
908 10.976527088190384
909 11.88869900316643
910 8.9885555320463
911 9.089116758570976
912 9.56982783689936
913 9.435779244125191
914 8.732093273949916
915 10.934652912579029
916 9.609679379072928
917 10.200339713032202
918 9.790838074158803
919 11.012959747522602
920 11.890942019018578
921 11.896251780905414
922 11.108200496246212
923 12.567373923100824
924 13.115705500399617
925 10.645687555818448
926 10.10962093808654
927 10.631777008181105
928 13.097642529307564
929 14.406304367739592
930 11.934811350405637
931 11.211611396409822
932 12.009982404990113
933 11.15663772687223
934 11.006241329472157
935 11.608664048025776
936 11.845465761934923
937 12.355429998315476
938 11.076929210713564
939 12.289183388779563
940 14.716710205970323
941 13.360432225964333
942 11.33262335059941
943 14.462634207826442
944 11.129777382085788
945 12.768368856738165
946 16.219385778272414
947 12.899387050527983
948 13.438553093446712
949 12.114669435083387
950 11.005514711356843
951 10.812890086640724
952 9.942847509646231
953 11.288375843359628
954 10.26069504527165
955 11.13934727330099
956 10.64949151830458
957 11.376470915548495
958 12.210296352830541
959 10.350877153908948
960 10.819615499818127
961 10.242606919869306
962 8.974160261139303
963 9.498245715506647
964 9.09041001825445
965 9.148267078588308
966 8.604943581484582
967 10.956797908475343
968 10.831465630801093
969 10.064199796687063
970 12.270660444795888
971 10.789670170152924
972 11.713355233906846
973 11.711637394199494
974 12.865000470365679
975 14.661976526801592
976 12.432459526130977
977 12.298062163593247
978 8.786787065001604
979 13.021157955825405
980 11.914857816567293
981 11.963845749403774
982 11.052320781223683
983 10.990283417315831
984 11.611245237302684
985 11.102830498052324
986 13.711258472027051
987 13.91770090859201
988 10.828410380039895
989 10.26035345878207
990 9.515484474344712
991 8.850908322764406
992 12.336249150122608
993 12.593314121963195
994 15.090411781473454
995 12.819565602618914
996 9.72506531697004
997 11.370830774982881
998 10.936060339547351
999 12.340513468714255
1000 13.320887243660794
1001 10.554888315303751
1002 10.24597946195716
1003 8.791694286005741
1004 8.025836435244523
1005 9.616231882784374
1006 7.57414392918082
1007 8.907030457341577
1008 9.408792601908095
1009 9.019188906453039
1010 9.321520739250142
1011 8.7158416562696
1012 12.039753074301716
1013 9.983967805945035
1014 13.49237750750158
1015 11.254089269952845
1016 8.916051985059148
1017 11.108099018151396
1018 12.22701998925932
1019 10.72572145097742
1020 10.83437763452864
1021 7.306545572404801
1022 9.570168422349365
1023 11.176297442394706
1024 10.467890547089423
1025 11.793056830109743
1026 14.014825839576194
1027 12.540853618428283
1028 11.255518172754472
1029 12.549826762374693
1030 10.258982545846242
1031 12.003024787900369
1032 13.253903722425013
1033 9.497372436230489
1034 9.210938993550794
1035 9.196610283712662
1036 10.201399619023798
1037 6.507304760664815
1038 6.859785465416483
1039 8.63745921976691
1040 10.402470698537844
1041 11.25060020670446
1042 10.184907701063882
1043 11.786834779585684
1044 10.162487107424285
1045 13.543132156229325
1046 14.990229876069982
1047 13.595382649439424
1048 14.418261052782142
1049 15.126711230566453
1050 12.676179369893902
1051 11.217621376464097
1052 12.953128936673103
1053 9.086738174598086
1054 8.567524461941423
1055 11.486741358832246
1056 13.032081161697592
1057 13.881069902447779
1058 9.64056164181913
1059 22.283001373689203
1060 19.440112703277727
1061 18.505452529087506
1062 16.57958311822517
1063 16.128980649657127
1064 17.432148028505114
1065 14.924055209341963
1066 19.414941635654472
1067 16.35337604788461
1068 18.1562478945289
1069 12.98301190303572
1070 9.540472696658814
1071 8.77239033981136
1072 9.296629117845304
1073 10.850261329351948
1074 9.691089464484262
1075 10.69294107351723
1076 8.888316766736143
1077 10.01612974318788
1078 12.112558091633467
1079 13.036989334712327
1080 10.992900640404807
1081 8.914827586000332
1082 8.170192175281588
1083 7.117781514006603
1084 9.509273954610165
1085 3.2291961621633765
1086 4.957725843249706
1087 3.3797286598518634
1088 4.145492522350372
1089 3.349287162893845
1090 3.0711106820535417
1091 3.753325551800759
1092 2.544457510521751
1093 2.542824761611596
1094 3.4117215965028542
1095 3.136911729239505
1096 3.8092977975059226
1097 3.7275340277667612
1098 3.798151729944248
1099 3.7344869990101452
1100 3.507272441768435
1101 3.720359845156402
1102 3.7119603766082787
1103 3.677154735174808
1104 3.8374606472377653
1105 3.8605328069649634
1106 5.514336265270217
1107 4.849002966973082
1108 6.838734624613892
1109 9.142580067027609
1110 8.409569022244641
1111 7.244843118207533
1112 7.27062100724406
1113 6.131181813401145
1114 5.836486306112242
1115 7.60854042804524
1116 6.466122160116498
1117 5.920458156928163
1118 7.029485551832048
1119 5.540460509366076
1120 7.033717185149817
1121 6.074140504421246
1122 7.151490772117252
1123 5.758096671683328
1124 3.492399556512457
1125 4.849303592987463
1126 7.450948084422741
1127 7.211180085261836
1128 10.327588791291697
1129 9.968699313524628
1130 9.093732411623325
1131 8.92681289665272
1132 7.4470113443758255
1133 6.666522767664147
1134 3.6658332869440726
1135 3.038827368548394
1136 4.055549124761545
1137 3.990571310878747
1138 2.6193190492075726
1139 2.8929075822109565
1140 2.555355119910849
1141 3.544589155357386
1142 3.088111381261653
1143 3.1737436277255586
1144 3.577836211146226
1145 5.832149180734643
1146 5.921213473245128
1147 6.064452823700193
1148 3.696310424311869
1149 3.303887966834997
1150 2.974260275805919
1151 2.615391654177644
1152 2.5223272552223177
1153 2.6367155073790842
1154 2.5182514240246814
1155 2.8938691671775962
1156 2.6797507776665435
1157 2.7020857323549423
1158 2.562046337034663
1159 2.904509597359962
1160 2.8661169557139607
1161 2.6324010716322235
1162 3.5449250731736197
1163 2.654450724200015
1164 3.7322290096056467
1165 3.584471815884088
1166 3.6673252119857986
1167 2.9058159832293717
1168 2.589630699787575
1169 2.54265256951123
1170 2.794607318882494
1171 2.523221061500952
1172 2.6300659919880047
1173 5.381501140129431
1174 6.037853402990631
1175 8.906169918607839
1176 11.222231625491267
1177 13.083069364559616
1178 12.398629681460278
1179 10.754331237242083
1180 11.958011289174049
1181 6.447871737645518
1182 6.300480175796714
1183 7.271604145221636
1184 6.251096041714518
1185 8.779672609453135
1186 7.341333691429375
1187 8.204641024718594
1188 6.181167393271489
1189 6.312070071130399
1190 6.007150294699625
1191 6.525066951432923
1192 9.967291931555964
1193 8.054370215888962
1194 8.210717681482965
1195 10.006564140163086
1196 9.930412662687504
1197 9.419359567987923
1198 8.835983644066415
1199 9.772708481162624
1200 6.37300275098482
1201 9.365492569759946
1202 7.826519705626541
1203 9.10401627708172
1204 11.159159478902321
1205 10.386420802870397
1206 11.289765417603665
1207 12.109912631149868
1208 12.88691719834769
1209 10.436645414789739
1210 9.930647765332516
1211 12.943574667149536
1212 11.743432131367362
1213 15.49291380318307
1214 21.14766955244871
1215 26.32151838984018
1216 24.799730119100907
1217 23.544537274703313
1218 17.751255876239632
1219 17.98022545508806
1220 17.018447566389675
1221 20.660404491661165
1222 16.687986522608995
1223 14.326621080770263
1224 17.29265100525515
1225 15.796882579031283
1226 16.256460209399215
1227 17.459458656880784
1228 18.910042231758535
1229 20.20210492133862
1230 18.847153521915327
1231 20.436973323351683
1232 18.899731064029407
1233 18.985240885163613
1234 16.267310000798606
1235 16.432307344788217
1236 16.560820205394815
1237 17.835030873123134
1238 16.887364946414685
1239 15.624598572821954
1240 17.143742960642694
1241 19.191890283372608
1242 16.750679293441994
1243 17.06623884710233
1244 17.539648803362322
1245 16.95149828223116
1246 19.181317230356363
1247 20.655433722670477
1248 20.47466172919135
1249 21.073019802478317
1250 19.369760315003035
1251 20.19540309348014
1252 19.193721016529686
1253 19.844086080601514
1254 20.015144566690328
1255 21.174555455789605
1256 17.503848597545176
1257 18.096391109260356
1258 17.25357923019093
1259 12.99941107469473
1260 15.910200181685095
1261 14.942876774095621
1262 15.588676581645405
1263 16.795441999330674
1264 15.391881548585811
1265 15.831527978986372
1266 19.268463328864915
1267 17.24106322194074
1268 19.342358306765128
1269 18.302038098480107
1270 20.218036481043367
1271 20.003422146798442
1272 21.580691722995017
1273 21.308005191160202
1274 22.27872389383454
1275 18.544389118780867
1276 21.251458211114514
1277 21.350711346964594
1278 19.227397994675023
1279 21.220866292804025
1280 20.87048750717002
1281 23.95334094215902
1282 22.733353033772048
1283 25.524915300219572
1284 23.901267071389814
1285 24.22228326872829
1286 23.307016749093435
1287 19.863318440000874
1288 23.465919615704284
1289 23.853593589247467
1290 23.81046730303907
1291 24.516710622362233
1292 25.302868237024523
1293 23.871165637804374
1294 22.032635248380526
1295 22.361477643427037
1296 23.347236725242684
1297 22.142617252243447
1298 22.283218279972093
1299 22.22212791118685
1300 20.31099342335996
1301 21.54682074724995
1302 22.73888731409268
1303 21.655057779754827
1304 23.212785607738773
1305 19.48755602968475
1306 20.248176193957274
1307 18.77870180508077
1308 19.089772513921147
1309 19.554475444448588
1310 20.050905512771717
1311 17.827017734646898
1312 18.934240162253325
1313 18.737776397194896
1314 18.864522475107044
1315 17.252046949396433
1316 18.99489215704776
1317 20.322503614468907
1318 21.514344371867256
1319 19.92047931209435
1320 18.91367944628061
1321 19.02807071289512
1322 19.439862771473884
1323 20.19597828153422
1324 19.539677325487318
1325 19.481007504073098
1326 19.26989737665073
1327 17.26189660102659
1328 18.386054061665035
1329 17.702321930394056
1330 20.360352487980446
1331 17.771961703583226
1332 19.608531913135863
1333 19.655345248015824
1334 20.033672496706018
1335 17.41486114131244
1336 19.740179194882092
1337 17.255981317216126
1338 20.058005517635163
1339 19.94159499895473
1340 20.828981754396924
1341 19.81544807691859
1342 19.968766896704683
1343 19.106467320101782
1344 21.893065337092573
1345 19.99626983952604
1346 20.185168096806894
1347 20.593969135091573
1348 18.33863204896352
1349 18.24754516278392
1350 17.169520452843855
1351 15.922423598448475
1352 20.414046046204813
1353 18.516145740263287
1354 17.367922679963485
1355 18.341641393611518
1356 20.1050266860172
1357 20.14822528212068
1358 18.350433209121285
1359 21.013370234672088
1360 22.373911431218144
1361 18.94781436887479
1362 16.330893939768213
1363 15.478221646656861
1364 16.434098640148395
1365 15.8268845784892
1366 14.947547495414392
1367 15.782809905937185
1368 15.584819812487225
1369 14.888527196087146
1370 15.753736528239132
1371 17.084786164396437
1372 16.48887598161644
1373 15.839893904151563
1374 16.96575385368667
1375 17.217428494780176
1376 17.15506159189818
1377 17.356222951890356
1378 18.235923579272715
1379 16.053298857031432
1380 17.29482568512404
1381 16.595041647937354
1382 16.17393656838317
1383 17.290787278581156
1384 15.49581998858365
1385 15.983539598160016
1386 17.71266355037662
1387 17.721417358065754
1388 16.882933298858173
1389 16.887459568702987
1390 16.907813419076376
1391 15.73466520939804
1392 17.302721309011787
1393 18.450582910445686
1394 18.082109497993365
1395 15.729983528259911
1396 18.896214952458383
1397 15.871004854539562
1398 16.936194289393857
1399 16.722613615522327
1400 15.679306519219004
1401 17.388944664861995
1402 16.99828404017439
1403 18.674206102689173
1404 16.352154136495137
1405 18.273694607516944
1406 17.264263563849216
1407 16.723773091063766
1408 17.148313881513648
1409 16.47056090890868
1410 16.457522673762902
1411 16.58772414074021
1412 17.796395743486535
1413 16.990914228520257
1414 20.107756554554893
1415 17.52149306811412
1416 16.909604014134775
1417 17.3701365008837
1418 17.298743512165583
1419 15.978845368640032
1420 18.096324165172874
1421 16.829737316901877
1422 17.934211772681522
1423 16.108896780145404
1424 16.84532687985726
1425 17.54044728764729
1426 17.911324659101037
1427 15.15316433775616
1428 15.380742048908344
1429 16.774887701397216
1430 16.80020729236958
1431 15.98646859394693
1432 16.614548009418574
1433 17.21106442889676
1434 16.67644140462196
1435 15.86257268909775
1436 15.951788112754647
1437 15.515944709797305
1438 14.760637323944458
1439 15.769592752079479
1440 15.366917179960147
1441 16.693739783018213
1442 16.003429567610077
1443 15.675713074304962
1444 15.545051559407211
1445 17.876064528132606
1446 16.91816518786911
1447 15.62405684018813
1448 17.36464875046236
1449 19.095803629268175
1450 18.65991947275376
1451 16.952948170434784
1452 17.0251098592524
1453 17.379360412752874
1454 17.645785044337686
1455 16.081593418361177
1456 15.310317985478605
1457 16.495824033861055
1458 16.366613956799817
1459 15.164629864051589
1460 16.312968004691378
1461 14.969478525625359
1462 16.204086486718886
1463 16.405437650559566
1464 15.005943215919409
1465 15.337247875680339
1466 17.145707501149445
1467 16.145283550892827
1468 16.332824217626182
1469 16.14140885757145
1470 19.84512887676011
1471 16.525138180018985
1472 18.517995765368358
1473 18.171675169237005
1474 18.34347919551507
1475 16.474929150720367
1476 17.517500973801784
1477 17.132175483252613
1478 16.36197353342298
1479 16.888979911153
1480 16.9953424192227
1481 16.14424129420028
1482 15.904056868835829
1483 16.966947264643764
1484 16.18886621422856
1485 15.750248942999685
1486 16.431040081462275
1487 16.71750539166718
1488 16.760007478625994
1489 16.263348788234026
1490 16.53685148169196
1491 17.890728719422576
1492 15.26687966692769
1493 16.51590808817774
1494 16.805269342483758
1495 16.34794195287201
1496 17.521964076399712
1497 16.944907049092063
1498 16.3430455582657
1499 15.366823405682311
1500 16.077970317403246
1501 16.75340352115228
1502 15.735305713924902
1503 16.75177925156872
1504 15.989413702489948
1505 16.562122323967582
1506 16.679666366033057
1507 16.99201169269695
1508 16.95676589463464
1509 18.77139181213373
1510 18.386904085566474
1511 14.777696568141106
1512 16.16281786825244
1513 15.845085998091134
1514 15.473646266906353
1515 15.644219991735127
1516 16.176562762180644
1517 15.413822045470804
1518 15.548184945795754
1519 14.794703849780982
1520 16.669039425696884
1521 17.276002307085946
1522 15.770983504141924
1523 18.484970296724153
1524 19.938684581811966
1525 16.869243515139548
1526 17.699221224878883
1527 17.652015665345356
1528 19.479253556443496
1529 18.50944123680461
1530 18.868688950755114
1531 17.640300585032737
1532 17.797883712634206
1533 17.58469876523555
1534 18.466979104650434
1535 18.098073998887262
1536 19.879295622900415
1537 18.682895442127062
1538 18.46897727906849
1539 18.471035941482437
1540 18.878110331756314
1541 18.130294134339877
1542 14.342017344013708
1543 15.827194733255778
1544 16.410446139542046
1545 15.910149480188469
1546 15.260369516801372
1547 16.675771756181362
1548 17.63808945419417
1549 18.99824568999714
1550 18.270259467101152
1551 17.314290566955087
1552 16.68827688653764
1553 13.825189282466509
1554 15.700490364876378
1555 16.79193914115638
1556 18.363955944867662
1557 18.696926832659987
1558 16.383237102153686
1559 16.255417709686533
1560 18.81855602956122
1561 19.968208722431523
1562 18.942110123354716
1563 15.724718860631416
1564 17.486481157706706
1565 18.923256442060378
1566 17.47795067019704
1567 20.135736429158662
1568 20.027325878842234
1569 17.197315201430303
1570 19.387995993118572
1571 17.621675733278433
1572 15.772156941206125
1573 17.728174464036808
1574 18.523894644313273
1575 17.054367221713928
1576 17.145716630809094
1577 18.773249390037552
1578 17.903676527124524
1579 18.784008665108253
1580 19.41698695183433
1581 21.671978168267607
1582 21.39622509948267
1583 20.029081974408275
1584 18.441972743365085
1585 18.452012371118155
1586 19.460495657965104
1587 15.277761684468622
1588 17.47123307106848
1589 19.559606196184806
1590 19.494460915535587
1591 21.419428641840867
1592 18.898723658340906
1593 22.57890705410184
1594 22.214616068790235
1595 20.80759248851763
1596 21.857313781596236
1597 20.73688592734961
1598 19.69163692972238
1599 19.75064470344918
1600 16.386430595793435
1601 16.19969070732847
1602 19.780462472830987
1603 19.90566091843612
1604 19.53953215742974
1605 16.657669611376054
1606 16.392681082871324
1607 17.964463574506738
1608 19.130565266213335
1609 18.754858879550117
1610 20.12817590164646
1611 21.082342704332834
1612 20.447371881255247
1613 21.84591014168466
1614 21.816573358177404
1615 22.062538276998783
1616 22.959958184905634
1617 20.655442747657837
1618 21.04776963979844
1619 20.623641672395262
1620 19.965026861260352
1621 20.632168985418915
1622 18.89092641684228
1623 18.90467623728384
1624 23.499258441052817
1625 22.179525091971357
1626 19.449864882838696
1627 20.306138756785913
1628 22.43113180148029
1629 22.446961498894233
1630 21.335098661986564
1631 20.87005540110296
1632 22.456236201261927
1633 20.096356586227564
1634 16.29074714038647
1635 17.11155034477676
1636 14.711023459085975
1637 18.276087267928354
1638 17.33700263379258
1639 18.585344023847544
1640 17.528064728331138
1641 17.727326567297343
1642 15.626430759641902
1643 18.42050027290266
1644 18.358598694403113
1645 18.491034393096395
1646 17.628034374127793
1647 18.36468255507964
1648 17.853388254814334
1649 16.167683252702826
1650 15.562386003365432
1651 16.398069750449896
1652 18.4790581079208
1653 17.578618228497735
1654 17.09658757235931
1655 17.500119796692072
1656 18.190165209616055
1657 17.846236854544188
1658 16.10818942673875
1659 18.529541092867504
1660 17.96467820915313
1661 19.614169071362433
1662 20.912393852992743
1663 20.194497384045142
1664 18.983753688633968
1665 19.62185180577311
1666 18.833712972565063
1667 16.442852610664502
1668 19.77536840940371
1669 18.974080791257933
1670 18.677948197811773
1671 19.517215216149104
1672 18.301220809908642
1673 18.398975475026642
1674 15.574049971849853
1675 16.44371848987219
1676 16.817441154005547
1677 18.225628855465263
1678 18.153652534208398
1679 14.556368397135348
1680 16.23665501938665
1681 19.206473419550065
1682 17.678290181921003
1683 17.11984219719055
1684 16.371609358679542
1685 18.335455268180368
1686 15.228386053982609
1687 14.459000099933942
1688 16.497214076304868
1689 15.274301170935628
1690 19.936552217676116
1691 20.441078626687187
1692 20.0630930925886
1693 21.39023225042261
1694 21.652983610406807
1695 17.98789734525419
1696 17.53027062059218
1697 20.104016904743
1698 20.014966318150528
1699 20.42154630651653
1700 23.78133644346186
1701 24.23203996132546
1702 24.143018754385192
1703 23.88161466813887
1704 21.325493557907027
1705 21.600025454153634
1706 19.06025702248277
1707 19.664278610658513
1708 21.049157300958218
1709 18.541234119004372
1710 17.523842620469267
1711 15.350105476640188
1712 19.434973674941027
1713 19.4201300088502
1714 20.227656658030302
1715 15.849142447202897
1716 17.185943162892833
1717 15.453802615889819
1718 17.036498464655956
1719 17.21768516834251
1720 17.287589340852072
1721 15.778460190737425
1722 18.352984592373403
1723 20.379276474305808
1724 18.86504387525663
1725 19.823767581881917
1726 21.026987149601904
1727 20.043423142751106
1728 20.40208589354123
1729 20.202295645017198
1730 18.57259682874942
1731 19.188550392889326
1732 18.562670864731913
1733 18.87521504487196
1734 15.581666774106473
1735 18.47567744684251
1736 17.446865749066422
1737 18.868970673167723
1738 17.51858213679672
1739 18.319106581115044
1740 23.812454495188724
1741 24.49459835251962
1742 22.245702593892887
1743 20.975619977446982
1744 22.919463976905472
1745 22.241198970324827
1746 23.896674320130256
1747 24.203532138027978
1748 23.604162486095984
1749 23.01796643870629
1750 22.311777119358535
1751 20.227631587024796
1752 21.069003552802105
1753 20.022808688430775
1754 20.68886108833414
1755 17.58180000555462
1756 17.866361015102164
1757 16.96763605295152
1758 17.605484438003376
1759 19.506342509169514
1760 17.59916549407953
1761 19.03833451287638
1762 22.070167383514956
1763 21.94679467442585
1764 19.658891653445732
1765 21.247512129186692
1766 19.52183414683217
1767 20.261794657400316
1768 16.10958050305486
1769 15.180813645382102
1770 19.946664450760025
1771 19.119079149848222
1772 18.49738773588872
1773 19.089862248647236
1774 17.154489898082936
1775 17.982979356077294
1776 17.302876666108197
1777 20.87040715579488
1778 19.684535069944427
1779 19.442925565541103
1780 19.57633813042379
1781 21.33484976870151
1782 21.70462144663636
1783 20.524297873825248
1784 21.628953488202406
1785 20.362454315229495
1786 21.08644292072185
1787 20.287965689138076
1788 21.923297399547895
1789 20.990906064751904
1790 21.05555041609965
1791 21.18825153512794
1792 20.615689320388917
1793 18.457272947658293
1794 18.037879264963365
1795 18.017867645542065
1796 18.597475937496547
1797 18.698508012624856
1798 18.36666797486235
1799 19.98022422053879
1800 21.743333928259972
1801 21.0744841547037
1802 20.879039067998647
1803 20.80136643748587
1804 21.065717827414765
1805 21.57706492816687
1806 20.059530210157263
1807 20.864846758488
1808 21.793252140679257
1809 22.026432865919045
1810 19.238649597838194
1811 21.760799769790832
1812 21.07693284803086
1813 17.02722457329241
1814 17.08417135625551
1815 13.595929424116838
1816 15.152281421470322
1817 14.286372957143168
1818 15.53281342366288
1819 14.707172879779302
1820 14.720459196458595
1821 18.384196913600533
1822 18.955739873858022
1823 19.444497246417342
1824 18.66472351339717
1825 18.438924313696468
1826 17.959648391663304
1827 15.675426738184175
1828 17.17650340405414
1829 20.150158815577434
1830 21.177662348502185
1831 16.397303551512586
1832 17.80401273120769
1833 16.957723789779244
1834 18.07827945894807
1835 17.493563314727275
1836 18.928091765164538
1837 19.048680671083407
1838 18.37265345547979
1839 15.925505421813007
1840 18.04983930213021
1841 17.57102157662552
1842 20.266720283354655
1843 19.436569721299453
1844 18.254787384276835
1845 20.26516291788481
1846 20.6017516485117
1847 18.833496246828513
1848 18.980911356328864
1849 19.894732520949827
1850 18.40754325458698
1851 18.261662928226905
1852 20.72574333685625
1853 19.900563199915972
1854 18.584171088421726
1855 19.645118913650048
1856 22.3279847223363
1857 22.484583023342154
1858 23.056990929116512
1859 22.442483276382756
1860 20.5654330513401
1861 18.82456651145477
1862 16.20823438645619
1863 17.81096302151279
1864 15.026913889472443
1865 14.535506894643706
1866 16.591855452003692
1867 19.905456807065878
1868 22.13336163651588
1869 19.175531110229514
1870 22.508457321322833
1871 21.39614669561988
1872 17.966557367836725
1873 17.22770353479229
1874 20.143380522311677
1875 18.275377336815797
1876 22.39549476576122
1877 21.341171014471854
1878 20.917818671994045
1879 20.20779607973065
1880 20.92110897633339
1881 20.617773231462166
1882 21.283350009675054
1883 22.531580763491093
1884 19.83915944103333
1885 20.844926149968114
1886 17.514586213517283
1887 22.427369121356385
1888 20.51590942780731
1889 20.446950599089032
1890 23.194698026107677
1891 20.997552938612856
1892 21.46221897925716
1893 18.526725661613497
1894 21.72669293668587
1895 22.27315414511468
1896 19.076301330974694
1897 19.12895244332636
1898 20.610765320083658
1899 20.301459341579747
1900 19.363692722887755
1901 21.65408660298014
1902 21.05009198304264
1903 18.596826994285774
1904 18.3095461161952
1905 17.758117534950323
1906 23.00576195807893
1907 22.4873471178137
1908 19.167872289821826
1909 19.63271112656795
1910 21.622428682324944
1911 18.243953526668683
1912 21.52845307036935
1913 21.49825587053384
1914 18.32537469007774
1915 19.940331078578968
1916 20.960562080572426
1917 22.322896767371553
1918 22.591497992250243
1919 19.504939223535384
1920 21.844561135636066
1921 15.137537104544755
1922 16.81650777499283
1923 17.692959508293992
1924 20.379211319702396
1925 18.05610960917306
1926 18.99918776770068
1927 21.544812564243056
1928 19.599747545059056
1929 19.1930886596335
1930 23.307647741272408
1931 20.539715687049142
1932 20.05494623116954
1933 18.984077827336655
1934 19.49912759998975
1935 19.582579396736516
1936 20.66277265055426
1937 22.706207183151896
1938 21.387545327670004
1939 19.635910274737967
1940 18.481730837419484
1941 18.35407999716075
1942 19.22485641271556
1943 18.476348464753254
1944 19.94226293274956
1945 21.589048350618405
1946 22.669159181820696
1947 21.985469900374657
1948 24.684448909810506
1949 18.479210558621993
1950 19.713770647529053
1951 20.305587900458015
1952 18.851585119248217
1953 19.71014242251439
1954 23.20357830105644
1955 19.26797891990209
1956 22.10336708552319
1957 17.241784806146928
1958 19.077464646693635
1959 17.458287713686815
1960 18.212779408550695
1961 17.40850583811855
1962 17.766104282768
1963 19.275166292696902
1964 19.60444885724656
1965 18.32741546016663
1966 18.596436212051586
1967 17.931243175975123
1968 20.72020893400411
1969 20.32180653632973
1970 20.722547252011193
1971 20.85128621243052
1972 19.30475812170247
1973 18.791138829818035
1974 18.712273238547535
1975 18.356190900503123
1976 17.850036640804422
1977 19.495731893510317
1978 17.755927596148695
1979 18.99329295079993
1980 18.808680645365655
1981 19.85149653230611
1982 21.882655040881083
1983 19.625389057791136
1984 21.593548259339062
1985 19.126436158316057
1986 19.251940511342056
1987 17.606133558057792
1988 18.699641788256518
1989 19.86097837660205
1990 18.700187916511176
1991 20.476163061699094
1992 19.474240942602833
1993 17.930920069205154
1994 20.610754221557123
1995 20.28356073457862
1996 22.990935139331423
1997 22.880185745259215
1998 21.405353962841904
1999 20.556033021678488
2000 21.128987001943837
2001 20.191162872533244
2002 21.307605819645314
2003 21.41359635482074
2004 20.89727945499557
2005 22.780088210567396
2006 21.8275356457683
2007 19.780618489376856
2008 21.17894512136254
2009 22.447270159621393
2010 19.37098417067483
2011 18.380522901926
2012 19.538002741092956
2013 19.604364576757227
2014 20.630508318883052
2015 17.434948450685617
2016 17.569048924768705
2017 19.078068711690136
2018 16.514771180792625
2019 21.13224532785112
2020 20.370946335008068
2021 17.359561298208494
2022 18.557261865041998
2023 19.206426139861776
2024 20.567122716517368
2025 20.376451037491144
2026 20.945732808137308
2027 20.110869829553163
2028 21.265777684784773
2029 17.75189667033716
2030 20.12864336379911
2031 19.87570147756998
2032 21.234329048986496
2033 20.275058839688068
2034 21.088612381645515
2035 19.56999146341923
2036 18.82219414547533
2037 20.653870119852947
2038 21.534827364408937
2039 20.967441298827215
2040 20.496089159359823
2041 21.545449954367616
2042 20.810793393076892
2043 19.178410858500115
2044 19.152129324875787
2045 19.6888473661232
2046 19.40732095659882
2047 20.43809029745033
2048 19.542028609274297
2049 18.627263506562844
2050 19.859363988737865
2051 18.400565078106023
2052 19.08319684603836
2053 17.64634424469767
2054 19.925766268672245
2055 19.140346315535012
2056 18.338923042114143
2057 18.35513405273437
2058 19.939152315309634
2059 19.281056756710235
2060 19.01352754664031
2061 20.59287945096922
2062 20.258606062344157
2063 20.44281831564211
2064 19.385509374509496
2065 20.863340517880072
2066 18.817860042188563
2067 20.220719151978017
2068 19.99235782597116
2069 21.73507778855105
2070 19.297528714060075
2071 20.69548849727011
2072 19.1219639984868
2073 19.28264255126317
2074 20.23984336920674
2075 19.275386026322412
2076 19.831236649896866
2077 19.75485220400027
2078 19.181205406777238
2079 21.124903735493653
2080 20.7351487646754
2081 18.951752938875696
2082 21.60395013445632
2083 20.094321673079047
2084 20.028380942461276
2085 17.876057399311954
2086 19.49717541407541
2087 19.337308785695324
2088 19.682231927241958
2089 22.929239837550345
2090 22.104069873129028
2091 23.298184613049855
2092 22.78662241614364
2093 21.944901903533445
2094 21.8133708921054
2095 20.63167813379026
2096 19.42377396187249
2097 18.314773177175176
2098 19.579914355419934
2099 16.1522512149744
2100 17.08507761226877
2101 15.930689233356176
2102 19.15889590417249
2103 18.580148914097833
2104 17.74425776782776
2105 21.080196311949543
2106 21.886097137721563
2107 21.76184039853256
2108 20.4684196273592
2109 18.587555156372808
2110 18.69927359907212
2111 18.7294370095151
2112 19.921992448030764
2113 19.363141990782964
2114 21.824654601066808
2115 21.002083559415784
2116 21.98118125337797
2117 21.2365741326838
2118 17.7611661279474
2119 19.381992388764974
2120 19.35613478487456
2121 19.81768129860878
2122 19.590640938494506
2123 19.866893253204633
2124 19.51000087579752
2125 21.455472598930797
2126 22.089367046899806
2127 21.865424590580638
2128 20.222129734294068
2129 16.90082581135582
2130 18.772606510069878
2131 18.65991316772258
2132 19.711150019835785
2133 18.08669932445074
2134 19.155344226984337
2135 17.34602933150243
2136 20.595579142030076
2137 17.22773549648954
2138 17.468569254905844
2139 20.07660436054565
2140 22.588515940127664
2141 22.85994774693193
2142 24.762302584713456
2143 23.307362738188
2144 21.3503036435991
2145 19.32659403755912
2146 18.844123419791853
2147 20.244533356886834
2148 21.096411959785463
2149 21.29935143492578
2150 21.861810593797248
2151 21.398649879970066
2152 19.014365772924
2153 19.687762992493518
2154 22.9849123292439
2155 22.281055114253558
2156 20.21564339202343
2157 22.06072436176667
2158 18.70604165169554
2159 19.01921078830783
2160 18.31025977216744
2161 18.06470310713863
2162 17.62648903475046
2163 18.30494524191384
2164 19.989711436775128
2165 20.251720396002256
2166 19.854927536184142
2167 20.088774725851113
2168 21.147948996229296
2169 18.364720144117165
2170 15.998336474249008
2171 15.79852696836508
2172 15.833220558413085
2173 17.550512556195876
2174 19.196594876893148
2175 19.84660188256719
2176 20.733398321404156
2177 20.963071052288345
2178 19.953114196633695
2179 20.692406488502577
2180 19.001892050689595
2181 20.755661890794062
2182 20.468807760385687
2183 20.681492500828355
2184 20.225851447860617
2185 21.114396036062722
2186 21.187612250089487
2187 21.309984259311065
2188 21.913222756165773
2189 20.031547407084144
2190 21.536406834736788
2191 22.395015631856033
2192 21.076556074408217
2193 22.26376951798034
2194 20.978840713694183
2195 23.47618238363571
2196 23.61617455270227
2197 20.960497559038682
2198 19.08894281776234
2199 23.18663904822769
2200 21.06859741304182
2201 20.050523722142785
2202 21.973099744900306
2203 18.80604475767128
2204 22.023761633432116
2205 22.189128172683688
2206 21.11208703332493
2207 20.423699180913594
2208 20.204645303183582
2209 16.272760641665915
2210 19.564933924457684
2211 19.61997067370748
2212 18.132259330215124
2213 19.522379398529356
2214 16.884290772223476
2215 18.252942668091745
2216 17.108482737867817
2217 16.933748394624505
2218 19.17965121929708
2219 18.875981869901782
2220 19.583643957569983
2221 19.31632930296539
2222 20.038895413078198
2223 18.9453139647645
2224 17.462242879366
2225 17.94012328272512
2226 18.651806482855136
2227 22.60216392308613
2228 20.879186922848262
2229 17.617561116986206
2230 17.446846674505704
2231 18.98778224053781
2232 21.7711191312897
2233 18.98176294570676
2234 21.466036089424765
2235 22.198833931621152
2236 22.09083094866746
2237 17.380397217035387
2238 19.768950326673725
2239 19.48671497185923
2240 18.58960414943534
2241 18.94022001269762
2242 20.599687753181428
2243 19.921362645221627
2244 22.148008816744596
2245 20.42724008068302
2246 20.86107949463775
2247 20.379049523064435
2248 20.747078607652487
2249 19.58991263159442
2250 18.54068144158147
2251 19.470583917202383
2252 18.569199670279932
2253 16.935191291064697
2254 18.42852342735698
2255 19.067403232423715
2256 18.965851566459072
2257 17.877017499099075
2258 17.268110089071612
2259 16.399006070141397
2260 18.608424426683502
2261 16.542588926425175
2262 17.16706526601818
2263 18.532982297103064
2264 18.452813772778278
2265 18.697448140774252
2266 17.917907941755065
2267 19.195813586917343
2268 18.61899626197233
2269 18.143865969623484
2270 19.23244006224225
2271 20.265050379015673
2272 18.59853246596957
2273 17.238497221696225
2274 16.15236656636262
2275 20.201953822304777
2276 17.472312992487012
2277 19.452330533162915
2278 16.517552733247193
2279 18.250911835935312
2280 19.720264570778212
2281 18.892112389748792
2282 18.431579139939927
2283 19.34257740823364
2284 19.692312766311126
2285 19.133645483459283
2286 16.732996067666164
2287 17.699535187906847
2288 19.515898254349494
2289 19.357581023194673
2290 19.134735680703017
2291 20.410063435832072
2292 19.66567521330047
2293 19.059239587735934
2294 19.13339913750176
2295 18.890237486819043
2296 20.81320381751563
2297 21.573298152632702
2298 19.83326266073772
2299 20.72073593025753
2300 18.334727318377944
2301 19.483548258087737
2302 19.358059380035293
2303 19.163487173514305
2304 19.764278600851558
2305 19.348995270345412
2306 17.09608386723525
2307 18.379293717690604
2308 19.66573869145725
2309 17.48278014511034
2310 18.967507117026678
2311 18.912141070182273
2312 17.4518250488953
2313 17.36345656574714
2314 18.372178353041658
2315 19.28576685517453
2316 20.020171517239106
2317 19.54881484070184
2318 21.078787007006813
2319 19.411452344737675
2320 18.371320377384418
2321 18.10547095317593
2322 18.80695231098585
2323 18.36050171916666
2324 17.921486976785232
2325 15.953730393135096
2326 17.75739843121265
2327 17.41405897683977
2328 20.475354625570212
2329 19.306935687835033
2330 19.913398493706215
2331 18.582920633517872
2332 17.716844760371202
2333 19.142457573984995
2334 19.455649209820155
2335 19.498205329434203
2336 19.04287302227596
2337 20.498018236156813
2338 18.934808284493233
2339 19.619069732365748
2340 19.08419747764058
2341 21.014423089979115
2342 19.994275316030272
2343 21.414817553841115
2344 17.30157876915537
2345 18.618652930988453
2346 17.2835141156802
2347 16.205395019392437
2348 18.204606629113982
2349 18.2708201481025
2350 18.38244381005311
2351 17.63992211400385
2352 21.607217205108117
2353 19.1759971941541
2354 17.17573315992765
2355 15.276600694465207
2356 17.910356186691455
2357 18.096557018861343
2358 20.118514214976123
2359 19.201000528333882
2360 18.39067954276042
2361 19.056077722660334
2362 18.464227961194993
2363 17.68629988656322
2364 19.738121669380075
2365 15.432628649918618
2366 18.930660425789586
2367 16.41827596695409
2368 18.06352448486246
2369 18.726816108024135
2370 17.226254666019283
2371 15.630581853560235
2372 19.047996030478497
2373 20.63331523168947
2374 18.3376735644423
2375 21.20713960592565
2376 15.601074349211995
2377 15.57254395852946
2378 19.278255454157225
2379 18.635870357054287
2380 17.01670758113654
2381 18.9578430898121
2382 21.91873423270266
2383 25.767624979350693
2384 23.32490727400322
2385 24.493589152259286
2386 23.999370028335363
2387 25.288615916439834
2388 22.428272073205832
2389 22.11807971559325
2390 19.880752897148202
2391 17.87227169952605
2392 23.646028733698415
2393 23.608938246834903
2394 24.245372432209574
2395 25.384668237737067
2396 26.452665583231052
2397 25.216432779374767
2398 25.638816988401967
2399 25.53879052523943
2400 25.627912134509817
2401 21.51510312299719
2402 21.30252026751673
2403 21.753517202399742
2404 21.557737394589875
2405 22.49674657379779
2406 22.896060316064954
2407 21.523823401854955
2408 24.916357818113784
2409 19.05387510864643
2410 16.257980311897544
2411 17.31459506736511
2412 17.857827689988365
2413 17.714857667615014
2414 17.574459903932336
2415 17.171050295824106
2416 16.972838653364118
2417 15.490134599075454
2418 18.91103882944472
2419 18.70897471980458
2420 15.310369993058991
2421 16.07822861759846
2422 18.618750304705298
2423 18.563513377473488
2424 19.12791892330346
2425 18.371071471196785
2426 20.854572977886388
2427 16.441384192202804
2428 17.525566282956902
2429 21.20939517427334
2430 15.288168973699225
2431 12.820572792743725
2432 16.552216275493844
2433 22.213977235393177
2434 16.043074838245484
2435 19.479658879342516
2436 19.851646716098628
2437 17.307871480416217
2438 17.947743001937162
2439 15.926759892594244
2440 18.588207135194335
2441 19.31682968657185
2442 19.97159445581248
2443 19.452813127560997
2444 17.249622478744538
2445 14.838467356364601
2446 16.398246451534263
2447 15.320546599517705
2448 14.638726596276403
2449 17.874976496071767
2450 15.259928366419409
2451 17.696227951496898
2452 16.897277359595243
2453 19.053199967081788
2454 21.167475971584505
2455 17.62321602784489
2456 16.508114062056904
2457 18.051031789101504
2458 20.08899705949756
2459 17.750442401111798
2460 21.65235368313516
2461 19.801720270892122
2462 17.92705238150579
2463 21.044837375049983
2464 14.072796556550967
2465 21.87959256980355
2466 21.618278405126492
2467 18.20834214181723
2468 19.489347080199654
2469 17.557229608656282
2470 20.72391566724865
2471 19.593260450462356
2472 18.936332192008404
2473 23.704856998487287
2474 20.041109985099542
2475 19.536319513253822
2476 19.93105488628304
2477 23.428927584180926
2478 23.347747545950565
2479 23.804173131090845
2480 21.866308044451376
2481 22.520657359772898
2482 19.861753170850942
2483 23.252901039451746
2484 21.86426825844112
2485 21.61696889896232
2486 20.10679432764555
2487 21.175567879297187
2488 19.972361011105303
2489 18.91573858349486
2490 17.696709857303293
2491 15.314201807438922
2492 20.477582511602094
2493 19.18298627579749
2494 16.85120367624065
2495 17.684306835151613
2496 17.617816678153915
2497 17.803609068782244
2498 20.299752748426172
2499 19.355813982322545
2500 19.48293649751164
2501 20.180797795158174
2502 17.145963098462545
2503 18.98150018107557
2504 20.297130684780733
2505 17.425140471891833
2506 18.508880586663803
2507 17.829637999742502
2508 18.611208373399243
2509 22.877798291957745
2510 20.69312177903133
2511 20.13074077852213
2512 17.890075193688794
2513 19.154737652902817
2514 16.294483682295862
2515 19.246482902718597
2516 20.12318098825257
2517 22.847029232508994
2518 20.155570668780435
2519 18.659824533242727
2520 20.38907387127483
2521 21.0617472957882
2522 17.742717630452653
2523 16.71466999491644
2524 18.90757203228464
2525 22.322107324145097
2526 18.18833758147636
2527 20.89386637778053
2528 19.13281134040791
2529 21.090861719289226
2530 17.97081112414909
2531 17.69686175958274
2532 13.966086130984058
2533 17.299451328819718
2534 19.59123972983054
2535 20.435062542757436
2536 18.754602626414243
2537 17.636845328141064
2538 17.747576434869313
2539 16.198706252537505
2540 20.41705070329329
2541 21.03994470538444
2542 19.58181551744814
2543 19.275566607273102
2544 20.457756946027665
2545 22.705876704068796
2546 22.397232343539116
2547 20.911448482876963
2548 20.846655435141372
2549 20.184495063271026
2550 22.77508464203837
2551 24.993548349289473
2552 22.86459352220058
2553 20.432991642314384
2554 21.45515958820627
2555 20.243453238602946
2556 18.692043008969787
2557 19.5517115335038
2558 17.886143846628627
2559 17.855050415253295
2560 17.15501476913181
2561 18.510357712268107
2562 18.494509648665392
2563 20.295012252515416
2564 17.501066551276608
2565 18.04335164698336
2566 21.99940602416552
2567 24.301433959223562
2568 21.364643785403693
2569 21.39790130214117
2570 20.990283921763172
2571 21.73563237062306
2572 20.186856222880785
2573 20.860357706326123
2574 22.86579728212132
2575 23.462942241422244
2576 23.342666252453988
2577 22.274271388407367
2578 20.7800440651045
2579 21.26318426342009
2580 19.227105306964972
2581 22.425271135850128
2582 21.273031575212208
2583 22.581098015904708
2584 19.65791202265437
2585 20.125995600593484
2586 13.5583723245895
2587 14.346750326613934
2588 14.32110813499243
2589 16.036545775671797
2590 16.27178467081285
2591 16.84326185961187
2592 20.224868709334743
2593 23.48661105163602
2594 22.569327688557124
2595 26.264042570716306
2596 25.661734955188475
2597 24.3304701573204
2598 19.67476261132454
2599 20.569805244930734
2600 19.467140976882355
2601 22.258738999756485
2602 21.768930225364006
2603 24.414079872871415
2604 21.231020086885877
2605 21.218842146742784
2606 23.2578884982218
2607 22.62863914413332
2608 20.41390047922991
2609 18.678646735649405
2610 23.52515677888246
2611 22.298549468622284
2612 21.81035759742513
2613 23.92335216591559
2614 21.640924617457156
2615 21.544890059100773
2616 23.065418722513037
2617 20.37277105967772
2618 21.767455614703007
2619 20.681427421227635
2620 19.444458586694758
2621 21.11474863302515
2622 22.046119034024937
2623 19.186279831293998
2624 22.051739309348
2625 22.129057060524392
2626 19.865884915434755
2627 21.819293886888456
2628 21.032479426325466
2629 21.963091563422598
2630 17.25420134003852
2631 16.61025321698748
2632 18.413401727478764
2633 19.77557764487224
2634 17.95350741244974
2635 17.493515718333803
2636 16.628958428501235
2637 17.161945579070625
2638 16.977493482107395
2639 20.146077976543143
2640 20.237985731777393
2641 17.046603106809453
2642 16.657934776242495
2643 17.567493609417404
2644 15.780283102922368
2645 17.584936037141365
2646 16.129563201837616
2647 20.211196808863455
2648 18.12698677852805
2649 17.76657488347799
2650 18.21081818227496
2651 17.218396942894856
2652 15.900966836676899
2653 15.1540945444002
2654 15.23212674946999
2655 17.159488056879844
2656 17.328125197163256
2657 18.834024660778937
2658 16.832749096293558
2659 16.562461215867675
2660 15.529067881970636
2661 17.021715255445784
2662 16.898606064053578
2663 18.32589407557625
2664 16.176213645722296
2665 15.248465891336549
2666 17.76340505915915
2667 16.869859673912632
2668 19.283749759136114
2669 16.608709102864687
2670 15.607667188897295
2671 16.70406784288529
2672 15.812645669600819
2673 15.228559624182484
2674 17.77729307511408
2675 15.709336338120881
2676 16.188319553771823
2677 16.466663404327015
2678 16.38453114225012
2679 17.668087550903724
2680 16.51426689107796
2681 15.033651424272664
2682 15.063030745785486
2683 16.28214647056981
2684 14.676084999799553
2685 16.58855017859062
2686 17.67236362643752
2687 14.979429996328399
2688 17.871108167089123
2689 14.33125622117027
2690 16.417851430108087
2691 18.572127756909698
2692 14.31890120846075
2693 16.624348463103967
2694 16.637479213689474
2695 18.917617410442258
2696 13.451934492684614
2697 18.465347475015527
2698 16.91373384369949
2699 20.38538710690105
2700 17.843945658953814
2701 19.674406500002007
2702 16.63569546267848
2703 15.837269024858303
2704 19.187701690509968
2705 18.670642394184895
2706 17.355784758000866
2707 17.61610727815394
2708 18.052597802175185
2709 21.184510783241127
2710 16.226942797005083
2711 15.722037502093539
2712 16.75873587381783
2713 16.42803121192995
2714 15.944131847060815
2715 17.503530057781376
2716 17.200659956537443
2717 17.798646751017554
2718 15.914448221981676
2719 15.047542171088457
2720 17.391015603725172
2721 15.274501627434168
2722 15.854619945644172
2723 16.121799979707088
2724 15.964828849949349
2725 17.155720179360124
2726 20.56475269505646
2727 20.894098382992606
2728 17.541716849797254
2729 20.42110092528359
2730 17.766871122969295
2731 16.48029051265871
2732 18.07581136108375
2733 17.38995437993407
2734 17.75649582178429
2735 20.484382773169088
2736 19.934642328173457
2737 17.359111578353993
2738 17.73879220336806
2739 18.004887040708237
2740 18.236522153812246
2741 18.525648249312674
2742 18.774016374406802
2743 16.608710857893634
2744 17.404564112968455
2745 17.791718472814434
2746 19.353275541657503
2747 17.816272764692144
2748 18.191029163501632
2749 18.294551789329855
2750 16.98846907509706
2751 18.38764373080263
2752 16.398628797661747
2753 17.55512958388754
2754 17.881944808162537
2755 17.309113593542715
2756 18.815704781833176
2757 17.1384293026842
2758 18.71685219831036
2759 19.238571021653215
2760 19.27389261898829
2761 17.964789432063913
2762 17.06383061682992
2763 16.207151163103138
2764 15.776400283111249
2765 17.738036430695033
2766 17.104880105062417
2767 17.730592001269777
2768 16.73602040631355
2769 17.239616350831934
2770 16.588107039773853
2771 17.747988365840953
2772 16.136034561008856
2773 16.511328704115066
2774 17.908093306682684
2775 16.617034052265225
2776 15.840526881657256
2777 15.939854008142905
2778 17.217596795088447
2779 16.191796009521887
2780 16.868686226802463
2781 17.0638657255928
2782 15.286681639084701
2783 17.531532353845417
2784 18.031165358491283
2785 15.83928089542271
2786 15.383055958230365
2787 16.033017652856934
2788 16.83910422781061
2789 16.52591821914498
2790 15.513943696867793
2791 17.231506450462074
2792 16.397739976682367
2793 15.631215773126854
2794 16.221454129449565
2795 16.819298652426006
2796 16.139159479768917
2797 16.447259798234413
2798 17.42817400101935
2799 15.081091574061222
2800 18.76749059776514
2801 16.545085877155767
2802 16.3519789124281
2803 13.585164132589101
2804 18.378499946443014
2805 18.4358609476958
2806 18.284497402628393
2807 17.97599004153552
2808 17.30764100593292
2809 15.827560402812555
2810 17.315059232376786
2811 16.92679880921356
2812 15.333514762225894
2813 16.27443982362005
2814 14.767322293117417
2815 15.001347919072606
2816 16.177542856932742
2817 16.268718081888373
2818 15.999681775271704
2819 16.997642528611852
2820 16.516606469461873
2821 16.188915446184154
2822 16.247247221955977
2823 15.669219848356938
2824 16.30838931893922
2825 15.003111686626037
2826 16.7226226396105
2827 17.153595471347394
2828 17.590781927596733
2829 16.70595396787294
2830 18.441437576221613
2831 17.655492861558614
2832 16.764589028311317
2833 17.90181251449448
2834 17.033889780552578
2835 17.300620947218682
2836 17.298067574417395
2837 17.31176281305792
2838 17.717577748043098
2839 17.225875299856284
2840 16.867687857154042
2841 14.772758849545886
2842 14.861538596307271
2843 16.66365563373171
2844 17.868580626660638
2845 15.808708113622206
2846 18.76161565013249
2847 16.871148802711232
2848 16.381134680455563
2849 16.370836372425604
2850 16.975650916989608
2851 16.474071535012936
2852 16.579054171159523
2853 16.363365231829004
2854 16.026359003251454
2855 16.46483198092434
2856 16.750995188650982
2857 15.534064720541958
2858 16.6101927150923
2859 16.117210336967243
2860 15.963044143472255
2861 16.335244203305386
2862 16.509702734440815
2863 16.798224893617114
2864 15.671580566128434
2865 16.23301653814815
2866 16.228773990658684
2867 15.599799488686752
2868 15.250221727655685
2869 16.678296677596336
2870 16.012220852589287
2871 15.642081017162011
2872 15.266487003777332
2873 16.432794185198293
2874 15.979779976106094
2875 16.833088000142045
2876 15.41527889443621
2877 15.348800691258976
2878 15.624907659591663
2879 16.720455388071926
2880 15.692716724844637
2881 15.767465694283995
2882 16.435099384691153
2883 16.996171012595184
2884 17.339056473379085
2885 16.73185538210462
2886 15.847876815976939
2887 15.995363594926316
2888 15.59877278567684
2889 17.639993167625995
2890 16.668521621543118
2891 16.980295871274183
2892 17.235629930000165
2893 17.12283463157951
2894 18.657606465275666
2895 18.285890678679458
2896 17.006791447423026
2897 17.290527553602583
2898 16.01103949851773
2899 16.8671284855785
2900 15.428452189079735
2901 17.663042410201314
2902 17.181001496261935
2903 16.872847667646322
2904 16.46183193575936
2905 16.103744941235203
2906 16.08646040804172
2907 16.79998156256446
2908 17.245581626342744
2909 15.152963052185479
2910 14.878357290838215
2911 16.21479325964177
2912 14.437970345852719
2913 16.74443569217885
2914 17.282492482513252
2915 15.785316356914064
2916 15.908310370696354
2917 14.82347782275415
2918 14.489091833498053
2919 13.703646639026898
2920 14.71552413121188
2921 16.238271702100562
2922 15.692550894409464
2923 15.623500875252097
2924 15.648889393458253
2925 16.00774266891242
2926 15.77272165604457
2927 15.86708659283804
2928 14.992783439112575
2929 15.669557834709213
2930 15.300677511937339
2931 15.352273816320515
2932 15.129441787704557
2933 15.4868459154264
2934 14.550321404174722
2935 14.125914219369943
2936 15.20898466836027
2937 15.127474482124285
2938 16.606788462854407
2939 16.32032874243773
2940 17.48411618493751
2941 15.091252839579541
2942 15.362808807573149
2943 15.14624525893264
2944 16.5291346136691
2945 15.073219942941337
2946 16.558618313742773
2947 13.891013466744575
2948 16.40649932790729
2949 15.06360768212035
2950 17.04912723292051
2951 21.333482294985828
2952 17.33469558787516
2953 18.285889333952166
2954 16.526177856944003
2955 17.135025407981516
2956 17.87056060210592
2957 15.63495475916481
2958 15.99885057664988
2959 15.481191855147165
2960 16.214871522510332
2961 16.94448569968513
2962 15.898484128850257
2963 16.428439550150358
2964 17.327582420074773
2965 16.193733830128217
2966 16.8126778082671
2967 17.110099771681387
2968 17.63594657553233
2969 17.864577996784494
2970 17.76016101919089
2971 17.386002376472135
2972 16.763834014904056
2973 17.907718289468587
2974 17.660813628970946
2975 17.35131977714586
2976 16.984766540180985
2977 17.894904112643445
2978 16.66474969528988
2979 17.03944954113083
2980 17.288862542001546
2981 17.808695773009923
2982 16.21681138151711
2983 16.275591567393516
2984 15.92320377753943
2985 15.994395381355373
2986 16.1066448632995
2987 16.672461289449284
2988 18.47483246186902
2989 19.004307248313165
2990 17.471863715645437
2991 15.543374604473993
2992 16.83631338137228
2993 16.046142433891735
2994 15.955271879084624
2995 16.864588538139138
2996 14.81948183139933
2997 16.3475040206343
2998 16.693869610841293
2999 16.430729308239712
3000 17.44012907146983
3001 16.050099801298707
3002 16.250543051887455
3003 16.32486244871354
3004 16.937125828470663
3005 16.056492214753693
3006 16.815001633140707
3007 16.292860039384067
3008 16.050063410130747
3009 15.829137068198106
3010 16.30187979932092
3011 16.90690578803811
3012 15.724296557489936
3013 15.622754195837281
3014 16.433410825155384
3015 15.734736369167194
3016 17.998836486767733
3017 16.904656837725142
3018 18.07363642131937
3019 17.838135431211413
3020 18.46519610311659
3021 18.214872695273307
3022 17.534631194106225
3023 16.746573926027803
3024 15.80644709468688
3025 17.70949711840439
3026 15.144438891643405
3027 16.38047770575633
3028 16.798307515041774
3029 17.97392227889457
3030 17.13202236408349
3031 17.280011052111313
3032 17.07716716314596
3033 17.02189816712409
3034 16.977794253684205
3035 15.861736057990859
3036 17.750024487460717
3037 17.08611483693886
3038 16.185619994065462
3039 16.276407214432414
3040 15.284682271327956
3041 15.099704275004857
3042 13.289773786126709
3043 16.66003765408865
3044 17.318581795547157
3045 16.563424219681803
3046 17.974501953866394
3047 20.199804964654437
3048 16.764881056841972
3049 16.054082967825796
3050 17.49182709674806
3051 15.751422901805611
3052 16.273343793613506
3053 16.309991099848393
3054 17.56438247172868
3055 16.33092108685084
3056 15.998131421840823
3057 15.528672010456656
3058 16.302480532947854
3059 16.269276161857434
3060 18.174694390626104
3061 16.99071940640865
3062 16.33217968846201
3063 18.03963430452991
3064 17.854006024046182
3065 17.93211929612847
3066 18.414172672245357
3067 18.259446730489824
3068 16.368319867974513
3069 15.84094763859606
3070 18.337416441142178
3071 16.949657712648836
3072 17.194567744975178
3073 18.04196811673936
3074 18.616250873910523
3075 18.814623185641636
3076 19.495544352342662
3077 20.589322482612452
3078 18.277219300911185
3079 19.189156158246337
3080 20.84868219323271
3081 17.643790218988308
3082 15.70196082759031
3083 15.328750663707712
3084 13.822279655976898
3085 15.996651212576975
3086 15.288492945069944
3087 17.97523651506971
3088 16.967917737021335
3089 16.787999119636698
3090 17.668808117081248
3091 17.383158258327217
3092 17.526906110294536
3093 17.60630876195938
3094 18.627489730923756
3095 17.30765407085432
3096 16.714496331234812
3097 15.459535354307718
3098 16.651587946597257
3099 15.928911643630817
3100 16.914477835367897
3101 18.209084236088223
3102 18.354436858005755
3103 17.27423819834005
3104 18.505358133796783
3105 15.242855571737927
3106 17.438426573937154
3107 17.207619535562134
3108 18.9922090775618
3109 19.725582171459656
3110 18.77253990373346
3111 16.5785601323181
3112 16.29417643158265
3113 16.091152286750674
3114 15.76668296394575
3115 16.142300688549557
3116 16.162636000909608
3117 16.559038210965507
3118 16.603724747425876
3119 15.771299788927694
3120 16.761476550009835
3121 17.48664467350089
3122 17.732562771662106
3123 16.082052247481904
3124 17.334704131450838
3125 17.02760680975517
3126 16.251518615188225
3127 15.843092925848234
3128 16.0376201420461
3129 16.422257898445377
3130 15.92751416482521
3131 16.113644774976414
3132 15.86283625079998
3133 16.407498848395498
3134 17.30096893058088
3135 16.073025472491857
3136 16.015305329985384
3137 16.148256849669842
3138 15.809244371730834
3139 16.60017837378201
3140 16.71786695358228
3141 18.435577074397653
3142 17.27422806671634
3143 16.137501893984098
3144 20.726347813423008
3145 20.2539190183498
3146 20.655471840878004
3147 19.53449242851607
3148 20.1209531686462
3149 20.661509048802923
3150 20.984803309179572
3151 17.685809920482637
3152 17.305880581403276
3153 18.926425651844557
3154 19.804015045446032
3155 19.381766708518523
3156 20.277976564517946
3157 21.581683219269838
3158 18.95290967181963
3159 17.402860528943425
3160 17.01390413659151
3161 16.31196527724862
3162 16.49198060059313
3163 16.756203711840577
3164 17.660284389787098
3165 17.010999062795406
3166 17.792081354967994
3167 16.728660952560208
3168 16.94966119928394
3169 16.68898742073217
3170 17.68503043942574
3171 18.080963933618772
3172 18.034529208900082
3173 15.874407526357606
3174 17.868635402683676
3175 18.004996068227094
3176 17.707912221030785
3177 16.731827699250207
3178 16.94124048021845
3179 18.14948831826035
3180 17.373783491269837
3181 17.609828375219898
3182 16.470990085368125
3183 15.774168032899533
3184 15.56316349433452
3185 18.54264155905553
3186 17.972328598643887
3187 17.03977741929022
3188 17.19418115723602
3189 17.592200431663983
3190 18.045833249495995
3191 17.9697628276059
3192 17.247918168031
3193 16.46710870783292
3194 14.88382706034019
3195 15.75405289118482
3196 16.28547544666922
3197 16.228971837985554
3198 16.857429586391884
3199 16.26039028464391
3200 16.761444389132606
3201 17.058522422281403
3202 16.03263180189728
3203 16.695146973071456
3204 16.963341520663135
3205 18.71106880907099
3206 19.32339720414271
3207 18.815053493598
3208 19.632808300318437
3209 19.363622882946423
3210 18.299578989744354
3211 19.397926824403175
3212 17.87634586134393
3213 21.75415804738963
3214 20.534333602612342
3215 21.525501057960895
3216 21.668348773669095
3217 21.399508090419875
3218 16.785949481546105
3219 15.925397338893243
3220 18.587811413125188
3221 17.830977111463742
3222 18.09553610858081
3223 18.97678470586878
3224 18.482846730180942
3225 18.21933410910446
3226 18.88197622616544
3227 18.947570144922974
3228 19.298443499799063
3229 20.74919996843907
3230 20.203062612212424
3231 18.778257156120908
3232 20.010884211010154
3233 17.55590948284809
3234 17.581609573198236
3235 17.671285465807852
3236 21.736643261444776
3237 18.242913690128276
3238 15.452878769953553
3239 14.614862616381725
3240 19.673359359333016
3241 20.63307462634852
3242 21.67360666255072
3243 22.53077811315123
3244 21.282333949889598
3245 18.575973324030336
3246 19.654887634981723
3247 21.77813087128743
3248 18.92695234371857
3249 21.968581666305425
3250 19.433096817771656
3251 17.87262127300715
3252 19.61110351624647
3253 16.887332062266065
3254 20.008978920944575
3255 20.054855458309753
3256 17.063174286449517
3257 20.282537137752247
3258 20.081118115759885
3259 16.849330500493977
3260 15.714443605476019
3261 17.239035988918438
3262 16.7320407949776
3263 17.193465074437842
3264 17.044246098080876
3265 15.911821392395925
3266 16.37180279051136
3267 16.25813599247364
3268 16.852457084883437
3269 16.28447771902391
3270 17.35110933900946
3271 17.00097354031245
3272 16.389337119384628
3273 16.710673237908697
3274 17.532716415858747
3275 17.330326133781284
3276 17.965758735865684
3277 16.540789562140862
3278 15.909547146599808
3279 16.568171189292038
3280 16.199120012849722
3281 16.514409943867584
3282 15.907611652987017
3283 16.057014050271576
3284 17.219748614314867
3285 18.68613687684031
3286 18.24000791122876
3287 18.915505705168663
3288 18.809622625395246
3289 17.340595912443444
3290 14.900587960438973
3291 15.774294365192311
3292 15.244114970753648
3293 16.58585842773535
3294 16.99352159270175
3295 16.07009655907441
3296 15.965751818055969
3297 15.391515044114854
3298 15.55462317907769
3299 16.038116932165245
3300 17.153426498704523
3301 17.40468596256505
3302 15.70784786156713
3303 15.89853911957187
3304 16.59879765258209
3305 17.643817268657504
3306 17.46999715109658
3307 18.845838350072892
3308 17.746434549717456
3309 16.981794757596177
3310 17.59877823499132
3311 16.506901677780107
3312 20.37231407325137
3313 18.762629551775806
3314 17.473898621919105
3315 16.772286844849255
3316 16.104209464614268
3317 17.432938707971502
3318 17.515621622017093
3319 15.950410436069443
3320 16.407561661574526
3321 16.67230263947362
3322 16.557201694927922
3323 16.418766005101126
3324 16.534054029993207
3325 16.90453778244007
3326 16.853761767654696
3327 17.405928942299866
3328 16.878886520534213
3329 15.405994826415096
3330 16.298657927231968
3331 16.180813985659107
3332 16.870416349059493
3333 16.290485484720726
3334 15.859439009405747
3335 15.753448120315333
3336 15.566470912765261
3337 16.25498862053773
3338 15.228634343577735
3339 16.28096566525356
3340 15.969674570475238
3341 16.163647506397815
3342 17.182089769408456
3343 16.2294503072478
3344 16.07005783773324
3345 15.616442170011902
3346 15.096768487706855
3347 16.11445378660188
3348 15.792256078752342
3349 15.546793917033114
3350 15.837365908903893
3351 15.600786506592181
3352 15.481238302339069
3353 16.205438755102758
3354 16.06261512263035
3355 16.616482588923734
3356 16.398639201768393
3357 16.02167692587267
3358 16.07468954718586
3359 16.81773462133352
3360 16.273134243530272
3361 15.931560315803626
3362 14.632381858486045
3363 15.444880008649509
3364 15.71345646088498
3365 15.320228153253227
3366 15.308160113976816
3367 16.49894276934498
3368 16.143142706117708
3369 16.188661718357164
3370 16.20362086410722
3371 17.503013738648924
3372 17.57604098496965
3373 17.225454603777322
3374 16.260919409702275
3375 17.832812062590087
3376 16.769245764482392
3377 17.450800148618786
3378 18.024802391291995
3379 17.86774157960601
3380 17.815335959524983
3381 18.721048337487993
3382 18.59988572288966
3383 18.0732385429773
3384 19.138048390670924
3385 17.924424457331213
3386 18.11185577198945
3387 17.822156991022098
3388 17.636154668618236
3389 17.791308520240406
3390 17.039736225702214
3391 18.19715075556539
3392 17.635607148749518
3393 19.24899944025809
3394 16.645803821850823
3395 18.528436098347203
3396 18.15703923318017
3397 17.814650455616615
3398 16.546176312877215
3399 16.411122701809408
3400 16.619693557358076
3401 16.17906788275995
3402 17.503857017408667
3403 16.60502862424185
3404 18.024266789735186
3405 16.663906170795602
3406 15.726188211401526
3407 15.924827780471235
3408 16.389202161902762
3409 15.758004723609346
3410 15.799048365268984
3411 15.900080843018488
3412 16.656855244075775
3413 16.860408117898626
3414 16.799776574422413
3415 16.158285048199286
3416 15.927584188823431
3417 17.780960834919817
3418 16.90364121417743
3419 16.161354424920308
3420 14.692693316292003
3421 15.20262765227492
3422 15.799426372308785
3423 16.127292062640837
3424 17.610483542179722
3425 16.884639632990222
3426 15.995299157568084
3427 15.875786830938598
3428 15.933510580513909
3429 16.42536981574646
3430 16.361792979400384
3431 17.225266040096585
3432 16.06924310161026
3433 16.20909255437103
3434 16.68225682060235
3435 16.24247715337392
3436 16.06364730653722
3437 14.8193723121983
3438 16.582886060538613
3439 16.11850454526613
3440 16.207799828692572
3441 17.482581769899628
3442 16.27487799936261
3443 15.89062577692997
3444 16.219982011741635
3445 15.774977811820634
3446 16.95767784618203
3447 17.22485771964561
3448 15.213064568331196
3449 14.96601316959252
3450 16.231853086134624
3451 15.68605602082301
3452 15.672200068729042
3453 15.301232779711238
3454 15.813213210308843
3455 15.044689120946613
3456 15.641807009807808
3457 13.149645481683168
3458 13.651620426564678
3459 15.966738300353208
3460 15.000547324407243
3461 16.75763644985209
3462 16.63746633112395
3463 15.482817890362842
3464 17.534370404795787
3465 17.04100667021784
3466 17.03965293718894
3467 16.012706179533215
3468 17.041310838330713
3469 18.5726461637126
3470 15.821524567094372
3471 15.622289852173175
3472 15.755221080240606
3473 15.557873161116119
3474 15.929287428357862
3475 16.434338093362783
3476 16.33202437230051
3477 15.541594683055514
3478 16.64245014854271
3479 13.59431317047016
3480 16.793341477440375
3481 17.516025015732477
3482 18.686109923281222
3483 16.739707337696903
3484 15.373309929185947
3485 17.90583119295112
3486 15.895879457477957
3487 13.314628976086382
3488 15.062927569062714
3489 17.67418324302908
3490 16.63784221909614
3491 14.650797057620922
3492 14.051138538972141
3493 13.941861125665948
3494 14.564783555798535
3495 13.979225476248864
3496 17.56280903413515
3497 16.266817312800683
3498 16.213551794754718
3499 18.471982989183658
3500 17.120822568723614
3501 18.182957601989916
3502 15.944705934537375
3503 17.167447896545102
3504 19.154057510040918
3505 15.781858172456923
3506 14.387007306982598
3507 17.314209395449872
3508 14.837137557914566
3509 15.129458965405455
3510 15.794163733819152
3511 13.7752002268679
3512 15.317489477585516
3513 16.45541548578953
3514 15.364812855152863
3515 15.941085163929852
3516 17.307246994071612
3517 16.88384970933842
3518 15.87276624212661
3519 15.255396427792009
3520 15.070903452808226
3521 16.295128842196828
3522 17.134665424119078
3523 16.587182041321476
3524 17.701134214368878
3525 17.571077191114817
3526 17.389352283670526
3527 16.911087131854337
3528 17.40489399181725
3529 17.469419785000373
3530 17.620587094389304
3531 17.087072703914984
3532 16.77093778660056
3533 17.542581422990025
3534 17.348056127175123
3535 16.919771169824667
3536 16.05140038172956
3537 16.18614457032304
3538 16.548275427592273
3539 16.99227313987354
3540 16.66426872226323
3541 16.355540161451263
3542 16.427498331220242
3543 17.4373926460496
3544 16.531561656924268
3545 16.895313341455033
3546 16.348198950868145
3547 16.324448516412367
3548 16.985192396160965
3549 17.435832097005346
3550 17.91150142789702
3551 17.163957028438027
3552 17.891583212348237
3553 17.317340238883112
3554 16.56910444198147
3555 16.671939421701225
3556 16.549673192514213
3557 15.7890567058601
3558 15.615549641714235
3559 16.381318900887834
3560 16.197248595806848
3561 15.434878771485327
3562 17.317826996972435
3563 16.96981546485009
3564 16.77289717814256
3565 16.78480618912442
3566 16.3181309873313
3567 16.01470800195107
3568 16.810673345712157
3569 16.477309580048743
3570 15.36958158709361
3571 16.283030188628167
3572 17.796840779041585
3573 18.077215687763953
3574 17.967292835577595
3575 16.626055235820132
3576 15.86293348302611
3577 16.164849973079843
3578 16.610520544561492
3579 17.119124258272876
3580 17.39541566203668
3581 15.944369809033239
3582 15.636653636592035
3583 14.794109410658523
3584 14.805214103793078
3585 14.759588865277568
3586 15.899120840131955
3587 16.188076778268204
3588 16.035285897108718
3589 15.266104539434219
3590 15.168237327863537
3591 16.515300205516045
3592 15.686656772423502
3593 15.412367273557509
3594 15.075913778318037
3595 15.51532227959143
3596 15.71986377642984
3597 14.801889362777873
3598 17.18876655205592
3599 15.191070701981406
3600 15.842807588299516
3601 16.24571201604123
3602 16.09562392259155
3603 15.433163281775327
3604 15.255215044638462
3605 15.57349615659181
3606 14.865123402598329
3607 15.470508438760826
3608 15.116828883226693
3609 15.531652193434027
3610 16.670720977849076
3611 15.243464521364121
3612 14.078929402657254
3613 14.091182848500733
3614 15.49248072186364
3615 15.283663649015253
3616 15.234750818183267
3617 16.124447884693787
3618 15.357771158237481
3619 15.633711040324673
3620 16.29085373305904
3621 15.88119479414834
3622 16.31351803492069
3623 15.902630172459146
3624 15.970512737053449
3625 16.27655468047081
3626 14.942989355061647
3627 16.13762655351378
3628 16.974224185480427
3629 15.419213199704497
3630 15.849488649708011
3631 16.052550315382344
3632 17.201252717731137
3633 16.37573173567779
3634 15.421735106147004
3635 15.409733958934364
3636 16.131081669790273
3637 15.664749167414996
3638 15.910624841377086
3639 15.480495837055571
3640 16.685000543135043
3641 15.938900755792016
3642 16.283584160168687
3643 16.196567137771734
3644 17.56689417980054
3645 16.399013445232928
3646 16.933998339631
3647 15.634717753871373
3648 15.70564155033479
3649 16.074278834420937
3650 14.463208918681932
3651 14.705734123576992
3652 14.63694007392971
3653 14.826818194877255
3654 15.213532769008044
3655 16.48552784619468
3656 16.14478658129606
3657 17.111542644598778
3658 15.681139366930946
3659 18.23069611133347
3660 16.495983470959622
3661 15.585864204677547
3662 16.596711049590105
3663 16.696922446014142
3664 17.067720294457963
3665 15.39574588408012
3666 15.478806373896191
3667 15.442705983832559
3668 16.04590965310386
3669 17.447582847572615
3670 16.537982243597813
3671 16.948038541209023
3672 16.93314192538109
3673 18.117136436363477
3674 15.912618447126727
3675 14.952052583468028
3676 17.836856356031937
3677 15.185392780369236
3678 15.847691232709012
3679 16.01723727355498
3680 15.915260678912086
3681 17.039613111877266
3682 15.268590272735732
3683 15.772148638055258
3684 17.573020954993858
3685 16.175848427551763
3686 15.751788991319096
3687 17.074282990043017
3688 17.532428525101892
3689 16.583658300899756
3690 16.541986163078807
3691 17.66368940867146
3692 17.15645203429431
3693 16.978577784320336
3694 17.278209365239878
3695 17.627930247114087
3696 15.891932477559282
3697 16.624524370731315
3698 16.112361779171284
3699 17.52973741695082
3700 17.172747796816736
3701 17.528072374451007
3702 17.588962079992893
3703 18.744767972661446
3704 16.485695481351925
3705 16.412608997364572
3706 16.915058859224338
3707 16.89121731050024
3708 17.106205648591818
3709 17.69851741478207
3710 16.88754543296039
3711 16.764672194366614
3712 16.8093340889916
3713 16.01210392649025
3714 17.087322442630324
3715 16.81635543582823
3716 15.978824822733339
3717 17.12050784561246
3718 16.569967022659206
3719 15.222691462046043
3720 16.760465525535256
3721 15.44581439192262
3722 15.500402789243742
3723 16.621053598476745
3724 16.001248392803408
3725 18.161804427898687
3726 16.180764495749
3727 16.08611537368742
3728 15.803242660427681
3729 16.2835646298303
3730 15.449580420713858
3731 16.558764030664516
3732 14.527346041074889
3733 15.652125989427123
3734 14.678471485566767
3735 15.493239029575003
3736 14.756180212636485
3737 14.910512038969955
3738 14.560159701949807
3739 13.25325164902955
3740 14.50867441149376
3741 15.01337965452365
3742 15.421017517383925
3743 16.277785861001952
3744 17.43319453683348
3745 16.832354989618945
3746 16.986163475206666
3747 16.506917500991896
3748 17.99254950824685
3749 17.18546760639925
3750 17.594077663416343
3751 16.785294366233252
3752 16.693509420397593
3753 15.860954323014454
3754 16.954429311684866
3755 16.947520687295743
3756 16.396991703457758
3757 16.71027552671475
3758 17.496925239351672
3759 18.411729659554315
3760 17.786140470794003
3761 17.233004646477873
3762 16.621720919701943
3763 17.985270949257448
3764 16.643880081889805
3765 16.515518449206276
3766 16.24928044028454
3767 16.635422207216536
3768 16.6339197228275
3769 15.489980326098966
3770 16.43865401412892
3771 15.720111202109619
3772 15.936982529752655
3773 16.66783274951181
3774 14.711884296249062
3775 15.778050525864446
3776 16.270068984305283
3777 16.10164981070652
3778 15.827710136257071
3779 16.7218293751168
3780 17.367617336991845
3781 18.25005558250047
3782 17.62687777537794
3783 18.58430482251523
3784 17.302496048721295
3785 15.885947903120632
3786 16.367908006498276
3787 16.875064537367965
3788 15.621834382743113
3789 16.001381334997088
3790 15.579667844353883
3791 15.558595760596004
3792 18.928659725311277
3793 15.57942347350041
3794 16.382666397963305
3795 16.127190583514967
3796 16.174223394178664
3797 15.904128788701053
3798 17.49687072957
3799 15.668696872691472
3800 13.859849267997216
3801 15.60616389673439
3802 15.290847332063315
3803 16.274187816227673
3804 15.108660445808479
3805 16.383967703697376
3806 13.508843434695601
3807 15.238289004820533
3808 15.437919091841565
3809 16.150918061845097
3810 16.320634735098825
3811 15.923113547996808
3812 15.279578828999616
3813 15.188960519449843
3814 14.390056715503222
3815 14.738441277213491
3816 15.071576259321988
3817 14.0682450967404
3818 14.219456729733404
3819 14.72977635666626
3820 14.535600723120083
3821 14.949627885763807
3822 14.112352519804029
3823 13.31858353561093
3824 15.388805744916077
3825 14.83702220849058
3826 15.393593407627568
3827 16.709924301442808
3828 15.325127321097673
3829 16.256874107996957
3830 15.309075462985648
3831 15.48540058488779
3832 15.480638818105362
3833 15.362196103897704
3834 15.6667620135325
3835 15.619579904649003
3836 14.962262943592542
3837 15.534432734951801
3838 15.774928531106065
3839 16.60696944428012
3840 16.34835459787359
3841 16.35751558033059
3842 16.137349083229864
3843 16.716448584572962
3844 17.391964898125096
3845 16.031589454291602
3846 17.237477498683248
3847 16.208076678198097
3848 15.83179282055588
3849 14.682270285279648
3850 14.266044667979106
3851 16.80532071144465
3852 16.649929474233495
3853 16.2391483948972
3854 15.30834920743077
3855 17.485085002201714
3856 16.328138945124987
3857 16.797617048290494
3858 17.00098871690438
3859 16.328054521332504
3860 15.68107558775183
3861 15.565433552579707
3862 16.298111202496706
3863 16.905519464296642
3864 16.24167969140332
3865 16.332031940017572
3866 16.262181561366706
3867 15.955279156171569
3868 15.51711486687765
3869 16.294031206700378
3870 16.35335687083343
3871 16.172126876671403
3872 15.354488967449996
3873 14.785058268749312
3874 15.75739726422201
3875 15.780590954440152
3876 16.392905447889678
3877 16.56209997430394
3878 17.25052982461203
3879 15.999837317784706
3880 16.73118533051829
3881 17.36166607496059
3882 17.371883121506297
3883 15.349889776276811
3884 16.375759994181134
3885 14.588985907890736
3886 16.637294055929196
3887 16.687544737384187
3888 15.779336044161866
3889 15.838211296506659
3890 15.826163762552357
3891 15.44177965195711
3892 14.444415794491054
3893 15.866902660463643
3894 15.951156641671293
3895 16.255750471033853
3896 16.135239974382923
3897 16.58915226679786
3898 16.075202594057902
3899 15.76303828831348
3900 15.974570558612152
3901 16.044199343043292
3902 16.223985753126826
3903 15.646861105286753
3904 16.19710471387995
3905 16.083218741455386
3906 16.76973372055293
3907 16.025146794401966
3908 15.676483970913452
3909 15.14568221965572
3910 15.624894061169009
3911 15.172278958098559
3912 15.119477382590173
3913 14.628070121091094
3914 17.001429816671834
3915 16.255294837496642
3916 16.879222832547992
3917 16.239840138123142
3918 16.598414799433915
3919 17.071118408421295
3920 17.029113340834975
3921 16.352591741062493
3922 15.598150060957288
3923 16.341492341435693
3924 15.36413594630652
3925 15.395467695051003
3926 15.563959348786543
3927 16.10837611969156
3928 16.055021684050523
3929 15.979275897813341
3930 16.85856480391898
3931 14.643855759087058
3932 16.1542005182324
3933 16.782052983401048
3934 17.166292948915103
3935 15.591065122230313
3936 17.242727628658752
3937 15.64071573678379
3938 16.05110709463504
3939 15.978243903778806
3940 15.689131547611712
3941 15.984629657312295
3942 15.728461978752465
3943 16.203924334736737
3944 15.968384821269034
3945 15.136789887234206
3946 16.651654229912587
3947 14.827809857467141
3948 16.712563227329255
3949 16.085381441773553
3950 16.701891739837237
3951 16.344798170953204
3952 16.46916436739798
3953 15.990840350001552
3954 15.675957474520088
3955 17.778894785123224
3956 16.058115856103836
3957 17.350426914910308
3958 17.57958723536327
3959 18.74498276663711
3960 16.253087169382013
3961 15.592651720706245
3962 15.781641137248958
3963 16.15403545441289
3964 16.01656577877147
3965 17.081980713342414
3966 16.393292969827147
3967 16.446488724175715
3968 15.967666028238321
3969 16.706648277667565
3970 16.052371741488905
3971 16.46032713369315
3972 16.320454215667393
3973 16.252929047732245
3974 16.758774798730535
3975 16.081977185872233
3976 16.40023742132029
3977 15.677012487858368
3978 16.692343369729187
3979 16.47022151462359
3980 16.728248329558138
3981 16.55874972742502
3982 18.223353800749216
3983 17.591160304680333
3984 17.356738495878247
3985 16.6589383739846
3986 17.9064180102301
3987 16.002496240634176
3988 16.019095971155654
3989 18.227734228590798
3990 16.924965560540514
3991 16.310624316893172
3992 17.63330392891113
3993 14.599637831599194
3994 16.531015004164324
3995 16.44801183244833
3996 16.796670478179756
3997 16.929571628098813
3998 17.456822122160062
3999 15.45033430568688
4000 15.638868234182718
4001 28.115085946579615
