0 40.41693970872893
1 45.041645655609955
2 45.81675887151621
3 47.44237174039901
4 47.32753222022334
5 46.205032152458614
6 46.82194377889239
7 45.92166329255786
8 46.29454984319868
9 42.31834170986555
10 38.91123843631793
11 34.84736092017945
12 37.8407858225017
13 33.7427937317126
14 35.82846866070541
15 31.474860189478523
16 34.35080635061703
17 35.75860608552527
18 35.75070968491293
19 31.112325402572996
20 30.281275621804664
21 32.80323094993082
22 31.161119372618707
23 29.441886092778564
24 30.497697346350122
25 31.80287581759287
26 33.42830586966853
27 34.68364487942712
28 31.879446981892215
29 25.080966237451428
30 26.406244481066988
31 27.38034464235395
32 30.005285746404997
33 28.884477599341935
34 27.51496344304499
35 31.17445682385967
36 30.804639751926633
37 30.80433193449004
38 31.427598362971047
39 29.62938925446794
40 30.426753919741053
41 28.272563292426153
42 27.071419675343176
43 25.0310665178649
44 26.782728155627638
45 27.529360929250718
46 23.541896900863925
47 20.431650367360056
48 21.38942876869118
49 20.99168109284679
50 21.747666969804317
51 21.32644183155036
52 18.72598688069113
53 22.5098046261885
54 18.916856955751793
55 22.93615705007796
56 24.260236389569247
57 20.811792478964147
58 17.20314388481293
59 22.656098788726734
60 20.1720193670784
61 19.18445385483559
62 23.707148525710693
63 25.449698993963896
64 25.51455120082935
65 23.40931866263369
66 21.94173766419301
67 20.461114318240025
68 22.157239453312883
69 21.737369120507505
70 21.515037232726026
71 20.885913487158014
72 19.509282389494736
73 21.982676436915543
74 23.78791095934075
75 23.999338581190678
76 22.185339670975498
77 22.798432372394632
78 25.809143735686888
79 21.178131741552132
80 21.524876377686372
81 22.525068643988693
82 26.017212861934425
83 24.060543838723103
84 24.358103266444505
85 23.82060804108419
86 23.95373659741076
87 21.220590574189234
88 20.46289028668554
89 19.953855796590727
90 21.34618346607435
91 20.435753747038742
92 19.321515440494363
93 22.507810900654654
94 20.135008983056103
95 22.2429530350594
96 21.589565949346913
97 21.618335774230996
98 22.540785193522087
99 25.20355325352864
100 27.10025051201045
101 25.445412787465216
102 23.391482686466272
103 22.85114636536878
104 22.222766882876623
105 25.111066687932713
106 24.025811270077288
107 21.27739018376768
108 22.110419859782162
109 22.04630858204462
110 21.797566627448397
111 22.19278310506447
112 24.51980832082668
113 20.0008327323754
114 20.393000417118156
115 25.97591596026403
116 22.808269039438073
117 27.574591735114538
118 23.45477306919054
119 25.317102820897894
120 26.926767947711852
121 27.515305520548587
122 23.744245607879833
123 26.522001438048758
124 25.174924658957416
125 24.298636555039
126 23.167918207279474
127 21.535680945308282
128 19.64032356788213
129 21.277530085485907
130 23.0586114729078
131 22.418611897997522
132 21.787643055571944
133 22.223577208077916
134 21.032509892657075
135 19.335067928995414
136 21.82578809918531
137 20.352138151124084
138 18.642854191578568
139 19.977858445617816
140 21.58472966540718
141 25.912645756548592
142 26.906761373115703
143 24.284041965744894
144 24.53117094505475
145 25.058187651193755
146 21.774409853343254
147 25.620100871119185
148 25.931359566070693
149 28.616495916821354
150 26.608502986392246
151 27.387683125248532
152 26.96091457256238
153 25.773359140849855
154 27.094180825425806
155 24.83619687419889
156 25.706271928306833
157 26.840942273889763
158 25.758311963602292
159 25.07224945913889
160 26.379935450760787
161 24.608041077998053
162 26.559028751126146
163 24.791793031805863
164 26.599525761155917
165 26.590639131748933
166 21.508709475912156
167 24.815519060575276
168 24.025831534930653
169 24.95625110551187
170 25.339825347323696
171 27.69446469890459
172 29.663401710176863
173 26.726820638392365
174 25.661997521269132
175 26.90670118071079
176 23.600694151871938
177 28.17495707941722
178 23.61495670761354
179 25.83473315468046
180 24.474085052689528
181 25.151631885348436
182 27.34994674872848
183 25.76814413023492
184 28.497979381904287
185 27.83346531768743
186 27.252646267636216
187 29.61399897833652
188 26.01652250017932
189 27.91548494519528
190 26.920288682159622
191 26.202055597955496
192 26.439625149694557
193 26.67213629383554
194 28.425039297463364
195 26.324605316769464
196 29.418091990659185
197 29.180163739734876
198 27.850229045453727
199 29.47296801219689
200 28.562189641516063
201 29.15468766925999
202 30.134138972436922
203 31.60218009782601
204 28.218859055406387
205 29.00304975121638
206 29.435063797688223
207 26.955171371026736
208 28.124820154184658
209 28.165174152954073
210 27.05521583588076
211 26.383731869948004
212 25.518041822803905
213 27.708218403884118
214 26.776483826115367
215 25.79717919754449
216 26.090172685145557
217 26.920447290340796
218 26.57372066079064
219 25.584833776289532
220 27.754408393482656
221 28.135141789210333
222 28.620814642359022
223 29.457695876359868
224 28.602793096060893
225 29.376507492823567
226 29.052342450324563
227 27.990131596334034
228 28.348739720019015
229 27.825199416442555
230 27.415668418539187
231 29.803984026475472
232 29.028469651187894
233 27.750398905510977
234 25.65875640915217
235 25.82055602987196
236 25.615737687225636
237 25.804063482795343
238 27.48867274652576
239 26.501078584624764
240 28.045611815166417
241 26.509430850613544
242 25.639610536924128
243 24.54021021043387
244 26.044204424994835
245 27.69373881021923
246 27.51924555451312
247 26.909423868398598
248 27.68345246746192
249 28.848947260539568
250 26.46682575730865
251 27.471349228788252
252 25.420960891235794
253 27.63928716687209
254 27.64261987147334
255 24.88203407985135
256 26.06451118021137
257 27.122601411053523
258 27.600488712547225
259 27.599641274817174
260 28.714409547023454
261 29.013863085505616
262 26.64731591787206
263 26.873125498820002
264 26.297606356374512
265 27.019365076136527
266 26.08511734722491
267 26.658905373614186
268 28.871054451333226
269 29.352357051064978
270 28.00015445557713
271 27.91574605733071
272 29.87003801747694
273 26.366028533327288
274 26.62114338844962
275 27.68315684811638
276 29.06901803488263
277 27.14227178323961
278 26.746360035974508
279 26.576297539260736
280 25.915297157551016
281 27.25081819612824
282 26.81484308336721
283 25.685616703126815
284 23.090675560447572
285 26.80058805834012
286 24.42492026921561
287 26.47349610212936
288 26.181374511481067
289 25.133152333378824
290 21.806502858073134
291 25.791005008636464
292 23.444058762734738
293 26.72697977453475
294 24.907801788014083
295 25.146822918595603
296 25.376291584867737
297 26.979368409839278
298 25.364606841244186
299 25.31958183404292
300 28.063817917195266
301 25.802512682431125
302 26.750969723619818
303 26.45249574686624
304 23.854857581825883
305 25.476513860675084
306 24.029757473755588
307 26.417073925370598
308 23.104484702074704
309 23.271905752193017
310 24.239083559446765
311 28.07057711924978
312 24.487556360715274
313 25.324072623412395
314 26.075516590710873
315 25.84548792913732
316 27.600456739240773
317 27.241484021503553
318 27.210165567900514
319 28.425217112817066
320 29.981958943497006
321 26.774925031284813
322 25.357669599332997
323 23.98623837074739
324 28.007817934482055
325 27.658324304163106
326 24.0968641222053
327 27.733007699904224
328 26.061758450240664
329 23.76776365876275
330 26.05931956148737
331 26.802429515404565
332 25.999537509503963
333 23.120089756155433
334 20.499958293520084
335 23.85017381751332
336 21.465784942400536
337 23.943477001301964
338 25.451511663033727
339 22.08842284654995
340 25.657378296157262
341 21.90891009751773
342 23.54861504154918
343 26.546798736223266
344 24.111510841881824
345 25.966761019332964
346 23.9900690673879
347 23.022131913111746
348 20.359266539629843
349 23.984501313128312
350 23.825866787653613
351 24.637756207595487
352 25.7616113565098
353 24.712444983892528
354 23.21905343037965
355 25.62083236521492
356 25.283621964231795
357 27.167215494084676
358 27.28148927178146
359 22.540641665934434
360 24.51619510234342
361 25.38362726863556
362 25.682166610183685
363 26.35716749176789
364 24.83821761989796
365 25.284049279306476
366 26.561437075701317
367 23.97747542460366
368 27.407285091104818
369 24.072571282164258
370 26.59169722223041
371 26.942116420989578
372 19.36117832590196
373 19.13205417386305
374 18.935177475285784
375 24.044933626430065
376 20.33418783385201
377 22.68820300979546
378 22.462266958855423
379 25.88990848429532
380 25.397124813543396
381 25.938036889210515
382 27.2373795537312
383 27.899418464372054
384 29.648243601093398
385 27.77699088050323
386 27.27149273129122
387 27.111189972679707
388 26.832875490627
389 26.478011225902865
390 28.106161013343872
391 25.97652776651311
392 25.8611327997562
393 26.289852339547863
394 28.158433970152807
395 27.884424580888037
396 27.77990399159711
397 26.092832560915678
398 25.240468432045258
399 27.61329704245781
400 27.221003058129256
401 26.10302615714519
402 26.091249437984622
403 25.09957344027154
404 26.029022681333203
405 27.65891382485911
406 27.97626196611699
407 28.207069053779268
408 26.888919057575045
409 24.713580882738423
410 24.960004396407864
411 22.835673495443487
412 23.169074643114083
413 27.171973239932722
414 25.472832388350113
415 24.877376670038277
416 25.368153407790636
417 25.524924949065195
418 26.150208837957663
419 26.28626871159797
420 28.28025994177355
421 28.016475446126968
422 29.03593609249124
423 26.752333148949383
424 27.0628863328122
425 29.881916274040517
426 30.774524542351944
427 26.678965652582896
428 29.064356507929233
429 29.004462733035037
430 24.485380632973463
431 22.023344116975178
432 22.501339726824472
433 26.884413726045764
434 27.917385425894775
435 22.455626440626627
436 26.524753661255005
437 28.550454064788926
438 27.79594944015309
439 26.40531179303791
440 22.900600640862105
441 24.177918414689472
442 24.830803704592302
443 26.73309400925661
444 24.60770853996303
445 25.103166726224952
446 25.08712063507994
447 26.0938936826205
448 24.333325737974214
449 24.549488310414567
450 23.843616387093753
451 26.61568239345231
452 29.680416438071045
453 25.67248708656551
454 27.446717172791963
455 26.941233411646323
456 26.21555936453546
457 27.209277646433478
458 28.9442943060643
459 27.784098221770456
460 26.33206042916866
461 25.60082346253436
462 26.107587361805702
463 26.148989919729182
464 26.941540093016805
465 24.293076884796825
466 25.71831737964948
467 25.146814243710853
468 24.70501121800442
469 24.410789742827966
470 23.576389821643847
471 24.522938907977718
472 28.466999489364422
473 26.731410652297388
474 25.84664066703435
475 26.728814273827606
476 25.465172757338866
477 26.35492020567666
478 27.773011068060786
479 22.891480886703548
480 23.79095139168263
481 24.444565294677094
482 26.319566833619618
483 26.251959739206775
484 24.81215476987246
485 26.13292316318918
486 28.00901625159111
487 26.134879622852846
488 27.275998500992323
489 26.91576217051279
490 27.314432463682447
491 28.072006685334497
492 23.70401180664148
493 25.321369741853403
494 26.001455538105947
495 28.17654088505239
496 27.282277295771802
497 30.002136858076533
498 28.649080377463427
499 26.08677262656455
500 27.559135478874076
501 24.076847722373262
502 25.315831700917947
503 25.046515739576474
504 27.80799153334091
505 27.206795348381007
506 25.395351166570723
507 24.361839140383992
508 24.141724083622332
509 24.245872940583492
510 22.467374769528327
511 23.91570835813527
512 22.407689306075
513 23.33093485843362
514 23.22052421293795
515 26.212494371668285
516 29.03270175260491
517 27.932900901764803
518 28.945984652654847
519 27.82423479273891
520 25.94192528526181
521 24.683968075577194
522 25.426055059547767
523 24.633613361026462
524 26.59546678575605
525 26.784012789226445
526 27.354288863302852
527 24.11124300233156
528 24.515492767417406
529 21.464735435457442
530 23.32925304709966
531 22.900268372213706
532 21.47632162679131
533 20.363936201226043
534 22.544473639881087
535 23.854071820283174
536 22.63017729689505
537 23.141656736844364
538 22.585443696770724
539 23.186869107036134
540 23.042354890198524
541 22.455970550743885
542 22.383231250651434
543 21.022293418607028
544 23.371378331736285
545 22.53697300411517
546 21.247346347586614
547 21.49333681780225
548 21.172348177513403
549 21.677115016964322
550 22.062186132828668
551 21.596325121476262
552 22.236539078827747
553 20.60887798574058
554 20.162945228878094
555 20.337270184608567
556 22.315919320540537
557 21.65771766437955
558 21.686461615091574
559 19.898102174982537
560 20.60967720449261
561 22.436356333334988
562 23.198174375230714
563 23.404052199103983
564 21.64172565638184
565 22.284444140067702
566 22.422302735740725
567 21.15151050687678
568 21.683917457878444
569 20.84802307050978
570 23.082124512737277
571 22.85923153123856
572 22.619864909398157
573 22.180360057030676
574 21.839881435569502
575 21.43908405867032
576 21.044934374707086
577 21.482173773953832
578 20.88704721274404
579 20.063311289133683
580 20.565393460342957
581 20.002012518297967
582 18.859285960108263
583 21.705804311687455
584 20.945772657534597
585 21.487722265455602
586 21.71226284623836
587 22.650084316651288
588 21.491518945138928
589 19.091974194270996
590 18.944723132668244
591 19.479644161909377
592 18.76832234286736
593 17.51594170541568
594 17.499614995547876
595 17.93197241066223
596 18.059381098233903
597 22.930365328637563
598 22.729545033438086
599 23.054840110933053
600 22.206492880595928
601 22.552393054258523
602 20.548257102882623
603 19.33211613924115
604 17.904698556207805
605 17.32988685364198
606 16.08593335024952
607 16.653524010750324
608 17.428993245966627
609 18.671364040186358
610 19.837331103043645
611 19.63795993410718
612 20.858315102915093
613 21.724765692427958
614 20.786236430896214
615 21.373770946339707
616 21.33041423754873
617 21.460625363114683
618 21.71850289041504
619 21.454978665137123
620 21.476091673134373
621 19.950005507313488
622 19.289933942738852
623 20.096763983911924
624 19.983088674726975
625 21.331311290155202
626 22.35211298925212
627 21.579469198040353
628 21.00307452120501
629 22.221426730975704
630 22.20972606177508
631 21.889807503813966
632 21.58801578169329
633 21.98320050636177
634 21.311373575553176
635 21.8776990352215
636 21.591493180601155
637 20.693062156608093
638 23.795600609684083
639 23.25264679635519
640 23.224350506691504
641 23.287167734295572
642 22.198157029300138
643 22.86635448293717
644 22.59453792497296
645 21.20067726363426
646 21.204891985920003
647 22.3181322844266
648 21.471073098947212
649 20.551547592735
650 22.51760991790198
651 21.88673880677027
652 23.551350652432795
653 22.82376781434417
654 22.266686038726643
655 22.537118677824715
656 22.621233138481678
657 22.31121427770146
658 22.326820705110904
659 21.14955411285074
660 22.12595080496007
661 20.97791517395843
662 21.721293381914144
663 18.160933295901945
664 18.700671504402774
665 20.13875940716613
666 20.40001729755122
667 21.238511780580065
668 20.949880208804935
669 20.79444146285205
670 21.385575300839847
671 22.102814126995188
672 22.755498771055503
673 22.41696163439403
674 22.17427477178707
675 22.113509514864223
676 22.729263069099744
677 21.813914594139103
678 21.53772835497269
679 21.323279041751938
680 21.166174687178184
681 20.72616529853836
682 21.571409951235882
683 21.754690836151777
684 21.219444132399907
685 19.861814929746608
686 21.933376666821754
687 22.240538793871
688 23.160465250267876
689 21.987301785337674
690 21.92814923604967
691 21.932518267615198
692 22.952051555947314
693 23.665949520904533
694 22.365417612682126
695 23.463058652979367
696 21.965501384123012
697 21.69990840382843
698 22.891304343422135
699 23.123452084557528
700 22.026832343170586
701 22.202396891032286
702 23.33882597388822
703 23.942826553958774
704 23.902942417610085
705 22.82747677387551
706 21.609097835945533
707 21.955078881578906
708 19.51404452221831
709 22.334717541428105
710 20.43609737025142
711 21.136331220098665
712 22.314974999301302
713 22.623726229056082
714 22.52941365193428
715 22.753887165296224
716 21.762472612762615
717 21.670809578413365
718 21.866214677668513
719 23.143284908969996
720 21.239856184205507
721 20.679107836841933
722 20.93409750531868
723 23.725032686523218
724 21.015906635872057
725 20.805169319285202
726 23.15619266114807
727 22.383378035197566
728 23.304019393145815
729 23.963247778363176
730 23.228071560256797
731 23.601212984049354
732 23.63080981451877
733 23.620341055441433
734 22.876074141368818
735 23.044094092058693
736 22.331934039577135
737 20.897529051682504
738 22.885557204256273
739 21.03492863684083
740 22.022778309478692
741 21.806861470732915
742 21.297029266583714
743 23.383641926398347
744 22.478300581805772
745 22.12401128099921
746 22.901088976110906
747 20.1234947937854
748 22.095930129133816
749 21.132817969182764
750 21.11823200570771
751 21.611723853697686
752 22.36371133019864
753 22.598308557462495
754 21.494621627329238
755 22.05971520324108
756 22.337034087614047
757 22.67316535574993
758 21.935224556819225
759 22.83485410085324
760 21.548530009962633
761 21.85505218862727
762 21.30884398262058
763 22.96932577350267
764 21.900908334089056
765 22.845126532181112
766 20.525819082777563
767 22.587577117501432
768 22.60324477737609
769 22.3321359028866
770 21.854619154465126
771 22.14146757718613
772 19.84025443660023
773 22.13716323053717
774 22.24963362502407
775 22.47623194073721
776 22.838073189562078
777 21.20478657491622
778 21.458898802658574
779 21.825078879096417
780 22.560209561857597
781 22.355734022048544
782 21.915818719004225
783 21.197199731685437
784 20.75842954285253
785 21.629258920793625
786 21.379458967203362
787 21.832532382261927
788 21.250680918692463
789 21.194696701303066
790 22.470357931466985
791 22.536408010931588
792 20.967247696179136
793 19.898998378217996
794 22.32190144106689
795 22.311509423040565
796 22.536410630830556
797 22.093952933694872
798 22.237365192213073
799 21.543511682569594
800 22.647118365831314
801 22.277866177688846
802 22.324354079452252
803 21.39869914809003
804 21.42548864025531
805 21.985133322753622
806 22.244874191426188
807 22.003470146569104
808 21.59693819979419
809 20.502806219561997
810 21.937685217477355
811 21.59941870899911
812 21.187280482953405
813 19.406569602215612
814 20.67443600532348
815 20.51574264030182
816 20.776170174521408
817 19.57376495495311
818 20.120623532601954
819 20.5692330831206
820 21.98901777543407
821 22.18262554377844
822 22.3898139879114
823 22.347376282100313
824 23.154302577992638
825 23.29818940333944
826 22.85304153774046
827 22.240514094567768
828 23.351983848939543
829 22.528558308342493
830 22.72437675489414
831 22.057836700571645
832 22.23807810959455
833 24.021495868882358
834 22.808152184403635
835 22.657303945347778
836 22.343528355612488
837 22.228963914016177
838 22.78441746050642
839 22.53889219846762
840 22.28396078574962
841 21.81296723174373
842 20.200149243927925
843 22.32648253291084
844 22.134557725734226
845 22.239630230568423
846 22.693457644056178
847 22.283690493297954
848 22.735392201071733
849 22.543088706483037
850 23.007756290785576
851 21.8667199075952
852 21.9480742006923
853 22.55043900249137
854 22.33119792897433
855 21.966070957625565
856 22.445548015356934
857 23.14800939450822
858 22.7555781011351
859 22.042722233651123
860 22.129392313174844
861 20.798483127087053
862 22.142056022225372
863 22.280380310190402
864 22.319225023892464
865 20.02463545247713
866 22.40800562933248
867 21.863316162892946
868 20.040790617341386
869 22.566426811729468
870 22.559553436668683
871 23.54921038499066
872 21.42517068025356
873 20.62944019499656
874 22.20756890218142
875 21.697327995089726
876 21.64733034482743
877 19.966331525958857
878 19.659278140510114
879 21.84432514072932
880 21.509492326861434
881 21.532848760160203
882 21.844729828005395
883 22.123267329417338
884 21.851923705173633
885 21.667412063633368
886 21.354086265478035
887 20.667082339099146
888 21.018827590840953
889 21.90472753045784
890 22.850581249899502
891 22.886819712673898
892 22.805919750947574
893 21.23817577006792
894 21.071975209803714
895 21.07805619849059
896 23.37922880517837
897 22.046379684082325
898 23.181599151442224
899 21.424218576414653
900 20.68071423086898
901 21.521674962110968
902 21.03196296654691
903 20.80597895080501
904 20.677327961945146
905 21.45559751945864
906 23.010406669729683
907 22.352944808133685
908 22.240208660903367
909 22.944987162200064
910 21.91955927837389
911 20.640781772063878
912 21.454723390761046
913 20.270861602562476
914 20.788355528953236
915 20.93217888642644
916 20.87660951747435
917 23.160242875826
918 22.45897167932759
919 22.798132226098584
920 22.16312524699133
921 22.91420852283386
922 22.999404462252908
923 22.537576539717318
924 20.457720002269067
925 22.664446454462222
926 20.430267800712603
927 21.453308604771408
928 20.1872101033761
929 20.484305272129923
930 23.044267516958097
931 22.86360787256991
932 22.90409280485683
933 22.42643542459013
934 20.901536555411457
935 21.39655005698706
936 22.314446701791265
937 23.21971150584602
938 21.80147742498978
939 23.301463842259064
940 22.444314596445597
941 22.05711362782087
942 22.2560420148005
943 23.08650359173465
944 22.53189606828521
945 23.356102276293772
946 22.78200200421044
947 23.169637280137255
948 22.73366315768427
949 22.766823075605966
950 23.367500130208114
951 21.471308436330823
952 22.02663576510179
953 23.84301610051685
954 23.093979846801385
955 22.963022523405076
956 23.15518229670602
957 23.680389541502954
958 24.482805863158852
959 23.397715393210056
960 23.739820243168513
961 23.559605974617586
962 21.638765103896016
963 21.33320759484024
964 22.069087191686602
965 22.76784059352986
966 22.140431400531956
967 22.202879126626705
968 22.940243152903637
969 21.36746994953906
970 20.846801931741894
971 22.095386874042998
972 22.467326028826232
973 21.634555316127287
974 23.78855552503705
975 22.699515922277932
976 23.73420980642135
977 22.818825433293522
978 20.455574156489977
979 23.612216189569242
980 21.274718869749044
981 21.63273853020271
982 23.98538423812218
983 21.75704186850773
984 21.018576858140108
985 22.853178866313865
986 22.48345863415291
987 22.22270502836068
988 22.5661356495022
989 22.873526951623766
990 23.55155442082791
991 23.56254873730012
992 22.79075957387986
993 25.69460883109194
994 24.567831411769617
995 23.87683105552619
996 23.705426642652665
997 22.729755609762694
998 23.2284385276573
999 23.986764336147587
1000 26.636373673426522
1001 23.747928846348035
1002 23.247081866219737
1003 23.545888867145546
1004 22.306236043213485
1005 21.83854334913156
1006 22.22343311025897
1007 23.633224720887476
1008 22.770247964426588
1009 20.579499703602586
1010 22.555861662209857
1011 23.299123463282402
1012 22.106904527031272
1013 22.15681461817298
1014 20.101755462340574
1015 22.004077610099426
1016 23.8945359517084
1017 22.431508750908623
1018 23.32649998104704
1019 23.56796704639816
1020 24.573635100096478
1021 21.157347618725357
1022 21.34199675323412
1023 23.843042751749632
1024 24.096998823400774
1025 24.21730175596813
1026 25.670402210386033
1027 24.376669604530434
1028 23.55140185378902
1029 24.51406478467411
1030 24.584033806222088
1031 22.753961702622853
1032 22.48017836978545
1033 20.632505856283178
1034 19.791297370424083
1035 19.258608156659054
1036 22.270175758769017
1037 20.465472165981964
1038 20.937480616612326
1039 23.3440118280783
1040 23.398229768290015
1041 22.747245298849055
1042 24.216821148493967
1043 25.314129929861643
1044 24.040397489200878
1045 26.70462438042512
1046 25.854188772566776
1047 29.279959034383634
1048 27.559756308836178
1049 25.299325456124294
1050 23.874050490460913
1051 22.807610653601152
1052 26.333402095051483
1053 22.056373928242063
1054 20.80773171670688
1055 24.769425067352742
1056 24.785666142312962
1057 24.96471603148095
1058 20.878818932106743
1059 26.771517387879893
1060 24.61102483674891
1061 22.37703778501038
1062 22.719972575367336
1063 20.74349236067616
1064 22.45598413472194
1065 21.53088103806167
1066 25.126939952876505
1067 24.320036719948323
1068 23.568967797908222
1069 22.89517939703694
1070 22.965045349770755
1071 22.135159703109153
1072 20.238656876445514
1073 22.041380087781324
1074 19.96386518918479
1075 21.72692825862743
1076 21.780579742495963
1077 20.06572187241655
1078 20.182278473886534
1079 21.05315307394277
1080 21.659785290586605
1081 20.13423230799704
1082 16.493116264817075
1083 18.2062620865086
1084 20.05951690586667
1085 18.428352584689687
1086 20.434328954295953
1087 17.820317384227685
1088 18.75876553410957
1089 17.679271790366595
1090 18.652256035057068
1091 18.966862558617493
1092 16.191918299493825
1093 17.624650601867224
1094 17.816951480781942
1095 18.178938902870506
1096 17.708208232022606
1097 18.823600363000434
1098 18.121251681719567
1099 16.881161622219686
1100 18.606390873938487
1101 16.74577256587901
1102 17.291066025148734
1103 18.126723590933487
1104 17.32210960341374
1105 17.70493400218889
1106 18.847314518640665
1107 19.4858278840173
1108 20.81544302057274
1109 23.030235442310545
1110 20.21641061205895
1111 21.281588630857748
1112 20.72122971799927
1113 22.470782720976214
1114 20.68110068315854
1115 23.57738982309975
1116 21.67958916922429
1117 21.65765088480523
1118 23.662051179252103
1119 20.790153510521336
1120 22.364858431932287
1121 20.62282813316502
1122 21.920530248204877
1123 19.564548849653143
1124 18.340629894959136
1125 18.79981072026338
1126 23.327246544252155
1127 22.037469953061617
1128 24.52570081804976
1129 25.57813765259605
1130 22.985665261894074
1131 23.3394191305853
1132 19.951094757256175
1133 20.629696325009427
1134 18.86179845687722
1135 17.932223268313223
1136 19.303259458769855
1137 19.710916456673246
1138 18.526442100911105
1139 17.061105277157445
1140 17.242472624424526
1141 18.205375943850818
1142 18.706785610924065
1143 17.84820000599615
1144 17.47140281259485
1145 19.705721128405074
1146 20.13160786142305
1147 20.613728790540975
1148 18.9923943177815
1149 19.623149607047186
1150 16.044953451356637
1151 16.730544454925926
1152 17.047377056367306
1153 16.787571118374483
1154 17.93662148689741
1155 17.90239565832389
1156 17.512822768706734
1157 17.44170012035594
1158 17.72836275018978
1159 17.087350960428985
1160 16.89697316980287
1161 16.24743665009944
1162 17.553315012963903
1163 16.89653723694425
1164 16.966094455061214
1165 17.751333078878883
1166 19.030838357359507
1167 17.089437789642712
1168 16.384351104189882
1169 17.571681065175728
1170 16.986594658177683
1171 17.007174837188973
1172 15.57251025947321
1173 17.922307427642043
1174 18.69698858590792
1175 21.631959631090076
1176 20.292204943427393
1177 18.70174970990491
1178 19.031271371473785
1179 20.058318750815694
1180 19.510882955816744
1181 19.0607472688156
1182 18.010483694577253
1183 19.088158828527902
1184 19.20289936575775
1185 18.714404710320608
1186 18.923952481022937
1187 19.50038498609307
1188 17.466083886136413
1189 18.09879191815049
1190 18.030032858414298
1191 18.300195794525862
1192 20.20610884110667
1193 19.822115723967148
1194 17.224801580740145
1195 19.538928075808332
1196 20.344104961133944
1197 21.81705892019827
1198 18.665368157966373
1199 21.342485445502422
1200 20.41217695768532
1201 17.79590416939554
1202 17.13627199116346
1203 20.844811000832227
1204 22.145739651849233
1205 18.166709710200156
1206 16.252365845704453
1207 23.964923516671178
1208 22.4507532677307
1209 19.899526617085563
1210 20.04449332308917
1211 20.564340165802946
1212 16.177939460315958
1213 17.639577796364623
1214 15.845525776505522
1215 18.634402742919903
1216 20.314599042090485
1217 17.797326818355337
1218 12.186681645639712
1219 6.939617878624201
1220 7.552283856094086
1221 16.027553747842102
1222 10.115658882620759
1223 8.254834683552554
1224 11.926728638987436
1225 10.528518622119638
1226 8.596101821126139
1227 9.949187769727542
1228 8.811214200934161
1229 8.746446722386573
1230 8.342294589479707
1231 9.452313072064497
1232 7.647190245796176
1233 10.64791893010953
1234 9.223786051081953
1235 8.582547047168607
1236 9.987579889284765
1237 11.265051938963847
1238 11.54085651663733
1239 6.344542614359627
1240 9.394103626168636
1241 8.370629321178496
1242 11.53411247566392
1243 8.698574054187432
1244 10.923170000666858
1245 10.654731833970303
1246 9.290624229236904
1247 10.592723971159
1248 7.9685741607065355
1249 12.642593762422663
1250 16.824886269537366
1251 15.23194934735599
1252 16.19600054409639
1253 14.291681374472205
1254 15.06037866119468
1255 11.30730185808118
1256 10.043209188737865
1257 12.325014710456184
1258 13.738023837822599
1259 15.576063029939322
1260 16.042332517449793
1261 17.04497323371907
1262 15.918359016928962
1263 15.696937147109065
1264 18.53872623385077
1265 17.022980571164773
1266 17.131261756958395
1267 11.282625136659243
1268 15.801401228712358
1269 17.16633922185478
1270 15.836241177001446
1271 15.512469506838354
1272 14.70024434941843
1273 13.818168907312959
1274 13.187165484745618
1275 12.608347271665284
1276 12.75509319317894
1277 14.03215594529319
1278 11.03454176138182
1279 9.53118480975263
1280 13.589785669868007
1281 14.696309659318327
1282 12.60140373972596
1283 19.00744154207058
1284 17.533157942463554
1285 18.25388699484559
1286 19.262360098200432
1287 14.357885896099724
1288 17.19282974643675
1289 17.636996223506564
1290 17.694770140351302
1291 18.827278552518287
1292 15.830247643054163
1293 15.388441432886221
1294 15.86676060239306
1295 14.157026477503377
1296 13.367198851179522
1297 12.577704503964075
1298 17.50254428526104
1299 13.371744221576382
1300 11.376819956506232
1301 12.131846449940207
1302 13.6212795976256
1303 12.093861678997197
1304 14.149932688738506
1305 14.906867554177111
1306 11.28759343592541
1307 9.218626432741733
1308 14.055361311976336
1309 18.65337726738352
1310 16.406080333669358
1311 9.756220739839954
1312 13.315910918147138
1313 16.402993430002947
1314 12.755542323162226
1315 8.535286229704797
1316 13.33132424280961
1317 14.527679615976863
1318 17.230803138671703
1319 17.06104749574142
1320 13.056818014058774
1321 17.49423006891613
1322 12.87015832828921
1323 12.051919380516756
1324 12.755534216073915
1325 11.741203232021872
1326 9.045771421793525
1327 3.7430902249843694
1328 11.122760926485354
1329 9.74057630584856
1330 11.41151042005119
1331 9.120071762210967
1332 9.428506343994643
1333 8.951463154459674
1334 9.915237365745433
1335 9.530669785750272
1336 9.988195967968114
1337 10.069447707766361
1338 13.449020237743298
1339 14.784285862446557
1340 15.756191608064269
1341 17.21590316410972
1342 12.712442692484192
1343 15.084346807425764
1344 10.093556578153642
1345 8.522000617530868
1346 11.371759094670939
1347 10.763370164035818
1348 10.03054853268718
1349 14.610493849621935
1350 17.109349891356562
1351 16.839700351690617
1352 15.24273635698672
1353 16.23173009295087
1354 14.486826116498108
1355 13.216244614612016
1356 14.189615378357507
1357 11.810373843462596
1358 13.510611238806195
1359 12.470960001150681
1360 14.362674016552033
1361 10.450655590465635
1362 7.186697893423322
1363 5.786273535736687
1364 6.435473463167246
1365 7.888301713199901
1366 7.912393735731614
1367 7.182424716903971
1368 4.9367578998212664
1369 2.9765433541975987
1370 3.508919302726321
1371 3.444188974972631
1372 6.281276763833578
1373 4.62011861774038
1374 5.184697136418621
1375 6.5455380596726815
1376 6.90592494882915
1377 4.6029393542456605
1378 11.550968809247033
1379 9.371353516588007
1380 9.512472571195767
1381 7.078023718537487
1382 6.614568818242464
1383 10.191589875634998
1384 12.239944938960889
1385 10.496944182064512
1386 10.884343874660406
1387 11.09330049678094
1388 9.312912328494301
1389 5.490435762743631
1390 7.611495299241828
1391 8.427081252490694
1392 11.896400581637069
1393 13.304991453699634
1394 10.402262102896392
1395 10.365387858648617
1396 8.396084335125641
1397 9.274381832530715
1398 8.298833663986668
1399 4.316954419737421
1400 4.967342168014564
1401 9.76328329783753
1402 6.822528470639613
1403 9.885782205818085
1404 8.309035260221918
1405 9.43957062528718
1406 8.378350025435543
1407 8.920928706592525
1408 8.71905095920714
1409 6.253786937820248
1410 7.964433817788589
1411 6.961823088756171
1412 8.384691906923763
1413 6.15969351105326
1414 8.309253146591264
1415 12.441734952120639
1416 9.832710135451494
1417 9.26848345304787
1418 10.622552414547966
1419 9.961521683467575
1420 8.552344707207316
1421 8.55269543560544
1422 9.724199042677055
1423 9.871526846007724
1424 8.862746642133786
1425 9.911862104754814
1426 7.992829311202962
1427 8.51189875720457
1428 7.879378190858118
1429 7.179161066658241
1430 7.4777258851307495
1431 6.381166416453279
1432 7.286484424002518
1433 7.506879588898076
1434 7.026576609221055
1435 5.843086022242296
1436 6.04803310030702
1437 5.806620204730816
1438 5.4425588809450955
1439 6.059389131441382
1440 5.8548192807687816
1441 6.343820246209374
1442 8.28227609375284
1443 6.753715068778733
1444 8.268050702142162
1445 8.672509428513449
1446 7.816516892725498
1447 10.303111610097472
1448 10.304750827260724
1449 7.767393831108374
1450 5.878004212624168
1451 6.53741023336213
1452 5.728844425125353
1453 5.568863011853882
1454 5.77218912892906
1455 3.23264714708289
1456 5.161824711638893
1457 5.8693829601154635
1458 6.134216982641037
1459 6.368116778908535
1460 6.61382803664869
1461 5.55053217273444
1462 5.683186145719358
1463 5.130107004050116
1464 5.985808738952002
1465 7.207120518169699
1466 8.424215121973475
1467 6.808044301554362
1468 2.7422606900246396
1469 2.9624186851234033
1470 7.72053741679811
1471 6.907576796298506
1472 6.473169244303766
1473 6.6418539729055475
1474 6.82268568961195
1475 5.440993935160524
1476 5.041792925623241
1477 9.696459409148432
1478 9.48425948008265
1479 6.474990794889273
1480 8.652548674128395
1481 8.121644619666458
1482 8.865805693460429
1483 8.218573842396431
1484 7.883572856607989
1485 7.9273035604118345
1486 8.109096712738848
1487 8.27830113217841
1488 8.075924573186665
1489 6.848385851840155
1490 6.084019841899026
1491 9.273887089439269
1492 8.43596748090558
1493 9.144946819341813
1494 9.389571873471848
1495 7.740800702974744
1496 5.439587248409404
1497 6.218962513552102
1498 8.25606109675672
1499 8.963018185075164
1500 7.534322467764119
1501 7.426751944243079
1502 5.064030233864598
1503 5.938734279605534
1504 6.1796946487820295
1505 6.091366018801495
1506 7.682341038321353
1507 9.690343575072072
1508 9.644890996183921
1509 5.864473868842167
1510 5.547205665490151
1511 3.24261373845905
1512 4.573536365627612
1513 2.963900702295261
1514 3.3851274596542256
1515 2.851881253338757
1516 3.297151222323611
1517 3.127856768927318
1518 3.3196119256343377
1519 3.014307885141301
1520 5.126768945207035
1521 3.7618390798437047
1522 5.6666658088015245
1523 7.584459976758552
1524 10.563929491313024
1525 7.171515820680348
1526 8.858780558697589
1527 7.682943565609573
1528 9.615257122474953
1529 11.384944066116352
1530 10.096113967536983
1531 9.470411725384354
1532 8.586220168520633
1533 7.9082046247038384
1534 10.33475139169593
1535 7.841615857969128
1536 8.003784999772899
1537 10.15119280379003
1538 9.465737986241068
1539 10.805372861177679
1540 10.78689192347882
1541 10.800014192151542
1542 7.442760401929193
1543 10.039956181268137
1544 7.558297479762083
1545 7.130546287808081
1546 8.183800060427403
1547 10.302692021092481
1548 11.475511248070061
1549 11.78448139757366
1550 13.178178046436438
1551 14.687544811480345
1552 15.448542052332673
1553 17.664167009675225
1554 18.02020089612285
1555 20.749083775306108
1556 22.348237222336063
1557 21.467428805929963
1558 21.235479122476633
1559 17.02709721751273
1560 12.05262661949614
1561 17.068445737372727
1562 13.855306880641773
1563 12.886399089392366
1564 10.612743902312383
1565 9.408327601127123
1566 11.687119324451663
1567 13.428241212595074
1568 12.733672090095817
1569 14.899544164049471
1570 14.421117798738774
1571 16.966045752017802
1572 15.658793880694672
1573 16.570523257884375
1574 17.794316843829296
1575 15.705890540937357
1576 12.464081439876336
1577 16.436965664496164
1578 15.563092265554266
1579 16.734270268908254
1580 15.821092888353428
1581 17.779682660357086
1582 18.886111145298564
1583 12.448439730272911
1584 15.566084559049388
1585 12.024900526497376
1586 14.336232041852924
1587 15.326208974673024
1588 17.431671127606865
1589 18.923857786111448
1590 16.413893773954836
1591 14.777299192564227
1592 16.032736664190526
1593 19.925665568954503
1594 19.014255532701657
1595 13.46893372170473
1596 10.392016904542745
1597 13.2621499604298
1598 11.753390620182655
1599 10.588156934667694
1600 13.842366760512272
1601 10.551247603426184
1602 12.81807665747121
1603 9.400455939092062
1604 12.06946974733201
1605 11.036271344806174
1606 6.22017373091503
1607 11.205342947920263
1608 9.923793487169092
1609 9.899528027854153
1610 9.867605985271455
1611 12.908891248127048
1612 10.575193491943697
1613 13.630824906205373
1614 15.421445587124099
1615 9.659391017855324
1616 14.4184791444412
1617 13.250536536933293
1618 14.449326900130432
1619 13.762556058880334
1620 12.189375207926304
1621 14.234862572958479
1622 10.982433116077267
1623 13.483433913516686
1624 19.432011262362654
1625 14.343056413916562
1626 12.581261462486998
1627 12.475385962258056
1628 15.12326590411583
1629 17.465723076156667
1630 14.963635831294662
1631 15.139994006440634
1632 20.13324456026881
1633 16.775889678603775
1634 12.570945831500765
1635 11.682482441054596
1636 10.708843979978738
1637 12.929415883724419
1638 16.57388437089131
1639 13.228385127751238
1640 16.792421277777958
1641 13.278484613992623
1642 16.87663864240963
1643 17.337753678824548
1644 18.605008376422564
1645 20.81958707185698
1646 17.106689384424712
1647 17.349559795501467
1648 21.652090297514427
1649 18.309334493204485
1650 18.283197804388475
1651 17.507837757088033
1652 19.14558926065859
1653 17.267698678497535
1654 17.191751099098628
1655 14.487247997446092
1656 20.311846637817936
1657 19.128824436901333
1658 18.651568244883116
1659 20.45716913240553
1660 19.939740338925873
1661 15.911380659965896
1662 21.480426211969156
1663 21.415276632044357
1664 18.339139845717668
1665 17.93288543333788
1666 17.54761622459025
1667 10.895698326108215
1668 17.115776477243244
1669 19.015518336970544
1670 19.568876761755163
1671 17.112455086896023
1672 16.18856443208002
1673 21.555078670578595
1674 19.289488492585054
1675 18.95058906972539
1676 19.407274093365416
1677 21.21920492482306
1678 18.391741114012362
1679 18.184280535668268
1680 20.43788192196209
1681 20.6304451560582
1682 17.143841547599465
1683 16.451099898096043
1684 18.273250831944267
1685 19.338827245082406
1686 20.481796670797763
1687 16.993357675136654
1688 18.64213203266768
1689 17.572497052355526
1690 22.17907559820557
1691 20.92153018585209
1692 21.94769134055961
1693 21.482749087768127
1694 19.48063186607778
1695 20.031868020921667
1696 18.260635528707386
1697 16.78619869566947
1698 14.159738149055253
1699 20.6489054367747
1700 18.799338247137605
1701 19.660816564203117
1702 20.88770035894145
1703 18.121459590534766
1704 18.532527864837757
1705 22.047030564093284
1706 20.1280048001266
1707 22.61408958517251
1708 21.44528309082689
1709 14.581003316684733
1710 14.1301175710231
1711 15.97149678324251
1712 17.848677809999568
1713 18.170016237253215
1714 20.78752124932839
1715 13.212051725898348
1716 13.68943671395005
1717 8.97936549606516
1718 12.123310573963499
1719 13.119661738235356
1720 11.34610734817347
1721 13.459752637113375
1722 14.205653031621317
1723 18.182581907435235
1724 18.397287074735615
1725 17.56684958119714
1726 16.513966501391753
1727 20.50390398632499
1728 17.521660475671048
1729 16.114898848067632
1730 12.587864771236822
1731 13.458470418556054
1732 12.301140848057948
1733 15.85137503191011
1734 14.41365706609331
1735 17.341794088932822
1736 14.021529531756228
1737 15.004750464157537
1738 14.15108440004792
1739 17.016632169406257
1740 20.083014806184707
1741 21.491357242758887
1742 18.389011760418214
1743 14.452544357005147
1744 18.206158003004038
1745 19.858288848782152
1746 20.943864849345026
1747 23.27503749410929
1748 22.314819166996973
1749 22.188147915139275
1750 21.320580933083775
1751 21.37480513299002
1752 20.822471809477236
1753 20.60216631093129
1754 17.986149135570244
1755 19.891293443423
1756 18.098739950505927
1757 16.86288173601854
1758 13.272724785324048
1759 16.511858254242615
1760 15.80052743186368
1761 14.820853550330922
1762 14.083167606179954
1763 17.630356421285214
1764 16.032186182195705
1765 13.464733652688397
1766 14.273946314952779
1767 14.1029163999045
1768 17.7209308645887
1769 16.909629738138573
1770 15.29085545214519
1771 15.481254614425266
1772 14.569663840759354
1773 16.114892878873615
1774 12.504191239967378
1775 9.36122227358486
1776 9.227816270956897
1777 11.308480848830763
1778 9.731241264560854
1779 11.661532851243976
1780 9.852853036915237
1781 11.660409060544854
1782 13.59587328290219
1783 12.67572620582277
1784 16.39969030432221
1785 11.67047568652373
1786 14.561743440212014
1787 11.291830257332022
1788 13.672526009221583
1789 15.305469600548708
1790 13.427137477530225
1791 15.607378801388267
1792 12.151468917151943
1793 12.75714221946833
1794 10.568714845640992
1795 10.834712274847924
1796 13.361165403487917
1797 13.835551584470005
1798 16.562891309867577
1799 16.957310504442887
1800 16.480035338320057
1801 15.096679010512153
1802 16.463645349794554
1803 16.744940241210927
1804 18.759659205598854
1805 18.707531485077638
1806 16.181647232761655
1807 15.512896957151044
1808 18.569434010598144
1809 18.99189631181733
1810 14.73635883984776
1811 16.301141211130485
1812 19.9005173741858
1813 17.95794226372568
1814 16.076354188587665
1815 15.433954427617202
1816 16.59695415423843
1817 19.866678948973593
1818 18.159731634863082
1819 17.349877303556543
1820 18.06586128549006
1821 18.767657471388382
1822 19.043529679481026
1823 18.082317211276926
1824 19.37688134731974
1825 18.749495083373272
1826 16.3939767027821
1827 16.968006516077008
1828 17.838753589146236
1829 23.041461056241687
1830 19.603163783488533
1831 17.816284541807224
1832 21.518523736400592
1833 21.883979895778644
1834 20.594112066775477
1835 19.02737156326969
1836 22.064541429795707
1837 23.125804290245775
1838 20.608222051465326
1839 19.23760126518966
1840 18.639302407665543
1841 14.987653453968454
1842 18.111864696537346
1843 17.08658698504211
1844 17.00410920284047
1845 17.80388993978436
1846 18.686967191582127
1847 17.42544906063892
1848 17.294181910696473
1849 16.274391789570693
1850 18.23749378236215
1851 14.332416207258923
1852 14.954068059475674
1853 15.711607037768061
1854 14.573533829306372
1855 19.201381999188325
1856 15.134701239590106
1857 19.738315829522396
1858 22.712526482392047
1859 20.813808544990707
1860 19.05204749074422
1861 17.959610065484444
1862 15.887633640981383
1863 18.039408368732257
1864 14.740050965509822
1865 16.674608689643073
1866 19.7622839913486
1867 14.854626532674015
1868 18.692164443959594
1869 19.153223017689992
1870 18.097873192534532
1871 11.338544253069944
1872 13.696257873914435
1873 12.187735799501878
1874 15.516533765302087
1875 13.392602598371948
1876 14.054331442326168
1877 16.96823894357028
1878 18.217366131077206
1879 16.818319628735015
1880 17.613698778691404
1881 18.385208730626317
1882 16.78059373434929
1883 17.93890198884739
1884 15.588028221108376
1885 17.26662828391647
1886 16.054541141556115
1887 17.978411911196005
1888 18.364650073250203
1889 14.95117725439852
1890 14.069977386178573
1891 15.759618371419872
1892 16.494486427280474
1893 17.0235987396121
1894 18.27618295400679
1895 18.911278142800104
1896 16.653482326414576
1897 13.521070542247557
1898 18.1313431272499
1899 17.582574684899825
1900 20.721424256903518
1901 19.179021981715177
1902 18.83583243033538
1903 16.847202513753576
1904 17.64075934447409
1905 18.916220186525514
1906 22.796941060242244
1907 20.728982535429406
1908 17.36835914196788
1909 17.468528657564036
1910 20.474749223117424
1911 20.55262503085386
1912 22.369745579527844
1913 17.919065707665
1914 16.662452809731267
1915 19.19496814054458
1916 15.412428017553523
1917 19.348207180194027
1918 18.030340290296966
1919 16.254804216966942
1920 17.78334928267707
1921 14.183045506958
1922 12.220122484133734
1923 18.79408837407461
1924 16.902018976815427
1925 14.800397734738787
1926 16.249135450452812
1927 16.59807906648413
1928 15.598631112906
1929 17.57067194014976
1930 17.688978021794938
1931 16.450229973203548
1932 16.516849852217167
1933 15.09816204223333
1934 16.266394962846146
1935 16.562944190406792
1936 15.051394901307004
1937 18.33369081115925
1938 16.729035750773598
1939 17.529501291722838
1940 16.800929515967653
1941 17.314937596073804
1942 15.992362268240871
1943 17.18836501760801
1944 17.610564390256087
1945 16.790570106619974
1946 15.056740772072253
1947 15.669219392717217
1948 19.56672572717223
1949 15.709013436832572
1950 16.53728202057019
1951 17.018665226687524
1952 12.93983384781914
1953 12.621054012942633
1954 20.69698358014433
1955 12.842951302201126
1956 14.436059839541494
1957 11.373218975576476
1958 8.545417246185668
1959 10.127539294903741
1960 9.093950424160562
1961 5.417464454026004
1962 7.67298852284756
1963 8.34098932266803
1964 8.575097322407268
1965 6.83494984943562
1966 11.739401329802151
1967 9.660814258701285
1968 15.139171678722663
1969 15.77192777555354
1970 17.2944432565422
1971 15.790605028195097
1972 14.11581263279608
1973 12.866029855165939
1974 9.289978159539361
1975 9.23097568121159
1976 8.475597826644693
1977 10.09351129310397
1978 6.331374497002458
1979 10.87753246432108
1980 11.45798861775881
1981 9.212345701005031
1982 10.144881345189862
1983 8.957241493731283
1984 15.099955875713409
1985 13.814342383006796
1986 11.146107069090597
1987 9.990205049905802
1988 11.530798007053153
1989 9.772792113423542
1990 10.641524255898132
1991 11.092722924508127
1992 12.603053343525099
1993 8.442554006090825
1994 11.830902752009427
1995 15.246084789996049
1996 17.00958205430168
1997 14.864156478317975
1998 13.468643064171022
1999 12.102941734419158
2000 15.297715778010092
2001 15.251246831535115
2002 12.143601088012568
2003 14.965885894993017
2004 12.218030919201624
2005 13.260457131633373
2006 17.385510482956867
2007 14.656815054617827
2008 13.474386734237369
2009 16.80545233370225
2010 12.919753861814849
2011 12.272407526666267
2012 14.603631196890655
2013 15.60545223814323
2014 12.497539357908591
2015 11.408994573884664
2016 15.735709930977771
2017 17.723020710228788
2018 14.979144015793503
2019 16.551135321732144
2020 18.285885369784225
2021 16.87497060960747
2022 19.484407579061788
2023 17.176538844621245
2024 18.53232321094863
2025 18.872215515168154
2026 18.600978301050205
2027 20.262882274112247
2028 21.13254781463403
2029 21.362893564598465
2030 21.906934571597393
2031 21.278418268131354
2032 21.645355326837844
2033 19.94379944266219
2034 20.97217688769622
2035 18.08682156569772
2036 14.825754224147468
2037 16.27276680447942
2038 14.150374272119464
2039 13.351111375819778
2040 13.304029483830186
2041 12.490708283255955
2042 16.601291196040304
2043 10.820268513773351
2044 13.20549856490709
2045 9.175721243557177
2046 17.790686084242505
2047 15.327332047373432
2048 12.753492758304805
2049 14.719656380244508
2050 14.753950349710069
2051 12.741443670511657
2052 11.973084654857066
2053 11.576143217977522
2054 15.5979603632728
2055 11.566753778341404
2056 13.99653043861161
2057 12.028803077066062
2058 9.468626167199652
2059 17.63959341710015
2060 15.911969966575304
2061 17.788808607641215
2062 19.612569850239304
2063 17.09876636686793
2064 17.1877484153767
2065 17.141117845272806
2066 18.487147517498947
2067 18.802481696506693
2068 16.89936079714805
2069 17.44126274279723
2070 17.999961523398277
2071 17.957964536406624
2072 17.03497238878036
2073 18.05002037229065
2074 15.824169888919533
2075 15.645737535915535
2076 20.58715460482497
2077 17.9313131121561
2078 16.755684424265816
2079 16.675584262295594
2080 16.99613015152515
2081 15.276839831045653
2082 15.270562888653371
2083 13.630650407945852
2084 12.417987867263989
2085 13.31584189131399
2086 14.84970727158253
2087 11.02456733134999
2088 14.63115499582464
2089 16.93107576768565
2090 20.307795124968095
2091 20.03431902264101
2092 19.57739451212872
2093 22.4520993984554
2094 20.776906512353897
2095 18.33048186976312
2096 18.620877137554036
2097 18.260959457811477
2098 19.153230281124564
2099 17.47466282195422
2100 16.999971053068045
2101 15.16664111058467
2102 14.369878987206404
2103 13.55945353394606
2104 16.664922340229865
2105 15.644372357672266
2106 16.70995305966326
2107 17.265495774052308
2108 18.748863952319116
2109 14.285128162145334
2110 14.83053179949736
2111 11.328712984135269
2112 13.860746602129634
2113 10.671484960602173
2114 18.315755877653256
2115 15.710764691726782
2116 16.34876661925297
2117 16.217669266531633
2118 12.014554644209237
2119 13.838746370862394
2120 13.53663507653546
2121 12.91052461570415
2122 13.40163002143721
2123 11.838415628569209
2124 14.966556837759915
2125 18.437045451146926
2126 16.22564319152751
2127 18.33774087131527
2128 18.459309545152916
2129 15.566441890937952
2130 12.090872733687538
2131 14.321603880419362
2132 13.22466051810548
2133 11.005562496277376
2134 12.543790424491538
2135 11.624095155609892
2136 15.484229695936293
2137 12.692172648621055
2138 14.153578055218565
2139 15.917580368681257
2140 17.95037221683419
2141 19.710374009887445
2142 17.422563565868032
2143 21.653926071917418
2144 15.84417547996838
2145 17.581683595308412
2146 17.84393555779884
2147 16.686413358797903
2148 19.442446146350044
2149 16.071274437876045
2150 19.20160516224358
2151 18.110904534899948
2152 13.801546477315298
2153 17.032713021665916
2154 19.10791443452053
2155 16.97622089446641
2156 17.406207624237894
2157 16.198598047982678
2158 16.4390795438451
2159 14.8399323292765
2160 12.287853938334905
2161 10.87809749645046
2162 10.686444898285568
2163 11.732840919380633
2164 14.112451584767047
2165 14.418762214011117
2166 10.306100785550356
2167 12.375998537659013
2168 18.18867722385402
2169 16.057102201697543
2170 12.161638397028648
2171 12.569622878290579
2172 11.889004080914857
2173 16.65401458202555
2174 17.3595643984296
2175 18.37953149922843
2176 15.672971756493284
2177 16.922210754459545
2178 17.984293305315227
2179 18.844777638013287
2180 16.06519957422415
2181 17.922974184916118
2182 17.581151207216845
2183 18.66152879714657
2184 19.24748564908339
2185 15.224687652944565
2186 17.62939046843648
2187 16.769813952111004
2188 20.03061285550716
2189 18.841374839380663
2190 18.472159764657874
2191 19.997989084697302
2192 19.007178002988898
2193 18.25992525551384
2194 17.00907464723659
2195 19.46172631740893
2196 18.99261636043398
2197 17.688094219890672
2198 18.043258936459257
2199 17.85585005378354
2200 17.85774206944639
2201 17.407402638441678
2202 18.28573441017157
2203 15.598073943792457
2204 20.715886584513576
2205 20.037718491570303
2206 21.067836938312002
2207 17.950162721199643
2208 14.181476673882093
2209 16.744885634875548
2210 19.255336264245
2211 15.10095620044654
2212 11.556083663975603
2213 15.34101857410817
2214 14.717519251776418
2215 13.61551686236441
2216 14.86185770470726
2217 15.552603004851855
2218 15.724377970705829
2219 14.786273936147367
2220 12.200837029682404
2221 11.084510725115397
2222 13.266056329028977
2223 8.389339331804258
2224 13.482091234302295
2225 16.101715792622183
2226 15.728090682270816
2227 18.679496754805594
2228 15.25871770478348
2229 11.649012797038734
2230 13.560242731854004
2231 17.71159214016468
2232 16.501103355467418
2233 16.29259607450567
2234 14.484654930995413
2235 18.77024214176728
2236 17.870125041882098
2237 16.85277048543579
2238 11.957151805000022
2239 10.189908949620598
2240 10.937824898289682
2241 13.249765677629533
2242 14.362438519884133
2243 14.937731803698556
2244 16.516692099811255
2245 15.040458159063443
2246 16.16540687995604
2247 14.049442746227653
2248 13.66132647507165
2249 12.19574303522565
2250 8.312767073622677
2251 14.106746241761781
2252 14.734498738235098
2253 14.540294432303174
2254 15.252373043796252
2255 13.708033134673645
2256 10.684499229083103
2257 9.591883526863537
2258 6.8981194813405615
2259 8.399088337251767
2260 10.430083729892614
2261 12.425446070932532
2262 10.421691888902025
2263 9.073685628914605
2264 10.666362099529998
2265 9.613607102555756
2266 6.732861797529943
2267 9.765488022407611
2268 7.6038373137870945
2269 8.404872039787586
2270 10.769140421179662
2271 13.00164730715545
2272 11.992724804231328
2273 12.75892864835993
2274 13.25831031240969
2275 14.71519994477471
2276 10.769437086861807
2277 13.89259999207547
2278 11.231095797101649
2279 12.973862464743764
2280 12.955838636425499
2281 15.342620460270812
2282 15.853311728271693
2283 15.063352202942747
2284 11.900272003403296
2285 12.486417927246404
2286 13.532250138282231
2287 10.63773847481322
2288 14.933017467382784
2289 11.592390555171225
2290 11.020912107187186
2291 12.522283618757884
2292 13.65483170094649
2293 15.54102119762925
2294 14.623076203829825
2295 10.485928146842726
2296 12.908226525125157
2297 11.722333798427607
2298 10.3773010628934
2299 17.627104342150812
2300 13.785944872973879
2301 11.903373728821704
2302 16.31540162162975
2303 14.403823316582752
2304 15.743801263345665
2305 16.191157389665463
2306 15.31282985325556
2307 10.652740768867075
2308 11.618628830630058
2309 8.747850464559225
2310 8.274532242571137
2311 10.803343705557873
2312 6.401786716448384
2313 8.830263357420948
2314 10.647093781003901
2315 14.494401080787751
2316 8.651807151023425
2317 11.1673990849449
2318 15.032289070696244
2319 14.822040897955697
2320 10.952600683377554
2321 13.474559468558509
2322 13.781303531907922
2323 11.29847499468792
2324 13.694048671544332
2325 14.680694315916362
2326 13.3250236646189
2327 10.575865806259781
2328 12.705075500697932
2329 11.218159149643933
2330 15.017949111752424
2331 13.221041011827511
2332 12.661996960309308
2333 12.840807320598334
2334 14.712387643759255
2335 14.81777942129542
2336 12.333665234761826
2337 14.09302259081846
2338 13.344251641809059
2339 14.69007618270946
2340 16.015429617523004
2341 14.07915027828837
2342 12.725874542824162
2343 12.843491810915562
2344 12.584342228491177
2345 12.36717099972517
2346 11.77022705196358
2347 12.478848923882873
2348 12.558233659424475
2349 11.92264649857946
2350 12.388962244229372
2351 13.921793469732295
2352 16.37983964722881
2353 14.185969676731442
2354 10.318652545510139
2355 12.522083904766037
2356 13.19354539191859
2357 14.292965240513944
2358 13.841345228848418
2359 16.950016031623807
2360 15.412870396480905
2361 17.170804859508678
2362 17.147332839652258
2363 17.51258505858009
2364 19.287340461199165
2365 17.550297225000456
2366 17.40441134831202
2367 17.26857196357431
2368 16.815772282712345
2369 17.67554184938066
2370 16.061871064197344
2371 16.016660506541275
2372 17.316020788626826
2373 19.24080846797404
2374 17.939586189332548
2375 17.596270353394964
2376 15.944099870971328
2377 15.006427599054346
2378 14.561920680809678
2379 15.550082694324216
2380 12.906209576280045
2381 15.850556619684738
2382 16.909461120829143
2383 15.68099286235168
2384 13.071886171399893
2385 15.405934812418513
2386 14.449265682640108
2387 14.76095334905292
2388 14.398074786032307
2389 14.392247521309292
2390 12.137075252626648
2391 8.61316375540441
2392 14.964962694993167
2393 15.964557921959537
2394 16.94886051900791
2395 16.195966037205554
2396 16.598422894030584
2397 15.418760997111724
2398 15.323369608742116
2399 16.85531273356253
2400 18.332239513037354
2401 13.313959355187832
2402 19.081164704210757
2403 17.8690314343694
2404 19.920422688947724
2405 19.67333962703798
2406 20.689182011774033
2407 16.47486592744517
2408 20.19426366160284
2409 14.174991501041733
2410 10.521340665496705
2411 11.63168830261423
2412 13.412946371738721
2413 13.5557970010425
2414 9.842110213824569
2415 9.835430352978552
2416 7.218191805739464
2417 9.7837300081023
2418 11.584098299422331
2419 13.522831882179354
2420 12.776576145118069
2421 7.4545737372824865
2422 10.022070903009016
2423 11.063338736221043
2424 14.699189857845644
2425 14.04388816542443
2426 15.478234781563135
2427 13.859265174542484
2428 13.703553021272418
2429 18.19802072167273
2430 13.82595641320466
2431 9.738703893318135
2432 17.381341188918373
2433 18.522876188330446
2434 12.779657532668026
2435 14.905155960081926
2436 12.96466387924475
2437 11.06897736386141
2438 12.938523831960644
2439 10.758716237515491
2440 12.552522151576024
2441 11.716029146248855
2442 15.2643473542956
2443 13.170696496123037
2444 12.336751927850436
2445 10.879626961794367
2446 10.711101565802295
2447 10.705679822822416
2448 9.195359677563008
2449 14.30094797473886
2450 11.093091588012632
2451 8.863606574576973
2452 6.002235714505317
2453 8.163789394357453
2454 7.871573249973525
2455 6.205797545569808
2456 5.46663223867321
2457 6.966779415892873
2458 8.462418509651908
2459 12.272144464754666
2460 15.083190128746436
2461 14.915987442075703
2462 14.938146175591944
2463 12.589300752089652
2464 14.580236976383613
2465 16.48906436391921
2466 15.901398521145957
2467 13.028297522949511
2468 13.974494344556119
2469 16.291404559595907
2470 16.68231104664742
2471 13.539676826712434
2472 11.988517066046608
2473 14.538476651555062
2474 11.5042732422369
2475 11.530100127399177
2476 18.009068190655093
2477 17.368594402484383
2478 18.0666330982385
2479 18.160617104057764
2480 19.42770460607081
2481 18.508437109140882
2482 20.57804881656497
2483 19.14545605909158
2484 20.654786717448907
2485 19.01672661035324
2486 18.1997391863579
2487 16.23872505703787
2488 15.563369397740786
2489 13.182539718748192
2490 17.00342152745356
2491 16.725375763145976
2492 14.466263234333473
2493 15.364005446717856
2494 18.6256772676567
2495 19.9373589058897
2496 21.28419705483013
2497 20.577044814332186
2498 19.348427345183957
2499 21.348718059388784
2500 22.17810933791184
2501 21.220756751401208
2502 17.049888260731276
2503 20.32301358531871
2504 20.35486837600852
2505 17.153454272045128
2506 21.79072215312174
2507 23.080140697771142
2508 21.676408484434525
2509 21.91706404598689
2510 22.272520564297466
2511 21.517358829696086
2512 20.119061938766098
2513 19.435384833844612
2514 15.2583168039425
2515 18.860999843797615
2516 17.674299668831086
2517 22.077409375083082
2518 17.240539438215496
2519 17.637868865116612
2520 19.52710755461597
2521 19.674662013718386
2522 17.43314972087503
2523 16.047273077074042
2524 17.334360108081096
2525 20.239570154370064
2526 16.937702911630417
2527 17.520412366099084
2528 19.476091246603215
2529 21.961315830117872
2530 19.182733190266937
2531 16.95218385213492
2532 17.782822905226954
2533 16.664757669534204
2534 19.930181263867507
2535 19.10591524533107
2536 17.365986866853653
2537 17.450595015473116
2538 18.54814382178059
2539 16.144683133984596
2540 18.984607002907588
2541 19.872649089235008
2542 18.789622580416246
2543 18.357177664886056
2544 18.27222592604325
2545 18.848473983597376
2546 16.998734931416337
2547 17.324818896560593
2548 17.99846861373668
2549 16.675018136674584
2550 19.572884151651884
2551 18.809201468553777
2552 16.799804561841018
2553 15.716188139610923
2554 17.20216728745816
2555 16.14958218844853
2556 17.032362253811666
2557 16.233783455240335
2558 15.232291825220647
2559 16.365091283485203
2560 14.857938890620705
2561 18.446880897920813
2562 19.302593863483253
2563 15.888824655940777
2564 17.976432475560987
2565 19.283134090250712
2566 19.604651447205743
2567 20.057884112100158
2568 17.6733122680875
2569 17.350093134521337
2570 16.78515023817451
2571 16.525009721117183
2572 17.943337626950484
2573 16.446674013657397
2574 18.61965573924083
2575 16.119102129861957
2576 17.692203747688158
2577 15.599279966415363
2578 16.88476933180349
2579 16.655726919262325
2580 13.68548066526972
2581 18.090952436723036
2582 19.58788179825231
2583 16.94257483324321
2584 16.01508402359098
2585 19.316119885824968
2586 11.29412650045473
2587 12.839386428482685
2588 12.996942027729313
2589 14.584084498855104
2590 13.578450480673764
2591 12.687718671146719
2592 20.56132150247625
2593 21.40008978473742
2594 22.67794381490605
2595 21.308915196720882
2596 21.759811314543462
2597 21.729583650016465
2598 20.423309498113156
2599 15.596688032457797
2600 20.251866986826197
2601 14.483285798426463
2602 18.31529793561948
2603 17.9333755288367
2604 16.432636845395507
2605 14.29957003799641
2606 16.387421915458706
2607 17.541469741888314
2608 15.412613357857792
2609 14.201479750350329
2610 16.427641143222534
2611 16.168465942391244
2612 14.17560333179304
2613 17.430743089113584
2614 12.435187307925757
2615 17.192201860827094
2616 14.968567787213859
2617 15.340126927484995
2618 13.87557926235029
2619 13.46964591469426
2620 17.449816975331068
2621 14.213911129002037
2622 15.829238065022206
2623 16.052871239361178
2624 16.393429135020714
2625 18.94080235204756
2626 16.717376341424696
2627 15.767488691895522
2628 14.105954509570868
2629 15.450779664650257
2630 14.539432408041392
2631 15.067112125555242
2632 12.577579853169226
2633 11.777349674544517
2634 14.054644017986133
2635 10.631241072290308
2636 10.625576524168043
2637 16.59790528572795
2638 12.89977576748519
2639 12.589155879611017
2640 15.51567744456507
2641 14.76747166310948
2642 17.696993967435223
2643 16.216213056589677
2644 16.365920086296285
2645 18.183383085095414
2646 17.175901868886704
2647 18.193076312632705
2648 18.88474228905053
2649 13.306560619852
2650 13.33586541576308
2651 15.44716320731972
2652 12.34402357996596
2653 12.570506086092987
2654 13.94109678214558
2655 13.972519720383044
2656 11.43549785436362
2657 9.745544183538765
2658 8.259714221860111
2659 11.801224100924145
2660 9.480650996298595
2661 9.314005760091906
2662 12.49483944023884
2663 10.791474272072293
2664 10.512817284268037
2665 11.143574404822843
2666 11.385777796805712
2667 11.675133758825414
2668 13.373669157240432
2669 9.152941942718824
2670 11.96215963404513
2671 7.793258728851179
2672 8.256981685311953
2673 3.6052178201565797
2674 3.776100110159975
2675 3.8583007657880795
2676 3.1152486076808077
2677 9.131739168595502
2678 7.077753454136895
2679 5.718193872117445
2680 7.892954522606146
2681 7.733684603815424
2682 10.696536452978211
2683 9.311858241638223
2684 10.569437902588751
2685 6.886335124299865
2686 8.212827954957005
2687 13.470355607786821
2688 9.286027540337843
2689 9.337917770173071
2690 8.093598882709694
2691 8.819704394590458
2692 11.75662284939026
2693 8.162287228116334
2694 8.717746953201331
2695 11.226758827858612
2696 10.98343593958993
2697 8.576554011251519
2698 12.521611649863697
2699 12.375930915925546
2700 13.63796854480428
2701 8.015039089628923
2702 6.956940983463485
2703 6.390101146949003
2704 5.6505648505279416
2705 8.214965442258714
2706 7.533865918315171
2707 4.12401510368285
2708 5.670756778303677
2709 8.144219517978563
2710 2.7139492782326986
2711 3.249311858122396
2712 3.527209631570391
2713 3.2479323710007644
2714 3.6547110509928595
2715 3.575387785257982
2716 2.8766556581044775
2717 3.3691396032725733
2718 2.462004706610437
2719 2.9687144400677
2720 3.129672514875935
2721 2.5502130325674552
2722 3.7271679097596575
2723 3.3655133619694944
2724 2.9938606438992355
2725 6.562356832986555
2726 7.865412251995324
2727 9.386044157187166
2728 11.03480024204738
2729 11.655279898407604
2730 8.042640119713633
2731 4.585338814476422
2732 5.269847117602859
2733 7.045145776782717
2734 5.793161969185341
2735 11.440962402571802
2736 11.285783753973057
2737 5.818152827098849
2738 4.997996959325455
2739 10.022511584266443
2740 9.292148362544017
2741 12.033893928371025
2742 10.353780174306094
2743 9.501098084124745
2744 6.090494486210243
2745 5.950937402068135
2746 6.4622430942637346
2747 6.1438818923927485
2748 6.119075768815921
2749 5.0769658256360195
2750 3.62894816520859
2751 6.618198572641823
2752 8.014215755827587
2753 7.654628062622648
2754 5.290281260034954
2755 5.864588803761883
2756 7.681402867462799
2757 5.620906640771153
2758 6.341101055627477
2759 6.970896286786028
2760 7.937556895044749
2761 9.042758747563893
2762 6.792055284689231
2763 7.964748854389593
2764 3.976945676243129
2765 3.687746521655179
2766 3.5762900568585523
2767 3.65732308848145
2768 3.6280156044381866
2769 3.6796587118405353
2770 3.5682183187601706
2771 3.7967318171703486
2772 3.719124108025133
2773 3.632714595047412
2774 3.6092819078770324
2775 3.717334445552826
2776 3.515861531761646
2777 3.577311849835234
2778 3.5505724111907817
2779 3.5107008518520737
2780 3.548533680864059
2781 5.138730398051324
2782 3.206404772627729
2783 3.7966042767832215
2784 3.7149874528595928
2785 2.8602420368479535
2786 2.930038799524894
2787 2.6504987847657957
2788 2.6512860424597493
2789 2.784694802021952
2790 3.619640273046161
2791 3.4517935646870863
2792 2.773269782288745
2793 2.6275042042294006
2794 3.054983881589293
2795 2.5991051985994376
2796 2.7278864599948105
2797 2.717295356082388
2798 3.3553285015573775
2799 2.5921528538811183
2800 8.054954974238807
2801 8.648571493925367
2802 7.695802740968482
2803 3.030542988996379
2804 9.620051724463556
2805 8.188987342544435
2806 5.920831222948625
2807 6.959417375773116
2808 5.413861224765213
2809 2.8820446010302105
2810 3.6398006963154397
2811 3.1699274125806616
2812 2.586646978299945
2813 3.4089918520168787
2814 2.7254653813431426
2815 3.207654673065607
2816 2.736449303901587
2817 3.079823805493681
2818 2.6737365728234854
2819 2.932853156874015
2820 4.269741611926753
2821 2.6341125157749223
2822 2.6887602406253004
2823 2.757354497323734
2824 3.0237338096660724
2825 2.4961231585859243
2826 3.230730052915529
2827 3.6310587677262753
2828 3.7217870552516312
2829 3.6956497959073666
2830 5.7281167439680925
2831 4.6352971824749964
2832 3.6526513841072408
2833 3.7439992437977505
2834 2.807645074335281
2835 3.3218002604346335
2836 3.406881041480884
2837 3.3197613249027467
2838 3.6152203367445575
2839 3.1864808338409008
2840 3.4999285109761002
2841 5.328817518089884
2842 2.688727620361503
2843 3.28930803762875
2844 3.614398429490238
2845 2.7633817206411027
2846 6.160678246426799
2847 3.0522272461519946
2848 2.9174697469171127
2849 2.6593776221570056
2850 2.825781877198024
2851 2.7996804501946344
2852 2.6279067814774955
2853 2.616416683964924
2854 2.7194703304714984
2855 2.673054829347886
2856 3.0026855071086844
2857 2.7787601670206574
2858 2.7997368569044316
2859 2.7036586246323173
2860 2.6549269987765607
2861 2.791425713400587
2862 2.710873140111669
2863 3.1326717077111343
2864 2.571394264167333
2865 2.695345321940042
2866 2.700966681473234
2867 2.581295916961025
2868 2.6620988413040347
2869 2.5460820582020207
2870 2.784888931335493
2871 2.557642846328801
2872 3.1498810528384116
2873 2.7714980107890885
2874 2.7612738190865613
2875 2.988334225437478
2876 2.6386999168758285
2877 2.769251572629717
2878 2.776644531138539
2879 3.6150706736757274
2880 2.834937836037636
2881 2.7363621908978617
2882 2.540313488110311
2883 2.6321626568451633
2884 2.7407484093495444
2885 2.890028863265659
2886 2.873926515738668
2887 2.7239696454411275
2888 2.834174106071473
2889 3.795479377560776
2890 3.145474025506147
2891 2.6234586132209037
2892 2.9519369336883643
2893 3.126886040239282
2894 5.728119497710104
2895 5.767068939705628
2896 2.7475345690670925
2897 3.486038479959913
2898 2.9534092670275376
2899 3.271718284550231
2900 2.672967176742725
2901 5.2714197274147025
2902 3.2375974101800544
2903 2.858344860119715
2904 2.690569807209883
2905 2.495405704645155
2906 2.5994747922555446
2907 2.774845026870673
2908 3.0079290904270986
2909 2.681949941779584
2910 2.6726709986034565
2911 2.8615238515702965
2912 2.683848104769369
2913 2.869128326048176
2914 3.316370165079777
2915 2.908794685430282
2916 2.508559747699099
2917 2.9218489340275147
2918 2.8266969952120093
2919 2.878889683116291
2920 2.64562535585882
2921 2.4465610346688798
2922 2.6527217079910503
2923 2.6436161330974928
2924 2.6188229611969853
2925 2.5516552233165606
2926 2.5498033392413233
2927 2.777863422460191
2928 2.4622131385263373
2929 3.014057421517476
2930 3.448644288766366
2931 3.3895156694452337
2932 2.572679357047363
2933 2.666808223564892
2934 3.4747557581515487
2935 3.240770330816346
2936 2.8468251573661028
2937 2.989289892841123
2938 3.502570839929314
2939 3.7483319450934944
2940 10.113661233862908
2941 7.875492618522376
2942 9.246658921888354
2943 8.820794898219281
2944 7.077293233116803
2945 5.4494593184481195
2946 9.018810542442944
2947 7.8432667602074195
2948 6.655996706733676
2949 7.7987902482759415
2950 10.723065070901983
2951 12.454904121511577
2952 9.725432980978272
2953 7.410350351637065
2954 3.6260734195888906
2955 3.757911785659812
2956 3.6214540067546728
2957 2.580544864886396
2958 2.7504526777251224
2959 2.7364994699066543
2960 2.4510102922395287
2961 3.3791583030192878
2962 3.720124572808887
2963 3.8805377017478704
2964 3.39203584873852
2965 2.8191639249333518
2966 3.2839318397750756
2967 3.9732334120179726
2968 3.7104218408233822
2969 3.606991369989029
2970 3.7646418054840165
2971 3.4452995411520755
2972 3.0943923215615223
2973 3.2563869984562923
2974 3.231372506950167
2975 3.6338514830222257
2976 3.1725379955056967
2977 3.688630188797096
2978 3.203957460436933
2979 3.714920683030949
2980 2.7806251174392047
2981 3.733242363663491
2982 3.46545116025291
2983 2.7807664898596167
2984 2.6122104378659183
2985 2.9558630943811552
2986 3.3807615471945396
2987 2.720407471181496
2988 3.758848950351107
2989 4.909222790029636
2990 3.926550251182218
2991 7.057220783393068
2992 3.6533624941198406
2993 3.281831132508376
2994 4.70704859825851
2995 3.431750762593675
2996 3.128789771847436
2997 2.523334422517423
2998 3.0734696424911445
2999 3.152311849769231
3000 3.423376857432819
3001 2.8376559932383554
3002 2.7516678314282044
3003 2.6164780720131704
3004 2.659794334283697
3005 2.6621292351919177
3006 2.6221427698908397
3007 2.991551536228783
3008 2.5927058095051643
3009 3.0079482226382015
3010 2.583120515326049
3011 2.7418242826411907
3012 2.8012233971659595
3013 2.904695517368844
3014 3.155136442547636
3015 7.404853648540433
3016 7.4791266506838125
3017 5.613716474736344
3018 8.446182893494512
3019 5.473073855133838
3020 8.234977568905933
3021 8.221483799097003
3022 6.4590726353310135
3023 10.547357918853898
3024 6.2245534120512485
3025 7.79488535368517
3026 5.9767978648127675
3027 6.360785593903049
3028 8.654499632571353
3029 7.539395353023842
3030 10.031918302442364
3031 6.157313766362294
3032 3.341096181478431
3033 3.2843456337711756
3034 3.6602616934711154
3035 3.298113223684879
3036 7.328112380263433
3037 6.724448773906655
3038 6.069201535748533
3039 5.629557579098059
3040 7.498680332306407
3041 10.553265107885075
3042 10.33286363052004
3043 8.930044674137115
3044 7.094874853179658
3045 8.469428403053174
3046 10.028861530233916
3047 11.220612985047856
3048 6.0330522004867
3049 3.661216869577579
3050 6.0826865828429835
3051 10.919737796012107
3052 8.62933599842355
3053 8.246102388341914
3054 6.795713199250911
3055 6.6491569861290944
3056 7.931116645001913
3057 7.147480296548734
3058 9.566845639761894
3059 8.098659319281108
3060 10.282406908726234
3061 6.633404643363293
3062 7.010747343494989
3063 6.8620470848568385
3064 8.19632731648071
3065 7.080676041242915
3066 8.254796110306382
3067 8.199619422456756
3068 9.089255359064673
3069 8.402874004626744
3070 9.10527194845547
3071 6.362800557596635
3072 5.179678976507714
3073 7.517957476143388
3074 7.862285361946339
3075 5.590493513379451
3076 6.312109220167767
3077 6.027885614164373
3078 6.445155997390152
3079 5.660575553289013
3080 6.178206855229484
3081 3.656227695705539
3082 3.451850095191905
3083 2.6330058088179857
3084 3.034645461820802
3085 3.651073564656761
3086 3.4077142638302362
3087 3.2480988439385414
3088 3.3676547076624552
3089 3.7146400291977857
3090 3.542623037776014
3091 3.1451948981916193
3092 3.170064896846265
3093 3.0145939917084092
3094 4.821604837784322
3095 3.1185906317919465
3096 2.716716587045417
3097 2.596148386978286
3098 2.5758518524488667
3099 2.9081509067192703
3100 3.496372001421421
3101 5.798010369764237
3102 4.204558397452886
3103 3.7758954913427987
3104 3.58187687185396
3105 2.5597500083062177
3106 3.284228838525998
3107 3.4074599789782565
3108 5.174959294110441
3109 6.94661666235318
3110 10.548512109343566
3111 3.7064638276770343
3112 3.3680391768578923
3113 3.8862236281767437
3114 5.114963187406448
3115 3.6436754199476726
3116 3.5757429387690167
3117 2.5145856333413907
3118 2.933993570357158
3119 2.7092921244159105
3120 3.2367423627941987
3121 3.3598217081281927
3122 3.2583019194301035
3123 3.360383408352104
3124 3.0448401212766374
3125 3.3638440223271613
3126 2.838006515937988
3127 2.562336897568075
3128 2.6881710803684786
3129 2.411497410364198
3130 2.690929847755894
3131 2.586625830669252
3132 2.734134421344974
3133 2.7859257691833466
3134 2.8291982891470964
3135 2.511695255894952
3136 2.5816042385312703
3137 2.958993102818544
3138 2.5258065897902107
3139 2.6798022120380005
3140 2.551222738881821
3141 3.5710329620507655
3142 3.6149107947244863
3143 2.8961957546011257
3144 6.086230328834256
3145 6.1360830553254555
3146 9.179970372891702
3147 7.269145014260501
3148 6.851619247737594
3149 8.400800160770395
3150 8.336604160388994
3151 6.071188215823807
3152 5.573172620498691
3153 7.5632816867899475
3154 6.158859681199088
3155 6.927195288004709
3156 7.287022098951364
3157 7.282650830286131
3158 6.917600430121758
3159 3.7304207817614854
3160 3.483814335765247
3161 2.819970431884893
3162 2.5656738853645153
3163 2.812149816536853
3164 3.2707607676888664
3165 3.6281334048667815
3166 3.70776440347514
3167 3.2773266150695446
3168 2.858947175992708
3169 3.3876431719778304
3170 3.270415844864099
3171 3.9435657140271876
3172 3.2371393264731583
3173 2.6676515239289404
3174 3.619604886883447
3175 3.513711506174835
3176 3.5304947075929203
3177 3.575100065955777
3178 3.3681395725426433
3179 3.6680002575785453
3180 3.34255322983698
3181 3.491908571469411
3182 3.387325743984305
3183 3.522645015075293
3184 3.5898760697191645
3185 5.899850876427928
3186 3.4995574800166267
3187 3.3072110996399378
3188 3.2199975244888215
3189 3.5731447618036873
3190 3.4639959385085546
3191 3.8123632367735807
3192 3.875981874963062
3193 3.423323236721572
3194 2.6065412476037353
3195 5.707900622524588
3196 3.6112761727734677
3197 3.8621626556404145
3198 3.7040943499950654
3199 3.242436904014697
3200 3.874728861332493
3201 2.558711256846476
3202 3.0899173999670158
3203 4.023165975175809
3204 5.63678562296456
3205 5.942398397038375
3206 5.545781915987363
3207 6.033534991844098
3208 7.003141064897192
3209 6.775364793480699
3210 8.216004942376738
3211 7.981001570721142
3212 7.944049481717929
3213 9.618470202446819
3214 8.131866974750352
3215 7.031660314635394
3216 9.366926167340338
3217 11.842735854982358
3218 10.677092354402253
3219 6.7569529606013266
3220 8.572485039346049
3221 9.127260879565732
3222 9.136329876960616
3223 6.492037037364246
3224 8.375191275164875
3225 7.402497723910733
3226 8.375633802069489
3227 9.569157952522076
3228 8.245713616300824
3229 10.606434016851285
3230 10.118884659625273
3231 9.683333640448264
3232 9.154688198504056
3233 7.279463901799835
3234 5.35319989579032
3235 7.191919515270033
3236 12.349990935907634
3237 10.031326101923868
3238 8.580615168664382
3239 10.055348347494663
3240 8.717599528220717
3241 11.419351773682239
3242 9.933221256044028
3243 11.447360240105306
3244 10.138529250949885
3245 9.330392092923276
3246 9.25766021137379
3247 10.086854764856342
3248 6.708847696934138
3249 9.038045748746255
3250 9.00309548698654
3251 4.735958171455617
3252 7.038092807889254
3253 7.331354922488876
3254 7.0294659329548335
3255 7.810003399043697
3256 5.380145512995381
3257 7.128604691398896
3258 6.292210604259077
3259 7.659354923870124
3260 2.8389982447470894
3261 3.8051915270715795
3262 3.385949613510468
3263 3.587843796479229
3264 3.5298456699735286
3265 3.143643470144451
3266 3.539531502200947
3267 3.715449310489224
3268 3.624172393416814
3269 3.3116202786031685
3270 3.6359865074171918
3271 3.589932658809483
3272 3.438855877861097
3273 3.4611026859076874
3274 5.714104971372048
3275 3.550700742531281
3276 3.89315117379999
3277 3.557649260642593
3278 2.6176445094268432
3279 2.5575741381580963
3280 2.583926893767723
3281 2.835183131849033
3282 3.4107271932741514
3283 2.5951060561299504
3284 3.7620491215086664
3285 5.4643508592707075
3286 5.642864667060599
3287 5.750473178672385
3288 5.651199565655046
3289 3.6266585395179076
3290 3.5433403520602726
3291 3.599032565790493
3292 5.308225097291906
3293 2.818595792576835
3294 3.082487934274511
3295 2.8010344398350364
3296 2.890830180640388
3297 2.600629386449814
3298 2.6172993507549798
3299 2.6456172236060183
3300 3.098752792016572
3301 3.3073943182268506
3302 2.5775683821520348
3303 2.5777324340271677
3304 2.9742280182280583
3305 3.465524018976226
3306 3.7282733930053213
3307 8.598983116179898
3308 3.660283675745662
3309 2.7970566554576344
3310 3.47003580433196
3311 6.259295312505471
3312 6.994171227424076
3313 5.8451370959383215
3314 3.3336258541964887
3315 3.3809927824382395
3316 2.996870557617549
3317 3.7514757984769442
3318 3.555193008792523
3319 3.045219221079338
3320 3.253148597832816
3321 2.7463080964307545
3322 3.0942312204688576
3323 2.547440364553208
3324 2.7855693570875255
3325 2.7051454870956224
3326 2.476182200467789
3327 2.615571383020237
3328 2.890069900518772
3329 2.752113197871802
3330 2.8658170148411717
3331 2.5524460876406185
3332 2.8887744174022605
3333 2.729777502698813
3334 2.6369907293210186
3335 2.581942553563993
3336 2.581653658214078
3337 2.6110640024168066
3338 3.0150422121692584
3339 2.9989643661848366
3340 2.8871037658758056
3341 3.1833458176163387
3342 3.147334513796058
3343 2.7954499315780335
3344 2.614030676629039
3345 2.723155022355324
3346 2.6102943184344496
3347 2.6778543076005854
3348 2.7260077577573716
3349 2.6963365576170517
3350 2.6388029872943237
3351 2.59381267929411
3352 2.6055680962923415
3353 2.4970829071866754
3354 2.623165031312846
3355 2.7212210999712085
3356 2.7247844870072626
3357 2.924860379801015
3358 2.840391277177662
3359 2.9504519607127317
3360 2.807016591475875
3361 2.5060262384922867
3362 2.6046298616734536
3363 2.499843547964518
3364 2.468131553276835
3365 2.756617601445187
3366 2.844729327321387
3367 2.760259319786733
3368 2.5621345805867293
3369 2.886202190772914
3370 3.288000927723857
3371 6.118672137354566
3372 9.195901862884003
3373 9.58934693588332
3374 9.41219618089525
3375 8.30015924875651
3376 8.000334900142255
3377 6.303219536788268
3378 7.7055151373261
3379 7.660737048414806
3380 7.63137135103788
3381 7.485913804005997
3382 8.060732410183464
3383 8.87541172312631
3384 11.56341158964609
3385 9.002188796515156
3386 10.227772116649373
3387 9.701265811721123
3388 7.96487066965585
3389 8.685931827715132
3390 9.681048639813454
3391 9.486349082005082
3392 6.972662461936545
3393 7.665583308773354
3394 5.0239712488637025
3395 6.964046144490716
3396 6.494251229798128
3397 7.285611229719108
3398 8.154933762748971
3399 8.256764291070228
3400 8.29240744374071
3401 6.958473673990968
3402 9.35596834424269
3403 5.17843903238462
3404 5.9097011848347005
3405 7.165420220701841
3406 5.706109647365647
3407 3.416112584834463
3408 5.401991155793985
3409 3.285885992547917
3410 3.407208300146959
3411 2.5281336140288793
3412 3.0685306720919017
3413 4.6223260894509774
3414 2.767716933725147
3415 2.9285901867030075
3416 3.4276686719156424
3417 4.947197452531134
3418 4.478950241262159
3419 2.4980556254177952
3420 3.278622904110355
3421 4.889073940209123
3422 5.041827270243413
3423 5.708749748484789
3424 5.3490323747854385
3425 5.559827649039307
3426 5.939475697586195
3427 2.958025498263436
3428 2.5773778655456443
3429 3.0519120288602504
3430 2.6440761558025323
3431 3.0980241678412943
3432 2.8301737000819323
3433 2.9559477627221664
3434 3.0425903086287343
3435 2.8029692181779486
3436 2.8221736560740047
3437 3.0009426029833617
3438 2.6335893625756457
3439 2.5454408071566137
3440 2.792148361543244
3441 3.2547944866983425
3442 2.6311224151684542
3443 2.4992500657567063
3444 2.7840826834007144
3445 2.6753617987975984
3446 2.78343241682202
3447 2.699469213238105
3448 2.7714645518823424
3449 2.7610761805516213
3450 2.853511963945025
3451 2.642268053942333
3452 2.687167066395251
3453 3.570979434602418
3454 2.55559802348401
3455 4.7547851103266705
3456 5.908344845285093
3457 8.954127821886138
3458 9.488723219914498
3459 8.491036311548983
3460 11.144446926984283
3461 9.371072292959395
3462 6.689718525078602
3463 9.122407936644246
3464 8.288703047810904
3465 11.517898403970964
3466 7.983588482352076
3467 9.734990397542179
3468 9.721358540579036
3469 10.835987494675107
3470 9.855825796460906
3471 10.440228349375673
3472 9.328722932427599
3473 9.02745423484517
3474 12.57772575569136
3475 12.227729753838075
3476 11.723183399606175
3477 13.390755504979714
3478 14.354372243307846
3479 16.11943522697144
3480 17.11893636724068
3481 18.042988259337164
3482 14.54910154755626
3483 13.455798219091518
3484 14.189688885421857
3485 10.613991746210766
3486 10.33531563582144
3487 10.691349314866837
3488 11.604029584988558
3489 11.287217779107568
3490 9.385682396697172
3491 12.10512585832693
3492 13.825433357832733
3493 8.057577102771008
3494 11.301081599368818
3495 10.778096737697709
3496 8.179610540918688
3497 9.575611874146242
3498 12.670928899229052
3499 11.854063963187487
3500 7.8953804522672835
3501 5.673904701910961
3502 4.844322929044631
3503 8.01656005365057
3504 7.9958159890524625
3505 3.1564623623540147
3506 3.21226543452849
3507 2.9921606535920504
3508 2.84735766182313
3509 3.1478683561684364
3510 4.506196060520537
3511 5.226709515996085
3512 5.392333679041179
3513 3.0078622849988945
3514 3.4509490397902627
3515 3.445738847480895
3516 4.435040953233707
3517 4.262169103585336
3518 5.904244793077549
3519 5.640627113948348
3520 5.8301822686211295
3521 5.068266618252878
3522 3.4601777166797953
3523 3.7480676145092224
3524 3.4178408953816897
3525 3.6509731427294145
3526 3.606582063799016
3527 3.7922714005668055
3528 3.491602665527588
3529 3.532430122052619
3530 2.5487281936959434
3531 3.087916825673145
3532 3.5426883028850407
3533 3.7289248895636957
3534 3.455374483828754
3535 3.585543432197068
3536 3.611097591014619
3537 3.425800562946392
3538 2.966007157375001
3539 3.182516747488919
3540 3.319405223932275
3541 3.6160930790742407
3542 3.202066512421719
3543 3.6630150538455695
3544 3.187887291454666
3545 3.027076579956795
3546 2.844805483482124
3547 2.62115407409474
3548 3.6184368331020695
3549 2.6530732095000125
3550 3.533773530087842
3551 3.131982986159387
3552 3.2118865936934493
3553 2.7342514676369833
3554 3.6573684967081923
3555 3.0943752771465522
3556 2.945272287113941
3557 3.7414328567104023
3558 2.5896117372284797
3559 2.949817107164595
3560 3.0768259681671513
3561 2.805059188801069
3562 3.3935531719893905
3563 2.826588941025273
3564 2.659186001480601
3565 3.082224544655778
3566 3.2922267727064334
3567 3.2424770870507196
3568 3.3682721806524327
3569 3.0842824117093146
3570 3.3939454449062088
3571 2.9520655887032348
3572 6.079062774863124
3573 9.257954714763317
3574 11.73933687641166
3575 6.27417357066902
3576 3.653750549383
3577 3.631130801954169
3578 3.6595827150387263
3579 5.181914309113018
3580 6.178360408580812
3581 4.803703194095802
3582 4.946538869415349
3583 3.597885992537512
3584 3.2378275459222787
3585 3.8310337412739637
3586 3.329664561481462
3587 3.6382153393044923
3588 3.3936162083352848
3589 3.6154320486437244
3590 3.636377516974507
3591 5.912717148391867
3592 5.411458704909814
3593 7.956387399932945
3594 9.385146883759658
3595 9.70290347016586
3596 9.51265021957636
3597 8.889634315859828
3598 8.938442339968265
3599 7.451175740090702
3600 10.614002732285126
3601 9.952021399736028
3602 3.46982583525792
3603 3.539738542650885
3604 2.769816621047015
3605 2.6605000193836963
3606 2.7193600732371292
3607 2.6668424610891446
3608 2.8529875270695997
3609 2.831736232502137
3610 3.156247663513658
3611 3.373466405495464
3612 4.589579988103222
3613 3.6147101490558717
3614 3.771801802824649
3615 3.7432819478701838
3616 3.6228124793818983
3617 3.623304568415104
3618 3.664466729604346
3619 3.654192515463398
3620 3.564245940900419
3621 3.4436351509797953
3622 3.6741450695651974
3623 3.9205153138263764
3624 3.6119317699671014
3625 3.5751350093568908
3626 3.6834299663865835
3627 6.138705698835944
3628 5.451869381381365
3629 9.808351246507861
3630 11.855593993625288
3631 9.58586390097869
3632 8.397950235685094
3633 8.74058157882863
3634 6.725486101363365
3635 7.397280926856099
3636 8.902863646841197
3637 5.624709668889393
3638 3.5758628429293275
3639 10.65518591659198
3640 7.828997780688059
3641 8.421363060777221
3642 11.346073878564406
3643 8.358809555022914
3644 6.62504359048438
3645 7.9929191457019275
3646 3.6690013691078147
3647 3.509257000927241
3648 4.068157332293945
3649 3.24568269551912
3650 2.672665655931355
3651 2.7849036784009744
3652 3.1474947225647165
3653 5.4265059735302374
3654 2.585595643955517
3655 3.594723733577597
3656 3.7720266218398946
3657 7.122972300688147
3658 7.36208181752226
3659 9.308338868535838
3660 12.418774697260027
3661 11.950417601627503
3662 11.656193095068657
3663 8.721131569829186
3664 9.768941833137557
3665 10.316461380191079
3666 9.747966201806705
3667 6.6740444853340595
3668 10.427506693818128
3669 9.722616376668658
3670 11.456196902688086
3671 11.521306933734005
3672 10.532195366568185
3673 6.417040716010479
3674 8.532721744209338
3675 6.570029994253079
3676 5.636046880171257
3677 6.2935328034748395
3678 8.002242839373558
3679 7.544342556593747
3680 12.217442783748696
3681 11.285288451518621
3682 4.933612188525841
3683 5.8351151132976735
3684 8.30715489054472
3685 7.365508810631501
3686 9.305093123244081
3687 10.492182726047025
3688 9.353930465588366
3689 8.417153015419432
3690 11.714819738133565
3691 11.56900388710988
3692 11.62956526012092
3693 9.653245786022584
3694 8.79010580249066
3695 10.29207421694142
3696 10.749027601541844
3697 8.816548052485441
3698 11.880853454558718
3699 9.92865190888217
3700 13.043444640319716
3701 11.20931976704765
3702 12.044495492824858
3703 10.378666223529022
3704 7.032884220675937
3705 6.522250747812066
3706 5.776091897104855
3707 8.686559207698977
3708 13.838073309431332
3709 10.648823202461154
3710 9.728151244027314
3711 10.146320032881963
3712 8.89290313210371
3713 9.104712952937952
3714 8.863312622007987
3715 6.811756584392849
3716 8.048609300187197
3717 9.682021369486106
3718 5.641609995721657
3719 8.193019576914601
3720 10.40291106402368
3721 12.766259345612808
3722 9.619519702081941
3723 8.693539684700584
3724 8.251174367289872
3725 10.512105150646505
3726 9.326285676349233
3727 7.994514112762936
3728 8.832843274882697
3729 10.236598915705656
3730 9.312232835949645
3731 9.893690530066154
3732 10.796781266057765
3733 10.042011771612042
3734 10.95050065945777
3735 8.079597830635173
3736 6.977578398356608
3737 8.72967639843862
3738 8.1672604139749
3739 9.403225381912492
3740 9.364848892862723
3741 8.212067171024033
3742 11.33971492967939
3743 10.428158458699079
3744 10.776787505753926
3745 11.890055974728405
3746 7.396126193640672
3747 8.177899546319997
3748 9.370584683335496
3749 10.236460193261951
3750 6.880819985074007
3751 7.732407792261627
3752 7.635392771718592
3753 7.832114644195414
3754 8.457672395954312
3755 9.20730634259425
3756 6.115461426088792
3757 7.000243408985379
3758 9.956009061405757
3759 7.936949627398036
3760 7.038386368490041
3761 5.986078417515188
3762 7.687267942822981
3763 12.919025752653338
3764 7.962371523125298
3765 7.400981021500417
3766 5.9986321664097675
3767 5.5856431325432645
3768 3.5805611572333795
3769 3.4654576489010207
3770 3.533533442489614
3771 3.952395845477305
3772 7.457179949164204
3773 7.56004084722575
3774 8.17059153849796
3775 8.528937577410236
3776 6.950664071830117
3777 8.270508451326778
3778 10.777589230311712
3779 10.204391707403312
3780 12.299298943614776
3781 10.082653612656559
3782 11.580742298248605
3783 13.857095380888037
3784 10.161774823474387
3785 7.677958845055895
3786 7.807207094456283
3787 8.476989892201026
3788 7.805235538978785
3789 8.904592960575775
3790 7.990129406280347
3791 9.580168635213626
3792 12.772402095961287
3793 10.06174804789495
3794 9.900112856145604
3795 9.65566110909166
3796 10.339031719124337
3797 11.07711753713845
3798 9.98782466692185
3799 10.651849180913727
3800 9.197001607331835
3801 9.696435578620521
3802 9.006694587410642
3803 5.558625843746642
3804 5.614389985975372
3805 6.228762591141042
3806 6.468986675507288
3807 5.600459168002573
3808 4.2015802598746514
3809 4.582735090047278
3810 5.044907937399133
3811 5.201864541513217
3812 5.057174464718628
3813 6.321431527077695
3814 9.33458738701877
3815 12.133569890823749
3816 10.67506617562666
3817 10.456281577495469
3818 10.412804697772444
3819 13.369991545184119
3820 11.26484941743816
3821 10.798299919116628
3822 14.62264964827609
3823 12.160246558326792
3824 7.904273718455727
3825 10.892748181220163
3826 9.135045476089834
3827 11.223414062613948
3828 12.799959640023701
3829 11.638382318503483
3830 9.599983117885566
3831 12.990044493801372
3832 11.996053921003572
3833 12.461078052205476
3834 9.282337747150136
3835 7.559512024931855
3836 8.301603023848898
3837 10.703186459108174
3838 9.825688244815767
3839 6.82018102959509
3840 6.700139678301554
3841 7.4989434770197025
3842 6.768583008908912
3843 8.164738113876693
3844 9.244210841992656
3845 7.44186069868838
3846 8.486983717126027
3847 7.217497839035262
3848 3.4469668098216246
3849 3.4849446305206975
3850 3.4730877790110735
3851 6.492248260007365
3852 4.67533734580037
3853 6.554221370726842
3854 3.54100868725748
3855 5.444217802251341
3856 5.821351048300793
3857 5.9463847628714355
3858 6.539123294408825
3859 6.745353519462213
3860 4.872703224673682
3861 7.23952556341334
3862 7.698292439760206
3863 6.943073811604389
3864 5.507972837876692
3865 6.083134869096084
3866 6.720514410971589
3867 5.56874222078781
3868 4.446316034680167
3869 5.693402362772074
3870 4.063259435680683
3871 3.6937180203336024
3872 2.9417768691106
3873 3.1839381049569337
3874 5.015208200106079
3875 3.6168806257369304
3876 3.5183900602022398
3877 4.452228845891077
3878 4.935650440397946
3879 4.71316775533581
3880 4.099592019256388
3881 5.885657543959193
3882 6.210979207558805
3883 3.3267448298671534
3884 5.100720261527063
3885 3.0500881227504117
3886 3.6663424622095
3887 3.165983368034187
3888 3.62561795901849
3889 3.604419111844249
3890 3.662280014783205
3891 2.711891945472653
3892 2.655397229266311
3893 3.6182479070525346
3894 3.6802739731889957
3895 5.370987309457818
3896 2.8613604424558914
3897 2.882111279104336
3898 2.9385851630802162
3899 2.6418129409487596
3900 3.3859693663600865
3901 3.065166721519761
3902 3.2771998925599712
3903 3.399367609790281
3904 3.111210825190593
3905 3.015904064114935
3906 2.9049279258866956
3907 3.198824090436277
3908 3.0037831152670953
3909 2.936633377876784
3910 2.7753828850681184
3911 3.0247006890212553
3912 2.6821872610825737
3913 3.532063345737846
3914 3.9641400062526198
3915 3.096842773271069
3916 2.8648450583883984
3917 3.857228581000853
3918 3.5394046261305587
3919 3.1808612554538875
3920 3.0504216240054784
3921 6.206846956341822
3922 6.786867219829677
3923 7.638107303634085
3924 5.943293670574112
3925 4.683125144513571
3926 2.79686046555483
3927 3.1096262247976636
3928 3.1048970641317033
3929 3.6815556808024597
3930 3.5006591708036905
3931 2.7845154313034706
3932 3.4866705342397797
3933 3.319944854649687
3934 4.2872487972228575
3935 3.281202368988379
3936 3.2055827946731523
3937 3.4216204229961904
3938 3.1856653234255337
3939 3.1865886131539307
3940 3.441651512532049
3941 2.9376230572874795
3942 3.6237894884156496
3943 3.6981118094947814
3944 2.908923654658529
3945 2.935852817196684
3946 3.759327882801355
3947 3.400314176519071
3948 3.405912276301965
3949 3.3275587243842515
3950 3.835147897224071
3951 3.5326238914377424
3952 4.030881183561967
3953 3.0203459742597984
3954 5.761751621206114
3955 6.097345822855103
3956 5.694058756895653
3957 5.950461154795928
3958 5.920860270555776
3959 5.943078887953568
3960 3.2571349024300167
3961 2.695620259284059
3962 2.661396633140628
3963 2.8005849649669567
3964 3.0377196040909404
3965 3.1721012787788343
3966 2.927056178232927
3967 3.401231941540599
3968 2.7760991585478627
3969 3.0940816544255614
3970 2.657294216571513
3971 5.9441832367865475
3972 6.648668352613807
3973 4.613024203822036
3974 4.183554154081176
3975 3.761094305407326
3976 3.573474885888092
3977 3.5747318018909873
3978 4.0717631059863395
3979 3.33414883437023
3980 3.2446128875406606
3981 3.079528042452763
3982 6.957264842354969
3983 7.624370593700357
3984 7.128934340806421
3985 7.922696081921468
3986 9.478028770196577
3987 8.012694740160997
3988 11.566918449289892
3989 7.289588813234084
3990 7.815697913074957
3991 6.912368325506572
3992 6.808901723843056
3993 7.712356019197942
3994 10.195339523283527
3995 12.967317425112915
3996 11.382841859844298
3997 11.205259962901739
3998 12.460429221241913
3999 12.900015736182365
4000 13.179133349278466
4001 40.41694883326528
