0 23.006236540924004
1 16.999869877306647
2 15.859094671024517
3 13.257808605949856
4 13.82125230760048
5 12.763263041821887
6 9.996722917247018
7 10.941156246309976
8 8.84044917713321
9 10.467872613801397
10 11.010850811132949
11 12.82630199957586
12 15.37608974166474
13 15.204118086513954
14 16.871840157176617
15 17.118754499888627
16 19.829930788306257
17 22.27040991424364
18 22.992900239681127
19 23.6047405536849
20 26.055133211026348
21 25.419143956415027
22 25.868572176064
23 28.865871489820012
24 22.716785774477763
25 26.767712165617336
26 25.437366898386575
27 29.424508241860078
28 30.137188965823345
29 28.922128455900932
30 33.424560800593206
31 34.20621601634904
32 37.691931834499805
33 36.26618187171783
34 32.46069836103271
35 36.55456486191143
36 36.82748625264821
37 39.37286166161746
38 35.175015841049174
39 34.00332396471646
40 33.16764963360309
41 32.70777750062149
42 32.394935339669466
43 32.93737478740151
44 32.82259046500477
45 28.156862320250145
46 25.831643480570097
47 29.44941378260382
48 26.72738650565432
49 29.39626017148655
50 28.20414369048497
51 27.005238928555265
52 26.340406865285132
53 24.11384815284939
54 29.689828669824067
55 31.32517068529959
56 36.736929257918504
57 36.45924524385189
58 37.11276439759911
59 37.56713113439346
60 36.835682868102914
61 38.610421262358706
62 32.243530830468636
63 35.3760600731202
64 32.384686011025785
65 30.486499628988202
66 32.165086890420945
67 30.71424533012022
68 29.154737503343476
69 28.77543314447222
70 27.264808874394927
71 29.602375078205934
72 29.655032143956106
73 30.3717565098019
74 29.680324473986072
75 30.216151634084838
76 29.88873666910866
77 30.391426766717675
78 29.27926758939361
79 31.37637736669902
80 32.49936792931686
81 32.0916780334895
82 30.069885699884953
83 29.383983264734898
84 26.842177520773603
85 28.076026734653084
86 30.22394864291948
87 28.738089049380168
88 29.261911351295844
89 29.2856902985968
90 29.17688808727498
91 29.947665845600454
92 30.03049010005016
93 27.567255242346913
94 29.494751339822468
95 26.789767779618096
96 26.253185698563062
97 25.84044017723908
98 25.460804144303445
99 26.86091429176162
100 27.757875849920687
101 28.126542143159433
102 29.818821930673792
103 27.70384762897957
104 29.597970553394525
105 31.28043600820024
106 28.18882843473553
107 30.22125680734947
108 30.123967683571735
109 29.25666143810826
110 27.69842720855012
111 29.054584683044933
112 32.03783111603719
113 30.572445638086343
114 29.81302391590712
115 29.032680777129805
116 26.08283267273853
117 26.566275437745535
118 26.47246309529109
119 26.51434791219207
120 26.566127395932572
121 28.210608606490986
122 29.670952322359202
123 26.686912756262107
124 26.510211011924202
125 26.30095279899708
126 23.967697350926045
127 25.628363634755306
128 24.717786945303853
129 23.88602697600785
130 24.523869168590096
131 25.335910126484325
132 25.803098046589284
133 27.009420900828395
134 24.174902748046765
135 27.472474200707065
136 25.98212675004431
137 27.841422201968808
138 28.324581695888707
139 29.401066988521244
140 27.639151933359724
141 27.38750747211231
142 26.97684575328031
143 29.241914284349683
144 24.235015001523987
145 25.954589616812786
146 24.915907469745093
147 23.735493010245147
148 23.9408315219375
149 22.96484691008294
150 24.40887310341707
151 25.039115835125482
152 26.140789800561702
153 25.152053995337226
154 22.588551161103272
155 24.847437877385154
156 24.85488908830832
157 23.660340841165958
158 23.308138522754216
159 22.138975610648522
160 24.99947394689083
161 26.715454172811476
162 27.167346424175477
163 26.665584376749063
164 22.34631451195488
165 22.811865834140466
166 26.386638082894997
167 26.14360116525305
168 24.325899411235582
169 24.27106068459914
170 27.002381635784033
171 26.40955121888084
172 23.955642928140954
173 26.12862773143299
174 26.59600007737493
175 23.35908789934493
176 21.113888344648533
177 21.281734466427945
178 21.604861698712014
179 23.758513920773435
180 20.626602651319814
181 20.72606835068895
182 19.33383053581475
183 19.086118296960535
184 16.29080852968259
185 18.082818770699454
186 18.844283904909325
187 17.614440256019396
188 18.251223386631043
189 17.516859404071628
190 18.473310507452855
191 20.408425125711798
192 20.120843698588388
193 20.606358258015337
194 21.10909086469871
195 19.657411957739562
196 21.244016724868562
197 18.815647726353678
198 19.83521887775645
199 21.08559932914531
200 18.744534795793108
201 15.649980211731096
202 15.959843278082872
203 14.821071067593287
204 16.92247003824182
205 18.2673980024267
206 15.944465786540514
207 17.75330329632381
208 17.12148756079929
209 17.335575278227537
210 17.623939225849345
211 17.133189927854023
212 14.596086381585806
213 17.04229074948244
214 18.078538332741292
215 17.854859765324232
216 18.415205958570972
217 18.946399663880204
218 21.71596715447125
219 21.189774798807864
220 20.395222693796807
221 20.843836571940948
222 20.861564239305824
223 21.368889631665816
224 17.30922554227443
225 18.494575547925702
226 17.923865900446266
227 16.958683292451948
228 18.8504164198161
229 18.647759006234505
230 17.494149283728735
231 20.730984258255717
232 18.56573653852164
233 15.513233225201907
234 15.737926608921509
235 17.713643686784916
236 15.597395099104899
237 16.193126423628293
238 14.464611165967746
239 17.240125156001803
240 18.54512489653356
241 19.840704891159596
242 20.275974485862772
243 20.518560610031297
244 20.079729987985154
245 22.812387599122378
246 18.76313584059404
247 20.12128900065867
248 22.566858366760215
249 21.723441736875753
250 19.561249296237765
251 20.16887441638817
252 20.515400144546604
253 21.251644346672677
254 22.618033375401513
255 22.79075063985033
256 21.85823790998508
257 19.302347400206305
258 22.799422416102495
259 24.62305873200163
260 26.564426203138353
261 26.06153763062045
262 24.015633330992557
263 23.540998606506903
264 23.057472222965714
265 21.78317063603134
266 23.980136325378083
267 24.32112794905022
268 25.900772055058887
269 26.027973127615564
270 25.97627599248734
271 23.91549065005553
272 27.940334152593913
273 26.072418789672636
274 26.874633333141396
275 28.032542073755767
276 26.388156683618355
277 27.320005782756898
278 26.332498782775343
279 29.66753685547738
280 28.18053330187207
281 27.977522511388546
282 27.984697718130644
283 27.616612308118693
284 25.11547505644403
285 25.532010455824427
286 26.868763608722222
287 26.364199754770496
288 28.77767500281322
289 24.669297317005757
290 23.86312658156556
291 25.671927106779695
292 25.911598709471907
293 27.615912251045163
294 25.085572287480378
295 26.376414967379315
296 25.68249684373476
297 27.970508115080786
298 25.785993737051147
299 26.453946220104978
300 25.235835536961147
301 25.18543292790176
302 26.099794556727907
303 25.693700031325715
304 25.420112613936023
305 25.6959442111869
306 26.348329554673487
307 21.554824150145727
308 24.709094661275277
309 24.220311167425773
310 25.4382476892917
311 24.645225340451347
312 23.772992106627953
313 26.504024671317165
314 21.971203773940747
315 25.4279594201242
316 23.136172506229393
317 23.61769378211204
318 23.43037313117817
319 24.75171103788083
320 25.095131451068962
321 25.578226494354272
322 26.427896273742817
323 26.293504672348547
324 23.872246149224164
325 26.517262509113024
326 29.789729840967556
327 29.218944738812997
328 25.595730926635657
329 26.15682782728344
330 26.916428688394294
331 27.08091248249823
332 29.129339131547233
333 25.99677744957103
334 25.830134239483144
335 25.80302400086392
336 27.28992796343919
337 27.06708947584667
338 26.020159294937063
339 26.039734056289692
340 26.871674720299822
341 24.51151265999184
342 26.25111350584305
343 28.172291877121786
344 26.054545433284527
345 23.628131067318385
346 22.893275109000445
347 24.088052975621356
348 25.7575823608671
349 23.611938325842672
350 26.687317207228766
351 22.93412181013799
352 22.39275479055087
353 23.799857404587602
354 23.62582235649432
355 24.378456797902093
356 24.591761589975608
357 24.90408801746606
358 24.579906632174886
359 25.35975735039901
360 24.61454748797532
361 23.232872596807965
362 22.926104054131454
363 24.435762756884234
364 22.866066901806224
365 25.040719995812868
366 27.25839014714019
367 25.50562970055557
368 25.553035455141806
369 25.215085253189017
370 25.228157608041347
371 25.089324077686612
372 22.453825150962206
373 23.15361433535171
374 22.41198878562421
375 22.712137852589038
376 28.527086395109116
377 28.821456424357805
378 27.286296632341205
379 29.275767450686576
380 27.924226001638086
381 29.508414994129282
382 31.420864240684068
383 27.24941488058509
384 28.305946308807947
385 28.312353279943412
386 27.612074513603805
387 25.507345113893656
388 28.08457627405854
389 26.53399352504726
390 23.670227340231865
391 26.914748217039104
392 25.811472914420538
393 23.82305464644393
394 25.142148065348483
395 25.145078804710504
396 23.84512287920221
397 23.30865362611762
398 24.848551110626463
399 24.483202403172307
400 24.78000542524555
401 24.781205707525096
402 22.288579976923298
403 24.144233556619206
404 23.90786589313434
405 24.010288780065892
406 25.62870250178618
407 24.156436879642353
408 23.619763776032784
409 26.014387105439855
410 23.24181121123995
411 21.789944053045062
412 24.856290692813275
413 23.026771929559057
414 21.389819605470688
415 19.76708856442253
416 17.861363280275757
417 18.25390293620889
418 18.80186179333143
419 17.705124971498307
420 19.32629661310329
421 19.418112631561723
422 20.88784877629751
423 21.841511218393276
424 24.50834781362093
425 21.65491590241854
426 18.353578439322252
427 20.93207789007753
428 20.386271810598767
429 19.376207537306904
430 19.842317742590186
431 20.880345230465938
432 22.4767215295009
433 22.560325994471086
434 22.528848302660325
435 23.43139821763888
436 25.98400837764845
437 22.760454082251997
438 22.841759928627468
439 22.39851849707889
440 25.759392799306116
441 22.189150400904538
442 22.195296342234222
443 23.059439274703664
444 22.052756469397988
445 22.795649506157638
446 23.461352381187712
447 23.065281642614334
448 25.21627874048521
449 26.691568517693703
450 23.835216868884103
451 20.41846054730513
452 24.46755672823671
453 22.020993761442423
454 24.454271332736962
455 25.0357511694696
456 26.090699422752927
457 27.94223276117566
458 26.772526432359427
459 28.537862607587105
460 27.925488589637954
461 26.0782339705147
462 26.84460264023176
463 30.133250371746247
464 30.30445247032896
465 29.903278619729722
466 31.156219473616105
467 29.046775067804667
468 29.631707425059933
469 26.260739145387674
470 28.659076225903124
471 26.010692228548475
472 23.625341931843813
473 21.526021276691427
474 21.57335569316206
475 23.83299617857904
476 19.1172410232127
477 18.234323114290795
478 19.929034650461915
479 22.0875224736379
480 23.268351907830027
481 24.159570239078693
482 20.851062326717944
483 25.30770147321631
484 25.05969658347554
485 27.117714336875096
486 23.988518229080093
487 23.367271784146485
488 21.669046308326354
489 21.3011518983954
490 22.96837966033309
491 22.855198149221867
492 20.776063304330957
493 22.866007972520638
494 22.235361573024736
495 22.007899164464803
496 25.39154421208897
497 24.315198383185056
498 27.91409318913626
499 26.58737850481068
500 28.6952170715271
501 31.278673794479722
502 33.04210906922205
503 31.881802932081598
504 30.04196462619828
505 29.27633594433785
506 30.941154825621414
507 32.70925415693241
508 28.044960998737032
509 30.43151132767696
510 30.641984854856148
511 30.033327652090364
512 29.841889096795818
513 29.443978341597482
514 29.570443143572593
515 26.84212575374062
516 28.92394481404634
517 25.696375416385717
518 27.0121307712596
519 28.211075617540033
520 26.011959250172534
521 31.91398446718346
522 32.159637027087186
523 30.814928666576943
524 31.53767440690912
525 30.835119369892706
526 30.955744413095374
527 34.50300335946684
528 29.02931818485727
529 31.028203430685533
530 30.696013703187713
531 27.654718149696034
532 29.74916574788915
533 31.44199059348513
534 29.364143361945224
535 28.232965920638236
536 28.762735672908295
537 27.522218413484723
538 29.79370723292857
539 34.87481110749328
540 33.547179813223096
541 32.16218079325553
542 28.541131495693556
543 28.755833607030972
544 28.41571971974773
545 29.837203121528834
546 29.772777705411407
547 30.44389811706605
548 31.372591873048474
549 30.373232670977092
550 32.86703102467275
551 34.745584476697125
552 33.441523937745664
553 31.846850534565668
554 32.939524877210644
555 34.2382832736739
556 33.77391294621647
557 31.755967265518713
558 30.906109741929697
559 29.698965349228487
560 32.40590031978185
561 32.62060410422588
562 32.61128505466516
563 32.20192243189747
564 32.715594950332004
565 32.70166731701176
566 31.612996589812816
567 30.849731417262436
568 30.357913424946428
569 28.54631148911893
570 30.618994374771592
571 31.231472205775752
572 30.796986198013613
573 30.72543684120141
574 32.71264230748509
575 35.076159084079734
576 30.551871807288112
577 31.785138402197614
578 33.281785630616945
579 30.757045856513454
580 30.77079485640633
581 30.634662899393685
582 28.913424372745315
583 29.92664079111689
584 31.51375997864603
585 29.066079706586013
586 27.744929003451706
587 30.277625221345176
588 28.00037082584855
589 29.394354071805186
590 29.623341000592195
591 29.011832923068795
592 27.22511067942274
593 31.456481901160537
594 33.80961692845793
595 29.744310398056754
596 31.138744539520232
597 25.781733158469816
598 32.24230345108998
599 29.33381633713362
600 28.524965729449875
601 30.13120214432338
602 28.53041984738633
603 27.885856201180648
604 29.28404136370466
605 30.4239985092197
606 31.34512292939795
607 30.38536715010963
608 32.52510522575298
609 29.512394348654095
610 28.8500306709699
611 27.852931506063285
612 26.879412908614732
613 27.27617406954197
614 27.67379626390233
615 28.63197186649704
616 29.24284061546369
617 31.85622099371634
618 31.26971254244108
619 28.501450122843334
620 33.57978299096382
621 31.037513128848754
622 33.04315206820239
623 30.06744600865507
624 30.034847408877415
625 28.364534275542823
626 27.50084745255579
627 30.322703257309332
628 31.323244952479907
629 32.481272297731316
630 31.05109057640647
631 31.03679818095896
632 31.40536486713323
633 29.248605026289766
634 29.5484869628932
635 28.791555246639543
636 28.946834842625105
637 32.937281980403874
638 32.148401116085715
639 29.81369310495
640 31.88746904636868
641 32.52786542862384
642 30.211599365359532
643 30.95087116552498
644 29.905354690196482
645 30.955226141231115
646 31.750377037056445
647 30.683947813503426
648 31.60190294021532
649 33.914692706752284
650 31.39205011051506
651 31.866049929803204
652 28.065062714749285
653 31.979273957342865
654 29.130160613058663
655 28.024962272381043
656 28.913055361339115
657 26.677546181498293
658 27.707433008507312
659 27.955050856715218
660 26.123933914540828
661 27.975006409837142
662 31.358247149427765
663 29.31270890388175
664 31.164940946620245
665 31.514193671089956
666 30.582088167899563
667 31.42708304671508
668 26.790547529338447
669 25.237793057620447
670 25.166227070198108
671 28.08240735236019
672 25.99168905335086
673 26.784230713271604
674 25.388373266411904
675 28.587353225471624
676 26.594454836093387
677 26.74835941869746
678 27.244308527928045
679 29.90609017004377
680 28.44904960475618
681 29.13920459449863
682 30.32656326207009
683 31.662126756193523
684 32.054487559130216
685 31.493839299576624
686 31.022547396660457
687 31.86363543768528
688 29.565489461774
689 30.031729101539543
690 28.527150501495093
691 30.662798641998116
692 29.515059445267294
693 29.350074288049832
694 31.87180466040964
695 30.564553598158334
696 28.861391569784697
697 30.146149976532858
698 29.874863437612348
699 30.872612401752402
700 29.64738078485847
701 29.71216345233568
702 29.820293683501284
703 31.500575968148457
704 30.183372378811264
705 29.50251005850404
706 29.844715208950063
707 33.02197672906239
708 29.258675692595848
709 30.31372568569486
710 30.716460667361897
711 33.75603668397558
712 32.82471956587432
713 32.57882741875218
714 33.78391832806956
715 33.201594407553614
716 33.262133603653155
717 30.618260925436676
718 29.802904806960147
719 30.44318645856506
720 31.620132034301825
721 29.18942255466428
722 29.398090225161223
723 28.792491795243603
724 27.771258182068156
725 28.595109486951745
726 27.47309099082962
727 31.697636891273685
728 30.99962276253971
729 30.746355101468637
730 30.54363402589083
731 30.822099236297035
732 27.43627444694844
733 30.63948361280509
734 29.309748904879143
735 29.258713676615233
736 29.374262655023028
737 31.613462687818078
738 28.030498884174733
739 26.850578345437576
740 29.451984535358424
741 29.020047441125286
742 30.31097064042
743 27.87949822145506
744 30.693155120796114
745 28.480087946638996
746 31.088746971629433
747 27.028451676925258
748 28.789285486649796
749 28.85949286747043
750 30.148777831983292
751 31.943693401349247
752 31.608738684779937
753 31.343660389735806
754 32.49348531721432
755 30.82645406132724
756 28.528246788712973
757 28.947195330074685
758 29.937939416846923
759 29.015793031475184
760 30.41321637055079
761 30.7499382822305
762 29.051706844592466
763 31.009785579580456
764 30.751723787910144
765 31.001980991810445
766 30.820029720265264
767 28.748316515281054
768 31.864416120882378
769 31.61017780542433
770 29.403739855080314
771 33.09453087289387
772 32.19700424095871
773 32.81926838692257
774 33.765719129716516
775 32.78305445419245
776 32.724585038226444
777 32.76608831009578
778 30.432702255510858
779 33.26951247676603
780 31.13757194867889
781 31.203624428892855
782 33.09522327810587
783 31.937633341855186
784 28.88482599205742
785 29.444405760169655
786 29.56906781091806
787 27.63380946937449
788 28.912789823710035
789 30.442384898840796
790 31.10152232020523
791 28.869879620971613
792 31.400175438555163
793 33.601142998191605
794 33.04951726214177
795 34.04342886056057
796 33.73406819560799
797 32.9223299164244
798 33.9318061545991
799 33.35290105521627
800 34.50003275052065
801 34.91674622315449
802 34.61314746149473
803 32.24395392956062
804 35.71511553886051
805 33.952780252542986
806 34.533917200531725
807 31.978646700497567
808 30.506162504646838
809 32.62827729879227
810 29.464070138946205
811 32.43903672953144
812 30.07289512862451
813 31.960483428703732
814 30.009606935088588
815 29.4969955458625
816 30.04528088610355
817 31.528881196227385
818 31.86706029279735
819 32.714903647777405
820 31.836228053374356
821 31.735742030059765
822 31.373737710920963
823 30.95901697963916
824 32.15717671584578
825 33.23215866624167
826 33.52949983760369
827 31.980768980857146
828 31.93582450441507
829 31.606825347135473
830 30.926653148765038
831 33.27122998936378
832 32.738082513219176
833 35.225795734080535
834 34.455422926861836
835 33.6732463020823
836 34.317891527745516
837 32.35068682849206
838 34.149433598660536
839 33.320340342272644
840 33.69175501470316
841 34.77976778674584
842 34.22525722837851
843 34.36744000109482
844 33.12404799498697
845 34.09703091067505
846 34.1552532717509
847 35.65647646429632
848 34.35339603872024
849 33.83195510515117
850 32.65587833499547
851 32.48880353912008
852 33.87540372868925
853 33.81221495721247
854 33.553335946728154
855 33.005388032816946
856 34.6591378400938
857 33.388251347127564
858 32.47016771034219
859 31.04787151939808
860 32.92492473874689
861 36.64733232735314
862 35.046434682025506
863 34.62219693211825
864 31.26528263234695
865 29.980297738417136
866 32.46546554959065
867 33.16376225653728
868 34.40417662990393
869 34.059417288920315
870 33.77501861255581
871 33.057475201569396
872 34.091109846686884
873 32.803568242136556
874 32.8758672335353
875 32.88860631089969
876 33.58974077517106
877 29.213483070296785
878 30.929136290803555
879 30.66985471586032
880 32.756007079014836
881 32.84518891563516
882 32.607197372388725
883 31.828007962652695
884 32.59453692282153
885 30.14688882523626
886 32.49569142120378
887 31.759332107937833
888 30.11525213017916
889 33.218786826389895
890 32.31484767623546
891 29.162579130286204
892 29.230218884526273
893 34.33053945018103
894 30.617612147608323
895 29.45554020412401
896 29.511107779962657
897 33.484790305645774
898 31.824489846191515
899 31.311821533260208
900 33.293408558671224
901 33.806187767604875
902 35.018722861458514
903 34.750742378527285
904 35.85975191397136
905 34.99778570209424
906 34.326405779399394
907 35.390731432455524
908 32.47955508659272
909 34.569988718657946
910 34.812034314105695
911 33.28992227133906
912 33.830802900551106
913 33.78305729626217
914 34.53236043305484
915 33.987855477121755
916 33.21175131395952
917 35.51196225776928
918 34.12974934162626
919 33.5895124953129
920 33.33511120859171
921 35.31721750179524
922 34.209257044973
923 33.36547957824765
924 33.541735445617874
925 34.261466500500646
926 32.43972053753232
927 33.199972609968775
928 32.41440620303415
929 34.23092736936296
930 33.69410954028051
931 33.07613183894767
932 35.616161133073234
933 32.70912475823761
934 33.585433825006234
935 31.803432068602138
936 35.0999957345189
937 34.528443494272885
938 35.74732070243053
939 32.00849127932482
940 30.909800496490195
941 32.83716859463448
942 30.07047330508642
943 31.847416709615533
944 30.77414448550756
945 30.247891407540806
946 30.05906075988056
947 28.72593323686833
948 31.081040046798545
949 27.73910896261889
950 29.362261125512134
951 30.68815713738399
952 30.67825007224029
953 29.863025414439644
954 30.513323634502495
955 31.620815724185146
956 30.68753655056489
957 32.2441034796623
958 31.67730162002043
959 30.36750222152583
960 29.756338343136743
961 30.65587068136667
962 30.263998966700324
963 28.646673143956832
964 30.374125201440755
965 28.86596126693086
966 28.7025187508808
967 27.393708210646746
968 28.346306251658433
969 30.495816411055777
970 28.277072023032478
971 30.251883757245377
972 29.364962220936853
973 29.89020039935069
974 31.19230630780148
975 25.648937300234856
976 28.25057092556367
977 26.73888781095669
978 29.167193806327813
979 27.414146236154732
980 26.319030484573343
981 27.99391348118878
982 26.63978704662545
983 26.71013193198603
984 27.83784699517085
985 27.474285637660664
986 25.14472013133216
987 27.40671423239082
988 26.60476526116318
989 21.25880139167058
990 21.564088958841527
991 20.89432497663577
992 23.859561500549624
993 20.645750509023138
994 16.018052727773547
995 16.789486799456917
996 20.69974248027517
997 20.47875999891457
998 20.319001385150315
999 18.37003380217485
1000 23.21235836007725
1001 28.007211384599596
1002 23.627674007903753
1003 26.155137398048574
1004 24.437631406169157
1005 24.164792848533146
1006 25.51006271879482
1007 29.291319681707744
1008 25.964818646675315
1009 24.370336094958994
1010 23.07456640134966
1011 24.8862628202925
1012 22.833190084171296
1013 23.5835399370004
1014 19.643871999636193
1015 22.49096042354961
1016 22.01518106837102
1017 24.842278450271486
1018 25.537782954370012
1019 19.51187931811326
1020 22.55991458264686
1021 21.483418518979637
1022 19.12048196867524
1023 21.72002907861863
1024 24.115695733576693
1025 27.16718460682084
1026 24.21112785104427
1027 21.874630723551068
1028 21.56516698067504
1029 20.694374615110803
1030 18.80844571783501
1031 20.596131383610157
1032 21.845611291647007
1033 22.72575782746183
1034 22.7054364667644
1035 22.47880260061529
1036 25.015841882367745
1037 22.293762964192226
1038 25.080851854888774
1039 23.994081689203064
1040 23.983428963682428
1041 22.90030914577746
1042 26.217077501869316
1043 25.804798363913125
1044 23.867090587772733
1045 27.33148901439959
1046 24.277638111949464
1047 21.86607102051964
1048 21.859660008956475
1049 18.09592911041792
1050 19.948787000222907
1051 20.2740016335303
1052 19.686857412085974
1053 21.95983302867727
1054 22.838657728327362
1055 21.74508598768703
1056 22.650221640944782
1057 20.521485947203985
1058 20.204081882876
1059 19.867154626379655
1060 18.75774623070313
1061 21.17796477195963
1062 21.595225348034425
1063 20.77260783787886
1064 19.00143510366029
1065 18.01960938617867
1066 19.623400518852055
1067 18.91749068025997
1068 20.262403309388542
1069 18.459558233925286
1070 20.48454070820713
1071 20.98764864240093
1072 17.624683954703436
1073 19.82476298783604
1074 17.692785252710955
1075 18.651018827740717
1076 19.634593794827715
1077 18.507374364521194
1078 19.28022245801323
1079 18.097280619568608
1080 19.103618733587705
1081 20.678337193899893
1082 18.98098240334932
1083 19.840919637209062
1084 17.65497587787642
1085 18.421381001928317
1086 18.91049433771724
1087 17.061892379237573
1088 18.296301174886757
1089 16.614838203885533
1090 21.85947683820008
1091 21.325060067382513
1092 21.447552320668308
1093 20.09797891125365
1094 24.838101695774384
1095 22.263955991328928
1096 24.767083944914162
1097 23.147521553693817
1098 24.66199650561716
1099 24.871608770264388
1100 24.180303322758615
1101 23.82847327031863
1102 20.961890799327126
1103 21.621017255221542
1104 22.328999681784474
1105 21.94237450184713
1106 19.58071500000837
1107 21.812316183721336
1108 23.492878558624955
1109 22.80755140103835
1110 21.336239810892458
1111 20.52664890155368
1112 19.486038023620562
1113 20.78737332028487
1114 21.56167446513348
1115 19.457342443495275
1116 21.66034263702782
1117 22.362357942935006
1118 21.076983092274396
1119 21.397714085427136
1120 21.344041628062413
1121 20.917642809779483
1122 21.834163355958104
1123 20.430227446595396
1124 22.722564447097316
1125 22.381817814531246
1126 23.560819661563503
1127 23.397105913240125
1128 22.53871470915641
1129 22.593315454717974
1130 22.027443810247338
1131 22.858561241752845
1132 20.45626896001502
1133 21.111993036991052
1134 20.829594408978842
1135 21.287239997499103
1136 21.925492856410806
1137 21.48504765772366
1138 21.48011937237915
1139 22.043375955323615
1140 22.98629139500233
1141 20.1691981964675
1142 20.94879912998456
1143 22.19864112681706
1144 22.890517296602603
1145 24.138716859383234
1146 22.912795600712467
1147 21.867893713580667
1148 23.332457355336608
1149 19.63800185770435
1150 19.21428805483333
1151 21.627359483717225
1152 24.62516579035413
1153 23.163600182169233
1154 20.766648970399917
1155 19.802316137307205
1156 19.891282539120006
1157 24.110576976516406
1158 23.08963189710192
1159 22.220408620229065
1160 22.629288581896144
1161 21.85736792767042
1162 23.444182743530003
1163 26.400651283569143
1164 23.73023062708552
1165 26.364752433681257
1166 27.565507438223356
1167 24.518454796844104
1168 23.89337004874161
1169 24.967172318235434
1170 25.918032638304297
1171 21.205619884016716
1172 20.282807460144227
1173 23.073364767473485
1174 22.84750692741318
1175 18.23976078863898
1176 18.726129221915382
1177 19.201565989488426
1178 17.596934321823202
1179 15.843277972641907
1180 19.39385013964941
1181 21.977095800803045
1182 19.25324201294554
1183 23.494158284042804
1184 21.59734452878887
1185 23.497995685473946
1186 23.315676789233912
1187 24.593252011151243
1188 24.290272920441023
1189 23.109284579049607
1190 23.228930458149357
1191 24.489623932139022
1192 19.50807644651521
1193 17.619197422112766
1194 19.92009313707376
1195 18.072649684281117
1196 13.400110691696744
1197 12.754661343220745
1198 17.60786809976093
1199 19.917427320150622
1200 22.86543769185682
1201 20.86079343554435
1202 20.570164088633557
1203 15.725196329125614
1204 20.564739475283858
1205 10.134132354591035
1206 17.375829942556134
1207 14.662875941667975
1208 17.205544942506258
1209 14.331954255467405
1210 14.545180141766881
1211 12.728310128579341
1212 13.404724318256989
1213 11.82852990361822
1214 9.657115736156321
1215 13.593006131095095
1216 11.923488433815566
1217 10.780469604201391
1218 6.550641702689984
1219 6.856084996568112
1220 6.44926448869148
1221 6.14942781494424
1222 7.270895338798967
1223 9.814119282648164
1224 7.57278403403783
1225 8.928127876535868
1226 8.029190420667867
1227 7.453258530932536
1228 7.677100137966056
1229 6.12320952361168
1230 8.130894422706152
1231 7.819291460573862
1232 6.478443322347512
1233 6.51394988349996
1234 8.218230402012095
1235 9.783946965650284
1236 8.239289031143606
1237 8.56800962448047
1238 9.517538116116091
1239 8.264687895192925
1240 8.40247463287275
1241 7.761194050939082
1242 7.953936504677186
1243 5.461868856671136
1244 8.03502347951518
1245 9.29279837091615
1246 7.331296648614117
1247 8.408903191314858
1248 10.926737028326217
1249 9.720010796765424
1250 8.301415017357698
1251 8.026864852845728
1252 10.328460776916442
1253 9.930518637924408
1254 8.869260954405014
1255 9.4003643553717
1256 10.486997629938138
1257 7.0784867718080555
1258 9.575521399187808
1259 8.762380296276708
1260 6.760107984076317
1261 8.333103159521142
1262 7.467509354495781
1263 9.24542045615435
1264 7.887556895394482
1265 8.50736989727106
1266 6.244244222975772
1267 7.443891519862089
1268 6.878947346481233
1269 9.198629644504612
1270 7.579400329220966
1271 6.16006472095476
1272 3.9100001529855812
1273 3.7235304165358576
1274 4.05756253254529
1275 4.280244937912708
1276 4.763839745344146
1277 3.7648548461994262
1278 3.9134805654469265
1279 3.649017311660112
1280 5.132658808911405
1281 3.3076057778191377
1282 3.049611419702125
1283 3.5185327976902196
1284 6.361025606154758
1285 3.173741632477395
1286 3.1865845130434227
1287 3.496277857848022
1288 3.291745580215226
1289 3.446665324201448
1290 3.425181966587284
1291 3.6333994909722938
1292 3.4070605012988215
1293 3.3589720175305025
1294 3.6335289565738247
1295 3.2993329732320915
1296 3.549327839147
1297 3.638720626275791
1298 3.47496085912224
1299 3.7121270595478633
1300 3.736588715275152
1301 3.786474853779708
1302 3.5642145831999534
1303 3.758399224517953
1304 3.70074446349016
1305 3.5623211421600542
1306 3.2147193985658973
1307 3.618765122564084
1308 3.271259581830229
1309 3.583951182586883
1310 3.297692669035483
1311 3.449088124609885
1312 3.6433857589583925
1313 3.5469520204781464
1314 3.7841822260109788
1315 3.695887823961309
1316 3.547685179447427
1317 3.7030697249265896
1318 3.568707000634851
1319 3.5992877741076783
1320 3.3308635325187157
1321 3.5949326043324326
1322 3.614005780824254
1323 3.4476275969689683
1324 3.5003465138823207
1325 3.6566206355196282
1326 3.642979650317002
1327 3.668828355411672
1328 3.746538495783546
1329 3.6394954036213254
1330 3.4271603022669526
1331 3.3878660551286948
1332 3.5125928662665005
1333 3.878950339436099
1334 3.6379836318246572
1335 3.580830548663961
1336 3.5925419369017324
1337 3.6238368987908407
1338 3.740353592258184
1339 3.6540186007776465
1340 3.6280748145609967
1341 3.2523528615999675
1342 3.6816191890618835
1343 3.5691818466679135
1344 3.5411974447530064
1345 3.6479443776884146
1346 3.6901073103198123
1347 3.742981688670053
1348 3.681989424378311
1349 3.863406410903153
1350 3.7006241557572292
1351 3.7628727429073465
1352 3.5642973379937883
1353 3.7623032513815375
1354 3.5383293744421915
1355 4.308735500275092
1356 3.779443278416008
1357 3.3318668498376836
1358 3.6068561891533233
1359 3.555026150165228
1360 3.632816443840525
1361 3.3638783158627477
1362 3.5754518179152224
1363 3.69494166969275
1364 3.5109968403401948
1365 3.6099618553644914
1366 3.798690181864075
1367 3.6541278709779634
1368 3.62616545617298
1369 3.384219057767784
1370 3.6606686047232255
1371 3.7327537347156925
1372 3.799324202228489
1373 3.6471667579317213
1374 3.644020344520072
1375 6.963031286713176
1376 6.085306884628783
1377 7.122788271628825
1378 8.757632823201936
1379 7.494297747551929
1380 6.3158766987749955
1381 7.201902665723264
1382 8.196905499279142
1383 7.569328201304733
1384 8.17861343785519
1385 5.596138802031687
1386 5.783257475328519
1387 6.0896348016306066
1388 5.46569491925317
1389 3.5846550196377502
1390 3.7150099225131297
1391 3.8444188764034988
1392 3.679956265070841
1393 3.9158449471854113
1394 3.8386488583876295
1395 3.600566771504331
1396 3.7572615112686316
1397 7.231619539596331
1398 3.63768023487181
1399 3.6921024046097064
1400 3.5234835655173957
1401 3.65156393705986
1402 3.7872386779397176
1403 3.7405700697948934
1404 3.776049016650635
1405 3.3658380223897546
1406 3.7478568914779924
1407 3.669828956631872
1408 3.690905846129819
1409 3.6328954346244395
1410 3.560381533943558
1411 3.561804156748763
1412 3.735626983524079
1413 3.6170806734562797
1414 3.7330154606744155
1415 3.7180768632797787
1416 3.472936907779065
1417 3.6702617337823655
1418 3.4321463272828674
1419 3.614880038605403
1420 3.6352619493395038
1421 3.667438582191836
1422 3.6156914183007287
1423 3.537853390358395
1424 3.3669829179924564
1425 3.8699988928615565
1426 3.2707369738677534
1427 3.805110184912572
1428 3.933446089049321
1429 3.4090482306521075
1430 3.468102542202478
1431 3.627446977270187
1432 3.230312431744241
1433 3.2409197283818356
1434 3.619218717540635
1435 3.585965978919634
1436 3.606220276499153
1437 3.5712226195355647
1438 3.3239038468105457
1439 3.5349015438297506
1440 3.478276347019934
1441 3.747816283129645
1442 3.560690638386412
1443 2.9589203298636
1444 3.5951705686425037
1445 3.7655522249334656
1446 3.619062916564234
1447 3.4789576545786316
1448 3.651182144202738
1449 3.395123771694744
1450 3.517615944498147
1451 3.3655313114983536
1452 3.3609606137185026
1453 3.0952025980460056
1454 3.5473946248518717
1455 3.5611950568103263
1456 3.6647553678509155
1457 3.8605613685955213
1458 3.514064255556777
1459 3.5403506003071024
1460 3.7856061329789146
1461 3.81191741274377
1462 3.8547595947367426
1463 3.5787581428751865
1464 3.911404468371617
1465 3.785128590921753
1466 3.324163732014911
1467 3.7090261903651625
1468 2.6924570098343192
1469 2.9326001680146767
1470 3.312995958047025
1471 3.030738785826574
1472 3.380460995493802
1473 3.455000357072497
1474 3.8591550056418167
1475 3.4254389616634997
1476 3.3439968595043226
1477 3.649386270440597
1478 3.537916718334546
1479 3.75388329532674
1480 3.7383463880933276
1481 3.2898693673357404
1482 3.337344920239313
1483 3.3880239573369053
1484 4.199317161093392
1485 3.590580918431233
1486 3.494777963377811
1487 3.283074367737649
1488 3.602256057392906
1489 3.758091536792774
1490 3.3370457550753394
1491 3.407928216003775
1492 3.521591203151406
1493 3.1619864099572945
1494 3.7730627610299425
1495 3.3527594246589167
1496 3.764823531720269
1497 3.793797268675095
1498 3.7037115433328536
1499 3.4929454115977214
1500 3.9803876352728653
1501 3.3329032428603367
1502 3.9591814709526214
1503 2.6020453304671953
1504 4.049718370231287
1505 4.268463844022869
1506 3.6959643229648
1507 5.227172479355345
1508 5.608024512229839
1509 6.090224180185891
1510 5.632418760348278
1511 5.3467478356144404
1512 5.602017064183429
1513 5.954083688802828
1514 5.330982906473201
1515 6.610522999931675
1516 5.553951442998998
1517 5.157263676112461
1518 5.8361913183729355
1519 7.346645499451409
1520 7.050647910362595
1521 7.303429330149975
1522 3.677759474491992
1523 3.8147486668671364
1524 3.6328678473619713
1525 3.4968167666318446
1526 3.6753623738134107
1527 3.4094075092710643
1528 6.019529199795442
1529 4.238791885644956
1530 4.691272102059601
1531 6.015755678372831
1532 4.881260107155613
1533 4.876092127768073
1534 4.220232596850592
1535 5.061095638849361
1536 6.605506691337156
1537 4.806789949846183
1538 3.9391352770600836
1539 3.747886984238155
1540 3.920793410994614
1541 3.6778611489901825
1542 3.4584352759151202
1543 3.61185304945784
1544 3.513523778104822
1545 3.956024849077548
1546 3.637160245255782
1547 3.8295204348459144
1548 3.3193830893689062
1549 3.350378307114007
1550 3.757551222909543
1551 2.9351709215363817
1552 3.580375089143533
1553 3.3081155021210047
1554 3.5827738078183575
1555 5.793447432469112
1556 3.6747324083979334
1557 3.7241357619576396
1558 2.843854043860723
1559 3.2872303653325567
1560 3.5490614806161793
1561 3.241792164832354
1562 3.704776157310029
1563 6.2072849099096565
1564 6.2760727823297415
1565 5.493793049135357
1566 5.869357532779531
1567 5.947294967988383
1568 5.499668217316208
1569 5.580873621298878
1570 4.5651543407994435
1571 6.317395604387609
1572 5.717560467456294
1573 5.924072911094263
1574 5.462038949328057
1575 4.478701586579715
1576 5.272510836697356
1577 3.1740687045858853
1578 3.8329225639431224
1579 3.5159020761096755
1580 3.699781245187342
1581 3.5885182638670345
1582 3.515937916643104
1583 3.5305729422159784
1584 3.606548829298461
1585 3.2153099501583147
1586 3.378976247697157
1587 2.5708376096263845
1588 3.46845515533389
1589 3.417189950118378
1590 3.439843409786218
1591 3.4722353390310974
1592 3.3669421038003953
1593 3.6718459579599014
1594 4.702604523739558
1595 3.563330043105709
1596 3.3877585280848397
1597 3.7289126413373306
1598 4.158553410788861
1599 3.663219860809252
1600 3.6809947676204167
1601 3.999286470864312
1602 3.5840984876339297
1603 4.539104337022923
1604 4.268331068101761
1605 3.6590106777921925
1606 3.4295354280574184
1607 3.676612901570763
1608 3.606451760087075
1609 4.913911336369187
1610 3.2429601736070266
1611 3.5938107295762687
1612 3.359119036858029
1613 3.356787413468265
1614 3.1017817489921224
1615 3.599176872672134
1616 3.388725377845332
1617 3.5615793466755825
1618 3.5193214291300228
1619 3.5988662104220346
1620 3.5971722625492975
1621 3.3167888251109394
1622 3.4126670601000413
1623 3.863293969387643
1624 3.3686462692156414
1625 3.5090497161335135
1626 3.612228808725333
1627 3.6223751040813936
1628 3.5925164930555034
1629 3.8399259256158245
1630 3.6222960753418008
1631 3.7846980199606928
1632 3.384457274401133
1633 3.545936189684343
1634 3.3909587483404136
1635 3.7798514491407342
1636 3.2500568478827625
1637 5.0704970356643315
1638 3.565356660320055
1639 3.8006185249270334
1640 3.2858808284740912
1641 3.4856698914774205
1642 3.5421458698617387
1643 3.491547272262413
1644 3.2264085853559283
1645 3.515412634645935
1646 3.4989990987515625
1647 3.488130915630318
1648 3.5044022246008315
1649 3.3414714957100333
1650 3.6223292399156883
1651 3.4082314137444265
1652 3.5739198039273137
1653 3.3714100287151005
1654 4.192078168709458
1655 6.006557693909091
1656 4.574917876128194
1657 5.403711769243793
1658 3.5291492245453724
1659 3.5814054277309633
1660 4.694643316240259
1661 3.4602514616604227
1662 3.54234838384273
1663 3.7895619592740153
1664 3.4907064812594686
1665 3.070802722594181
1666 3.268459155825787
1667 3.5107342611199015
1668 3.5884749435063545
1669 2.9780927020447456
1670 3.2654747084852525
1671 3.388411992021236
1672 3.5027916256911302
1673 3.6900779075031838
1674 3.713500012464446
1675 3.4066460245967063
1676 3.325834455608763
1677 3.626352131784028
1678 3.416610213053606
1679 3.3273152422354793
1680 3.542328119625073
1681 3.4938026361511643
1682 3.6513170231355283
1683 3.7564101975280138
1684 3.63800250527667
1685 3.791047610835165
1686 3.609246043041272
1687 3.7263504034253
1688 3.5833958517188473
1689 3.7006320331159825
1690 3.4238431759557604
1691 3.916394060001918
1692 3.4488425107272995
1693 3.673545505148637
1694 3.3757453999650426
1695 3.2484029889742736
1696 3.538277019881314
1697 3.514941242974703
1698 3.536772665253557
1699 3.7836309569905078
1700 5.4287200768122
1701 5.729497955341144
1702 3.3752411006013587
1703 3.679523532552606
1704 6.104183373856274
1705 5.8547436321388835
1706 4.816082509525586
1707 5.662535922781044
1708 4.520902239795586
1709 4.95537035624093
1710 3.772154963695577
1711 3.654712351951098
1712 3.4992656887928195
1713 4.937070470594431
1714 6.053908836022226
1715 7.0266675036824635
1716 3.5929780004714926
1717 3.632469424326282
1718 3.3442073274134727
1719 3.2790608664359358
1720 3.585990256970219
1721 3.3569771566100326
1722 3.674576404062303
1723 3.539935261415142
1724 3.87004564875908
1725 2.7883822377108416
1726 3.3641555130067298
1727 3.492007506377176
1728 3.7814698591967533
1729 3.2636998147382243
1730 3.612821237191455
1731 3.561018858214249
1732 3.613444495470316
1733 2.99844065055303
1734 3.446889864455129
1735 3.289851947922269
1736 3.6459961225924378
1737 5.234955226715726
1738 3.928588293904603
1739 5.265842016411292
1740 3.484385526727336
1741 3.536740520785915
1742 3.431541030412053
1743 3.4612521332635606
1744 2.7544544060510083
1745 3.822829772421161
1746 7.947818675464696
1747 3.8036796398464428
1748 3.6221403420758707
1749 3.607725764646115
1750 3.508536331108125
1751 3.5702474802310284
1752 3.797005040139779
1753 5.748755387128387
1754 3.8429539822335324
1755 4.166838545000045
1756 3.7651615828563925
1757 3.187983476670613
1758 3.659852684061691
1759 3.2908292700467423
1760 3.5222227599703047
1761 3.814031936594867
1762 3.656980409572058
1763 3.7037853952790583
1764 3.6010632419903805
1765 3.2364374889634875
1766 3.4617197466275855
1767 3.6140838086801508
1768 3.260435521810944
1769 3.417471858972127
1770 3.54628339062135
1771 3.595724874324294
1772 3.5892801129388556
1773 3.5331541969991003
1774 5.089408436932821
1775 4.532490333845757
1776 4.830625587539901
1777 6.246398667516388
1778 4.712691946317838
1779 5.132543827101548
1780 5.419721530082167
1781 4.381961528739162
1782 4.133735601068541
1783 4.6848219019586566
1784 4.129825638616158
1785 3.9507520513217007
1786 4.426548691600473
1787 4.165516257285292
1788 3.98564817606725
1789 4.237545444674934
1790 4.262796755129656
1791 5.221008244191642
1792 5.207504542915354
1793 5.196911057964448
1794 5.310838349113919
1795 3.5713440751688528
1796 4.960373308224678
1797 4.7909216129250085
1798 5.774159502174292
1799 5.34831606766283
1800 5.8542189370179045
1801 4.766635698091244
1802 4.940952538463041
1803 5.0287619773266545
1804 5.516544386846521
1805 5.679608148302712
1806 4.871488821097799
1807 4.25902823060845
1808 4.032061669973802
1809 5.319041230857656
1810 4.687883559184695
1811 3.56042525848344
1812 4.655851976097887
1813 5.738185848966646
1814 4.77367236022339
1815 5.649713916794861
1816 5.452879703810676
1817 5.1811877903048424
1818 4.779333123171803
1819 4.4499079330030185
1820 4.361725888369739
1821 4.708663532466398
1822 5.0300476278316255
1823 3.976750669762665
1824 3.847755556306459
1825 3.401390279046918
1826 3.1511472215155187
1827 3.58556345069716
1828 3.65270520771746
1829 3.85847145373602
1830 3.579152231269235
1831 4.69079201200272
1832 6.4353689905787625
1833 6.0305535454996635
1834 3.0101906310053637
1835 3.619578673789557
1836 3.67709717122438
1837 3.405414753890021
1838 3.874686394190114
1839 3.8284791218600027
1840 3.637609625469605
1841 5.431450181934573
1842 3.807740188014018
1843 3.506490542945128
1844 3.4429136971066354
1845 3.2937840305780757
1846 3.7426800020885245
1847 3.7809643075545596
1848 3.4093983085259767
1849 3.279707388037866
1850 5.838218443874701
1851 3.3323757172126713
1852 3.707967700641142
1853 3.437983295661967
1854 3.7625224523600522
1855 3.6182149513651782
1856 3.5563653809665645
1857 3.576190614711441
1858 3.7127679543962673
1859 3.5309836083383463
1860 3.4845439810676333
1861 4.414546856380299
1862 3.45048240805638
1863 3.6824447685823265
1864 5.576617477554923
1865 5.65827669956313
1866 4.851829151489233
1867 5.318217636927004
1868 6.257258500468912
1869 4.76288528253683
1870 5.444159366118937
1871 3.5675010077049185
1872 3.842169021121994
1873 3.5015914503210777
1874 3.478634512464427
1875 3.8087578502325314
1876 3.246948252172774
1877 2.670804626175183
1878 2.965211287349734
1879 2.9532461240809136
1880 3.5680314324903764
1881 3.5661935699526803
1882 3.0695527126800335
1883 3.7408158139773944
1884 3.8146517205628423
1885 3.6907062030558784
1886 5.8909846207269165
1887 6.799828954901872
1888 5.559881919458588
1889 6.83241854538754
1890 5.221379956077338
1891 5.276333248348357
1892 6.849162566190595
1893 5.896992861687788
1894 6.374497652619294
1895 6.160024489329817
1896 5.43946074506326
1897 5.55982909894032
1898 5.318097920378219
1899 5.67341081754067
1900 6.5920912103295395
1901 5.892282071596407
1902 4.784127380463922
1903 5.862719368222454
1904 3.4699685241012936
1905 3.631930373413035
1906 3.3915324480563043
1907 3.752040245363077
1908 3.834992894618367
1909 3.2067972523315036
1910 2.942576098505075
1911 3.297197030289031
1912 3.330270960790719
1913 4.232939112025857
1914 3.708724081691008
1915 3.2000062482415097
1916 3.586446724599478
1917 3.056396828338393
1918 3.6981735208401165
1919 3.602566702646327
1920 4.188815041009335
1921 3.4103050117982234
1922 3.667863718216961
1923 6.1178598813333815
1924 5.425193334838469
1925 5.1919921697316695
1926 4.3441661511340826
1927 4.97730157295017
1928 3.678487393877424
1929 3.6356019049900037
1930 3.2501525819649157
1931 3.484425762049997
1932 3.5851419239392355
1933 3.826312934489433
1934 3.4798649253082976
1935 3.4574207129715298
1936 3.4938549544471993
1937 3.3554896799795366
1938 3.564384792584113
1939 3.5320113711497547
1940 3.6456451523409314
1941 3.3970346318866023
1942 2.9330776015956337
1943 2.8034722226832107
1944 3.3657477513116136
1945 2.962121881375327
1946 4.317300187943925
1947 4.260281973100096
1948 3.6827036222458283
1949 3.612739947215921
1950 3.729941781764156
1951 3.8534842311465005
1952 4.30601755395987
1953 3.305007341313656
1954 3.8419391984924345
1955 3.540995776344924
1956 3.4459239483857615
1957 3.1053192652818553
1958 3.543932969202846
1959 3.243554383369502
1960 3.481311815248371
1961 3.327972170890132
1962 3.7058455390382004
1963 3.3441676672695277
1964 3.7736362391889386
1965 3.26533612495378
1966 3.9992857615865174
1967 5.860005032275424
1968 4.465341917749705
1969 5.2277355454480015
1970 4.670719288036387
1971 4.802642175819192
1972 5.222914992491566
1973 5.775353289479487
1974 6.234021247457229
1975 6.0513662237757995
1976 5.279517549100167
1977 5.8051654564131026
1978 5.367977809811016
1979 5.510193657082204
1980 5.4399665932495544
1981 4.89313591662193
1982 3.7205053207916676
1983 3.792963580762942
1984 2.7612870237033715
1985 3.5673893460821184
1986 4.0956887398470805
1987 3.7135684205953043
1988 3.6430373097841375
1989 3.6498211166364287
1990 3.647539414534809
1991 3.445520094104873
1992 3.167290989380882
1993 3.735216666073403
1994 3.0645642671393083
1995 3.600085543570238
1996 3.5990075754697486
1997 3.5999898066972587
1998 3.4085276385693817
1999 3.653644473651022
2000 3.575626632727569
2001 3.1743046457325734
2002 3.6456730195892972
2003 3.62521653658894
2004 3.7149771811719234
2005 4.5666272495226945
2006 3.7531268888926164
2007 4.45175424352474
2008 3.491431998034943
2009 3.5058974882627774
2010 3.265385436233094
2011 3.5457142158596375
2012 3.3824399743500804
2013 3.3482275529888454
2014 3.7104242447296283
2015 3.639689713972228
2016 3.7496302120757856
2017 3.063274401356714
2018 3.4005034128109055
2019 5.0957022729336545
2020 3.381089466743595
2021 3.843789473965207
2022 5.872944763674813
2023 6.435118799080284
2024 5.442205766151361
2025 5.537946845977487
2026 4.669410910203993
2027 5.348174711788709
2028 5.268865957857314
2029 7.340022298907621
2030 3.427009590400558
2031 3.1365201461788
2032 3.684541858786736
2033 3.172470429814549
2034 3.5344380757926155
2035 3.3665859907216658
2036 3.6916988340994625
2037 3.5854250023169163
2038 3.608078492457115
2039 3.609145023199792
2040 3.4690475187871184
2041 2.841652559170955
2042 3.1082824473281687
2043 3.515996486233285
2044 3.459585964590807
2045 3.1840352656013446
2046 3.5994511728585707
2047 2.6467683698021527
2048 3.146477333078875
2049 2.7556334222733643
2050 3.1879242436642685
2051 3.0999538846447723
2052 3.181940795006992
2053 3.467610680900539
2054 3.879497646965337
2055 3.6425235811961674
2056 3.6938081128613507
2057 3.7044153919388845
2058 3.6279232017567735
2059 3.7264139983341216
2060 3.542981012246187
2061 3.5540796063385343
2062 3.795238650012785
2063 3.693802501843072
2064 3.5383178542288634
2065 3.6200654714186262
2066 3.344555638431106
2067 3.877217156675319
2068 3.4515260615168875
2069 3.758830269008023
2070 3.5134717577062937
2071 3.599561406864189
2072 3.4732581641589744
2073 3.1765766743011534
2074 3.232902563155332
2075 2.724634638108611
2076 3.078330272320285
2077 2.970401814323988
2078 2.809817382757277
2079 3.217037222067799
2080 3.030897470913055
2081 5.814931354467771
2082 5.120571824281366
2083 4.497873767812075
2084 5.148145397135185
2085 4.207401171216486
2086 3.5486697078756126
2087 3.6089614963771446
2088 5.043333562864666
2089 3.747490235995953
2090 3.520753281151863
2091 3.2589645917993537
2092 3.441377371132443
2093 5.410656303610406
2094 3.6268023271551355
2095 3.2394015157426255
2096 3.2163999072061724
2097 3.072674224114229
2098 3.4063107591329804
2099 4.392399585260404
2100 4.233700214705791
2101 3.409063276582676
2102 3.2601015934177227
2103 4.426749659607973
2104 4.987398876427413
2105 3.593679169231853
2106 3.9248677946616457
2107 4.546316447793968
2108 5.267154649629952
2109 5.552560189666165
2110 4.503869009021972
2111 4.394100077114764
2112 5.56207787993735
2113 3.43516403984184
2114 3.666562367885287
2115 3.83115270474931
2116 3.8291177981642814
2117 3.645588099128303
2118 3.6257787809242688
2119 3.58336653330351
2120 3.5994387735963502
2121 3.441797482823571
2122 3.679591798539165
2123 3.739481006664468
2124 3.1721023567787383
2125 2.9813516017293
2126 3.0876815799484008
2127 3.4111024787222775
2128 3.626588854891455
2129 3.3521042107685446
2130 3.5665850935795698
2131 3.5496944904276404
2132 3.4192903788589892
2133 3.276071449269745
2134 3.7324755552011464
2135 3.6664073249898688
2136 3.704118330813773
2137 3.1235993015775585
2138 3.3575504540705565
2139 3.2531792548247984
2140 3.73612563508221
2141 3.455154453480876
2142 3.532456632808631
2143 3.16317448115268
2144 3.7684038892745755
2145 3.689072369027199
2146 6.167525680484019
2147 5.985408092790631
2148 5.537653654497781
2149 5.859285255306122
2150 3.6707129436187094
2151 3.612183076363397
2152 3.4450127899042657
2153 3.3624745648099434
2154 3.652215233576642
2155 3.213899076164077
2156 6.751700988299943
2157 5.3185402053381985
2158 5.045476897189505
2159 6.018826126653125
2160 3.5320311299031815
2161 4.769985255258968
2162 5.4520787322942175
2163 4.9355901802379964
2164 4.719049081548719
2165 5.706820094045131
2166 4.929173782794855
2167 7.225099941315568
2168 3.669915121088074
2169 6.185619730889645
2170 5.3470208996442965
2171 5.088980546047696
2172 4.654465849130908
2173 5.904454901700973
2174 6.3208677199655385
2175 3.657845758456141
2176 3.4430448137868055
2177 3.569991522411698
2178 4.825355515430335
2179 3.3554202771374513
2180 3.750826240360154
2181 3.464898640965971
2182 3.9334338473019597
2183 3.5682650548207673
2184 3.4219699205601977
2185 2.691593696990316
2186 3.3816680855101926
2187 2.8872785993020442
2188 3.1855708302304513
2189 3.250515794879781
2190 3.4277091688098964
2191 3.2549960191192198
2192 2.6997270861710607
2193 2.7317785049441516
2194 2.510940709534787
2195 3.6322106822601414
2196 3.44456565477833
2197 3.2704724195211514
2198 3.093197372622705
2199 3.4219764880946597
2200 2.9183294738245316
2201 2.9984064353325284
2202 3.321374030000884
2203 3.2104737442678943
2204 3.737867490335761
2205 3.2565367898178326
2206 3.056904335672338
2207 3.3816101766946534
2208 3.5936814582565675
2209 2.9022492668999753
2210 3.3942169891086706
2211 4.632435344117027
2212 4.355480925942302
2213 4.298967862489291
2214 4.652268128519664
2215 4.221660746811433
2216 4.719712541687402
2217 3.0798401917495384
2218 4.827711427830062
2219 3.6776154575457207
2220 2.9660741343208947
2221 3.017372803259802
2222 3.273430641691144
2223 2.626717135091163
2224 3.7393200102175945
2225 3.334224854028963
2226 3.1385340851476924
2227 3.4593085132786334
2228 3.13582398607672
2229 3.6787109043214787
2230 3.527210410255718
2231 3.4684206369016395
2232 3.6130121513068283
2233 3.4319301966421984
2234 3.6506244202661735
2235 4.869914764504739
2236 3.4093012038386186
2237 2.997379740014733
2238 3.419744918190198
2239 3.2945609047617745
2240 3.5859005034175633
2241 3.679807866107649
2242 4.870170698061717
2243 5.440090507150258
2244 3.3991611812640725
2245 3.3136956665260064
2246 3.551495304304046
2247 3.1059589530587943
2248 3.223741909934431
2249 3.0032221552267226
2250 3.43361172759363
2251 3.4255192397360914
2252 3.62819286648484
2253 3.5182693861175722
2254 3.07235374010006
2255 4.4912509213982155
2256 5.469502867691924
2257 8.021499343905424
2258 8.566801053855086
2259 9.77956858192712
2260 8.816895883199564
2261 8.449952249976592
2262 7.399926989228624
2263 9.256679516974291
2264 12.101782474474286
2265 5.390365851450413
2266 5.031787007021658
2267 6.7244060697160215
2268 7.640893429058251
2269 6.884378925980358
2270 8.701518890914556
2271 6.365827734170999
2272 7.455782385441315
2273 8.435023393672259
2274 6.977108967138568
2275 5.971601711858337
2276 7.525125462295232
2277 8.065188461726542
2278 3.6237286100686203
2279 2.6156931076451237
2280 5.041365665521715
2281 3.575200374090371
2282 3.5875452771729406
2283 3.657489648848535
2284 4.563676359356027
2285 3.3350334037714466
2286 3.3709310722650754
2287 4.684694521467421
2288 4.711053688470342
2289 4.943465491448692
2290 5.446910449860451
2291 5.017249703089503
2292 5.274776722313479
2293 4.847970515888906
2294 3.8428423447365563
2295 6.0042355838436325
2296 4.777508698384467
2297 4.675436462761573
2298 3.8023853645379146
2299 3.962514743911824
2300 3.538902710509352
2301 3.7257694546501963
2302 3.428226904164962
2303 3.4248577619741574
2304 2.8080993148642466
2305 3.1200466299348246
2306 5.161655070993584
2307 3.7390490203174123
2308 4.800970525219547
2309 5.659875767832307
2310 3.6555732012594917
2311 3.626173087945088
2312 3.525833208673647
2313 3.5936513378144546
2314 3.3343731756983948
2315 3.3066897137254636
2316 3.2699004850524185
2317 3.7737928323405385
2318 4.965187763149545
2319 3.5672546798578306
2320 4.417752112219729
2321 3.6181370577225915
2322 3.5673254112315083
2323 5.404278707601099
2324 5.838612746251156
2325 5.565393324517338
2326 6.589856018440526
2327 5.929199491258522
2328 4.89977637486392
2329 4.773373780075477
2330 3.830897090633666
2331 3.4188347876240908
2332 3.2688040942082632
2333 3.54977937641624
2334 5.331704402193337
2335 4.494752592741481
2336 3.564334343913566
2337 3.337094792950382
2338 3.8177092109577973
2339 3.609847314216345
2340 3.8348699447696757
2341 3.315071159519221
2342 3.223639204744226
2343 3.288206536676957
2344 3.511330887497155
2345 3.8244143934748585
2346 3.29190321070818
2347 3.736954170919467
2348 3.4084166981887503
2349 3.402249002170735
2350 3.6677354154931168
2351 3.2764910937554044
2352 3.687879327021713
2353 3.5361597185964255
2354 3.7782304123533272
2355 3.3035642499986686
2356 3.3973435566590933
2357 4.038515353723993
2358 3.1141090399865474
2359 3.2830467732322766
2360 3.607273074058437
2361 3.619426705091695
2362 3.4643663705042855
2363 3.8537487579227916
2364 3.667311347848418
2365 3.0123156965574807
2366 3.6408128952145558
2367 3.6903922065498285
2368 3.049636206522159
2369 3.6618479052501813
2370 3.538355352411091
2371 3.576823117519523
2372 5.05847104852463
2373 3.844644095790591
2374 3.452229511740573
2375 3.4344864787239575
2376 3.45610931299891
2377 3.664734051101811
2378 3.6540971503557382
2379 3.566476189587195
2380 3.6802033447085862
2381 3.160051962993031
2382 3.6985166137253596
2383 3.4629547397831724
2384 3.5861032362771232
2385 3.4325960399040185
2386 3.4962045236043373
2387 3.5257404016255625
2388 4.517413055649919
2389 3.8515719276875426
2390 3.324528986332002
2391 3.3634918610757003
2392 2.9501741147155784
2393 3.9399281893170572
2394 3.569565288260261
2395 3.7215330550053785
2396 3.700244514432647
2397 3.082389620429968
2398 3.3627699497157058
2399 3.0670578798605055
2400 3.482385856695095
2401 3.8295518315142116
2402 3.503343553284433
2403 3.655712580699304
2404 3.7366400304424716
2405 3.579164203286565
2406 3.4469310263893136
2407 3.2155903123953484
2408 3.7763006170256643
2409 3.705894046259437
2410 3.199542309942606
2411 3.391747796168397
2412 3.748414558251715
2413 3.4385930462177394
2414 3.678788226730727
2415 3.627892496682413
2416 3.660529126975605
2417 3.4131051693854224
2418 3.793535444611632
2419 3.526394437902528
2420 3.6061887658959946
2421 3.576985425537096
2422 3.677553560563605
2423 3.6007299994990842
2424 3.613040293276184
2425 3.558387129753078
2426 3.1882974145777525
2427 5.750514867142672
2428 5.919218627556289
2429 5.893768420943563
2430 5.219942548302657
2431 5.568512384179214
2432 6.074008539874122
2433 6.358501928707822
2434 5.675566542798898
2435 9.073754306012352
2436 3.289683473898571
2437 3.617915732670385
2438 3.418424041331083
2439 7.193711700258923
2440 9.21081316793524
2441 8.287643493060802
2442 9.062032578704097
2443 9.30476795011832
2444 6.077578891261981
2445 6.353336773392268
2446 5.409328740021239
2447 5.162151202600025
2448 5.07083306746089
2449 7.347630915407665
2450 5.041040453467542
2451 5.175958293849315
2452 7.10213779534341
2453 6.954991541187574
2454 6.631358551265489
2455 6.50362544698025
2456 5.779645949616378
2457 5.757710549684374
2458 5.9332709580650045
2459 5.942875330737146
2460 5.2569441239118735
2461 3.4742300941012116
2462 4.646537343722366
2463 3.8477572151256028
2464 3.481457817082683
2465 3.8412251667752955
2466 4.740493887116728
2467 7.419349469564353
2468 5.264262623100822
2469 5.528053470890195
2470 6.1034155186836045
2471 4.444203469965527
2472 7.045920209168837
2473 7.141107413705225
2474 5.228947310696219
2475 3.649466532777837
2476 5.490957725805672
2477 4.99821611092301
2478 5.100485775122001
2479 5.480634234683808
2480 4.64392640813261
2481 5.787126908143382
2482 6.582811316906276
2483 5.103671576322628
2484 5.700764920493886
2485 3.538513452950188
2486 4.572178095640434
2487 3.527425196325324
2488 4.555238448769636
2489 5.8035711183582075
2490 5.237664923427898
2491 3.628081938058953
2492 5.745303944924944
2493 3.6988656630137977
2494 5.436005054744919
2495 5.174190693695452
2496 5.281319601867841
2497 5.2946154354492405
2498 5.360226768712935
2499 4.947119495790003
2500 5.3792940338883035
2501 3.5863960114689446
2502 5.224267053041718
2503 5.929773904696024
2504 4.668957573094504
2505 5.14612643501506
2506 8.901537824837023
2507 5.997673804822342
2508 8.295159176983422
2509 5.767114324817153
2510 5.984996916757417
2511 6.169468296954318
2512 9.315003004499593
2513 7.466430741796545
2514 8.78635630195039
2515 8.27325946069189
2516 6.818312722067451
2517 3.615026788468526
2518 3.40841935471469
2519 6.498786543746934
2520 5.834287481403694
2521 7.453047388674565
2522 5.37912499755261
2523 7.002440523485247
2524 4.4927142320282
2525 4.963153380008654
2526 5.241769820541212
2527 5.6007080341741196
2528 6.522661124156092
2529 7.487924927338373
2530 7.284953928995559
2531 6.118609324756211
2532 7.134460538107387
2533 9.249870808792771
2534 7.761904875770231
2535 6.898449776589384
2536 7.472364506754837
2537 5.7568838546372865
2538 6.693438190512595
2539 4.6955221862014955
2540 5.126960435273147
2541 5.642534377946966
2542 3.7135468186681697
2543 3.593443181541699
2544 3.673233639725478
2545 3.7518412663135567
2546 4.60289739746898
2547 3.452945636604761
2548 3.3118098968975573
2549 3.110524630447569
2550 3.547760210987758
2551 3.4270435989370447
2552 3.6698460017079624
2553 3.495581555099885
2554 3.064644874306452
2555 3.457260323898763
2556 3.5034866875378676
2557 3.216394878511898
2558 3.7908542767447457
2559 3.6911877936639024
2560 3.4022475221410775
2561 3.3360418222533075
2562 3.65950100483401
2563 3.5691697606153436
2564 3.3407334521777234
2565 3.4231917789716815
2566 3.9478841622561056
2567 3.5216967325577953
2568 3.6902288118880566
2569 4.19849595669375
2570 3.7384897816138047
2571 5.257475285497016
2572 5.207749364545699
2573 3.998474044419563
2574 3.4870300265259004
2575 3.286960080224643
2576 3.4335489104963517
2577 3.380070484947834
2578 3.6943187476963106
2579 3.637580421228742
2580 3.578712088934815
2581 5.735579621909852
2582 3.698465727381954
2583 3.785140534072889
2584 5.612603609010361
2585 5.763400445522973
2586 5.459544394353318
2587 3.9376247879891935
2588 4.648382391353774
2589 4.4403440285481
2590 5.304208644194528
2591 4.867992384919518
2592 4.8948901486005045
2593 5.050923253638282
2594 4.31735897751287
2595 4.177063725244276
2596 5.23090475743298
2597 5.29587152789093
2598 5.028100439917738
2599 4.791043305640242
2600 6.702434960712489
2601 5.3410547122126735
2602 5.190148548214788
2603 3.738052712299563
2604 4.642081265483541
2605 5.385303014595023
2606 4.849475337334765
2607 4.875934803083816
2608 4.753645744461663
2609 4.978000103879246
2610 5.132111322154641
2611 4.211350523291791
2612 4.660322159535648
2613 5.00378483155646
2614 3.640552672884323
2615 3.6456855008104903
2616 3.881887509682695
2617 3.0658033941698646
2618 3.185411119504755
2619 4.147892201691597
2620 3.2162779047853998
2621 2.965224228318125
2622 2.9485223657924595
2623 3.563370978715289
2624 3.2289474725897787
2625 3.5646190440904024
2626 3.17466573876517
2627 3.4816696734883363
2628 4.381363595141049
2629 2.9680800786145465
2630 4.590986809294898
2631 4.508717181851218
2632 4.506836662216221
2633 3.340454944763917
2634 3.0848364911922754
2635 3.6921487602813725
2636 3.576355347998325
2637 3.1648483505277714
2638 3.5292823684547434
2639 3.6041576752734326
2640 4.662072611923723
2641 3.357721728011719
2642 3.3885573600568315
2643 3.324141626613452
2644 3.241391303088864
2645 3.5945563312977202
2646 3.6157174605987286
2647 3.287286439640519
2648 3.224503396777713
2649 3.3907392063892385
2650 3.2580032899175255
2651 3.2341786601650644
2652 6.081510757554946
2653 4.439967832365528
2654 5.790899026551879
2655 6.238842310989054
2656 8.380037161988712
2657 7.543859044816484
2658 7.031451326329925
2659 5.170622083474077
2660 6.237354464441369
2661 5.834162223316384
2662 5.770312047296209
2663 8.29862315953921
2664 8.11220492605018
2665 6.035113130284683
2666 7.980199598922701
2667 8.912086960820185
2668 6.613578280304283
2669 7.769811800297751
2670 8.037445380090228
2671 12.734837393471368
2672 13.496256232064221
2673 12.945483323584412
2674 12.085785917801712
2675 12.306878965566348
2676 11.66315257166487
2677 8.680303700228055
2678 11.16088110860301
2679 10.364096633627145
2680 14.426290654457418
2681 12.267046346166735
2682 8.265397745707492
2683 7.492796603506331
2684 7.610395524603667
2685 11.77771273559291
2686 13.29617631199749
2687 11.280966404988726
2688 11.137458735157535
2689 11.57657253266654
2690 10.794465438666776
2691 8.600965292144528
2692 8.745781373875197
2693 10.246534835732671
2694 9.978275380623014
2695 10.06821986597167
2696 10.580466709627691
2697 8.801326474701295
2698 9.107181389407845
2699 7.163502868007847
2700 6.010474968296704
2701 4.346673780295376
2702 5.0086909099456935
2703 4.538723315239053
2704 5.273337166293091
2705 2.7912910556229105
2706 3.5344413121678437
2707 3.860893699483976
2708 2.8619354842831943
2709 3.062031761530356
2710 3.4196493136541775
2711 3.677945113538805
2712 3.2779909628936816
2713 3.4474566537080404
2714 3.596854400931237
2715 5.5925743405757276
2716 3.391445994595729
2717 3.261548738794469
2718 3.6038003787456936
2719 4.610255336027447
2720 3.6075457612801984
2721 3.670492822269219
2722 3.6575001314283155
2723 3.585848816395618
2724 3.6502126099866175
2725 3.3441372895625183
2726 3.3281885733890584
2727 3.1436550074786136
2728 3.518069909199993
2729 3.6589770756436364
2730 3.707211090390051
2731 3.8066702334233335
2732 4.899004823638468
2733 2.9970573581045494
2734 3.1841025755753027
2735 3.282519177910214
2736 2.8992788083684906
2737 2.943706788349661
2738 2.790115960017045
2739 3.1488976204503047
2740 3.404008659767888
2741 3.2875896401635507
2742 3.4499433306116543
2743 3.2788475310097094
2744 3.468579569606921
2745 2.82450460847025
2746 3.2721645172225466
2747 3.65610484884184
2748 5.614551738405
2749 5.99689696625942
2750 4.670558576486352
2751 3.4221743135766562
2752 3.801973892934067
2753 5.488857653228777
2754 4.356356007586145
2755 3.597538112845608
2756 4.831900332960552
2757 4.1879500895022215
2758 4.052269305776592
2759 3.5827667273438535
2760 3.197339959814187
2761 3.232361138739212
2762 4.749320430290989
2763 4.03296861588992
2764 4.668977347580274
2765 5.189830529418353
2766 5.011290579614205
2767 4.515329582898282
2768 4.6688095166639965
2769 5.242953138951202
2770 2.955566767582827
2771 3.5770707516594555
2772 3.7415845784229944
2773 3.4642431137709444
2774 3.0827871256163686
2775 3.2229026208001237
2776 3.6530163716802533
2777 3.634896971702621
2778 3.817667918536804
2779 3.766405722121769
2780 2.8325996024596387
2781 2.844580307296087
2782 4.389801240564858
2783 4.716794416408029
2784 4.4744698808264065
2785 3.6235945402079235
2786 3.17702783397882
2787 5.178933203592834
2788 3.2063533255052032
2789 3.5872829507229147
2790 3.283842602531819
2791 3.3069737132960486
2792 5.358021562888082
2793 6.2956562275282515
2794 6.775490265060128
2795 6.482790766333365
2796 7.9796806613832665
2797 6.551386071474342
2798 4.563535377893887
2799 6.149524557453464
2800 5.539248073246952
2801 6.268588877775227
2802 5.734840298390051
2803 6.878868031863538
2804 8.617986252337722
2805 9.422458084999189
2806 8.601759122448831
2807 9.973921030766004
2808 7.847324362810528
2809 5.182333666524561
2810 4.166790642281812
2811 4.926833969470464
2812 3.0678783911504084
2813 2.8593025840402335
2814 4.492086097367095
2815 6.724109320669948
2816 8.235532665618027
2817 7.650765250638451
2818 6.565002819912164
2819 7.715979543470726
2820 10.436277470984633
2821 9.108264625991554
2822 6.779211857542394
2823 7.29946461885751
2824 5.580902665526074
2825 6.400446120926225
2826 7.377581984282985
2827 5.747591602188211
2828 7.977400918536741
2829 7.281606847314673
2830 8.045510066467566
2831 5.1916706267338535
2832 6.045532361262376
2833 5.724397597162672
2834 7.2249513900909905
2835 5.957858172119652
2836 7.0431304070986505
2837 8.397420795110634
2838 6.7922208612023285
2839 5.167642967346765
2840 5.862964674247097
2841 7.157138935862076
2842 9.189402401560674
2843 8.370494097730822
2844 7.546627829805527
2845 9.609098909748946
2846 9.828055745952687
2847 8.708449457250808
2848 7.4424151872083915
2849 8.916435583962613
2850 7.3064484011446735
2851 11.363890339178145
2852 7.486524340720939
2853 12.536470220506688
2854 11.712718728549868
2855 6.641529448060496
2856 4.083886723936383
2857 4.765158545148005
2858 3.5440220261591358
2859 3.3403184140854627
2860 3.190376786132975
2861 4.431332444730852
2862 3.512186801627627
2863 3.1845395407840322
2864 3.2660128297524245
2865 3.0484473281841242
2866 3.3400199409873235
2867 3.2684269365070744
2868 3.1746773916662003
2869 3.44163226614175
2870 3.719198475496814
2871 3.257931076422983
2872 3.345915179088337
2873 2.9864775479719055
2874 3.2602847177533874
2875 2.802294891509668
2876 3.756665198919603
2877 3.553112149004755
2878 3.1379402825652822
2879 3.8103886511778735
2880 3.3139016574993505
2881 3.3591574870586056
2882 3.682769888575091
2883 3.637432859036901
2884 3.718564819856612
2885 3.7209332634699495
2886 3.7900902762125206
2887 2.941039458270311
2888 3.331104974570614
2889 3.4308736779564737
2890 3.6278555813492144
2891 2.8200269197397816
2892 2.580447413375441
2893 2.714020312963035
2894 2.4436748291360137
2895 2.839337667951541
2896 2.9942529758808405
2897 3.1500550822942035
2898 3.007518078645922
2899 3.616584663296475
2900 2.8848253286564027
2901 3.176164521287772
2902 3.4002249421161195
2903 2.924194633796488
2904 3.2653667333979195
2905 2.929989178225044
2906 2.771390791347516
2907 2.6077414241286396
2908 3.015212776956452
2909 2.776006670675577
2910 2.5580554664037853
2911 3.3172314961134717
2912 3.243480798167678
2913 2.7225983091364108
2914 2.710841503055282
2915 2.6717716103365974
2916 3.1852451813606946
2917 2.601088586778063
2918 4.474848100356499
2919 2.7458774680349856
2920 2.678547918464525
2921 2.9113052639467094
2922 2.620062807808233
2923 6.455703420456965
2924 10.467762540009208
2925 11.011986237031305
2926 8.464932714784577
2927 8.718902494240101
2928 7.820849976462587
2929 9.378760463260202
2930 11.36144811211803
2931 11.632858411072553
2932 11.655638368101469
2933 10.005791351273336
2934 9.439383178862867
2935 16.21704192275697
2936 14.492414313105812
2937 14.95146405459506
2938 14.272746395003033
2939 15.676617376526146
2940 15.466944619828809
2941 17.084063393563063
2942 12.89843262393028
2943 14.794301044111984
2944 14.52715617516162
2945 13.088488647780562
2946 7.694804594212448
2947 16.235275805983157
2948 12.445339661467079
2949 12.657043210821092
2950 13.542892831534255
2951 12.270602267593905
2952 12.691566144951283
2953 15.083318051753643
2954 9.512576763633728
2955 8.738052222883093
2956 8.064350685806094
2957 13.259840810579284
2958 16.94801984359972
2959 17.03183517450947
2960 12.451355837122126
2961 12.033792855581508
2962 13.428952912215243
2963 8.058791852002383
2964 10.616981760648194
2965 12.363596411985275
2966 9.431752422362871
2967 8.165879055724277
2968 8.125687622833874
2969 10.117015418647684
2970 7.949192486042177
2971 6.834771599685505
2972 9.431006805303971
2973 12.073682398210957
2974 12.643450232674686
2975 13.190370550612723
2976 13.74438126371536
2977 11.022104993159239
2978 13.136448380243296
2979 11.20303361599161
2980 11.821133319980715
2981 12.329692125956633
2982 12.497420015852722
2983 15.474581260822642
2984 16.23454558972325
2985 13.106473012067845
2986 16.441936570059
2987 16.007602248289576
2988 12.289891245635276
2989 12.165367645531475
2990 11.396631797662616
2991 11.926658713088294
2992 13.708870091306622
2993 12.56729395154036
2994 12.375744225028269
2995 15.317065369231216
2996 13.386191994421567
2997 13.817563104269686
2998 15.657928895761557
2999 14.011629325127382
3000 14.549606631649619
3001 15.207667923815587
3002 13.85596203441177
3003 11.601921359865601
3004 11.253773550746963
3005 17.415947365371107
3006 15.153795952361074
3007 17.383887833839356
3008 14.625701805715241
3009 12.298261725248484
3010 13.550379231682571
3011 13.8938513167905
3012 14.039646457558487
3013 16.120528811923243
3014 12.09299332674648
3015 13.072055905030188
3016 12.308236107472677
3017 15.230608936742945
3018 16.178711339513843
3019 14.3379210010245
3020 16.108571796819213
3021 17.776773998000767
3022 13.084745096793872
3023 13.908534096897
3024 13.461651998665635
3025 12.160635822265167
3026 13.281539051886877
3027 12.267766096029382
3028 11.149633829853471
3029 11.505843755562386
3030 9.822487538354775
3031 9.11911087821882
3032 9.478898377937933
3033 11.265891860423391
3034 10.302048250855698
3035 10.433149274802574
3036 13.533091663427303
3037 10.662242924837445
3038 11.96565920744007
3039 12.360920139742193
3040 11.594041115155724
3041 12.813070190249361
3042 12.739722555788127
3043 14.341460840255916
3044 11.207190374166295
3045 12.79847607600968
3046 13.73552239534617
3047 12.65994750079977
3048 14.59089903228482
3049 13.530148413183586
3050 14.57804720617621
3051 16.07133515775357
3052 16.362776698376507
3053 15.133283519669256
3054 17.616972856924853
3055 17.587578192934085
3056 17.249094999993428
3057 16.50330082913296
3058 17.538276166605492
3059 17.48024070587209
3060 18.742713029152025
3061 18.28704691302768
3062 17.33277309901131
3063 17.368346804680844
3064 18.071655390146535
3065 19.72581427792856
3066 18.66357674957033
3067 18.15269886462245
3068 15.770983593154968
3069 16.87015330165339
3070 19.884760992598597
3071 17.66923458313516
3072 18.487883096875745
3073 19.547592152135667
3074 19.938840515265053
3075 19.05492452810349
3076 19.076045849449706
3077 19.917491548465854
3078 20.31381668227414
3079 20.28639347757907
3080 18.71413874926478
3081 18.365367087653393
3082 17.556050848739194
3083 16.622674972252817
3084 16.180165957814452
3085 15.826669244894207
3086 15.45372291652112
3087 14.836361305517059
3088 18.582623740464882
3089 15.416273251343902
3090 15.918659794624743
3091 18.24831034056938
3092 17.846769792907242
3093 19.2193213496445
3094 18.93194364719028
3095 18.430292225351543
3096 17.376993103844974
3097 16.47311421620119
3098 16.714535380487217
3099 17.640792354342214
3100 16.90778338973575
3101 15.574734219117806
3102 16.599459918556224
3103 17.847518751652444
3104 17.491467220212133
3105 16.47458697858234
3106 16.844937603622594
3107 16.155824778318074
3108 15.143912204431246
3109 13.965305946788037
3110 13.851337424697808
3111 14.687962561856452
3112 14.111897315078462
3113 14.403219448901435
3114 13.766899604736258
3115 14.465724404298898
3116 16.52419263456405
3117 14.009897685689104
3118 15.034253150956982
3119 14.126632333281972
3120 13.153225765134334
3121 14.262474929136745
3122 13.530610662925223
3123 14.716302637168932
3124 13.879890282939812
3125 13.039413150852207
3126 15.255542849545062
3127 14.73111711066498
3128 14.952109287746968
3129 13.547241842932872
3130 14.554003233882971
3131 13.643109028235946
3132 15.107557639380119
3133 14.246613488986851
3134 13.16667134792167
3135 14.258042711112425
3136 14.951429350025135
3137 14.214314747390496
3138 15.727157151671706
3139 15.73166423338862
3140 14.670539672224782
3141 14.588417830148305
3142 13.83448881643759
3143 14.081096409137308
3144 13.861850687633556
3145 15.869868851181701
3146 14.874361539177244
3147 17.1489955224939
3148 15.904185649959523
3149 14.402754368362746
3150 16.719260687613787
3151 16.757617562789402
3152 17.162290669387247
3153 16.044681360037366
3154 16.468031590027323
3155 15.213642585870957
3156 16.061555972517617
3157 14.97912087783307
3158 15.175851426601321
3159 16.578386470384867
3160 15.1431927629038
3161 15.422697157630896
3162 15.908949307910643
3163 16.45992622627902
3164 15.725233406071224
3165 17.010565501150506
3166 15.230499077660358
3167 16.826245077015667
3168 15.61299893503024
3169 15.943752318525027
3170 16.492129752072216
3171 16.552884147558636
3172 15.709914089481712
3173 14.012457500683745
3174 13.940832245128494
3175 12.628696479009923
3176 15.144972338649373
3177 11.68928864245777
3178 13.645944803197219
3179 15.098071859176502
3180 13.983501679151308
3181 14.362256283119459
3182 13.270641723273494
3183 14.568275624949832
3184 15.995620126393604
3185 14.196430862349303
3186 14.514481029695308
3187 14.656916688845694
3188 14.516708729479422
3189 14.354649735141765
3190 13.857852800955976
3191 14.519285581368845
3192 14.555755224739425
3193 14.466359589259227
3194 14.206097546305855
3195 14.81856766274753
3196 15.049593254652589
3197 14.277375330424068
3198 14.743424978390628
3199 14.19443343851072
3200 13.489844859584174
3201 14.855216336521893
3202 13.501468119386544
3203 13.635953706432838
3204 14.20858874707079
3205 14.268876546732955
3206 13.72699297367814
3207 13.46503099689494
3208 13.798520822893444
3209 14.341652924577716
3210 13.837528203733152
3211 14.057700956626944
3212 13.702208473851153
3213 13.764055442454454
3214 14.003736969645088
3215 14.639309342881887
3216 14.31210909119256
3217 13.961148192726878
3218 14.57866635496064
3219 14.975642588185348
3220 15.60772867905782
3221 14.495908335998937
3222 14.447771433435488
3223 15.801561408333423
3224 14.120388244826051
3225 14.402662603108537
3226 14.825075993000961
3227 14.657097953944556
3228 13.761578522340104
3229 13.741145058551787
3230 13.445148674261775
3231 13.753754606011674
3232 13.480507549839523
3233 14.090138784123187
3234 13.717277180272923
3235 13.971558537749194
3236 14.656938659548805
3237 14.172343932173188
3238 14.120911964815923
3239 14.039927961054742
3240 13.987580551883807
3241 14.51902539190191
3242 13.956506552593833
3243 13.821789033530454
3244 13.854203626860576
3245 13.680722343492986
3246 13.953883532889792
3247 14.012395278907526
3248 13.420950330980864
3249 14.459761358540316
3250 14.488122662545774
3251 13.547368512695707
3252 13.156351807352893
3253 13.25820174720911
3254 13.476770624304253
3255 14.926842159712853
3256 13.894347185777368
3257 14.45009257145307
3258 14.81844808733736
3259 13.881467233990872
3260 14.815221909025372
3261 14.528162684834513
3262 13.962365122472598
3263 14.508687921849825
3264 14.627043338287685
3265 13.878801221557437
3266 13.209710563131223
3267 13.747340221208995
3268 12.48461022052569
3269 12.864837943523646
3270 13.61228687096825
3271 12.484106595331534
3272 12.822057464157227
3273 14.149373972332492
3274 13.29904082397796
3275 14.255335058518543
3276 13.382214606009612
3277 13.85561577950252
3278 13.015162713949843
3279 13.203625654686613
3280 13.665607089904132
3281 13.485880646258918
3282 13.528269020209356
3283 13.997041509785301
3284 12.434295974883717
3285 13.366619783057132
3286 13.773645820035261
3287 14.006579463627451
3288 14.389142624721552
3289 14.667144726668432
3290 14.47862800041772
3291 14.569382404965655
3292 13.290492655496392
3293 13.796561594697657
3294 13.944724914639828
3295 12.775943094280027
3296 13.889412949139578
3297 14.14670854893697
3298 14.526512839974044
3299 14.451479182581405
3300 14.492993699885368
3301 13.162486325570505
3302 14.43827272857813
3303 14.325295116118003
3304 14.608089666522153
3305 14.017912115031447
3306 12.769415283442804
3307 12.362758626582457
3308 12.358022238201356
3309 13.04910060896666
3310 13.19281494204236
3311 14.163649640524596
3312 14.472947031493563
3313 14.360404856827692
3314 14.828453993877192
3315 14.9229752102787
3316 14.258205476713306
3317 14.564974357462345
3318 14.500161311340207
3319 14.376916867783285
3320 14.997361652076256
3321 13.7172832662015
3322 12.471698017165606
3323 12.786419684843798
3324 14.746841809258697
3325 13.375844430041179
3326 14.182128035443966
3327 13.385104278971898
3328 11.529570211456353
3329 11.330558910947387
3330 12.369041647522524
3331 10.193019320349604
3332 12.320997855167565
3333 13.78672286642756
3334 11.451615502613784
3335 12.845538445665765
3336 13.860930795172123
3337 13.338931491959364
3338 13.128875717644819
3339 13.582692269606683
3340 12.757740410706852
3341 13.09844439663058
3342 14.22376912562377
3343 13.188956277546787
3344 14.651051719440147
3345 13.512935487917051
3346 13.40394205053209
3347 12.780963006192495
3348 13.69708300890696
3349 13.769330328543788
3350 11.176491799689694
3351 11.548465332592661
3352 12.45207859786967
3353 12.388206701174251
3354 13.560717197121663
3355 13.154266733737906
3356 14.659734589853915
3357 14.138187660662021
3358 13.603699932801858
3359 12.685655626524003
3360 11.382890872326133
3361 12.132297958501223
3362 14.95504617177412
3363 12.300645808689229
3364 10.809528972658105
3365 11.633292148951268
3366 15.141038756523288
3367 14.122369303777319
3368 14.398739302233102
3369 13.916760387968724
3370 12.505395728821021
3371 12.966321730380352
3372 13.589728715896554
3373 14.011104073052927
3374 14.626985525299679
3375 13.644162619712992
3376 14.627180013513849
3377 14.019786029005871
3378 13.451833602772792
3379 13.463266388539997
3380 14.00381426769839
3381 14.85078132007959
3382 14.806745500872799
3383 14.126608841171459
3384 15.313324058812086
3385 15.188924036351494
3386 16.00506641492301
3387 15.944963844334879
3388 14.640324800153014
3389 15.917449799729088
3390 14.894538815092517
3391 15.139970136384392
3392 11.614378507938211
3393 11.711989532782844
3394 10.942208236071346
3395 11.56121197435923
3396 11.205384820599106
3397 11.770424673478878
3398 11.540316859215814
3399 11.268179629667516
3400 12.386782802236125
3401 12.43494198027029
3402 13.450939699154757
3403 11.664518967000415
3404 12.029939373368915
3405 10.594786238555574
3406 11.285244549164739
3407 9.427978849023281
3408 10.964651918889544
3409 11.076979221928871
3410 13.122633419455621
3411 11.821109591461122
3412 13.263632201455842
3413 9.730140267335639
3414 9.323599421397287
3415 8.601813435649941
3416 10.181215184655011
3417 9.879675961950387
3418 11.546348589098969
3419 9.619127183849727
3420 9.661652870381442
3421 8.34525389591061
3422 9.15701540536725
3423 8.496436687764556
3424 9.434363501368974
3425 8.14067907073684
3426 8.813157102330939
3427 9.024641973864528
3428 9.681172649910906
3429 9.285397069737666
3430 9.624259826261204
3431 10.544643440784586
3432 11.314731018674754
3433 10.004408573593652
3434 10.39568402482611
3435 10.424214651701774
3436 13.732951297787922
3437 11.89483776737488
3438 13.956765373421817
3439 13.678195456340257
3440 15.217336920752384
3441 13.16074535462322
3442 13.317616860214413
3443 14.519634955261198
3444 14.61159978798629
3445 15.228256483162351
3446 13.980336244004118
3447 14.800168332612744
3448 14.757350459597083
3449 15.335161781665258
3450 14.0597680197808
3451 16.753063265418525
3452 15.461039329917774
3453 15.572001994798526
3454 14.926065754985613
3455 16.424898810459734
3456 15.160093978455091
3457 14.773094451146989
3458 14.605198928330093
3459 15.128899662527237
3460 14.908533587223804
3461 15.503928372017606
3462 14.891427625337341
3463 14.396283719754447
3464 14.742519913883651
3465 13.64595679546889
3466 14.591920684876275
3467 15.426720183919612
3468 15.346780411050831
3469 14.20800424997031
3470 14.289311711772186
3471 15.334288119724995
3472 15.63904609283444
3473 13.829939879469473
3474 13.113717641437427
3475 14.405633469134449
3476 15.529426974349889
3477 15.245623288323959
3478 15.235158834103512
3479 16.683725424402883
3480 17.3134896256675
3481 15.671686696204027
3482 13.675452831412207
3483 14.1436618529879
3484 14.464818334564383
3485 14.77773696990835
3486 12.887831821555237
3487 12.780477279562552
3488 13.646998659269205
3489 13.716472875799038
3490 14.758906145066586
3491 15.070541672520035
3492 14.407671031504073
3493 15.261193828607148
3494 14.48072072116563
3495 15.621855494232639
3496 16.971104732201223
3497 17.25405156878776
3498 17.20922083534635
3499 18.156169973974194
3500 17.014333808988603
3501 16.890208182535044
3502 17.37204961584279
3503 17.408066954163946
3504 17.419215495802025
3505 18.64137006603652
3506 16.783372194858437
3507 14.902768593122685
3508 18.04744560816038
3509 17.266326733522433
3510 18.29920756841276
3511 18.745425191735446
3512 19.45924664347656
3513 15.127818499395781
3514 17.864162946213703
3515 17.1542741661667
3516 14.823129398537972
3517 14.388422700224583
3518 14.62725736368308
3519 15.810797006591994
3520 13.00547835617769
3521 14.270473371966846
3522 14.094176912395598
3523 13.958300778394495
3524 14.046303770257609
3525 13.023572190120179
3526 14.183030168486138
3527 14.218408619753893
3528 15.59975050854143
3529 18.091361993282778
3530 14.468618180131042
3531 14.958735200689866
3532 15.137897507333673
3533 14.664619529050514
3534 13.028487596548297
3535 15.898231457319637
3536 17.88699415223971
3537 14.435121588096841
3538 16.74802520324847
3539 17.010403955453953
3540 18.067194803148155
3541 15.114741699457339
3542 15.604499812498975
3543 15.930844319368823
3544 16.263222216110943
3545 15.629483020359777
3546 14.622958895264384
3547 17.28684638382529
3548 12.670668114542343
3549 13.07294894958024
3550 14.239304162449667
3551 14.721472169402366
3552 15.135329666304056
3553 13.804390512931176
3554 16.517637327145657
3555 14.491083245395572
3556 17.480869833956138
3557 18.45802137448639
3558 17.691750165019965
3559 16.431857956299574
3560 18.11803707758161
3561 17.922730565866356
3562 16.047489029168798
3563 15.493648756846936
3564 16.316814118376893
3565 15.797438702099143
3566 16.114048093028877
3567 15.95644360965964
3568 15.083251894121409
3569 16.003425640983927
3570 15.848077309947396
3571 17.7135009822211
3572 17.746142609700485
3573 15.714306732919864
3574 16.472561914766377
3575 14.969483688718862
3576 15.058890884512067
3577 14.686174573466282
3578 15.284711537186935
3579 16.13180694619004
3580 15.082315330952117
3581 16.330814208965215
3582 14.17589281707856
3583 14.705511450669285
3584 14.870352843360441
3585 13.928058355095366
3586 14.669103939097782
3587 15.103831108600424
3588 15.149849316745268
3589 15.786938161536114
3590 16.058287660899012
3591 15.840637286207388
3592 15.420133044787084
3593 15.202026452454184
3594 14.826497457443251
3595 14.872434032741495
3596 13.274682219128254
3597 14.496463511058069
3598 12.709987094194615
3599 12.229145096650935
3600 13.150569647228355
3601 12.948551763790093
3602 13.056691798937814
3603 12.189243218430803
3604 12.928932377169001
3605 12.124085666562662
3606 13.22328331277235
3607 12.022012790480701
3608 11.949435199367308
3609 12.039267853564246
3610 11.700649654580863
3611 12.38738112080862
3612 12.321869391453742
3613 13.32522040804121
3614 13.278009307983952
3615 13.162695193620184
3616 13.727401525630793
3617 13.05578846689982
3618 14.16793039293201
3619 13.451387042485317
3620 13.572868295459012
3621 14.379933866052395
3622 13.293248615577982
3623 12.75791391163717
3624 12.775329129096999
3625 13.255659028733344
3626 13.068351342171487
3627 13.572265705726595
3628 12.894536053646963
3629 13.630143991832691
3630 13.288468009191211
3631 13.991648962474121
3632 14.672734659996419
3633 13.607181184742915
3634 12.03620993104251
3635 13.533019747171153
3636 12.383514262696863
3637 14.174337198898982
3638 13.790277657826836
3639 13.800407611634679
3640 12.740157146235342
3641 13.09634397353114
3642 13.922002121882185
3643 13.252679896017911
3644 15.290581628130386
3645 14.780907420799391
3646 14.582133868912456
3647 16.04423751070439
3648 15.204400025623714
3649 15.494999262221713
3650 16.417281005853397
3651 14.927866969550928
3652 12.458753663090647
3653 12.205786288641516
3654 13.305572925091454
3655 16.06940225891347
3656 14.16750513419054
3657 16.240459170688165
3658 16.323531767875448
3659 16.89839518851532
3660 16.22916321581693
3661 16.060432234728424
3662 16.106911038200167
3663 16.10887047007589
3664 13.756470661646597
3665 13.966034321956796
3666 14.18642608337014
3667 14.23572218944594
3668 15.12294961365537
3669 14.166932212345516
3670 13.86751415735834
3671 14.042585083425962
3672 13.51093266495972
3673 14.532464398180856
3674 13.66511483672961
3675 13.34179289384149
3676 14.386231495767348
3677 14.13972004345121
3678 13.666847460661655
3679 14.370651028833072
3680 13.949305661008541
3681 14.334023170306958
3682 14.923433252961654
3683 14.768364343804391
3684 14.736241244152577
3685 14.31529797232517
3686 14.534384772657925
3687 14.47695857737211
3688 14.84538097217942
3689 13.710706301695113
3690 14.45099086788648
3691 14.59296170060157
3692 14.570359379746726
3693 14.07036127381753
3694 13.919004445267724
3695 13.604344890880064
3696 14.377574447098317
3697 13.818365752540188
3698 15.159723274051872
3699 14.825899407574962
3700 14.946354970863897
3701 14.347802329394453
3702 14.125208307617608
3703 14.465292460298938
3704 14.382829455578987
3705 14.55750564337196
3706 14.202251817564388
3707 14.400121489225404
3708 14.938395793738856
3709 14.517656201864883
3710 15.265515884444955
3711 14.645690595886315
3712 15.166137905577417
3713 14.42351948489443
3714 14.736431257923973
3715 14.505465303445677
3716 14.379852591650918
3717 12.882338322272549
3718 14.70532014884406
3719 13.809274462207666
3720 13.246891628853307
3721 14.87376272592188
3722 14.624745530015666
3723 13.767123210207906
3724 14.09076821544497
3725 14.345489503286032
3726 14.620046719897148
3727 13.894903464186456
3728 15.042841150906462
3729 14.343781510808169
3730 13.655999343604881
3731 14.082931717266844
3732 14.507408608638778
3733 14.252165712708356
3734 16.78726446100103
3735 15.133545969698215
3736 14.590142637924604
3737 15.578184931633894
3738 13.83242644577087
3739 14.995721022623481
3740 14.47641196999093
3741 15.304213605121443
3742 15.153368654317344
3743 13.79404278754506
3744 13.841490272264888
3745 13.478902581311699
3746 13.621739514443528
3747 13.234500695564941
3748 14.042055232804584
3749 14.243206206068272
3750 13.794395544152332
3751 14.585994118338593
3752 14.814510878884597
3753 14.390098481099004
3754 15.338322495273399
3755 14.459135173193992
3756 15.418988877925951
3757 15.681366361720748
3758 14.694821798694768
3759 15.917421281710402
3760 15.439444422537033
3761 15.534123058338345
3762 14.491752307051726
3763 14.249972227852577
3764 13.350905881862097
3765 13.357761808097695
3766 13.848512715053449
3767 13.882315589289952
3768 13.44033495440509
3769 13.737197088290925
3770 14.045391799393665
3771 13.740360546518234
3772 14.047964853072152
3773 13.92310112621172
3774 14.745438730177817
3775 14.417994696749743
3776 15.030825005666042
3777 13.964899600853474
3778 13.693535386954947
3779 14.200055292430577
3780 14.262440886502604
3781 13.882073791879217
3782 14.017472351167495
3783 14.25081734331077
3784 14.014403032757649
3785 14.583986502281794
3786 13.664677354484716
3787 13.93440908536417
3788 14.542970151760231
3789 13.822946404908052
3790 14.38559676962958
3791 13.6401506170653
3792 13.895885416864736
3793 14.883819695764027
3794 14.910472368810662
3795 14.563997791094874
3796 13.587511432381111
3797 14.007926969760165
3798 14.420940459240589
3799 14.31677990985837
3800 13.755128907932082
3801 14.047362340880982
3802 14.59427225868774
3803 14.472632458231459
3804 14.263997203351414
3805 14.604091487684114
3806 14.948248230744673
3807 14.454826042638553
3808 15.556666083040128
3809 15.818867204622238
3810 15.356748007202206
3811 14.02610157124622
3812 13.82974232553067
3813 14.035059657933786
3814 13.52882447317572
3815 14.296761681160621
3816 14.267158031655622
3817 14.100510508070242
3818 15.392302093946356
3819 14.637378673496805
3820 13.72360063867412
3821 13.545292439169174
3822 14.635505469706588
3823 14.293268796494468
3824 14.956764341841303
3825 13.516097225321909
3826 15.05616777024425
3827 14.736879297284974
3828 13.87526464019654
3829 13.8028886833415
3830 14.489220754918843
3831 14.119732381051758
3832 14.854135011227893
3833 15.251445317956206
3834 15.087082332619596
3835 15.013340073128449
3836 13.341873739675489
3837 13.936992029899622
3838 14.634258110966565
3839 14.755817196440642
3840 14.472915804441676
3841 14.52142879171651
3842 14.712362320535112
3843 14.570991400906307
3844 13.953940485363415
3845 15.288468353422376
3846 14.720198468239127
3847 14.91541741007719
3848 14.228813972829453
3849 15.490177955664556
3850 15.136232473844137
3851 14.613565301365453
3852 15.44388006248109
3853 14.96739642205503
3854 14.500616910770455
3855 14.884620274171922
3856 13.957021320710092
3857 14.438128193139606
3858 15.006361039088272
3859 14.324650131402176
3860 14.993854739629128
3861 14.439841310470495
3862 14.036723818971883
3863 14.896445325511765
3864 14.242856339935459
3865 13.388369082097865
3866 13.791309331821125
3867 13.534488681399715
3868 14.370937413252953
3869 14.429761989797353
3870 13.9080882563162
3871 14.548327596242151
3872 13.93615199068413
3873 13.825888257041798
3874 14.626163814621773
3875 14.303479627384288
3876 14.562832625020182
3877 14.01327936613438
3878 14.984008505564473
3879 14.055562500994908
3880 14.83718304233585
3881 14.053863693442855
3882 14.540127005672787
3883 14.404560954360461
3884 14.881116538048508
3885 14.594885254919976
3886 14.97712411428384
3887 14.893521628926008
3888 14.193676918988402
3889 14.54423228619652
3890 13.993128145077241
3891 14.532328194839122
3892 13.521542716409273
3893 13.988886191350671
3894 13.55085574296594
3895 14.262616023136617
3896 13.992055584924694
3897 13.08110172379956
3898 14.565507779138747
3899 15.81957161508186
3900 14.539257315517391
3901 14.519074613650298
3902 14.938170491948886
3903 14.882379909898722
3904 15.509732585647564
3905 14.967326290209941
3906 16.81481379510011
3907 16.40589816903321
3908 16.25590362646861
3909 15.955671599052131
3910 14.577324873164674
3911 14.649276665234497
3912 13.75946663000711
3913 14.877150709071017
3914 14.513174773649592
3915 14.814022108925066
3916 14.824080584110948
3917 15.608908881714651
3918 15.86996317329837
3919 15.140982397805182
3920 17.624276317745007
3921 15.1784068522836
3922 15.48871874855244
3923 14.941001805699727
3924 15.335200080375355
3925 14.700141273183693
3926 14.674227236107617
3927 13.372108856832913
3928 13.828486715676455
3929 12.9954582661362
3930 12.730829752744059
3931 13.13275803105468
3932 13.359713780771537
3933 13.482110656007292
3934 13.1789704216221
3935 13.23286270881845
3936 13.166764525878456
3937 13.087721353694471
3938 14.052492892079782
3939 13.917358136175702
3940 13.805670047404584
3941 14.416010158051416
3942 12.966185607016685
3943 12.329167495928933
3944 12.526890238712904
3945 12.682845734364173
3946 12.683233423335661
3947 12.742245789216744
3948 13.273501935036567
3949 13.208280659554925
3950 13.09385333145007
3951 13.689877375522013
3952 13.75234326557715
3953 13.351178123125772
3954 13.604721140166337
3955 12.892473583954922
3956 12.855752220506941
3957 13.331144762386769
3958 12.899141004602638
3959 12.324290925650477
3960 14.558261359656544
3961 14.173788685546734
3962 14.889625668301095
3963 13.905091628480157
3964 14.46334277124966
3965 13.211848691249212
3966 12.351636565716893
3967 13.44709598057059
3968 13.657121218031516
3969 13.81730230564003
3970 14.142396530198388
3971 14.00086505419257
3972 12.52738415459372
3973 13.810510552298123
3974 13.12064472423413
3975 13.878702585448623
3976 14.205103443365656
3977 13.721866232398565
3978 13.42889229075858
3979 14.138929809207877
3980 12.950941386879837
3981 14.340475699969682
3982 14.082161988167826
3983 15.187605841525668
3984 13.746442911814643
3985 13.805237670422976
3986 13.324494821217707
3987 14.835156795447386
3988 13.166442387572719
3989 11.87610515288211
3990 13.572828744593641
3991 14.50437904772681
3992 15.242867559753325
3993 12.345330797463257
3994 14.399673955200807
3995 15.583426000659179
3996 14.95906406075994
3997 12.984723813100455
3998 13.156381326650042
3999 12.719677359077748
4000 12.666296476263346
4001 23.006234616681578
