0 30.203715976146388
1 32.774132438742335
2 36.10233576649349
3 36.621303733023794
4 37.95185446766543
5 38.595846334213114
6 40.764844687728676
7 36.4948262404867
8 38.99897827181453
9 35.34349959160845
10 33.43018295680791
11 30.406094332126735
12 28.399637918421234
13 26.824259897281333
14 29.309043186987232
15 26.66743025744548
16 28.020465766310668
17 27.785020101093025
18 26.961371090999513
19 23.112270008485776
20 23.192534546123117
21 24.435301015868344
22 21.858306840799592
23 20.6661980232557
24 21.801594934687078
25 24.85922317770483
26 26.208480122033716
27 29.72925101898659
28 29.71933833208517
29 21.486235991560786
30 23.326448563290477
31 24.88689297010297
32 26.459208188368443
33 22.73968018326231
34 22.861281911195967
35 25.140722147995216
36 24.896314442249096
37 25.07146547843516
38 27.530117668734647
39 23.742901336341678
40 26.28903594781891
41 26.30850870520534
42 27.228181585647103
43 25.480089015057903
44 29.897391512403924
45 28.150506601061092
46 25.643350124647792
47 21.803924654781262
48 22.38496167283609
49 24.305115425514696
50 26.12947059065969
51 26.45242524304771
52 23.46611845207923
53 26.885368731204444
54 23.562855770660434
55 28.023361674434103
56 28.05266461548454
57 24.803266800789135
58 22.902830521941976
59 25.858537440441705
60 24.19273278742119
61 21.481496498360926
62 23.87830067308746
63 25.17377464335307
64 23.88222936584994
65 24.084703186817464
66 21.306380981008036
67 19.707338637655155
68 24.993213211115016
69 22.639506703251104
70 21.412119742078062
71 20.591741083502058
72 19.598086144603997
73 21.989283349268934
74 22.409799915938375
75 23.955382147480055
76 20.272897217143292
77 21.45837259768385
78 23.206546863830187
79 19.586262806514775
80 19.499582734248207
81 19.987377835723073
82 21.348578322522187
83 21.837236874284297
84 25.255205988767216
85 21.76483447526702
86 21.434528873179964
87 20.051049885267954
88 20.181771834805502
89 19.62411653172166
90 20.138418567851716
91 19.026050537620687
92 18.728040160800994
93 19.408896380441135
94 19.682494772086514
95 21.100686439486445
96 20.675509002287942
97 21.132728979661383
98 21.326399510388093
99 20.413196768744044
100 21.995813905815815
101 21.95292238889798
102 20.7253916430692
103 19.1795699090641
104 18.46678752763751
105 18.59007681257929
106 19.16620953309089
107 19.18754244093899
108 21.14934133455542
109 20.550195761534848
110 20.07566308923904
111 21.499262125528144
112 21.261522842478936
113 21.475534734497245
114 21.961562193769712
115 22.53374735338505
116 20.46197683854334
117 22.623015633884155
118 19.167825088780162
119 19.44572162418432
120 22.01493489325647
121 21.24118476688502
122 20.914740092109497
123 22.88537423332822
124 22.282395507917
125 22.199829031484985
126 22.816049277618887
127 21.500288277047233
128 20.644458923456263
129 21.27105388137822
130 22.59945324943802
131 20.726834380137863
132 21.53074313541954
133 22.722974727749005
134 21.338291029497277
135 20.953501053441627
136 22.58293441863248
137 21.75236805802108
138 20.504167893332156
139 21.632978450099117
140 20.84948771931142
141 21.63061085692539
142 22.234855939271238
143 20.34873636035061
144 20.17105802213145
145 21.94935227146202
146 21.34698817448075
147 22.576693571355896
148 21.354992404191773
149 24.0180413395859
150 21.562438994551673
151 21.752094199057712
152 20.60315453236905
153 22.792912383415434
154 22.85493403159726
155 21.509952805386426
156 20.97993132944666
157 21.460601742316996
158 21.553196947843013
159 20.623665835681468
160 21.60674741974559
161 21.130729732307234
162 21.814933725834557
163 19.338069521625048
164 21.006233224099383
165 23.960746304348525
166 19.197158837390717
167 20.180499443172693
168 22.283587836873025
169 23.76863303070708
170 24.950896928646944
171 23.208445141380277
172 26.109934430839544
173 24.428990303001328
174 22.97705026587666
175 23.0335994606213
176 22.65171074314534
177 23.86357176459399
178 23.695991739520508
179 23.587763296043985
180 21.979443115247648
181 22.93893231026647
182 22.922104077456165
183 23.207266779177182
184 23.94779178628615
185 23.4020270743454
186 24.53708338435431
187 24.709668979226986
188 22.16017593878581
189 22.854164861101953
190 23.441519669494394
191 21.258959154469892
192 22.316680839294254
193 22.184172987106
194 23.289215155907655
195 22.51840009223466
196 21.4124625995633
197 22.607700151637136
198 21.854998953008252
199 23.321929075826688
200 21.382028535934662
201 21.685059872706184
202 23.475655633288493
203 24.765264458818944
204 25.549903593417138
205 25.56649694729466
206 26.935013512934304
207 24.915000157824934
208 25.723905434740566
209 25.443114757534406
210 23.413253834937432
211 23.16896041609255
212 23.453356210248902
213 23.80045177717027
214 26.131659720113777
215 24.992523742402316
216 25.419954383295515
217 27.161759688575113
218 25.717898713651632
219 25.900418273789253
220 26.306299589154637
221 25.971833564125873
222 26.08399343627042
223 26.53686047705394
224 27.24857304199329
225 26.885048560110175
226 27.072732386683754
227 24.602244367332162
228 25.72053749436558
229 24.299193386992993
230 23.938244547974026
231 25.801547281638403
232 26.81912415609808
233 25.940469986681087
234 24.31968475956309
235 23.686599619189646
236 24.263107469426142
237 21.83563357825326
238 23.625358860097815
239 24.396144308285486
240 21.101723084519648
241 23.44652130749321
242 23.778131258458775
243 21.098026680608996
244 24.15589015163136
245 24.829587743120754
246 25.32586902888991
247 24.45603558070158
248 23.14553631428165
249 24.229998334287977
250 23.710992090392743
251 23.737362143489577
252 21.894907502343404
253 24.859340075008088
254 23.27393478076838
255 19.23836059664271
256 21.016420340435324
257 23.5436737019139
258 25.24656060272757
259 22.539447327061545
260 22.99883359681629
261 24.045638930855485
262 21.085462426300698
263 21.10524015650176
264 22.211365991947098
265 22.78164541416031
266 19.572454527704398
267 23.962129621324106
268 24.291116773580445
269 23.546936392395086
270 23.915339877653057
271 24.133011270592107
272 22.11271507270069
273 24.189425878694482
274 24.3012150747189
275 21.687573524161618
276 24.012051235026988
277 21.415268202765272
278 21.519877352028853
279 22.684607232479628
280 22.685066338678126
281 21.46949712831682
282 24.236559143850403
283 24.59039956524159
284 24.059399859173862
285 24.066353952224645
286 23.68257505418162
287 23.872777675013403
288 24.267373842010624
289 22.16174793070271
290 20.95135550304979
291 25.596883233449972
292 22.67272429652959
293 23.32700874855502
294 23.90246921626474
295 22.000863293165352
296 22.669685310701485
297 22.680820392121785
298 21.79860853643606
299 21.444311391350535
300 22.840840158660477
301 21.45605593200329
302 21.486900105306315
303 22.392413679110582
304 20.806323299264083
305 23.765666766214682
306 21.724246334230244
307 23.33911001880426
308 22.344094177379663
309 22.672616533844266
310 22.1916964462417
311 22.783540310340218
312 21.722993448215686
313 19.86323763392656
314 21.37234817035131
315 22.093626045555126
316 21.883052040161772
317 21.95390742075671
318 23.288066400541997
319 24.86824040589402
320 23.830311953336214
321 21.961927816060083
322 23.191022179477475
323 22.302082018972957
324 25.66196697723981
325 24.145038354795755
326 23.47135719958696
327 22.176333492299094
328 24.700476007670485
329 23.401148548631355
330 22.94651995008938
331 23.318577944188693
332 23.38443286804334
333 21.92168641745442
334 20.14022545121227
335 19.83274226354538
336 21.238835517299083
337 21.37502788862352
338 19.249955222655892
339 21.122489385306267
340 22.69358671240202
341 21.01026940301593
342 20.924577039120145
343 22.526719974132828
344 21.13457707996642
345 22.044641511443455
346 20.331007193683977
347 18.57418313696152
348 20.776511974124393
349 20.66201628906465
350 21.61728702994852
351 22.08691666991415
352 22.286148682096186
353 21.685508199396878
354 21.427519635281186
355 21.638383502380343
356 20.146235880151902
357 22.464321296945982
358 21.320174386241643
359 20.488653844846347
360 20.32013358992188
361 21.59724119281979
362 20.768517933378885
363 21.66882628004441
364 20.08886665090607
365 22.45142238048056
366 21.551076789666553
367 21.371621286872283
368 22.30787551138176
369 22.09447596570718
370 22.30602040326971
371 21.603863872804894
372 18.15723098196444
373 16.31303335604603
374 16.112739766377004
375 20.973896719287026
376 18.991728491764565
377 20.68730739756337
378 18.88884739802107
379 19.83579543745755
380 19.907187431325482
381 21.424606276323708
382 21.012504922606887
383 20.68450947335649
384 23.151075918222247
385 23.000308823809444
386 23.71843712590452
387 24.223557978148555
388 23.42850063598188
389 24.140769162475344
390 26.23094098188148
391 20.63171296464165
392 21.796412883138416
393 22.748966835791933
394 21.843725995064844
395 25.477219558234705
396 23.442984553601462
397 23.576643688067872
398 22.613931127504294
399 22.211586713969492
400 22.719601036250964
401 23.027517088249
402 21.711447885131985
403 20.34055346022015
404 21.91065228005435
405 21.187766385204114
406 23.193868189748038
407 20.84678352088258
408 22.78054445897415
409 20.870565260876262
410 21.144327134968247
411 20.355639009128268
412 21.65462974977036
413 24.39063571103089
414 23.626016679571606
415 22.076241773229707
416 25.559629688626824
417 23.139675568076076
418 22.096059543181735
419 22.862806409548572
420 22.880790306861215
421 23.604710271730706
422 25.542241344699036
423 22.97119118099398
424 21.84793930602192
425 22.414586822017366
426 23.33843418573212
427 22.051596735502446
428 21.52503185912358
429 22.670810741841983
430 19.612627917055796
431 18.116303494648342
432 21.48860953091584
433 23.762726612598424
434 20.816044847708476
435 21.360759937900156
436 22.527921247556787
437 21.986010633555964
438 23.225648383907686
439 22.863053053584867
440 21.668989742797308
441 22.23995848597216
442 21.633511978088105
443 22.87203478836371
444 22.203929908460633
445 22.726939447381557
446 22.89294482272386
447 23.178002483842448
448 22.903801900343545
449 23.369598316631183
450 21.712237579745633
451 22.72921116693225
452 24.76646726119192
453 22.39455505406082
454 22.88559654496823
455 21.7188525398059
456 25.190864592311783
457 22.60455719350368
458 22.173539886331543
459 21.76240179529889
460 20.897501248960964
461 20.62707482091757
462 21.417912693637863
463 21.646108718290787
464 22.69300019349722
465 21.090546008044846
466 19.39525074410582
467 20.712505242614142
468 21.143778248559926
469 23.461139041733404
470 20.799076296287875
471 24.01083137772922
472 23.74283918697886
473 22.50945513468766
474 23.127381863188205
475 23.862632034568755
476 24.546597507544696
477 22.711794015228417
478 23.47725674858807
479 19.942839141866006
480 22.218631283816116
481 22.614039038130944
482 23.268172800995938
483 21.36943292318056
484 21.72105735284777
485 24.127265725624017
486 24.862354260570015
487 23.801484694774185
488 24.392464412920337
489 21.94523192270351
490 22.108708561761713
491 21.20806388791824
492 23.020813512804583
493 23.16583795989604
494 21.518923523296625
495 21.88489285208363
496 21.83756165212928
497 23.66724575539384
498 22.690679933390662
499 18.901043077337686
500 20.1935271357847
501 18.529134471544914
502 18.866322105380785
503 18.477723859924378
504 18.203531998871473
505 17.489495183032574
506 18.308098374292467
507 17.789460524156393
508 15.977241015448705
509 15.772790021420745
510 16.47270675207626
511 15.776475631156181
512 14.718389822346696
513 14.595750566234136
514 14.886446789287461
515 15.148168836360448
516 18.74702618214183
517 17.40455250104513
518 17.555797404903167
519 18.365144204296527
520 17.087169472814843
521 16.230639602741515
522 16.30351301537693
523 17.23617649234049
524 18.569472600691977
525 19.458377557614988
526 18.933977628939235
527 21.64721476773999
528 22.986786512977762
529 20.445354546663875
530 20.484350453033432
531 21.293361480939776
532 19.60196790333694
533 19.783534557105526
534 20.497798772021696
535 20.6207644856469
536 19.4465342615622
537 20.260328075770868
538 18.34870906760879
539 19.420566404238418
540 19.621824804135947
541 18.859400730948725
542 18.700456828856808
543 15.793039895232194
544 18.756820815444545
545 17.077927378971783
546 16.277221191859887
547 15.91203157988026
548 16.032501495661915
549 15.883731784260673
550 16.89923165799531
551 17.322775524021456
552 15.351525210972339
553 15.545317687393721
554 17.80079360555822
555 18.828288979123563
556 18.66055545270483
557 17.494099392801214
558 17.022456679595454
559 16.787405533037834
560 17.034159950838628
561 16.862987520607287
562 17.01840202714951
563 16.453781524213746
564 16.71386869180067
565 16.393403098190838
566 17.339201888007192
567 17.024677360987113
568 17.160998209083914
569 17.37091489461196
570 17.847793890492746
571 17.1184217276815
572 16.754928480707477
573 16.249178543690785
574 17.130819017749484
575 17.403927873590142
576 16.601761802297464
577 15.184427407894342
578 15.908109941361568
579 17.36773948441755
580 17.612223700085618
581 16.90872105463916
582 15.667114480675679
583 15.762976877210976
584 14.425579673294997
585 15.842085980084345
586 15.042697209212378
587 16.663292520877512
588 15.739963975452001
589 16.526891986891222
590 19.33509718502417
591 18.90985028365528
592 17.30774429733204
593 17.24846125197624
594 17.19067654231205
595 16.981753062682248
596 17.839605110956033
597 20.52882738253272
598 19.642088719069204
599 19.09127259622419
600 19.892572993219378
601 19.643572208620878
602 18.103507215120434
603 18.507603288956894
604 15.940936596851682
605 16.311979348526698
606 17.46887778015914
607 16.71122520557382
608 16.510475321673894
609 15.986674765972003
610 14.303269737641036
611 16.57163405783313
612 14.423071507903986
613 15.163610422606883
614 13.759132937101468
615 16.837454053743436
616 16.418999899401527
617 16.07755242029781
618 15.778877245147791
619 16.485022861648993
620 16.64065925887814
621 14.14971897943559
622 17.372611938196073
623 17.04240821940392
624 15.523583655235319
625 18.135446122719443
626 19.65730641494538
627 17.249677305970742
628 18.79568655681785
629 19.208441786870615
630 17.723101740742827
631 17.08191748922423
632 17.686032640175526
633 17.654632095484402
634 16.436841383030664
635 16.90353318632854
636 16.235655030763986
637 16.159213344859662
638 16.38950498051265
639 17.749771025587375
640 17.408849223591595
641 17.567306274892534
642 17.548018003570082
643 18.57179327611888
644 18.805455468080797
645 16.635208512547464
646 18.37503033237195
647 16.359867472497584
648 12.125307433079724
649 15.042278400127007
650 14.464332926375702
651 16.947831983435755
652 18.14462006050287
653 16.94868516846913
654 16.84679974890751
655 15.40383027278549
656 18.68079408285436
657 16.388528707962077
658 17.88118660618505
659 18.781164131930897
660 19.58574875491906
661 19.004141673774686
662 15.944315922280943
663 14.87490991086413
664 14.652060239214766
665 14.761722187690882
666 16.20630497071646
667 15.177167920278961
668 13.868120087262067
669 15.933403193483816
670 15.942308354583588
671 14.227384355874365
672 15.023276852019926
673 16.31984247215846
674 16.348622779308144
675 15.037462332895723
676 18.432340970241857
677 15.63174143798272
678 16.14916989841683
679 17.495456885178243
680 16.268614447646108
681 18.07430750762132
682 15.122003158502759
683 16.425943473023782
684 15.278379081064223
685 12.273808640852465
686 14.511861012036826
687 17.8428661903348
688 18.38018994852798
689 18.742475995184645
690 18.73072477177789
691 18.748931952981128
692 18.845885641331137
693 19.455330895716635
694 19.005982535360015
695 17.456721960892793
696 17.936804753393755
697 18.96871143459109
698 18.296007629070417
699 17.16488404410198
700 16.78104970851849
701 17.492960988788997
702 19.69413638024466
703 19.545252031218602
704 18.87723602057906
705 18.701868034285273
706 18.231999138444344
707 19.793935329003258
708 17.642219147483985
709 19.979768286575442
710 14.744984613192875
711 17.74262034282538
712 19.370241296081947
713 20.580706476852605
714 18.18313159921486
715 14.899740670119538
716 16.319716627617368
717 16.42204764595802
718 16.71321555053721
719 16.073504831005167
720 16.00524261109793
721 16.8249017201426
722 14.880862368236471
723 16.54932661483309
724 15.085970372546981
725 14.994887856285533
726 15.662376961313695
727 15.65835488200469
728 14.04426673732367
729 15.217477204099211
730 15.089731229483261
731 15.819598495945375
732 18.506868707139738
733 19.85672202365237
734 17.318213689369202
735 14.975269058027395
736 15.05033828831722
737 16.37746242250455
738 16.41749393440495
739 15.74745970051859
740 14.663919880600425
741 16.129538711555004
742 14.885056538450506
743 15.260163005618638
744 14.769036598683757
745 15.749918637797856
746 15.779272726293689
747 15.134616217435351
748 15.68274243944108
749 14.831979667351106
750 15.750154067483548
751 16.001682136683815
752 14.891257978988815
753 15.372128217903024
754 15.650477832169704
755 15.409595977765632
756 15.059867547606826
757 15.297544463633452
758 15.017748024833221
759 15.212070891323483
760 14.855310958848609
761 15.304865948985043
762 15.120808427384286
763 15.663829413302796
764 15.053644993520466
765 15.436238941260742
766 15.301919027118748
767 15.083470705204864
768 16.398365697029668
769 15.34635879009602
770 15.38616397626391
771 17.224417112724947
772 15.152608657244029
773 15.37476032359472
774 14.783152150957301
775 15.579663653581502
776 14.70413452102745
777 15.603802404385362
778 16.94762200745748
779 15.819805112938727
780 15.101756721122522
781 15.42303924543005
782 15.347564689378018
783 14.087619747333713
784 15.755357746481549
785 14.122278717521255
786 15.59587881290159
787 18.132012202120258
788 18.018662284710068
789 17.45150598934398
790 17.497446142649153
791 16.895768816217565
792 16.587669807630313
793 15.2332355911557
794 15.735071928298892
795 15.440857213889641
796 15.339031220626062
797 18.391995288747378
798 17.86971317003521
799 16.72109723741514
800 16.749301100541675
801 17.123917978318648
802 16.04828459940219
803 16.96563766751666
804 17.07425375397685
805 14.143087833160058
806 15.365203623691288
807 15.318783980584223
808 15.57649111683299
809 14.536679037856679
810 14.820885770793197
811 14.935329711414322
812 15.06013855291844
813 15.53216980921498
814 15.97459456591753
815 15.083025223516097
816 16.171975817828976
817 15.015494516558364
818 16.06880414115491
819 15.219075018989745
820 14.428997278514856
821 15.79571218596735
822 15.9585799809276
823 15.181992393637763
824 16.759440811953237
825 16.21680361621043
826 15.789248497023461
827 15.918486094884244
828 15.90613467647461
829 16.051745315232132
830 15.469303956948245
831 15.49751523059769
832 15.417801792784793
833 16.038038039901455
834 15.299470285558966
835 17.095795909744712
836 16.392368778289246
837 15.677567936503529
838 15.685488198990361
839 15.38779580724086
840 15.578387533444296
841 15.824659539825785
842 15.809159729143348
843 15.1910313069472
844 16.429002084546543
845 15.164779206181299
846 16.715105414120202
847 15.828407537086639
848 16.824182439228142
849 15.605740053670061
850 16.057327847914436
851 17.209186575297768
852 16.91029486256504
853 17.216919802168498
854 17.53391682686531
855 18.15434090563394
856 17.793406891219277
857 18.21729985015825
858 15.720725838332749
859 15.60785386492946
860 15.405456389565126
861 15.319918374823278
862 14.602082316534164
863 15.419325744321185
864 14.614769252923113
865 14.724941902655397
866 18.317092614874333
867 17.988412060209242
868 17.39042400878669
869 15.335858733043898
870 17.958864039369796
871 19.35080830587744
872 16.752065075738283
873 14.286170683128612
874 15.475420134824411
875 15.230652424494497
876 15.182500681959983
877 15.026921190086092
878 14.020504778703899
879 14.795115354037788
880 14.442446181674956
881 14.676288404065064
882 14.543528013628006
883 15.49450336459333
884 15.312545880532454
885 14.317286853672986
886 14.41051148109958
887 15.028548668683662
888 15.850590899960586
889 14.605301463547034
890 14.768960268363585
891 15.423107472955044
892 14.844418824519092
893 15.27585130063259
894 18.008263656818993
895 15.299530304127387
896 16.21246712423169
897 15.795276626237332
898 15.86038077379714
899 13.470987167975798
900 15.624206880383676
901 14.452146954297705
902 13.517115530392799
903 14.68186177289747
904 14.982346673567273
905 14.336498821872249
906 14.316884123645393
907 14.803218607767574
908 14.412375864441069
909 14.379720499670139
910 14.097053720633722
911 13.171354150345284
912 13.550042496059373
913 14.580650439516775
914 13.899334954798247
915 15.314869827878658
916 14.078849771400302
917 15.530313268525461
918 15.884298338798441
919 15.034564726770435
920 16.18089101929248
921 15.833779117579832
922 15.695984792546708
923 16.483818411627293
924 16.530220153206972
925 14.723413382732021
926 12.993912881645771
927 14.375773084362663
928 17.001012234342856
929 15.68723697809823
930 15.260708569720526
931 15.394667708455744
932 15.720904802296152
933 14.91333668697258
934 14.497211121327595
935 15.669568021769201
936 16.791423274748308
937 15.355657911724323
938 14.624858863502075
939 16.102029174925466
940 17.15780727973612
941 15.320661914660839
942 14.810514511301541
943 15.842183703842245
944 15.466125269078573
945 15.729360985214374
946 15.902423266074578
947 15.109966409622986
948 15.817942802852784
949 17.01564813851019
950 14.86052610510879
951 14.543860972979813
952 14.711781252979431
953 19.9284377222767
954 15.295450938036208
955 15.917186900852924
956 13.937849911417974
957 15.47190416854002
958 16.08616091707213
959 14.547793330283966
960 14.466706161540039
961 15.022046074615377
962 14.282018670869698
963 14.120674783725896
964 17.830083052591252
965 15.788150099755919
966 14.620384427143705
967 16.990659274177855
968 17.64113551933523
969 19.19470978847643
970 17.939359197751287
971 17.232207951920188
972 17.916002659040593
973 19.45246744606117
974 19.653862090611113
975 20.986426971923787
976 20.50876243856654
977 20.522601212029702
978 18.422444039401693
979 20.060573178525626
980 20.359820144923916
981 19.922223162762915
982 20.872125750235824
983 20.09530563619477
984 15.981469484735205
985 18.36255637030618
986 17.30911111393156
987 17.08454373843392
988 19.32818065287121
989 18.351637889973123
990 18.310134145600774
991 18.518296538524122
992 20.436790203011427
993 22.3368764359897
994 21.288883739000696
995 21.83933419796995
996 21.018928904007826
997 20.479552156630657
998 19.713046854565345
999 20.665276987069067
1000 21.67829326890025
1001 19.390288025112625
1002 18.80954921328419
1003 18.126817349243805
1004 18.404574775420127
1005 19.93698055787982
1006 19.095112094335896
1007 20.049955266337307
1008 19.344889251716268
1009 17.503545749625
1010 18.972514800155977
1011 20.17385715415869
1012 21.111666931177336
1013 20.683930816424876
1014 21.330742479413704
1015 20.267021693751527
1016 21.19895980669177
1017 21.77343616505214
1018 23.447425870314245
1019 19.178936752905052
1020 20.52902627792272
1021 18.681732706092838
1022 19.75096144155323
1023 20.452014629189847
1024 20.45067258367811
1025 20.670335257387052
1026 22.297340300623965
1027 20.42114369151802
1028 20.469438462822886
1029 21.761148279237027
1030 20.15451841297199
1031 21.073643007355624
1032 20.737018994420744
1033 20.710699175753614
1034 18.732362793070482
1035 19.407620267111
1036 19.861649374127193
1037 17.5165577101347
1038 17.25651239939612
1039 19.336145618198398
1040 16.828749712029623
1041 16.917792109310266
1042 17.48334630069089
1043 18.319251251413238
1044 19.59621508084782
1045 23.00841858543559
1046 22.05510737069637
1047 22.426051688821317
1048 21.48052629191938
1049 23.98974625148618
1050 21.28330309465508
1051 18.683302073189367
1052 21.027160807699502
1053 18.723768627551106
1054 15.999310750517358
1055 20.66397422269736
1056 21.318525776646386
1057 21.366675666483886
1058 19.121457998502045
1059 24.98729124356707
1060 23.708213361872712
1061 21.43342491981694
1062 20.30933953584797
1063 18.59636020819366
1064 18.91548338113373
1065 17.667048975835765
1066 21.976046003530417
1067 22.847723727715934
1068 21.340146710786772
1069 20.677808808725814
1070 19.88864853394681
1071 19.30673218594392
1072 17.6264889111332
1073 19.08392841371918
1074 20.352873523444384
1075 20.265600682713895
1076 18.78192099428578
1077 19.759628953463775
1078 19.691879471798067
1079 22.371236165303593
1080 19.238580622196917
1081 17.87412645856586
1082 17.066597732739123
1083 18.19203774847939
1084 20.44721716766911
1085 17.157688430403066
1086 18.028577031853757
1087 16.824323197830772
1088 17.26449736528221
1089 16.04058315605943
1090 14.100386674815095
1091 14.240508402312765
1092 14.162198082639723
1093 14.697084151704022
1094 12.765331154460297
1095 13.852834344978158
1096 14.23213406533297
1097 14.384942201084229
1098 14.400965386402886
1099 15.763839484225652
1100 14.932663181754341
1101 14.859749612457467
1102 14.926559536527744
1103 16.144060536140003
1104 14.912179455365779
1105 14.514074854504981
1106 15.98646930994961
1107 16.139229971281534
1108 18.574699709698283
1109 20.63856670437683
1110 17.91879086817558
1111 17.833003167825158
1112 18.68616581192086
1113 17.40974418695497
1114 17.39472818844906
1115 19.7161143625698
1116 18.061818324168136
1117 18.714927400514288
1118 19.456262350155995
1119 18.166649493237642
1120 18.678009554295514
1121 19.652746432383715
1122 19.712066444249864
1123 17.515046131707365
1124 15.174314352191296
1125 17.608650251669612
1126 17.648816060026228
1127 16.826620556173594
1128 20.20087290983445
1129 19.48434933908127
1130 19.85892391259276
1131 18.218454121481425
1132 17.851954405487994
1133 16.6420113287899
1134 15.96286468514764
1135 14.882644803384226
1136 15.015499259863592
1137 15.775169384128048
1138 14.555291153915965
1139 14.727697936894923
1140 15.168283360469118
1141 15.063600408172103
1142 15.224307678517592
1143 13.757766097953827
1144 14.984922192402292
1145 17.026601970707276
1146 19.276304053262827
1147 18.842932703112936
1148 16.727506415806904
1149 15.383458789670977
1150 15.677694349978841
1151 14.939425552846103
1152 14.774974299633945
1153 12.823779120441769
1154 13.856412338361789
1155 13.955960346583627
1156 15.420052753216725
1157 15.048750272044865
1158 13.500135579965153
1159 14.889371192062667
1160 15.370029143068496
1161 13.675982037474842
1162 16.38911791980633
1163 13.222662704688554
1164 14.180566873479211
1165 15.591005549273506
1166 15.271199101607086
1167 16.371887462491472
1168 14.648433466093307
1169 14.365431056767132
1170 13.204260539304103
1171 12.764719897439013
1172 14.062396139487895
1173 18.147004844930425
1174 16.93098714137366
1175 20.29382446267921
1176 19.718695692934837
1177 18.528391966449743
1178 19.19763116973837
1179 18.503259505863515
1180 16.064187524543925
1181 16.755831938569365
1182 15.493345314641596
1183 16.32457190969235
1184 15.872575988660403
1185 14.368189274294776
1186 17.52309138607058
1187 17.90987966951953
1188 15.463523281672037
1189 14.841342655737236
1190 13.901809603133612
1191 16.109531880736988
1192 19.116036037119436
1193 17.766482890216263
1194 18.040372199979796
1195 18.13857478522759
1196 19.30351489148649
1197 18.688624481235696
1198 18.80593071555426
1199 18.470648282360415
1200 17.26086626454242
1201 17.977657306033063
1202 17.33232770586886
1203 18.61241719228427
1204 19.463814828276867
1205 18.553147028200726
1206 17.835248403271265
1207 23.936746229419036
1208 24.00910971926648
1209 20.43380826405491
1210 22.494468210028295
1211 21.96854994397641
1212 21.59262516559422
1213 22.65668309654755
1214 23.131695916346015
1215 23.26408869552551
1216 23.38278791906792
1217 19.781892885486045
1218 17.9434442655184
1219 13.990272086649508
1220 14.720318049385714
1221 21.61190843835964
1222 16.140679616035246
1223 14.292524165023716
1224 17.237097199446236
1225 15.079794744922742
1226 15.80148222342453
1227 16.14127250325589
1228 16.51041612432306
1229 16.537899427329524
1230 16.683021907180542
1231 16.594156840515613
1232 15.516286113762245
1233 16.616608574070703
1234 14.80431957741639
1235 14.721980523464953
1236 14.834449194292572
1237 15.442422923977007
1238 15.52813968478948
1239 14.703108011332287
1240 16.199876766869448
1241 17.999712947550133
1242 16.129584167003095
1243 17.302997983621513
1244 18.012732230665037
1245 16.55351487134843
1246 16.835449938471015
1247 17.90243996917167
1248 17.036059798990724
1249 18.352589124041195
1250 18.81904533454005
1251 19.42707501260924
1252 19.78031213867118
1253 18.670135707270642
1254 19.193399097073907
1255 18.109349635226295
1256 15.2560296522976
1257 16.89055333082168
1258 18.355563305950042
1259 16.225061201360127
1260 17.994022250779203
1261 18.159600141132287
1262 17.946773132917713
1263 18.751862804562787
1264 18.315297764663676
1265 18.948028288434088
1266 20.591804131961744
1267 17.74598895591533
1268 19.06090290729051
1269 19.56659057227294
1270 19.882423402460173
1271 19.912195094187766
1272 19.430191580578597
1273 18.359990289433643
1274 18.19922303874175
1275 18.033603504878293
1276 17.99356105523751
1277 17.77010591117983
1278 17.00852627577251
1279 17.529734828357324
1280 18.873709016056065
1281 18.93071483489671
1282 18.98751861229908
1283 19.129419093467835
1284 20.25670067074653
1285 18.248298713044317
1286 19.769481243956317
1287 18.050642963319806
1288 17.430457552160956
1289 16.12101240131066
1290 19.63981976358523
1291 18.588839364718712
1292 19.237233665165302
1293 17.519594413295753
1294 18.324952562968694
1295 19.285442585970983
1296 19.42049629496766
1297 18.273603883364718
1298 18.413439334193882
1299 18.226688724390467
1300 16.51897367138944
1301 16.577000449312983
1302 18.000697601537592
1303 15.993999209444098
1304 17.585619501044615
1305 18.51434873741393
1306 15.917071525855414
1307 15.18415778318476
1308 17.322299446689847
1309 19.19002714778395
1310 18.335605401838208
1311 17.069311359730904
1312 15.973171254967761
1313 17.67361754488613
1314 17.556516733905024
1315 13.384242287166813
1316 16.61408406656092
1317 17.669787135329077
1318 19.538519973500016
1319 19.008338779746847
1320 16.862780358611626
1321 19.575026848630028
1322 16.045963163060684
1323 18.395501272304276
1324 17.28683141865303
1325 16.874982995643872
1326 15.347659594826766
1327 12.519089971870686
1328 15.937673220231552
1329 16.319055258950545
1330 17.390500142660226
1331 15.50575783175096
1332 15.078836262167831
1333 15.451831257269928
1334 14.772515347614247
1335 15.099331418325647
1336 15.648731904204235
1337 16.79200006801603
1338 16.876056345248372
1339 17.882841512885996
1340 17.275841187600857
1341 17.688983099191947
1342 19.719933692132788
1343 18.891025392118443
1344 17.32634131903301
1345 16.70679657862725
1346 17.486590730622414
1347 15.180333562210993
1348 17.229673303838894
1349 18.216890096473836
1350 18.6288754752944
1351 17.761532469007772
1352 15.97206271968047
1353 17.733605407483374
1354 17.106280296871127
1355 16.86448344873997
1356 16.748653725841745
1357 17.628488826369665
1358 16.57072938960966
1359 17.09943490425682
1360 18.81156079636735
1361 15.192346990564815
1362 11.363324217327424
1363 11.335142980280933
1364 11.464321256594994
1365 11.99172596952756
1366 12.709859850434688
1367 12.925071221339053
1368 11.744885614910364
1369 12.61067521359012
1370 12.393108346377568
1371 12.330792393156985
1372 12.003873923672323
1373 11.797448516882364
1374 11.677651572921349
1375 10.90624713229797
1376 8.352569887885366
1377 8.666206906418573
1378 9.293590964912434
1379 8.824447178632887
1380 11.110141877199606
1381 9.733368537926541
1382 10.025329369899325
1383 9.174654366038068
1384 5.427864041275394
1385 4.643059731609392
1386 7.124230148969204
1387 8.016694406043282
1388 8.93624394856549
1389 9.51548665576736
1390 10.712473304030478
1391 10.042219895859581
1392 9.207463686912257
1393 9.007403729361053
1394 11.212986485911921
1395 7.735996849368887
1396 11.030175092323843
1397 9.338363752378529
1398 9.826298481407296
1399 9.505674843795969
1400 8.945397185908528
1401 8.697502447898195
1402 8.787681361886923
1403 9.612792904289062
1404 10.831690625567239
1405 11.746031163836307
1406 9.309975100854938
1407 10.209671023577924
1408 10.81270245926918
1409 12.02670889029577
1410 10.886536538664043
1411 10.997938359109465
1412 12.299143344978397
1413 11.786922206470155
1414 12.28237289030854
1415 10.396212172958734
1416 8.413455533633512
1417 10.474913646115644
1418 5.437222857421373
1419 7.422231404581315
1420 8.42048332838784
1421 10.115809157512171
1422 9.527519859548223
1423 8.885158995331707
1424 11.199380635443434
1425 9.338997881795423
1426 12.660784916703726
1427 10.18215151940978
1428 10.646221400222789
1429 11.690005936961757
1430 9.317886927673106
1431 7.8232543771807155
1432 9.026429532018122
1433 8.997794575707578
1434 9.677575112848428
1435 8.94602330111349
1436 10.941318023342784
1437 11.078107281793873
1438 10.905079995221378
1439 12.316720548838566
1440 11.800301583399975
1441 12.146070389487443
1442 11.757720342118429
1443 10.893774728840832
1444 10.131946041273729
1445 11.18619037540401
1446 12.062262147004088
1447 11.725010475659976
1448 12.489467995449811
1449 11.748256465623129
1450 12.964394246172747
1451 14.482474486851757
1452 12.531074007104179
1453 10.794669783448127
1454 12.240789787019198
1455 10.030066865373001
1456 10.167593635334184
1457 11.387475386325328
1458 7.842174725292835
1459 7.4674378959144185
1460 8.612045850852766
1461 8.640880136000147
1462 8.70098278238756
1463 9.565705204295664
1464 8.240270043735931
1465 9.049862806263981
1466 9.805978411503801
1467 7.8177641397668705
1468 10.524090408278841
1469 10.06274181004364
1470 10.238691659062352
1471 9.458525400543182
1472 12.52728562822977
1473 10.768307843042459
1474 10.711824740378523
1475 9.691304333969148
1476 10.889441003736207
1477 11.562336085994538
1478 10.6590431465305
1479 12.747105007244327
1480 12.232910669210256
1481 11.329234675986086
1482 10.812001928956555
1483 10.07579140603444
1484 11.562924175734434
1485 11.145650809904318
1486 11.593961196303185
1487 10.973078450765941
1488 11.265400168690217
1489 10.401060409845766
1490 10.39637478808051
1491 11.8282810812717
1492 10.14881583754646
1493 10.536557184765654
1494 9.989523480939065
1495 11.208776368221114
1496 10.18141662318993
1497 10.821301553963687
1498 10.186267610377897
1499 10.29571258094747
1500 9.810387123084837
1501 11.15978119687056
1502 10.908682431418523
1503 12.658882199638757
1504 10.035906483642341
1505 10.159248524381265
1506 10.789539604584999
1507 9.487131796630683
1508 11.74230057740367
1509 11.48376343363997
1510 12.246995688291713
1511 10.808638799544832
1512 9.439038603532916
1513 11.3684003350506
1514 10.09369555097626
1515 11.005652404678537
1516 9.747421551586603
1517 9.71030602520039
1518 10.777163686938927
1519 11.457321866397404
1520 12.157125149878441
1521 11.024070945990182
1522 10.395238340583335
1523 12.592885070937287
1524 13.877423348499294
1525 11.954553539152231
1526 11.028461652680106
1527 9.998089707372603
1528 13.563979924702144
1529 12.603304576773642
1530 11.763216556206155
1531 12.458403120996573
1532 12.01984792362562
1533 9.930000342365961
1534 12.488159655194508
1535 11.698086487168087
1536 13.203913596725126
1537 13.155271752457425
1538 11.535776218454863
1539 11.510965066019004
1540 11.565068611838628
1541 12.087990601234594
1542 9.310915254870368
1543 14.095242828845237
1544 12.801772321847007
1545 9.749682553332631
1546 12.211388708899918
1547 14.495076512019898
1548 15.89829233915381
1549 14.381184917225259
1550 15.26136128499716
1551 17.62049796891401
1552 18.872108032346475
1553 17.878887723126734
1554 18.102600439641847
1555 19.178395462624675
1556 18.98066587934231
1557 20.102779994990755
1558 19.876539970304496
1559 19.23345159182168
1560 16.19947630518674
1561 19.318540227960856
1562 16.911216095116313
1563 16.871083837040143
1564 15.881060140761614
1565 15.567433517753805
1566 18.05769921256425
1567 18.047298580831548
1568 20.60305512074766
1569 19.369283376741716
1570 19.048556297165835
1571 19.78808477771302
1572 17.62619624370548
1573 18.610532287661123
1574 17.344672090054793
1575 17.342924251089748
1576 15.560477744862087
1577 18.2496201414951
1578 16.25522931756592
1579 16.223275807513666
1580 19.879578261632833
1581 17.898027324216645
1582 18.49836919230113
1583 17.522630800754587
1584 18.162116657325733
1585 15.424065077977453
1586 15.115390758757053
1587 17.116789948334247
1588 18.299360145852077
1589 17.668304100842196
1590 15.848217435220741
1591 17.097661658955968
1592 15.784729105403567
1593 19.39740892741478
1594 17.89279892402782
1595 15.820060441090185
1596 17.165959382912547
1597 17.51682349389475
1598 16.212834711460076
1599 16.64905291648072
1600 16.934158099198463
1601 15.106713311904246
1602 18.75903846529663
1603 17.400062963175046
1604 18.036820941115845
1605 15.322219830839215
1606 14.458123721409695
1607 17.324799502579534
1608 17.397592513230318
1609 14.494757450230052
1610 14.605843713011495
1611 17.78050041876372
1612 16.711364181419306
1613 18.48912194415472
1614 17.76176843602427
1615 17.980826684959407
1616 18.86173673770871
1617 17.772739484407623
1618 17.541424641924944
1619 15.894230590036434
1620 17.968385819424636
1621 17.507093638544656
1622 16.556949992410473
1623 16.77921749004631
1624 21.073014678737483
1625 19.03393414534699
1626 15.939361922011267
1627 17.97065729704464
1628 19.309563020874297
1629 17.81829837038813
1630 17.8906298101495
1631 19.84665056764747
1632 20.56632299692362
1633 17.473860813714474
1634 16.482134798536425
1635 17.416997562207648
1636 16.18466182229611
1637 16.582687436775537
1638 18.648851535975457
1639 18.55435158643512
1640 17.951833172160914
1641 15.941281620803586
1642 18.023856677659673
1643 17.158381918534168
1644 18.74733077171797
1645 20.6765274066721
1646 19.077570226294387
1647 19.113997204955556
1648 20.80734336250565
1649 18.504791084108934
1650 17.28950289054249
1651 17.278939736829955
1652 17.792213634585657
1653 17.85551087199272
1654 16.841696026046733
1655 17.263096241041467
1656 19.333293804202366
1657 17.299221221418208
1658 17.635110459746254
1659 19.703502285075693
1660 20.77741614726787
1661 19.69272215137392
1662 19.724162032707
1663 19.72997905623773
1664 19.297835232704088
1665 19.41450995365939
1666 18.750977129324998
1667 16.651565509869716
1668 19.601989521962437
1669 20.587700574110727
1670 20.3301209833013
1671 18.193121952959984
1672 19.223425961906248
1673 19.949900937020054
1674 18.89511019769321
1675 18.401240560009853
1676 18.905083392549187
1677 19.46725572412572
1678 17.952204843808413
1679 18.221848268361963
1680 19.305214938668385
1681 19.15218894938011
1682 20.22777794820688
1683 17.924716815453262
1684 17.189500722600414
1685 19.20751802153014
1686 19.168057389908128
1687 16.537999546802006
1688 17.981292474012736
1689 17.203481911798367
1690 21.123610309104087
1691 21.55840492434759
1692 22.900718820013118
1693 21.531089889219267
1694 21.28610638141681
1695 20.13122483947908
1696 20.76321540128323
1697 19.449235930198146
1698 19.108537426388686
1699 20.43525475310195
1700 20.877169847771864
1701 20.66500708032867
1702 21.204552939968803
1703 19.15759230742753
1704 19.689214689483297
1705 20.076183962216998
1706 19.72834943739964
1707 21.823788328674986
1708 21.924758705055513
1709 18.55406556441401
1710 18.38355278570838
1711 17.05303884283984
1712 20.345867566364095
1713 20.166204846042238
1714 21.986043674665243
1715 17.254115959343864
1716 16.004827438516323
1717 11.644174970177236
1718 16.125932013260364
1719 16.19002557131664
1720 17.151040774522073
1721 15.376244067666162
1722 17.468608605058595
1723 19.719323661343026
1724 18.58440725744958
1725 19.025107258959324
1726 19.480068654095202
1727 21.115240007139224
1728 22.267107575196196
1729 20.012105141420527
1730 17.57168450337165
1731 19.387037926721984
1732 19.031963975187697
1733 21.40952602808127
1734 19.470321411630792
1735 18.036801648702106
1736 19.66981266198537
1737 19.563488846837366
1738 17.871923472545348
1739 19.677116341373658
1740 20.707855048550208
1741 20.182339345802305
1742 18.70939559686168
1743 18.653804627512383
1744 19.71943340748846
1745 19.38901145787899
1746 21.217748311638108
1747 20.669469676200418
1748 20.610185195188595
1749 20.36397867340504
1750 21.389320059159235
1751 18.920866607273155
1752 19.22771566563942
1753 18.820950118475583
1754 18.90127381358653
1755 20.06469759551932
1756 18.79498548263081
1757 18.828460405348945
1758 15.799231588487553
1759 17.974186456558073
1760 17.64465068122341
1761 17.32843279611762
1762 18.464898053117068
1763 20.363732983882862
1764 17.155336185499404
1765 17.782840548372253
1766 16.756660482101694
1767 17.13651625110095
1768 19.321799331738966
1769 17.695830777628412
1770 18.640598004945733
1771 16.77568718402401
1772 16.822098357938522
1773 18.14079733525344
1774 15.360967135679916
1775 15.49654099932779
1776 14.722158188224228
1777 15.768443119895705
1778 15.625410395591498
1779 15.972044210006462
1780 15.154604994543638
1781 17.66529035587245
1782 18.191714969550038
1783 16.351101843054803
1784 18.19016699317448
1785 16.461782843539613
1786 19.16517246207656
1787 16.62260873503171
1788 17.567992465856882
1789 18.36078312061837
1790 16.26585257565154
1791 17.44132338323805
1792 16.266886273786046
1793 16.314728738422716
1794 14.456926362427444
1795 13.735959366940337
1796 15.71972418866162
1797 16.846017853945078
1798 18.75341298259042
1799 18.126578460784206
1800 19.04621286758692
1801 18.665216317322816
1802 18.09299584300224
1803 18.44685957897602
1804 18.94200688397477
1805 18.012416495157314
1806 16.978779870938148
1807 17.863385961971055
1808 19.947592985188713
1809 17.11142390218492
1810 15.484941217338045
1811 19.07021130749831
1812 15.732631063653276
1813 15.425015695129552
1814 13.684236237717183
1815 12.958531766542897
1816 13.168213918730766
1817 15.283797956479132
1818 16.81433433869094
1819 15.811500692594992
1820 16.714419528015753
1821 18.90024587485729
1822 18.042132213851914
1823 18.482783398599707
1824 17.774690634524607
1825 18.16847960976864
1826 17.207009779091607
1827 16.624747364117436
1828 17.120309891438183
1829 20.066424984024373
1830 18.572890988707965
1831 18.06756945820591
1832 21.26466868659653
1833 19.98741494601272
1834 20.291883499691394
1835 18.734216455754154
1836 19.45255807061906
1837 21.225118350436713
1838 21.424618503874388
1839 17.963993302383777
1840 19.32172327372738
1841 17.609849102323146
1842 17.954098884748976
1843 20.08747291362926
1844 19.25758319248942
1845 20.265477010601106
1846 20.622176018237298
1847 19.645680477816946
1848 19.444515738781405
1849 18.96984748010901
1850 20.721671344704816
1851 19.88364678420945
1852 17.952961826161744
1853 20.16183381550647
1854 19.753353210574563
1855 20.025392132563486
1856 18.988575177168375
1857 20.237405367087902
1858 19.991913646339597
1859 19.764758195196723
1860 20.416671484080563
1861 18.536078198227898
1862 17.386492565160555
1863 17.55434099377792
1864 15.83045418695935
1865 16.427686201778343
1866 19.401470712424654
1867 20.50174830239909
1868 21.68935979138913
1869 20.63189980313937
1870 20.293848832689733
1871 15.188788595412376
1872 16.691103601556456
1873 15.204682332880234
1874 18.310689334863564
1875 16.402759983054306
1876 20.179470835648793
1877 20.45417350507443
1878 18.951082296824044
1879 20.005437831917142
1880 19.76906805359072
1881 20.332626700162173
1882 19.01337406987854
1883 20.404897993338917
1884 19.888127099913017
1885 19.507226053241183
1886 18.866585221689476
1887 19.856609534967713
1888 18.226503992050333
1889 18.600104794648864
1890 19.474344867857674
1891 18.55494865910201
1892 18.444113300713646
1893 18.77629265434937
1894 19.071508868157935
1895 21.215913544206913
1896 19.026205993526226
1897 17.142537795692792
1898 21.209574066519238
1899 19.535025669977767
1900 19.16595018614697
1901 20.8389119671839
1902 19.667150887835717
1903 17.366944769019554
1904 18.018326241333316
1905 17.779083484892762
1906 19.547553870887093
1907 19.4959448792792
1908 18.303530352983277
1909 19.634762810386412
1910 20.285408940679183
1911 21.179452893878896
1912 19.360035688825782
1913 21.165139182841763
1914 19.67076388622696
1915 20.453727941540976
1916 18.39546157453028
1917 20.941678633279146
1918 19.877093490956987
1919 18.407664615964425
1920 19.077116699048332
1921 16.255866413906073
1922 15.456895352477451
1923 18.280508802584148
1924 17.0731131005449
1925 18.090057163645156
1926 17.01877979257341
1927 18.727490472696044
1928 19.895966541236998
1929 20.382521717440202
1930 20.821241268312498
1931 20.11073201854856
1932 19.387828703681407
1933 16.789827393494797
1934 18.69804233785135
1935 18.753007263883507
1936 17.990532774404617
1937 22.41110582523122
1938 21.461867590570105
1939 19.65126379849902
1940 18.62159479131896
1941 18.07511857606666
1942 18.684309783674276
1943 18.207398154140844
1944 18.81456340874351
1945 19.248175048684498
1946 20.352907632570265
1947 20.66490672188605
1948 23.219741588473376
1949 16.344310065619897
1950 16.54375298133937
1951 18.398480803799533
1952 17.007666265710682
1953 17.819516227569352
1954 19.867784920850326
1955 16.73823263804034
1956 19.044971787003238
1957 15.503858728121626
1958 16.391071756081917
1959 17.488653445702617
1960 13.953294891205225
1961 13.584447259368629
1962 16.814008420077254
1963 16.91870275011172
1964 13.340811171798885
1965 13.248641880785254
1966 17.47328859083187
1967 16.039693456752076
1968 20.085661743941607
1969 18.51112893943159
1970 18.56316101656477
1971 17.37641883890918
1972 17.4350674957495
1973 15.596988932447351
1974 12.144400625001941
1975 12.877231589686623
1976 16.767595031934018
1977 17.493705678614234
1978 14.713492729927525
1979 17.26333715951776
1980 16.655352375721147
1981 19.34438701014456
1982 21.049823583231294
1983 16.824821458071707
1984 19.560486070957538
1985 18.760104103166874
1986 18.390432436302387
1987 16.894611329019124
1988 19.83063145250152
1989 16.10560245878414
1990 17.618810539844272
1991 18.392798433195097
1992 19.2858125139174
1993 17.57390323851432
1994 18.617373831415033
1995 19.058445908794255
1996 22.426260016759066
1997 20.588376036192503
1998 19.880512768988567
1999 18.27068714939781
2000 19.410769129691698
2001 19.388720240784405
2002 19.387096475502563
2003 21.598616529030497
2004 20.323812730523187
2005 20.608951935530964
2006 21.51051036085676
2007 20.23079046759524
2008 21.12827948585451
2009 20.62814051984516
2010 15.543154620908314
2011 16.770343349492954
2012 20.085822639818574
2013 20.062926252720455
2014 20.475424208126334
2015 18.258532714053516
2016 19.484468212161104
2017 21.450480331202876
2018 19.44299735328958
2019 21.39758305329305
2020 20.62520228823448
2021 19.818823769443657
2022 20.684881415227785
2023 20.43002734436107
2024 20.45969084173492
2025 19.892284201851208
2026 20.33780853461493
2027 20.54191680039588
2028 22.09605433220839
2029 19.88503804276913
2030 21.17016213378013
2031 20.850946489326216
2032 21.7225812047397
2033 19.709752589144117
2034 20.05252136237022
2035 18.81003943253306
2036 19.48492498840188
2037 20.508755079420823
2038 20.442134050021934
2039 19.76780811606662
2040 19.162019727887635
2041 19.582491780628974
2042 21.2888711088044
2043 17.469354389188194
2044 19.01996812695734
2045 16.83076519524058
2046 19.765397021290884
2047 18.84298719288962
2048 16.861177233487123
2049 17.845209426403425
2050 18.823452695608058
2051 17.038298258008474
2052 18.410346322726852
2053 16.120903835567802
2054 20.301408663242167
2055 17.108077920613667
2056 18.51360251385742
2057 17.013034872085694
2058 17.54228069479905
2059 18.76704575066326
2060 18.816891383615403
2061 19.71146938240953
2062 21.426854069755382
2063 20.097616380056238
2064 20.118322313411635
2065 20.331018504436557
2066 20.740474748760974
2067 20.655264493219953
2068 20.51784587413914
2069 21.516149753750984
2070 16.799638390876986
2071 19.33729228184754
2072 20.1209147796349
2073 19.567749558585685
2074 18.652899755947832
2075 20.630344638363248
2076 21.546548528930266
2077 20.705849401521743
2078 20.58920802501362
2079 19.853415550043348
2080 18.907672599580785
2081 17.713497493378014
2082 17.78155503204455
2083 20.074218001516023
2084 19.639359867829434
2085 18.503429340251422
2086 20.387410325575505
2087 18.430960432622708
2088 19.457598611797433
2089 21.557912970260176
2090 21.917979307872503
2091 22.80213369712108
2092 22.205064812171265
2093 21.934615591040334
2094 21.853133552357846
2095 20.588827686406947
2096 19.528306886692967
2097 17.36869124634864
2098 20.04878729252687
2099 18.37330522874848
2100 18.19424934501384
2101 16.221609245133312
2102 17.489252941652616
2103 18.475884970732224
2104 18.990499527536468
2105 20.10022721142448
2106 20.69464594097371
2107 20.446199625282958
2108 18.868270685133528
2109 16.515155314163938
2110 20.504330598389068
2111 15.449897194628935
2112 18.888195700396633
2113 17.078449221837538
2114 19.77586501506632
2115 18.94399692524826
2116 20.689232196306765
2117 19.36415971536061
2118 16.338198153488868
2119 16.812727703064585
2120 16.483140869226705
2121 15.602818486041478
2122 16.612591236332833
2123 14.833725757294
2124 18.402835931375986
2125 20.326839566024976
2126 20.714510756269938
2127 21.804157446645704
2128 20.489225757319762
2129 17.39258113169472
2130 16.906483610999743
2131 17.124635718710984
2132 18.171981561130064
2133 13.471800228260152
2134 14.61076121421369
2135 14.63822264461619
2136 15.69625279876305
2137 16.12875614174009
2138 16.97148217611061
2139 14.744984685994964
2140 19.483797507590317
2141 20.769300511079646
2142 22.343093372743002
2143 22.377473609628343
2144 19.446489937264534
2145 19.68298631604145
2146 20.413275879411902
2147 20.800406611430233
2148 21.470258228719782
2149 19.83338818762563
2150 21.529067401877853
2151 21.295041368979142
2152 18.58419651596758
2153 19.069229182411583
2154 22.06957883325021
2155 21.171607398491588
2156 17.96378522452855
2157 19.955075826977776
2158 17.317880848492216
2159 16.239962909638052
2160 14.497190079870546
2161 16.293047998265937
2162 14.809744997734775
2163 16.187745675905017
2164 17.948928336326162
2165 20.586299176363873
2166 17.759031949510817
2167 20.082215914405495
2168 21.260156491727795
2169 20.26185252405072
2170 17.883730523687575
2171 18.622794524051187
2172 16.96293925016789
2173 17.042764845891355
2174 20.060225672380493
2175 21.113247039208556
2176 19.056900245410073
2177 20.28339474489818
2178 20.458552977182425
2179 20.866680758602435
2180 17.090008860452944
2181 19.070283542720027
2182 20.710083949547386
2183 20.508740609508866
2184 20.837155997016254
2185 19.649648865493273
2186 19.890201135140444
2187 19.955427838784434
2188 20.670053822337888
2189 20.95626437050966
2190 18.422064861328067
2191 22.10856864488628
2192 19.913298759156742
2193 21.998897906392024
2194 18.70865670948914
2195 19.498152416403393
2196 22.123181580865086
2197 21.55842442886332
2198 20.67699381304199
2199 22.700143398421055
2200 23.139764164816963
2201 20.90652091463731
2202 23.71612479836758
2203 20.41661657678316
2204 22.072498851538416
2205 21.72663890139699
2206 22.799135530247387
2207 21.013771900250312
2208 18.771374958062673
2209 18.48628030699263
2210 20.25170894545712
2211 19.282557389264237
2212 17.984540918138098
2213 19.445030926471073
2214 19.020289653053077
2215 18.099312596247536
2216 16.941099837094253
2217 19.066881556832126
2218 19.521268990536385
2219 18.573503233214677
2220 17.110645554998243
2221 15.024330005910002
2222 18.3923814663924
2223 15.3857518480763
2224 17.34653602236298
2225 19.525063971151045
2226 18.467290176887893
2227 20.718724357080756
2228 19.0409071306324
2229 15.845443197059005
2230 18.121100800868987
2231 20.019406268818923
2232 20.033169597719912
2233 18.7412405926947
2234 20.214201559247122
2235 22.267601837752427
2236 22.68684105838149
2237 18.531939101727318
2238 18.105087168393418
2239 17.521860425666276
2240 17.467046287959327
2241 15.92531683494359
2242 17.560801786658068
2243 17.787748272170017
2244 18.979718512808834
2245 17.898119980784315
2246 19.785537890685404
2247 16.936206797199873
2248 17.474856150898397
2249 16.71165917853205
2250 13.9560354715062
2251 18.126605897002992
2252 18.197400002019563
2253 18.831505474496808
2254 19.262149203602675
2255 19.152279988309864
2256 18.00593433281226
2257 17.97645232168304
2258 14.163524308445014
2259 16.888559899833613
2260 16.17827092536063
2261 17.092873245501703
2262 15.791204560077144
2263 17.930650227379225
2264 14.219586107479143
2265 18.285277730175455
2266 14.742195547763954
2267 16.80278313685528
2268 16.525965034504797
2269 12.49034651875529
2270 14.195167963714614
2271 18.254574633251686
2272 16.796194431844143
2273 15.995801916886052
2274 16.26965249129716
2275 19.575211965999443
2276 16.636651796062
2277 16.740111489010726
2278 15.775408566610063
2279 15.287797696151515
2280 18.944836438288156
2281 19.5973071371457
2282 20.265018085706966
2283 16.939441319321134
2284 15.374313463021196
2285 18.291681316806518
2286 16.594583391855362
2287 15.34536633434387
2288 19.32284901086061
2289 16.23683202766441
2290 15.338277050429769
2291 18.27266957126993
2292 17.6876195969308
2293 19.19510809432534
2294 15.550671878148904
2295 14.445623085049391
2296 17.68116248853302
2297 14.250611969561918
2298 14.887909969140376
2299 18.885028890113844
2300 16.0126452229912
2301 17.340992378165023
2302 18.350728538832218
2303 16.410303719622654
2304 15.47881943846257
2305 15.047469097562583
2306 14.189507323648167
2307 16.06714945200823
2308 16.314902135083234
2309 14.165553376406013
2310 14.173746105735088
2311 17.286983907085624
2312 14.83741795834284
2313 15.711710493090902
2314 18.500382755015234
2315 17.929570309905543
2316 19.144693250335393
2317 19.237473827086347
2318 18.67495910538163
2319 19.505714614872705
2320 16.808252600148798
2321 15.461009207649244
2322 18.06358644953836
2323 15.963964956525878
2324 16.366593533749036
2325 16.88773754363572
2326 17.658022939755824
2327 15.995916187965806
2328 19.248147884535516
2329 16.66729008511942
2330 18.629298208045707
2331 18.21147564338484
2332 16.850701094715923
2333 19.150677968945033
2334 19.46857323637338
2335 19.897492184447696
2336 17.222217648424376
2337 20.685322148667012
2338 18.818857579639356
2339 20.61155878564346
2340 21.403870046937442
2341 20.495136370684104
2342 19.02787645199559
2343 19.966857623497802
2344 18.697595291313874
2345 18.876827732385156
2346 18.214271546511082
2347 19.154585414972544
2348 18.510127868912374
2349 19.073465335092816
2350 19.33103483379539
2351 20.4562132221177
2352 21.263278261867697
2353 20.352396024952778
2354 18.056774690217328
2355 18.884919298003524
2356 19.45940197205127
2357 19.30215208793895
2358 19.78877107456517
2359 19.273698630965107
2360 20.7132494814
2361 21.29127180713122
2362 20.35121843256765
2363 20.1118125434453
2364 21.12396832367856
2365 19.54802439131611
2366 19.70363621973257
2367 19.8562906564052
2368 20.018046221218537
2369 21.11350159719913
2370 19.29179908304754
2371 19.219219381099013
2372 20.994206187901113
2373 20.48038476228797
2374 19.0549848572384
2375 21.001124462759638
2376 18.30225268331
2377 16.524390434946625
2378 18.22434083041235
2379 18.584189966473048
2380 18.702436098179522
2381 18.60009120640176
2382 22.083387349943393
2383 20.549222119721748
2384 19.306448773785608
2385 20.30958029264143
2386 19.728147587774004
2387 20.375405904048083
2388 19.39815613178674
2389 20.860979733452766
2390 18.683580929280136
2391 17.295135556407633
2392 19.28474900576632
2393 17.909841421546233
2394 19.023443989587694
2395 20.17946663528869
2396 20.39994525573068
2397 21.207681154203897
2398 20.67743782732669
2399 20.868367698127223
2400 20.263879375784576
2401 18.029627742643523
2402 18.815715757570402
2403 16.6502671535472
2404 21.024830974031975
2405 20.586773071500794
2406 18.889828017680824
2407 17.352302237493458
2408 19.375603211218774
2409 20.156166555060167
2410 15.262583234430902
2411 13.266825406478052
2412 15.05681748096475
2413 16.28366699291343
2414 17.508026114446064
2415 15.743006410346556
2416 14.88040230309849
2417 16.542878405893667
2418 17.413423151546098
2419 18.948666001082028
2420 19.712296433969637
2421 16.26698236486842
2422 17.104701742846903
2423 18.460955843251345
2424 20.218956530595353
2425 19.75277358268979
2426 21.24244440672095
2427 19.106701008943926
2428 20.134560762424037
2429 23.00487959338118
2430 18.15173234710708
2431 16.579569776726096
2432 18.240380016016175
2433 22.70505959139216
2434 18.4011152224729
2435 19.787199595252584
2436 19.794662044422864
2437 17.89218675463768
2438 18.03214394312955
2439 16.513985759602555
2440 18.886661701536685
2441 18.23164357831057
2442 21.780517944328803
2443 21.688339793896386
2444 18.912090602562287
2445 15.334342267708235
2446 18.199479404005785
2447 17.51698514377601
2448 16.381029510378138
2449 19.062527535361443
2450 16.870306930962037
2451 17.677308244903557
2452 15.388371089821986
2453 17.581068698658246
2454 17.906434958962038
2455 16.229935932045954
2456 15.047581282304233
2457 17.098949143808284
2458 18.489266877152826
2459 18.717726591911404
2460 22.190715988112636
2461 21.164961538949342
2462 19.76958073366028
2463 21.55683238262174
2464 17.850240733428222
2465 21.529975601020897
2466 22.47824524119448
2467 19.828180281672157
2468 20.14111681004147
2469 20.12268147082832
2470 21.214797446863205
2471 20.294361950942886
2472 17.429999645452224
2473 21.08129627759116
2474 19.76088938561044
2475 19.762994916882928
2476 20.51140624698846
2477 20.24736669679143
2478 20.931104611165388
2479 20.447552536247688
2480 20.54228791280658
2481 18.79999644194499
2482 20.008321527700836
2483 20.22963978649046
2484 19.249328625512845
2485 16.556638321802748
2486 16.98252933162397
2487 18.371101954163485
2488 18.47981614587245
2489 18.943942438299814
2490 20.87258995352118
2491 19.439481690331352
2492 20.61555884337367
2493 20.38052983622195
2494 21.15521550234016
2495 21.461209468409624
2496 21.31545837575303
2497 19.08248253984387
2498 20.819509337010416
2499 19.67166292659782
2500 19.783184113674846
2501 21.600215077919124
2502 18.491486676013757
2503 20.572645417584013
2504 18.980448652136367
2505 20.62768308276095
2506 21.0129825350669
2507 20.18121131286176
2508 20.87871224243381
2509 20.02089685456735
2510 20.129365378437726
2511 20.551484165922552
2512 19.61578920222224
2513 18.808524490890708
2514 18.67143596184039
2515 20.87441271727801
2516 19.42118438165627
2517 22.80108471836762
2518 21.420301299093456
2519 20.785981440788248
2520 20.781021863616854
2521 21.820901458332415
2522 19.318785151915158
2523 18.584612151320474
2524 20.56868527340535
2525 22.25789286406235
2526 18.812550625695714
2527 19.556383307588266
2528 19.290702097582162
2529 21.028675268644278
2530 21.034724552719535
2531 18.41439651068093
2532 17.511898541924257
2533 19.892452679560442
2534 19.602665854727633
2535 19.54260766960014
2536 19.747225553927695
2537 18.519544479008335
2538 20.832045641886406
2539 18.738314984026076
2540 21.161217263298553
2541 20.321373706102374
2542 20.088244897368778
2543 19.791846528806676
2544 21.044877544545365
2545 21.40060666620247
2546 21.214790072514674
2547 19.009011721621007
2548 19.733389072666245
2549 18.69759047385418
2550 20.978743061891628
2551 23.218106474972313
2552 21.845472780309287
2553 20.633480357700112
2554 20.826803576967595
2555 20.561782598736638
2556 19.591195951317125
2557 20.18718257916939
2558 19.91700058408776
2559 20.871795619420254
2560 18.745442792092224
2561 18.796329306245255
2562 18.99993515188774
2563 19.91762554153791
2564 19.270325299594575
2565 22.280934743094416
2566 18.95632437057845
2567 19.99403542972509
2568 19.423773438366037
2569 19.337759574664645
2570 19.063673742281598
2571 20.301343545210326
2572 18.853100821362332
2573 19.552954207572196
2574 21.377465006613434
2575 20.591127566810382
2576 21.410270575606543
2577 19.494055569302855
2578 19.923622315376928
2579 19.73117187995008
2580 19.19977824464571
2581 21.557204756000587
2582 21.065123688513154
2583 16.622759634863794
2584 16.462355125816142
2585 19.391522505324875
2586 14.906786320319839
2587 15.002449325275911
2588 15.535417118225439
2589 14.668828201976417
2590 14.35685493158674
2591 15.823764381032605
2592 21.743786703591137
2593 21.791531808488692
2594 21.917203133144607
2595 20.923034440753938
2596 22.057940864537613
2597 20.358914384285686
2598 19.234953060306303
2599 17.494965287555768
2600 18.57129424622633
2601 18.427935282963894
2602 18.986321185328613
2603 18.888376463412627
2604 17.567107049585722
2605 15.710081320783333
2606 19.075437709281882
2607 18.440180487587693
2608 17.11078338738171
2609 14.629933122233435
2610 19.242174623804296
2611 19.48223772438159
2612 17.837424929254116
2613 20.602376509831362
2614 20.253620568895148
2615 16.98752212265157
2616 19.294536384654272
2617 17.769054548824684
2618 18.723797502397147
2619 18.08410109750187
2620 20.881861460498246
2621 16.794466510920465
2622 19.594650020060424
2623 19.028818518505787
2624 19.882126672541474
2625 22.033598220970582
2626 21.528527468779195
2627 22.44014398657857
2628 20.65943590906397
2629 22.375758343377676
2630 18.71312057667246
2631 17.45916340321435
2632 17.004340486825704
2633 15.753571947777015
2634 15.847951959128501
2635 16.560966333496793
2636 15.363804824481173
2637 17.505608210216458
2638 13.912303868476963
2639 16.62326661932068
2640 17.2446224906848
2641 18.172437071713276
2642 16.69939453571709
2643 17.454376682242504
2644 17.97258421159418
2645 18.586968459145353
2646 18.01353091888166
2647 19.547792048270367
2648 19.962947450557838
2649 17.361934924341718
2650 16.651106179822985
2651 17.993161488171165
2652 16.093170330791512
2653 15.071664528660566
2654 16.2448454441241
2655 15.865581372679026
2656 14.978411340347751
2657 15.641767865294188
2658 14.831742066989687
2659 17.374798796050055
2660 15.517453203754771
2661 16.72931994956022
2662 16.710920000486247
2663 17.61209785166274
2664 17.569278447378068
2665 14.230527289269276
2666 18.635716129072044
2667 17.80220527271085
2668 19.795390630552077
2669 18.56090615822936
2670 18.75646170688274
2671 16.76146713568145
2672 15.282539341669983
2673 13.879596805434824
2674 14.39940162427507
2675 14.113603847101043
2676 12.192470703779858
2677 11.567510028524916
2678 13.455443061444274
2679 15.551049534648683
2680 14.578819288111921
2681 12.734676301676723
2682 16.24006203503508
2683 17.036362276240023
2684 16.621017412289987
2685 15.083253939447896
2686 17.61349261887439
2687 18.208110062984
2688 19.805626844251826
2689 17.026610391287832
2690 15.441757731423534
2691 17.190916756001048
2692 17.879089987298606
2693 16.336722287874625
2694 14.756647353686082
2695 20.23718559751372
2696 16.293594838577942
2697 16.162805915082554
2698 19.323078936041696
2699 19.69255570637879
2700 18.26283843179448
2701 15.524877955008519
2702 14.052597398298806
2703 13.372854050227051
2704 13.393919991432988
2705 16.06687254800448
2706 13.524480604088149
2707 12.803232352241142
2708 13.731023264110771
2709 16.622547286986833
2710 9.804204879649706
2711 12.600788461269433
2712 13.37335834959865
2713 10.295303138323725
2714 11.883829240794608
2715 11.004296055647579
2716 9.394135504760845
2717 10.026974038079047
2718 11.40199043579142
2719 12.448117296336505
2720 12.429913069221902
2721 11.523307020847994
2722 11.49582958890588
2723 9.692919264909323
2724 10.279996593268184
2725 14.58229335932369
2726 15.752534259370861
2727 16.362598773331356
2728 15.318708532296329
2729 18.21574180489562
2730 15.121167440204536
2731 13.218067524957087
2732 14.203130258238598
2733 14.20477212155853
2734 14.949254699094304
2735 17.565220066586903
2736 15.959413227589511
2737 13.956444117507628
2738 13.476897522897232
2739 17.158532988572073
2740 16.08740677177731
2741 18.146883797219925
2742 17.128103885767874
2743 16.478009111692092
2744 13.574569083500903
2745 15.293945227748159
2746 14.557681775303362
2747 12.442124370282373
2748 12.864818684754711
2749 11.960635615526904
2750 12.472042953916596
2751 14.95148945898936
2752 15.038919644919696
2753 14.066964212523697
2754 13.243323807263296
2755 14.101613745687501
2756 15.64427480190398
2757 14.365678895124137
2758 14.290170673715869
2759 14.027039841059178
2760 14.581449579994104
2761 16.127948746347297
2762 14.053356707250456
2763 13.407332343134787
2764 13.472420120728117
2765 10.566339642670979
2766 8.275705127096813
2767 9.355718488887824
2768 9.459900568472387
2769 12.111618565789337
2770 8.467111283818193
2771 9.691466461011874
2772 8.978005025794364
2773 9.549099930774569
2774 8.759516855619335
2775 8.317057889180075
2776 8.076944731104192
2777 8.809494187637501
2778 8.346079566937608
2779 8.675941678433594
2780 6.7575851151708255
2781 8.831209313605967
2782 9.715024312726355
2783 10.344395718301111
2784 11.297851009375684
2785 9.147611871305656
2786 10.566425846865934
2787 9.949831466094544
2788 11.288208714606396
2789 9.8023451786924
2790 6.428335334568876
2791 9.061144329586163
2792 7.963377262304279
2793 9.513180184989643
2794 12.93942106835875
2795 11.112380833199484
2796 10.316560222104568
2797 12.240906998059684
2798 12.551311665175724
2799 13.807466137054824
2800 16.39368398607852
2801 16.44407448729697
2802 13.223199251625951
2803 11.739325627418062
2804 18.165338658967933
2805 16.72048216996088
2806 15.751154461890756
2807 15.885843019531661
2808 16.087815538183317
2809 13.621332897899928
2810 13.919229549485435
2811 12.675434893971943
2812 12.08275701248699
2813 13.826843946061693
2814 13.174332675199727
2815 13.610601099266098
2816 12.440789415146515
2817 13.51436729437985
2818 12.474314871098045
2819 12.742698565323787
2820 12.815976379803951
2821 11.208576481977387
2822 11.616055961623774
2823 11.866602768573443
2824 12.84705803693979
2825 12.468410024956977
2826 14.809487689199697
2827 10.561711878303527
2828 9.45316227394974
2829 12.251341494104974
2830 14.77206718612631
2831 15.643366614539678
2832 13.406771276311122
2833 13.65431811736355
2834 13.205322918428026
2835 14.563905016004975
2836 11.806593144421319
2837 12.039524081764924
2838 14.41233570036492
2839 11.840775537227373
2840 13.541222391781496
2841 14.474485628364514
2842 10.949838075321463
2843 10.664001036772005
2844 10.091784055734419
2845 9.16191090987207
2846 8.831174962809934
2847 9.504555473228429
2848 10.068371420490253
2849 7.577703268513707
2850 9.866299076308843
2851 11.44976294153615
2852 9.072061029724155
2853 8.118845292949509
2854 7.403827337931629
2855 8.793022187380982
2856 8.58956221525418
2857 9.619270262459594
2858 9.282382560911865
2859 9.88476524356442
2860 10.133192312598306
2861 9.475003260388405
2862 7.2877211475422445
2863 8.684475528080789
2864 9.268823050284315
2865 9.504645938610972
2866 12.303501212909497
2867 10.143645467487644
2868 9.874362133199346
2869 12.744314137409527
2870 12.595309940900478
2871 12.355740147170428
2872 11.40006348856719
2873 11.825015905972954
2874 12.788804026654509
2875 12.24408556077139
2876 11.93391057041821
2877 11.075308006535217
2878 12.079622866447124
2879 12.189715411751306
2880 9.736528672396116
2881 10.15064804294052
2882 10.824829458396549
2883 13.01086181419743
2884 13.438703468547587
2885 13.982382022683662
2886 11.619702691694295
2887 11.443047444522605
2888 13.894824548186149
2889 15.402759477127812
2890 13.851273792458654
2891 12.605165213896898
2892 12.037123015115801
2893 12.516051823504563
2894 15.14792164300479
2895 14.410906522776479
2896 11.219494779030386
2897 11.277958757207577
2898 11.311773821880593
2899 11.212090263714403
2900 12.999266908370052
2901 15.046831135092019
2902 13.048344387691671
2903 11.30503116878862
2904 11.880236755093541
2905 12.966231935396058
2906 12.798615396356615
2907 11.043926955219321
2908 12.629451956981702
2909 11.412116592773492
2910 10.874438269690861
2911 12.751649596369862
2912 10.399720175281937
2913 12.060606929507912
2914 12.61811155248854
2915 11.780096162557673
2916 12.052795186635132
2917 11.965957378022587
2918 11.58749457899748
2919 11.139536542173508
2920 12.568651804341545
2921 12.21167231230773
2922 12.060202081233891
2923 11.94010973907376
2924 12.119655613051703
2925 13.092932354162594
2926 10.09691451972486
2927 11.585563307412565
2928 12.577506061538436
2929 13.488916174106603
2930 13.643527430511044
2931 12.714954625694526
2932 13.057240237268294
2933 10.358583892166596
2934 10.549477076223548
2935 9.889477726152156
2936 10.857104583228214
2937 10.485921808931078
2938 11.405528063026557
2939 13.18050633895099
2940 15.13849298422638
2941 13.88223561886201
2942 14.771265864072697
2943 14.111934629918828
2944 14.249420665114537
2945 14.669890169489204
2946 17.287421942965658
2947 14.425251903223854
2948 14.567511640149709
2949 14.953053838630817
2950 16.48306361198384
2951 17.677167210036703
2952 14.915214337232854
2953 13.687388049361912
2954 10.903338935764504
2955 12.151025676433092
2956 10.067622069272119
2957 10.906642670602489
2958 9.187627697461235
2959 9.575643080510945
2960 9.655220587893611
2961 9.867041916887704
2962 10.172050806286032
2963 11.042445873282976
2964 10.053149107743776
2965 9.760266298122776
2966 11.102385628244784
2967 12.128320208268445
2968 12.099545591413822
2969 10.164534436103969
2970 11.477755801724692
2971 11.208741931134535
2972 12.374006351599336
2973 11.942880792234968
2974 10.588642324542358
2975 11.30732574672807
2976 9.86463708240152
2977 12.710391272068636
2978 10.222579425704325
2979 12.134261105573637
2980 10.306120998928678
2981 12.477798582285349
2982 9.050873053071507
2983 8.614072988875975
2984 8.366954050808493
2985 7.33271182784854
2986 9.433315850113203
2987 11.942236570985369
2988 12.766614134986382
2989 14.363770707854595
2990 10.174331079494443
2991 6.975073058707027
2992 10.779006083147172
2993 9.309272750822416
2994 8.324728077889517
2995 11.461521128819516
2996 8.628520978696221
2997 12.411407663833563
2998 10.047363922123019
2999 11.731489762638551
3000 11.320794343208705
3001 13.899241512104867
3002 12.009435791943332
3003 11.439916431419284
3004 13.441905113085504
3005 13.116766162880392
3006 12.750583279424001
3007 13.064542220249923
3008 12.078631500955385
3009 11.848192666310895
3010 11.919483796277756
3011 12.22872178666778
3012 11.915162606486858
3013 11.649042202721096
3014 13.745811769530198
3015 15.604658822264515
3016 16.218048889982022
3017 14.992686935005956
3018 16.48457626265743
3019 15.334006035941607
3020 16.060542710995637
3021 16.960482776447552
3022 14.892945030013573
3023 15.226379716416732
3024 14.600845959757768
3025 16.04156260054566
3026 14.243818168421324
3027 15.2809107306334
3028 15.572377467309275
3029 12.65532199204547
3030 16.059682451487966
3031 14.16283703632784
3032 12.339007388525433
3033 13.315425703098294
3034 11.909926264717074
3035 12.927702121221888
3036 13.792703531550726
3037 15.491926243443976
3038 14.676328430567
3039 14.372442276120632
3040 16.09232463087688
3041 16.788993786396183
3042 16.81462963303244
3043 16.89130721351035
3044 15.857702710963743
3045 17.237838652650712
3046 16.759639427843204
3047 18.083533941049204
3048 15.69986388926674
3049 13.214550950977436
3050 16.074425504729792
3051 16.967058505082527
3052 17.211999704354188
3053 16.275612174245055
3054 16.75603428912663
3055 16.189948982927152
3056 13.96589274972576
3057 14.276876151393866
3058 15.904800026486608
3059 15.560610627204795
3060 17.533995615986033
3061 16.113072213515284
3062 13.311155251653773
3063 16.61017850354231
3064 16.475249373962537
3065 16.3936238609521
3066 15.569527911979225
3067 16.303013435262006
3068 17.292021580648733
3069 16.064054557271408
3070 16.104202587114617
3071 15.84178369729013
3072 15.683133883601888
3073 17.081049685776403
3074 16.849124197367903
3075 16.056052409999833
3076 16.689926462441104
3077 16.28896989051227
3078 16.611608532227358
3079 16.423490004110775
3080 15.85239438038474
3081 13.371858220186843
3082 14.089995551343373
3083 13.126926420892525
3084 14.051895669792794
3085 14.09190224709656
3086 13.426420359686537
3087 15.324472144540291
3088 15.5464583263106
3089 15.046943261161317
3090 15.615593330333132
3091 13.787963869899896
3092 12.807730802191443
3093 14.007386644740961
3094 15.616303617827507
3095 13.302392605796145
3096 13.835344049597433
3097 14.293192655480777
3098 11.397474572454604
3099 9.577297376275704
3100 12.041174847143099
3101 12.992061088097353
3102 12.465901159894539
3103 13.135937597111543
3104 11.232281357187343
3105 11.231025916682695
3106 12.581339546048099
3107 13.873427887145729
3108 13.11898755191475
3109 15.124317909385214
3110 16.38529368533532
3111 9.144397707508418
3112 9.603767445968378
3113 9.60637999241676
3114 14.097778543887848
3115 13.764863001222093
3116 8.685717259358846
3117 9.265091422671391
3118 8.110884867796209
3119 10.81651941258507
3120 11.17879363565056
3121 11.263080842990004
3122 10.14081827447589
3123 8.197578614546204
3124 9.59645803182784
3125 10.943750019520968
3126 7.638583153871143
3127 7.265765766865846
3128 8.572550935104264
3129 9.675213197869114
3130 9.281005925544545
3131 11.576723188034878
3132 11.976318889198373
3133 12.381542898122161
3134 12.429804534604358
3135 11.60390852384685
3136 11.690476555293566
3137 11.965890389334106
3138 12.63339965884367
3139 11.22909670239919
3140 9.293003675982511
3141 12.023186578563786
3142 11.374589026906465
3143 8.611924537072007
3144 11.533023672932607
3145 12.514274969130197
3146 13.250327480314592
3147 11.394724436464005
3148 11.001793570211767
3149 12.112136384874255
3150 14.969984076727112
3151 15.248233087759365
3152 14.993784731025164
3153 16.966643851204886
3154 15.87769966375982
3155 16.80237202125402
3156 14.764704705017175
3157 18.27399038775657
3158 13.150265224728555
3159 14.364050090119894
3160 11.741300201164446
3161 12.657137269366787
3162 11.586868792382443
3163 12.649340462725442
3164 15.077030978822739
3165 15.3611249052836
3166 14.748038934413566
3167 15.26874873213157
3168 15.273010787278404
3169 14.807916041852723
3170 14.45107217363536
3171 16.819224879654104
3172 14.430709337128109
3173 13.545771219545761
3174 14.449609012319424
3175 14.016578448684342
3176 14.577741825441755
3177 15.93174603948129
3178 15.230889433390761
3179 15.643823124339114
3180 13.439555177829869
3181 14.831535198880738
3182 13.270643652320999
3183 14.320317055376927
3184 13.927690387849902
3185 13.749030127487886
3186 12.118282933997653
3187 13.428116542744837
3188 11.360301428816596
3189 10.893015360714216
3190 10.019460886926543
3191 11.701026202463032
3192 11.562651876774792
3193 10.073898862130163
3194 10.77632935532578
3195 15.756666437199927
3196 14.19458200476984
3197 17.02591046899552
3198 15.816392968552005
3199 16.02861495975699
3200 15.977491888181058
3201 13.80711353475013
3202 15.011945056175056
3203 16.33247633743941
3204 16.260429056661668
3205 18.168888894069593
3206 14.882140182190417
3207 15.944097767018285
3208 17.612244107274424
3209 17.622441662105846
3210 19.69038925289929
3211 18.674891337661187
3212 17.91006881389732
3213 19.504956681383362
3214 18.063919225271476
3215 18.950286640265936
3216 18.43221976397135
3217 17.371925414465146
3218 18.049491760159263
3219 18.096772704579
3220 18.116671778721013
3221 17.13658891152974
3222 15.823850209198431
3223 16.494769851732
3224 15.928420098331486
3225 15.910553244726845
3226 15.342254074785497
3227 13.983579967090296
3228 12.988089496944989
3229 14.907542214714699
3230 16.654631573814694
3231 16.632816911966664
3232 17.274265815160664
3233 14.872888740391616
3234 16.54447397405456
3235 16.1531810653424
3236 18.632746061122216
3237 15.823272893255616
3238 15.133486052387436
3239 14.596168928027682
3240 16.595262903037288
3241 18.851101560026226
3242 16.752068070828813
3243 17.850327337945636
3244 19.23627932572951
3245 18.12089730809644
3246 18.64534911561768
3247 18.448790649394923
3248 15.432555839208321
3249 18.514659256113987
3250 16.849478165788643
3251 11.450530845232107
3252 15.26916431356219
3253 14.34443886788185
3254 15.81649493961944
3255 15.079959416780392
3256 14.30617256359122
3257 15.025030780376674
3258 14.612719474614133
3259 14.505130686811315
3260 11.341031957431397
3261 13.529297798585857
3262 13.54243533441145
3263 12.219143729173364
3264 11.533841088545001
3265 9.885189531870656
3266 10.83344105418904
3267 11.03580281761885
3268 13.087233009683656
3269 10.63904475814657
3270 11.586935758711673
3271 11.880871294102894
3272 12.663490146022367
3273 10.956751280126268
3274 15.037791200021031
3275 12.041082062367805
3276 13.610419379732045
3277 11.883173523444581
3278 10.240685115338293
3279 11.368497043273065
3280 10.997933521441425
3281 9.341263612231327
3282 12.25487539645083
3283 8.858572763226794
3284 13.385493210721517
3285 14.120845946457381
3286 14.227951398013229
3287 12.890481860831843
3288 13.272975051846709
3289 12.714780227736206
3290 8.855965201421377
3291 8.766468045887137
3292 7.863863295414623
3293 10.700358331688808
3294 10.574884407301004
3295 12.12649551147877
3296 12.568827312337685
3297 13.03699181243846
3298 11.647205139084216
3299 12.318681940690839
3300 11.956837605376567
3301 11.904892195624514
3302 11.30306335456077
3303 12.462231385977566
3304 11.017635878976414
3305 9.990565608664976
3306 14.809068709874651
3307 16.826539206038042
3308 13.45858329698146
3309 12.081640593806664
3310 15.125971800602251
3311 15.329912815183242
3312 15.646304611132145
3313 14.595044919638157
3314 11.951158560612065
3315 10.85034113545561
3316 12.756933066787022
3317 12.170437959615468
3318 11.9807520783496
3319 10.35250717639207
3320 10.438954870886437
3321 11.215764707837776
3322 11.824136023030121
3323 10.074268625225132
3324 10.956878638227343
3325 10.498701972876049
3326 11.136089381224398
3327 12.669535471252859
3328 13.493350656076597
3329 12.532373477427964
3330 13.05907313517852
3331 12.728738711759595
3332 13.057029331175134
3333 12.895538508993194
3334 12.242373629029943
3335 11.298961251108057
3336 10.65049215521061
3337 11.410296694671473
3338 12.583165346620657
3339 12.336473205322566
3340 9.696146998044643
3341 9.39210165633656
3342 10.037153449331061
3343 12.033763530435952
3344 12.942753418508438
3345 13.140523217067026
3346 13.062845998228804
3347 11.707501890357477
3348 11.821960329518937
3349 12.669691625154906
3350 12.737380093507394
3351 12.754238834437908
3352 10.98385872219937
3353 10.550863847343502
3354 11.754429215271118
3355 13.14678525576388
3356 14.280508670457564
3357 14.776924485249275
3358 15.51085684907746
3359 14.339436504779783
3360 14.188699929470124
3361 14.088115062593248
3362 13.358869333452235
3363 12.929055198030774
3364 12.944551346934352
3365 11.274221449131748
3366 10.460598806962583
3367 10.861842348197488
3368 12.747596572238498
3369 14.979710793042871
3370 11.777067848914605
3371 8.117347985698851
3372 6.59869455201129
3373 6.615369145369197
3374 7.4390381084639605
3375 7.390287711565862
3376 9.71284964707685
3377 7.824015841574955
3378 9.395841762480996
3379 8.038038801917647
3380 7.482700903305799
3381 9.993993944662275
3382 8.86799182863234
3383 8.241298428987225
3384 10.71965981641491
3385 7.543819116158785
3386 9.126566546523971
3387 9.19639519964254
3388 9.545130498923065
3389 8.33838376958638
3390 6.508801912507583
3391 7.778420742360179
3392 10.20377635955913
3393 10.360718367280226
3394 9.336270898859949
3395 9.461535715213442
3396 7.824825464322594
3397 5.459091578509592
3398 10.637819455364529
3399 8.229934146478303
3400 8.156956730489691
3401 8.241953225165775
3402 8.554317530531943
3403 9.90530011873802
3404 12.580033017406677
3405 13.118877738434055
3406 12.550934747910093
3407 12.152599421734203
3408 13.536507511691822
3409 13.577615692089758
3410 11.367945396034843
3411 9.520645176318979
3412 12.401570238121804
3413 11.887259002782688
3414 12.21073898441143
3415 12.418783732767396
3416 12.692194683497974
3417 12.386717977990246
3418 13.958218427724963
3419 13.223895968473087
3420 12.920095176406369
3421 13.990250437246376
3422 13.925687746228787
3423 13.819953772086597
3424 12.251098705425983
3425 14.784914680779426
3426 11.833197315593099
3427 10.322516419173713
3428 11.298039225854422
3429 11.575972013392345
3430 12.00193677836957
3431 13.522275132160562
3432 12.638991670589542
3433 13.027696991088126
3434 12.850088367856355
3435 12.782519736557406
3436 11.242116189268309
3437 14.046794256842372
3438 12.856729452271757
3439 12.550408208158368
3440 14.734198933895275
3441 14.202170233354272
3442 13.082492774572907
3443 11.582661142758413
3444 9.588165601324237
3445 10.071628443282647
3446 8.926383245910907
3447 9.182499106327105
3448 11.381437717926975
3449 10.685511382116191
3450 11.623332204519317
3451 12.463812990253553
3452 11.999889196203062
3453 12.650087083962282
3454 11.638498818714668
3455 13.862801978851152
3456 13.08883239930324
3457 13.719833001769889
3458 14.803105822506433
3459 15.839046034650217
3460 13.312676093685965
3461 14.143563510396287
3462 15.00540188895436
3463 16.102086755608802
3464 14.02046650152764
3465 16.042981708152663
3466 13.533529477908175
3467 14.354188365842218
3468 12.590769873996683
3469 16.50979973387963
3470 15.678504109652406
3471 15.036203047965321
3472 14.994516564260573
3473 13.433561492446719
3474 15.526849058504746
3475 16.022077076878745
3476 15.741687995671994
3477 16.23195214241735
3478 17.53828239261024
3479 17.330467370891213
3480 19.27639018498834
3481 20.171859530443317
3482 18.26214703057347
3483 18.23716618710046
3484 17.59011082794933
3485 16.65014616554665
3486 15.465011200484446
3487 16.062443480783646
3488 16.2254936381612
3489 17.464383930707097
3490 15.960665971825481
3491 14.451684718196717
3492 16.745156636094805
3493 12.642594864716408
3494 14.49619026421316
3495 13.735813613642776
3496 13.005694241706795
3497 15.796743996689
3498 15.675980010431802
3499 16.821450843564655
3500 15.444196588301104
3501 15.046338340689957
3502 14.414116030347483
3503 14.870760026871823
3504 15.535942532298181
3505 12.516813099043059
3506 14.321611205516925
3507 14.525773835624054
3508 14.74915842869331
3509 16.16007034947423
3510 15.151367414449053
3511 13.93525437877959
3512 13.53755304080082
3513 12.298180265959386
3514 13.249060571557377
3515 13.146945874064363
3516 16.5952722809518
3517 15.473307390524976
3518 14.325030242676197
3519 15.170850307093605
3520 14.455418091741796
3521 14.937932012746154
3522 16.153974807831425
3523 15.645050890446054
3524 16.798552711636418
3525 16.81532852537324
3526 16.922721238602445
3527 16.86577280861043
3528 16.239073518627574
3529 18.18981042865074
3530 16.174998350824552
3531 16.25239157787963
3532 17.108181644315174
3533 15.801342429196142
3534 15.276605089033039
3535 15.891266491246787
3536 16.8728523080836
3537 15.49231456129204
3538 15.425244443914167
3539 15.385624868202685
3540 16.49639724761833
3541 15.705808236435322
3542 14.54442909848814
3543 15.810952362871982
3544 16.008332029492212
3545 15.709814484859406
3546 14.51398241560936
3547 14.63477285054453
3548 16.054975997259778
3549 16.439613064624275
3550 18.44841484972618
3551 15.370901771554486
3552 14.806348877140318
3553 14.17735956064999
3554 10.844473490195345
3555 13.655541702751448
3556 13.361520372330158
3557 11.822172010409309
3558 11.589175702753128
3559 11.62063429771011
3560 11.01480167814728
3561 12.935598076912964
3562 14.994977963219645
3563 12.79437434764002
3564 15.044176838683784
3565 14.624123925995088
3566 14.099811248599694
3567 13.664432853323637
3568 13.333865377061002
3569 12.463391400783625
3570 9.816553977734518
3571 8.989614302495244
3572 10.686116832440655
3573 12.632779276902811
3574 15.444495170451857
3575 13.165090778646345
3576 10.371470826185847
3577 9.734560067338146
3578 10.920632387376337
3579 11.611160751397025
3580 11.144615911249897
3581 9.582814225908344
3582 9.783599860788906
3583 9.303328677974784
3584 8.825159023508979
3585 9.967476363813324
3586 10.629972567018372
3587 11.644819988008342
3588 12.477857414979935
3589 11.07990340758956
3590 10.683361745440557
3591 11.73755426350957
3592 11.894638583773851
3593 12.797198942788906
3594 11.937641588899922
3595 11.774442371948329
3596 10.267476149677474
3597 9.520512821107737
3598 12.393451547853505
3599 11.420954897991441
3600 12.84229095687058
3601 13.232877118322534
3602 12.708465628343527
3603 11.850073325788436
3604 12.570939544735074
3605 10.516360866989002
3606 8.827434306158088
3607 9.64611062561187
3608 8.898168275918637
3609 9.72013951519368
3610 11.078611376814578
3611 9.23162157752862
3612 9.154931226692504
3613 9.150110111096625
3614 9.684159409857203
3615 10.51685543216983
3616 8.688160773965976
3617 11.374956283317717
3618 10.447037834761355
3619 10.556449364021786
3620 11.798498201137818
3621 12.21760100346415
3622 13.11535256555389
3623 11.040863334374906
3624 11.809021805541182
3625 13.04575168273356
3626 10.694117638929905
3627 11.271165729203291
3628 12.279679176911692
3629 9.505257222299448
3630 11.644791993527766
3631 11.500137822530226
3632 12.045358010653395
3633 11.597969962694847
3634 10.401502445710056
3635 10.809550417604695
3636 13.086078243535153
3637 12.848154900454386
3638 13.0602584666083
3639 13.215803231038926
3640 13.720656765271075
3641 13.809534920520814
3642 13.839153752781803
3643 9.934154889623441
3644 13.233363459237621
3645 13.774774917675769
3646 12.80238439304317
3647 11.894921915027657
3648 11.51692076511599
3649 12.479117124765564
3650 13.649786348789046
3651 10.073178122296959
3652 11.462049816614435
3653 12.804297796540707
3654 12.69191610770031
3655 8.995610191595892
3656 11.378219752320831
3657 14.103329821191483
3658 12.55907654192369
3659 14.685195971527738
3660 11.724855911318803
3661 12.425615212145207
3662 13.417255950977145
3663 13.546575600032662
3664 11.584560689619916
3665 7.482592723310843
3666 11.274105747936396
3667 11.4656555815554
3668 12.913867985835878
3669 12.419857355919305
3670 11.772083760873265
3671 12.600125927735517
3672 12.619426535805157
3673 14.875566342537718
3674 12.844702087369836
3675 10.444246259477543
3676 12.846548753912199
3677 10.491459187431214
3678 12.046486265618828
3679 12.14919501192981
3680 11.766057883909228
3681 11.764384652519908
3682 11.726634454414091
3683 10.170049110152066
3684 12.114668016219042
3685 12.576952160178562
3686 9.215431355129876
3687 13.419780495863469
3688 12.299761420317608
3689 11.581139241843326
3690 13.784395240248351
3691 12.057608519972232
3692 12.357418399506207
3693 12.27051489075469
3694 12.603475885550013
3695 11.942595052904247
3696 11.914204627739508
3697 12.594961879986919
3698 11.571260762412455
3699 14.09036037761259
3700 12.544686557873677
3701 11.068533761258324
3702 11.689669603522411
3703 12.902993513554947
3704 12.704126860046392
3705 12.393725395945534
3706 11.880139913346916
3707 12.232307541092188
3708 12.738539632102624
3709 11.93401441598266
3710 10.760627860007322
3711 9.821486352440846
3712 12.791955111084333
3713 12.004858338372982
3714 11.20967046262474
3715 10.712774596715025
3716 11.832495666672854
3717 13.111550362381958
3718 10.790775626149244
3719 10.961216859443153
3720 10.46273165918669
3721 11.669422628707396
3722 9.313228126358338
3723 8.46483227585743
3724 11.907695349727867
3725 13.560192655134895
3726 11.66782258550501
3727 10.488336674381307
3728 10.548438847168738
3729 11.476930719452001
3730 10.904409927645602
3731 9.740523465481882
3732 10.668932812280229
3733 11.490563456746091
3734 12.759940922999466
3735 9.21626614066003
3736 10.922557812672874
3737 11.657992261376876
3738 9.893343618430327
3739 9.488027475444825
3740 10.219260774518455
3741 11.391427765767682
3742 10.800061507651266
3743 10.557703945497863
3744 10.79726238451411
3745 11.447989048178083
3746 8.316896014748693
3747 10.42318216040312
3748 12.086072587509243
3749 10.621416690254287
3750 9.980185571448049
3751 9.705836966742146
3752 8.379915071678896
3753 9.895916855308567
3754 8.255878696453307
3755 10.545331268461718
3756 9.920129341545248
3757 12.470568965854513
3758 10.803614714372737
3759 11.938530189746832
3760 10.525169784668416
3761 10.509904018730703
3762 11.030113718755956
3763 15.557074282053033
3764 12.333786354927968
3765 11.850314880566197
3766 11.40187211770104
3767 12.819707068849103
3768 13.666025918024863
3769 11.986574240669546
3770 11.570497245491673
3771 10.341887782591549
3772 11.306433479170058
3773 11.244042748214028
3774 13.044781459207947
3775 12.65504656605422
3776 12.17158945115502
3777 11.815255906823403
3778 10.131748931482463
3779 11.375070924711602
3780 12.635307684211513
3781 9.19654522480942
3782 14.52925230094132
3783 15.235145943138725
3784 13.375912800439744
3785 11.29936425100454
3786 12.190817508781896
3787 12.94585252603105
3788 12.045489657198752
3789 12.593400868009201
3790 7.130805937174627
3791 6.231903971156537
3792 7.981689710210022
3793 5.965538524488061
3794 8.841828412463078
3795 6.1755581911920086
3796 7.072041710162807
3797 5.890421339943972
3798 7.68985434921666
3799 7.855641773021266
3800 6.318803989872693
3801 7.991805044733198
3802 6.614625250026771
3803 7.473552135064264
3804 7.289030507097776
3805 8.59006300480274
3806 7.134791576656866
3807 7.9731143840769665
3808 7.81927829973751
3809 8.422528384201465
3810 8.738776062523842
3811 8.315673536228305
3812 6.950689013793778
3813 7.866826611246325
3814 5.222683342710838
3815 3.539018484584662
3816 2.979646339184798
3817 2.7113213057979952
3818 6.193315549332747
3819 8.004090508304191
3820 7.847211882720047
3821 7.088062304820235
3822 5.961755370281475
3823 8.157067854227298
3824 9.687469645725296
3825 9.696695902042293
3826 7.9269052741146115
3827 8.21759916899979
3828 7.985828111834409
3829 9.166431107909151
3830 6.985520342467152
3831 10.722294633447277
3832 11.271464511864377
3833 11.61253420230575
3834 10.604856808214274
3835 11.214499442180239
3836 9.365380667851799
3837 9.304254584449877
3838 8.816901703827813
3839 10.351827314494585
3840 10.781647083736647
3841 9.689019286746317
3842 11.037613077728798
3843 11.574941552957888
3844 10.73250300697383
3845 8.714186446918164
3846 7.590711888848588
3847 7.765549596239113
3848 8.860968990171129
3849 6.543198502496952
3850 7.181750373320934
3851 12.262393097427452
3852 10.535983116368348
3853 10.115095210023817
3854 10.232268306633712
3855 10.734039530330424
3856 7.398126300216674
3857 10.969647817602784
3858 8.787430504732628
3859 8.458719595564183
3860 6.481007831524271
3861 6.852687320157695
3862 6.4275490173855205
3863 7.405410751918797
3864 9.114281360557635
3865 10.082688524987468
3866 10.023047390931742
3867 8.917691559784924
3868 9.06289287335495
3869 10.047135831679405
3870 9.335425795504355
3871 11.171620596221972
3872 12.313551090576937
3873 10.380664891178917
3874 11.59489960778808
3875 11.817695840917612
3876 11.017878390007501
3877 10.542349007972511
3878 12.254212804109601
3879 10.350924377886642
3880 9.431630172685932
3881 11.438118432645059
3882 11.826895455648527
3883 10.738796837685655
3884 11.069197441310754
3885 11.918761126641959
3886 11.50333522590895
3887 11.84392184541247
3888 12.015077902185881
3889 11.60500086070064
3890 11.309674237707886
3891 13.211923496228044
3892 12.874671976064963
3893 10.574130085112705
3894 12.588725816395515
3895 8.971278511633425
3896 11.857796155404346
3897 11.173267144674698
3898 12.521834800144154
3899 12.7639289571035
3900 10.762939307913292
3901 12.446407617068033
3902 10.117740913165202
3903 10.722821193232805
3904 11.355767851198362
3905 12.518067235481546
3906 11.74712587230631
3907 10.380937246520094
3908 12.144619512775614
3909 11.781779755372872
3910 12.033094496906926
3911 12.264200926117596
3912 9.929025970354596
3913 9.589145665863535
3914 12.204086480810451
3915 10.824513155100396
3916 12.982670296490252
3917 10.859802760241292
3918 11.368220306458417
3919 11.066498544527795
3920 11.908913807124973
3921 11.11751688656872
3922 10.311918247457152
3923 13.467267519142265
3924 8.485391538340394
3925 9.085970357449465
3926 9.73315906723388
3927 11.270607749851974
3928 12.538501121526396
3929 13.345352246297812
3930 10.01245477231406
3931 11.41810851591909
3932 10.17933131677048
3933 11.30708042997188
3934 11.707373021298553
3935 12.153307622221478
3936 12.242619299032784
3937 12.24349389536415
3938 11.031038929074107
3939 12.209541140908634
3940 11.325569488152977
3941 11.303803375499685
3942 10.275129958323545
3943 12.17446938250425
3944 11.543344552630847
3945 12.573308661838954
3946 11.723267926758934
3947 11.036819843354415
3948 12.194923412277083
3949 11.581022696395483
3950 11.768971069017434
3951 10.93685306011217
3952 11.088381485751006
3953 9.961132968061097
3954 8.90453128238857
3955 9.556005381382205
3956 12.875579122199447
3957 11.076056719931026
3958 10.946555053463797
3959 14.424931445616245
3960 10.2772218822269
3961 11.133560784617218
3962 10.046389707947839
3963 9.424714284761604
3964 9.989305039102948
3965 10.71480984332714
3966 10.805823025059928
3967 11.74697745626489
3968 10.163337171320093
3969 11.591123335401793
3970 12.156448482134632
3971 11.404368824100295
3972 12.10767575842411
3973 10.187470609322647
3974 13.059377440941729
3975 11.738215956949153
3976 10.841860469213975
3977 12.206580190667339
3978 10.343569595034324
3979 11.300765058027638
3980 11.955025845591871
3981 11.884436241713278
3982 9.126169436000119
3983 9.847716282109902
3984 10.72278209789301
3985 10.904786296852327
3986 10.164426075754301
3987 7.274059526945638
3988 7.3129803587598525
3989 9.99935242135684
3990 8.812371636852905
3991 10.159457059159074
3992 12.01958391558116
3993 7.8977506435877824
3994 7.642431598790359
3995 7.827658544962817
3996 7.702899636982075
3997 6.653179263905054
3998 9.464756559617143
3999 7.914609626594739
4000 5.353363972288464
4001 30.203718810927093
