0 29.741673435597285
1 24.68900421637491
2 22.488839403282896
3 24.13511111973447
4 24.14281156523965
5 24.48971243795826
6 19.20994358886657
7 22.322380158321906
8 19.278770562067113
9 21.113534963532942
10 23.465355352462332
11 24.322233452447936
12 25.92205317551169
13 24.10935945556362
14 23.747645048587824
15 24.273924053010187
16 25.163238969165757
17 22.687495141534946
18 26.104549770831646
19 27.89401524549348
20 25.201136369272998
21 26.889126257272103
22 27.855865977570467
23 28.39712052036761
24 26.029896303425758
25 29.333891742605193
26 28.27439779280866
27 30.50894103233918
28 31.54906588919833
29 31.514152649702748
30 32.970626210683506
31 30.388077746770236
32 35.11603450241674
33 37.148861792727246
34 34.24199630372532
35 33.75325216337006
36 34.55607330474737
37 36.538750986238554
38 35.20670137188346
39 33.447572607807
40 28.482250873364098
41 29.059170668990717
42 28.833554095693348
43 29.00812837900712
44 27.473245061195623
45 24.06006957845592
46 19.862523947430837
47 27.159833011001616
48 23.26071726932342
49 25.43496751942669
50 22.128975547146176
51 20.80315198010847
52 20.781905231755353
53 19.059347551517003
54 25.43839340517154
55 29.49120210274483
56 32.25635065919847
57 33.8792963037775
58 34.65621612455852
59 36.27933688658684
60 29.38910271691417
61 34.85094123764626
62 33.255759643702326
63 32.14224933425408
64 31.467799881043625
65 28.483650305392377
66 29.328484459450618
67 30.266890962075674
68 27.380152636647242
69 26.453331724496945
70 25.314689232044987
71 26.03239262980955
72 27.578809712723558
73 25.028901855118193
74 25.797894985940843
75 22.98172796666691
76 24.915074000822173
77 24.89894758293966
78 25.123531667198744
79 24.76675216462284
80 24.93904154174063
81 26.185430187679
82 24.42954500471918
83 24.38322860585083
84 23.36470556872539
85 23.851417203627904
86 26.932237944256595
87 25.541067621773916
88 24.238707634935867
89 25.110506494686838
90 27.40495521378933
91 24.405196896513697
92 26.02927526378954
93 28.265921124535154
94 26.882370907696508
95 26.952837661597417
96 27.710466153186808
97 25.381321910464653
98 25.174118705348363
99 24.06388419941973
100 24.841534931686816
101 25.752915781092522
102 26.751372397497725
103 25.676290062071885
104 26.858726725987268
105 26.630901296579466
106 29.819577613874387
107 29.00298389050648
108 29.879215211354683
109 28.405781265740224
110 29.8600616190766
111 28.643073898923028
112 28.884235759528007
113 26.513320458997242
114 25.921662726113233
115 25.457689226293915
116 25.46934606649727
117 23.516821103821044
118 27.870214085190092
119 27.298022503060125
120 27.640292609304378
121 28.83627330092752
122 25.702223163379706
123 23.468699886166085
124 23.676939137627727
125 23.98356370106504
126 22.355608260776684
127 22.22831015221359
128 22.51656740199021
129 23.98866502460807
130 24.628972353946263
131 25.603572239966383
132 25.037277851341642
133 26.461657512071433
134 23.519759949155567
135 26.908674394781407
136 24.617097197649567
137 25.559054478453486
138 28.08702563206446
139 22.85849280540986
140 24.39487789473112
141 26.847714957214635
142 27.30634966845531
143 24.45344120047357
144 22.08753347494468
145 23.584282450368175
146 21.895874677716524
147 23.964454355537526
148 22.6255648637431
149 24.70849676594952
150 23.84380299567311
151 21.964214226179784
152 23.261698092980247
153 23.642617683775654
154 22.494932970201155
155 24.59873216928603
156 23.199240652122658
157 22.091834972907332
158 20.280194101928426
159 21.012248962682047
160 21.08530282259093
161 23.664988605973132
162 25.40111569322973
163 26.588381245387403
164 24.08101844582464
165 20.15017644020357
166 22.7707581567008
167 22.89376812645127
168 21.235250935788716
169 20.48086654886498
170 24.434389966609135
171 22.64847957895788
172 24.61886205031395
173 23.4304848155585
174 23.178928945350243
175 24.58016975294559
176 21.969846332102634
177 21.90057258902812
178 20.766965608621692
179 19.502680627431815
180 18.774345142957056
181 21.739434109142884
182 22.23906380600656
183 23.45647770322865
184 21.498416608267288
185 21.184383676229952
186 22.38093209907155
187 22.36648123857808
188 21.443750920778278
189 23.13213379777397
190 23.157341296519714
191 23.541530654977848
192 23.693328969505934
193 21.504184158875052
194 23.37068733128552
195 23.350548764564184
196 24.45259598575593
197 23.044424144053316
198 22.69346089558675
199 21.328790473678794
200 21.729603989105637
201 22.48229402858324
202 22.953883001282904
203 20.451310838878186
204 21.06738680526552
205 21.066998612714777
206 19.991670472811307
207 21.845998941791397
208 21.460954417099373
209 21.777227307915304
210 21.156650625744117
211 19.81384968909426
212 20.851025597686323
213 19.744208894880323
214 21.14273656724881
215 22.856748902197754
216 22.590495923303596
217 23.06024134891251
218 20.85269902667776
219 24.31162772883322
220 22.508736374891058
221 23.700600833600628
222 23.14798958903142
223 21.429051356072886
224 24.262945790365922
225 23.88183654911634
226 25.04500059371947
227 22.531592674665628
228 22.073415370103014
229 21.376638105476765
230 20.98092599394591
231 21.402034492755842
232 19.690820588720957
233 19.260310945229662
234 19.391921596403638
235 21.62073085435519
236 18.582800886679184
237 18.78588540495271
238 19.676318921451582
239 20.83317025792492
240 20.02655431857357
241 20.309840466071652
242 21.19534197683297
243 21.24987415626553
244 22.233652591459922
245 21.70177745019487
246 21.95004639462975
247 18.43599589212322
248 24.570029126012567
249 22.437495083660437
250 22.39244093803546
251 21.17390556546324
252 20.951643952539982
253 22.47095218904026
254 21.629192648719687
255 21.57481776388438
256 21.91114862092581
257 20.987696290474375
258 21.322497498913645
259 23.052828249644854
260 23.675557147776907
261 23.08270452963593
262 24.292968559021517
263 26.971086353294666
264 24.052292652387475
265 24.862923112909005
266 24.858899880310776
267 25.113090165749753
268 25.313402520651916
269 24.998240639692305
270 27.329085601350148
271 21.019281578672818
272 23.5001208223532
273 24.11624720402082
274 22.700272438397505
275 23.09324034448204
276 25.029258045840614
277 22.661615129975154
278 24.382165866308036
279 26.232948308526048
280 24.45847610480165
281 23.363304270218876
282 22.22608962514619
283 22.836423663721902
284 22.30201331502319
285 22.278734317218476
286 21.42095040628789
287 23.233547995413808
288 23.574884089811324
289 23.380161873654696
290 23.415922199787932
291 22.989643067870183
292 26.907400065592796
293 26.687510782609852
294 25.638171715413755
295 24.522161027852068
296 27.300611254769425
297 27.603281033805754
298 28.101289460164917
299 28.349845674852613
300 23.57353836315302
301 24.428312944707955
302 23.44515910597165
303 23.247372851096568
304 21.345464934494366
305 23.202283705945014
306 25.30756838756052
307 22.283089699528087
308 22.992769333155277
309 24.323201731377885
310 24.571174063137665
311 22.51949675815884
312 23.169146643389176
313 26.20054721840355
314 21.652566085310305
315 23.497365821401743
316 22.291122947396257
317 21.024407308746767
318 22.300519057558144
319 25.721927834279604
320 22.739407320109088
321 23.151622492577815
322 26.069119893777916
323 25.168416393932816
324 23.62023774827693
325 26.6404689537912
326 25.711723124754677
327 25.985968380519843
328 28.50884805905837
329 29.428640564277956
330 30.0519291518175
331 29.257676650897032
332 30.33116651904728
333 24.60816805888407
334 23.062799304539773
335 24.103299055972037
336 24.445238246931915
337 26.440495477324696
338 24.573213486955247
339 25.91549356304515
340 28.67279129890184
341 26.368725360130405
342 28.152135104691876
343 24.891982230908702
344 30.492001555780824
345 28.16611582553897
346 25.45734354252251
347 26.35608402342423
348 26.05553869694629
349 25.655792953677096
350 23.8267138979273
351 21.907264818051402
352 23.43152579070566
353 24.69162516415393
354 24.837999151920055
355 26.76427580211685
356 26.291322110241673
357 25.429301276889205
358 27.33283527254981
359 27.71641226151471
360 24.48662835865122
361 25.001833467955375
362 23.3330785885165
363 24.47275310367333
364 26.265898833205092
365 26.318001103024994
366 27.56489399394699
367 28.50210046551639
368 28.16196466902093
369 26.110574841346093
370 24.38681897360793
371 27.957018534899973
372 27.28359971060379
373 25.921805747882754
374 26.07171566060702
375 26.535930277473934
376 26.196707000656488
377 24.5265038535475
378 28.90409172395647
379 31.90759865964139
380 28.93514641252305
381 29.80380453557828
382 31.017627362357135
383 28.484563120806097
384 28.742366569497303
385 31.01477110516846
386 31.066365904178877
387 29.964084319724716
388 29.690328792551757
389 29.630793334455525
390 24.64179106228369
391 29.819343701798196
392 30.77847310205954
393 29.27584171639057
394 29.321637657951825
395 28.31028162485781
396 28.119364976701313
397 28.03947389152674
398 28.86975292238879
399 28.715382524536206
400 28.648352573877776
401 26.105068863619778
402 27.753037378641054
403 26.185096740325932
404 26.835577490166216
405 26.373767589744013
406 26.98041279798837
407 23.38237442369854
408 22.841182683064186
409 25.33516841846943
410 25.022028054148265
411 25.102267735753045
412 25.00978882808394
413 22.631654160611166
414 21.8965670946284
415 21.381151239825616
416 20.933079263876024
417 22.662686180162748
418 21.57353505619522
419 20.929859057962407
420 21.97249157299745
421 21.766183004796403
422 20.996143332863635
423 21.26011504503758
424 21.00444856736695
425 21.706903440913813
426 22.42628178500238
427 21.70826360435015
428 22.53443328544369
429 21.023725775827454
430 22.920254764108403
431 22.773716252850615
432 22.355834813274438
433 21.710356390587705
434 22.224241609179096
435 21.099738640203533
436 22.279824230866257
437 21.44812772992864
438 20.83875257276981
439 22.309990550594645
440 22.298841913440747
441 21.88671897825531
442 25.660682199974147
443 23.850936931097802
444 23.261921290837453
445 23.168087183036068
446 24.940402393842803
447 23.436530893507694
448 24.68279865070047
449 24.967440011208677
450 24.10482813307264
451 25.172609479156918
452 24.993857475767623
453 26.8192185604261
454 23.362377757104515
455 25.931410681253332
456 29.95602511530908
457 28.936789922517526
458 29.84689224014233
459 29.8155927921766
460 30.452214039806545
461 28.24719427514432
462 30.132550361204974
463 25.487387454335895
464 26.285277043408023
465 25.304039459450642
466 25.596962311913565
467 24.41518720965767
468 26.75750524350338
469 25.05231039668552
470 26.768610803871564
471 25.334758614685217
472 26.232622898039196
473 24.59329606158018
474 26.22860853209331
475 26.28070228979549
476 24.65318288481117
477 25.339007243405813
478 25.338575408232668
479 25.277119464457034
480 24.383055644201566
481 21.889525009306833
482 21.75569207081759
483 22.833833978033383
484 24.133830589665525
485 24.71594116323743
486 21.688307275318245
487 22.19866049517812
488 23.4884045568608
489 21.431087396103816
490 22.336182665575475
491 22.078156563750483
492 23.379661790379597
493 21.921370126478802
494 23.291203966416386
495 23.37979314133565
496 23.33475214965336
497 23.736478240849053
498 26.33436821600723
499 26.99240369381986
500 27.24526555635542
501 24.733818338244586
502 24.802998210870896
503 25.036361647249887
504 22.815121927231242
505 24.340399072318057
506 27.301037192474368
507 26.512622009486243
508 27.822222732093756
509 24.99685166180607
510 22.969869248844883
511 23.729699949804694
512 21.851819644850934
513 22.468851029239033
514 21.493062185647098
515 22.434989650955576
516 23.747852207057647
517 19.71658517732496
518 19.796067576997867
519 21.91749107909823
520 21.23121751849274
521 22.31510621415134
522 22.91274215705168
523 24.884156890868873
524 23.46004780354027
525 26.740370185461096
526 22.47259183827083
527 24.86893018175556
528 25.432086471215307
529 26.551786727471036
530 25.534468198923182
531 25.531207769658817
532 29.366085886988557
533 27.078385165201077
534 25.51472224029611
535 25.724840947822862
536 26.69541199035601
537 24.896396443232863
538 24.766994060517572
539 26.187793086936946
540 27.044049056563036
541 22.808738527414896
542 22.587954879597312
543 25.837146565378216
544 27.937012363106064
545 24.807625668257785
546 26.72723379493392
547 24.872838319514887
548 27.80069070668788
549 26.064371802442277
550 28.806515947951365
551 28.03753239707799
552 27.625550866647735
553 23.647812323266713
554 25.089278201580402
555 25.876095685352144
556 24.43742878420401
557 22.574558596464424
558 24.19920887038597
559 24.486300563254993
560 27.05884888977172
561 28.735912704164587
562 28.735844822630657
563 25.465040502989968
564 26.545045818463436
565 26.00888028281902
566 25.98913335922139
567 30.423950296668114
568 30.822897444772284
569 29.803704576861655
570 29.263258443397884
571 29.51317206557655
572 29.314728203025
573 26.808730195199125
574 25.248518450217773
575 26.67883332229632
576 29.806160305740924
577 27.969459562976077
578 29.804325260691357
579 25.83148914810347
580 25.603425378904326
581 26.470874090517405
582 27.882624535410475
583 27.41161399431686
584 25.112950744275043
585 25.39997632282708
586 25.07373529374559
587 25.19632527193277
588 25.60508983910024
589 29.132519272279083
590 25.353646228678116
591 23.524848299518506
592 23.152594187713163
593 25.219364885506298
594 24.27992387838278
595 25.96137761447463
596 26.15462921588601
597 25.65352431962182
598 27.261645401032325
599 24.508123155997183
600 25.95456038137918
601 24.22008136029996
602 25.14299499328006
603 24.198260211893427
604 23.68709414837409
605 23.94853831529232
606 25.144389041010133
607 24.712389579036515
608 23.16449184592419
609 25.255889395138887
610 24.613521497585957
611 24.630424963398454
612 23.96077450572146
613 23.575986839765275
614 23.327267730263788
615 24.05309837866587
616 23.608480677306414
617 23.55121100096266
618 24.33404435453475
619 24.182756321090096
620 27.142327029978993
621 25.215249850737717
622 24.375677414559426
623 23.92943808945239
624 22.845102861108717
625 22.813893844036947
626 22.09553226203669
627 24.014570906788283
628 22.83477914825758
629 22.565861452726445
630 24.514729843862835
631 25.951671302206275
632 24.606167727821045
633 22.065512097451435
634 21.240108049157488
635 20.976222983352592
636 25.023029998692355
637 23.859165207583953
638 23.052510483237686
639 20.093455270630752
640 22.82178704177683
641 22.643705892547786
642 23.751413356112657
643 24.7747790532896
644 23.277326000322166
645 23.246344529307095
646 25.1017837694863
647 24.142333530477792
648 24.1279330783978
649 23.86798790469492
650 21.290896873022014
651 22.697315678190492
652 20.907453231604773
653 26.28825311886803
654 24.912330873519544
655 25.869585761067235
656 25.168177193834246
657 24.938699500570365
658 24.851925701662136
659 22.242714181501725
660 20.07989107585027
661 21.81502239249859
662 22.659070735371827
663 21.66434163057905
664 23.59214479367281
665 22.61204765870338
666 24.554520645993748
667 23.271246631052
668 20.843860672605068
669 20.240586317188164
670 20.466335315809836
671 21.25288254705333
672 22.03984804333101
673 21.056320005342382
674 19.820239726485337
675 22.563181843726184
676 22.401923124525542
677 22.736111488699507
678 23.999374909716515
679 27.706601819388613
680 25.72608458818965
681 25.081688393566527
682 26.153459874428123
683 28.371211197485515
684 26.53956189162726
685 27.063983308282612
686 26.23637456328914
687 23.869693717638903
688 24.203172225356905
689 24.557533904143195
690 24.79305601117581
691 26.769811597353623
692 25.455799704379817
693 26.29816304848887
694 27.213241266391094
695 25.879978344273113
696 26.420632165338755
697 26.369978991411884
698 26.549187219281084
699 24.657541593972926
700 23.384818829676853
701 23.876225391645388
702 23.877597632405898
703 24.06515919933789
704 22.876144595200874
705 21.074795887404388
706 22.562348838491175
707 25.017798658006704
708 28.114458080525655
709 27.825794841729287
710 28.90703411431249
711 28.087125814895398
712 27.32648789815114
713 26.003288504344823
714 26.412412240687434
715 25.384320606956074
716 24.853252471240257
717 26.139495686260975
718 24.96971244087377
719 25.25078899333885
720 27.99822881326956
721 24.407848314189525
722 23.6363222605574
723 22.86782887627021
724 22.01646459455118
725 22.89354695461441
726 23.99259946057822
727 25.48512171928527
728 24.686705001230823
729 25.700765550426016
730 24.73264295272419
731 22.556732883171296
732 23.720195680843748
733 24.536437346213834
734 24.137267975208648
735 24.93558406496987
736 23.32081554030465
737 23.99482861895885
738 22.2981426812008
739 20.83167781447539
740 22.54177716940313
741 22.036345951082225
742 23.35676526024391
743 22.019155804444658
744 23.061832834742265
745 22.294516447257113
746 23.37746317013977
747 22.29602760450226
748 23.83573560062691
749 23.141110255875155
750 24.033270187203954
751 24.61258362884129
752 23.542626954079807
753 23.006109799464436
754 23.38378020669062
755 23.561351419040705
756 23.14401253773392
757 23.890421119737713
758 24.413604943338044
759 23.248749431621416
760 24.00818839900344
761 24.072370376674552
762 24.5841059684544
763 24.83012488580811
764 24.868726687244006
765 25.174409598330445
766 26.693942866767678
767 23.677427550559667
768 24.55414590577893
769 25.485157301195215
770 24.913404873123326
771 24.503109000797664
772 25.498009415995813
773 25.697566930404616
774 25.063517576920088
775 24.46006546822873
776 24.649610167355814
777 23.683708955379792
778 24.664033734541466
779 23.011450680889308
780 23.208001302039193
781 23.310313637160633
782 23.58884020421612
783 23.560657174558237
784 22.93894335347995
785 24.76689787080704
786 26.023401384195918
787 24.290776871987593
788 25.548546143646817
789 25.435361530441142
790 23.33501751804469
791 22.802685748944484
792 22.237128947104033
793 23.929271181663665
794 24.304526517958344
795 25.75919634901277
796 24.047990456548
797 23.75634409527894
798 22.901684424573194
799 23.068099913841497
800 25.16688600597011
801 24.48465766753165
802 24.977261039592147
803 24.788937665683637
804 25.50639485248136
805 24.191207130247424
806 24.50651369951943
807 23.27784850154706
808 22.67982745042847
809 22.84800779915994
810 23.151053426829325
811 24.37903400503996
812 22.689531243577843
813 24.09997610873045
814 23.276287803845943
815 23.53230047041485
816 24.52471432849921
817 23.899362639897717
818 24.971962013464683
819 23.77187471503593
820 24.611946158315245
821 25.464204364079077
822 25.410182842527696
823 23.208256405806555
824 24.30982014845767
825 25.263884598424724
826 25.17018497406655
827 24.57123952487842
828 24.539215177967726
829 24.167605698397487
830 23.970189746095514
831 24.20130355290757
832 22.94376895377813
833 23.882706214736256
834 24.455535945475464
835 25.863579422828337
836 24.093673755079507
837 22.752646698742563
838 23.692254253166727
839 22.916317358370303
840 24.110856722814066
841 25.313577375015647
842 24.04192085745184
843 24.45480460390539
844 23.674490883596985
845 24.885908314272005
846 25.408342425985865
847 26.08814394921724
848 24.07343783527164
849 24.218669909473284
850 25.164104366209735
851 23.39923859640536
852 25.498144689888157
853 25.677536430077044
854 26.228718547823494
855 26.30392561514778
856 25.300069523170624
857 26.803225480772042
858 25.00779651040979
859 23.95480798576511
860 26.290397057362853
861 27.35584462525029
862 27.813062374328975
863 30.20652975072981
864 29.362762073139663
865 30.289816644743233
866 29.87617421380678
867 28.880047706025945
868 28.817978880653236
869 31.05104182979989
870 30.18936129921407
871 27.710394503161357
872 29.162657948746645
873 27.89081139255183
874 27.22934370146145
875 26.923497516843444
876 26.366323587004928
877 27.076496940957078
878 26.97274409053034
879 25.448888657413455
880 24.76884423348182
881 25.45628695317195
882 25.502521675040256
883 23.282491482440864
884 24.668998848092546
885 24.43248808548054
886 28.38324182513204
887 24.110918078384955
888 23.149251272366364
889 25.921201347721645
890 23.467301483209237
891 23.845779576036477
892 26.033236573779675
893 27.10719443941585
894 24.936597524963542
895 25.497075104609458
896 24.87654077026364
897 26.337583382118567
898 25.722835446859538
899 24.127047578594354
900 25.305948283200287
901 25.73804795745566
902 23.338643392447576
903 24.860371509149086
904 27.43871146268599
905 27.778303937775988
906 27.209338669246
907 26.790048268650143
908 25.943680039162995
909 25.282874333890557
910 24.17827435664543
911 26.086469212506433
912 25.611681029780826
913 24.87205320456421
914 26.27972632418068
915 24.635489982871817
916 25.145606110377674
917 25.774819038355513
918 23.840854000454826
919 25.205361634446902
920 23.488644321731247
921 23.564109324186653
922 23.157841709156454
923 24.73080434716687
924 25.143327242922084
925 26.552213614359705
926 25.028744361586515
927 26.459214309985718
928 26.480009364217196
929 28.44251284808055
930 25.873392170719303
931 24.394992985773246
932 24.647176994531936
933 25.650473446900275
934 27.72325059159319
935 26.47497318123132
936 28.13178710793603
937 27.248696166570255
938 28.462037973975814
939 25.3729748324452
940 24.534973565992182
941 25.313019593162437
942 28.76330578450168
943 27.409050096588167
944 28.272903276719102
945 27.23933934192005
946 28.035909746873653
947 27.338635392377405
948 27.370449173029737
949 27.62005063792036
950 29.93413219444833
951 30.34677188431294
952 29.988320591234306
953 27.47873844665901
954 30.345886508678486
955 29.04870667174355
956 27.438301536166733
957 29.967794886416197
958 24.98238404502874
959 28.593400421443484
960 25.317486541645277
961 23.09027446539133
962 23.459284940507676
963 23.426781936143225
964 25.910133311593743
965 22.877956705590584
966 23.353632455984098
967 22.559305572544094
968 23.584961366021446
969 23.201674332120117
970 24.986601810008942
971 20.855382502654592
972 22.22676562520685
973 21.948370917934884
974 22.61737663308812
975 20.30157633053483
976 20.6719949713905
977 24.267452872665032
978 22.55382845130074
979 23.36859689781385
980 21.20967485661554
981 24.061624461104028
982 24.51444194671348
983 21.269118727293755
984 21.47756895363129
985 21.047247914741032
986 19.929012721616726
987 22.38203202023388
988 21.630357289725577
989 19.895037989807825
990 20.317764747184192
991 18.864516851940294
992 24.902895488099073
993 19.57883905672695
994 20.116622145993517
995 18.09757587073917
996 21.69427784006435
997 22.16807186212944
998 21.327599836801554
999 20.481554657893096
1000 20.131039350258824
1001 21.76955368635884
1002 20.262988611825406
1003 23.438802136094033
1004 21.177188113999357
1005 22.390356470484587
1006 22.549089759032267
1007 22.661240718440073
1008 24.435799348830404
1009 22.44470821871722
1010 22.92888316975306
1011 25.666291806924693
1012 23.56182746001201
1013 23.439224537336045
1014 20.699580541297134
1015 21.989857408184896
1016 19.29405609499005
1017 19.82326149236161
1018 23.32938669913529
1019 22.736051212151978
1020 26.133648387390696
1021 20.873788190377727
1022 19.453256600491475
1023 24.347872464489953
1024 23.599042584994834
1025 23.62932886847351
1026 25.248236022881958
1027 22.614794725780826
1028 21.799716336006583
1029 16.853615636292723
1030 19.582037964416603
1031 17.924445344077288
1032 17.45305177730883
1033 18.122513449371894
1034 17.96806278021066
1035 20.460661510466675
1036 19.388196731457406
1037 15.30730252363268
1038 15.515905822118306
1039 13.515724303683374
1040 12.707956587481185
1041 15.511768655190506
1042 17.77333130265371
1043 16.381383251853702
1044 14.305176584436655
1045 16.058698840942274
1046 16.70430197450922
1047 12.809527913670353
1048 11.74381872622975
1049 9.8140086295494
1050 8.54623575166932
1051 9.9231706411406
1052 11.97939684730234
1053 10.757537568612932
1054 10.967307282201057
1055 9.945760585880118
1056 10.972760798845147
1057 12.603206259430594
1058 9.091276807680071
1059 9.125889092596273
1060 10.111251999923075
1061 10.52532531279079
1062 10.62724957472915
1063 8.852862318717529
1064 9.563215636044365
1065 9.730208255310114
1066 9.619325630281285
1067 11.45662346420656
1068 10.532758949876913
1069 11.285291428566696
1070 12.2086492403345
1071 9.880268620079692
1072 11.15914669568897
1073 10.38901378750244
1074 9.588210354865897
1075 11.126258334820637
1076 10.832895546866041
1077 7.911404217819796
1078 7.53610343645152
1079 7.947062259706989
1080 9.426670982797647
1081 9.453068184553326
1082 7.672592220018377
1083 9.530701960025734
1084 8.407679232019536
1085 9.74419674455362
1086 9.31802577692033
1087 6.938383747511443
1088 9.214463537853293
1089 6.918904206736042
1090 10.815807005342252
1091 11.657016689058844
1092 10.6959463301363
1093 9.04642056049134
1094 14.296800785380688
1095 10.626701891500698
1096 12.750152571899118
1097 9.848506699352532
1098 10.856257557816356
1099 10.873477383857624
1100 10.595809646930869
1101 10.785484025235965
1102 9.29235327702661
1103 7.928435234403631
1104 9.43289324343413
1105 8.994887492404088
1106 7.753212171196853
1107 9.036722484273799
1108 9.617851550364952
1109 9.140007114700245
1110 10.750727304955461
1111 9.262903565711701
1112 8.487663681143555
1113 8.400642945799433
1114 8.724821506720376
1115 7.166326880572243
1116 8.895533264716768
1117 9.068609138599
1118 7.707770083260836
1119 7.779309981867774
1120 8.769015363271174
1121 8.665237352189058
1122 8.739483476125148
1123 8.42465272399866
1124 8.905671140043879
1125 8.969326398686635
1126 10.051826463063938
1127 9.177808242981436
1128 9.648498912301795
1129 8.324102946296577
1130 9.495906459776338
1131 9.887206466237748
1132 8.539540935214093
1133 8.589120354517815
1134 8.876385024279768
1135 8.626796993508005
1136 9.397349356756735
1137 9.421374420522875
1138 9.345591603468899
1139 10.275180596541496
1140 10.067402555621598
1141 8.848070580375733
1142 9.778763550061734
1143 9.368911475319472
1144 9.794812586396379
1145 10.387158693734742
1146 9.245560573504166
1147 9.081063187154262
1148 10.208012071674508
1149 9.184860211235078
1150 12.833799685981253
1151 13.945795167702165
1152 14.743030449256295
1153 15.244495564964337
1154 14.351159482415307
1155 11.631507416088748
1156 8.700500887603802
1157 14.29231733775674
1158 12.266150683775487
1159 11.8944976625603
1160 11.81512815518377
1161 10.85063210266166
1162 14.602659415362046
1163 19.149981139530457
1164 15.801649936962331
1165 18.084828398728227
1166 20.158937120427165
1167 15.284329031014009
1168 15.333801390502375
1169 15.86672220004703
1170 16.161819298710192
1171 12.216012102220086
1172 10.925868021336658
1173 12.291695099927308
1174 10.396526256109357
1175 12.2034622936494
1176 10.478478392006476
1177 10.670306653279951
1178 11.115026067995492
1179 9.425335703574657
1180 10.972611627438482
1181 14.072271688172604
1182 11.04678135879413
1183 15.462022042242644
1184 12.754694580165962
1185 13.076410503915755
1186 12.737865149661209
1187 14.421384785126053
1188 12.082188958795838
1189 13.371008077778722
1190 11.60955796943826
1191 12.950268140750813
1192 10.744603896688895
1193 11.51391498404917
1194 16.151895746134414
1195 14.868795818116382
1196 8.218163122540103
1197 4.803771864137248
1198 7.951732386096878
1199 8.90373620902683
1200 10.9993437345862
1201 11.141432104883622
1202 11.319242629877628
1203 7.698111470173701
1204 11.177182744215918
1205 11.554016353481973
1206 12.084685274133168
1207 10.336414847638089
1208 8.780073115625848
1209 11.21303806370701
1210 10.483065426491407
1211 10.67628430083255
1212 10.378268119527293
1213 8.633676205734021
1214 13.507833880435145
1215 13.571073699394182
1216 16.752423842599672
1217 16.468227642703805
1218 15.82281415627832
1219 11.075987015674727
1220 9.464599353917734
1221 10.386101300649973
1222 9.094276976791086
1223 8.630136092739306
1224 9.386599231481407
1225 9.929814708476284
1226 8.656831273760424
1227 10.513203337051666
1228 6.810083545054991
1229 10.250521673559302
1230 8.868324328799261
1231 11.460716931621544
1232 10.168243507308484
1233 9.924456020719383
1234 10.360870334786453
1235 10.412160198699139
1236 9.514864844818613
1237 8.852515266189743
1238 10.104427548012422
1239 11.552892817753898
1240 11.183031507656578
1241 10.776304126246785
1242 8.365940273541812
1243 10.258563041225596
1244 10.497434852292802
1245 11.320008638804037
1246 10.837319937895767
1247 11.253681138332809
1248 11.38185411999999
1249 11.822298727537984
1250 11.569121277334744
1251 11.41471314305904
1252 10.075948479852004
1253 10.809357823119438
1254 10.33919382202962
1255 8.626884605548616
1256 7.921955409884722
1257 11.093074703535418
1258 11.615531235174107
1259 12.509861471993524
1260 11.618575236943014
1261 11.308668645855782
1262 11.91379385301656
1263 12.08112874902893
1264 11.703452484550462
1265 12.807784512763464
1266 11.829011010943024
1267 11.587480120696034
1268 11.649022651642193
1269 11.879027527397298
1270 12.051872232195999
1271 12.234003493334285
1272 11.309559739547327
1273 11.703085647986443
1274 11.965323551330304
1275 10.572101759106987
1276 11.026837750192103
1277 12.640759360465053
1278 12.280823313920742
1279 11.567107212646892
1280 12.674038874375967
1281 12.1410010070638
1282 12.468861025913256
1283 12.336373309635558
1284 13.155054475679503
1285 11.395211240878824
1286 11.84285221129342
1287 11.112608256685041
1288 12.047411233860716
1289 11.4295250898311
1290 10.601402533682958
1291 11.184228477764277
1292 11.12233479249637
1293 10.585942992537037
1294 10.72447592298271
1295 10.81625605174367
1296 10.916899544025148
1297 11.046479360099216
1298 10.607460776748987
1299 11.414194275158247
1300 11.735296464842921
1301 11.208985484325705
1302 11.666951062107252
1303 10.670931533507943
1304 10.75626998362253
1305 11.530753710844264
1306 11.383246117329708
1307 11.244207278103486
1308 11.35284540050463
1309 11.152592966308186
1310 11.492524581130576
1311 11.526719267136302
1312 11.25422476337071
1313 11.927422506977345
1314 10.691157883973661
1315 10.144890893432585
1316 11.357265289252789
1317 10.168053025160047
1318 11.340375166312189
1319 10.905959373858181
1320 11.827626848851066
1321 11.188396353607798
1322 12.102703630974656
1323 11.557384080152328
1324 11.54624728345588
1325 12.215745106043029
1326 11.23780888810018
1327 11.11683856551777
1328 11.071177900551753
1329 10.81863448462232
1330 11.52034781162826
1331 9.916217266776513
1332 10.973982242188082
1333 11.345110128919334
1334 12.579236909439489
1335 11.504338763888102
1336 10.63024277848654
1337 11.695808008276108
1338 12.139640831072763
1339 12.85675059259709
1340 13.122508789164266
1341 12.425563260304203
1342 12.895385897761948
1343 12.352656539176806
1344 11.605925094765809
1345 12.637670686412967
1346 12.310396493808662
1347 11.908436132360045
1348 12.599846305153465
1349 12.774642004325392
1350 12.599073203743155
1351 14.213921513927831
1352 13.826187025823122
1353 14.603762421640095
1354 13.582023418007203
1355 13.995222762592046
1356 14.553495776996696
1357 13.602656867804852
1358 13.871083085970032
1359 14.534506731094208
1360 12.120483316098195
1361 13.636326363109834
1362 13.80653282661583
1363 14.78729731545848
1364 12.816457051038205
1365 14.62303585735799
1366 14.920328047678044
1367 14.615725313266237
1368 14.1506901844613
1369 15.137786430749571
1370 14.048274311886164
1371 14.215384067389566
1372 12.760507994977795
1373 12.858525585294645
1374 13.34727272687699
1375 12.988632557867632
1376 13.766738748864407
1377 14.25799945430964
1378 13.649183240664282
1379 13.785686687406056
1380 14.073601516442617
1381 13.065274186936529
1382 13.052862574538585
1383 13.7713812684505
1384 12.995504259848788
1385 13.10046811381406
1386 13.383997606574612
1387 11.269625315966897
1388 10.9777580154133
1389 11.488446293787682
1390 11.684938591343576
1391 12.32769693397458
1392 13.040882231526883
1393 13.562315833688972
1394 11.316947767614275
1395 13.381198367181993
1396 11.422621171844343
1397 10.75978988506185
1398 12.237269598221237
1399 12.165867888276487
1400 13.228843283629423
1401 13.542674341066109
1402 12.981653586862933
1403 12.60574564585536
1404 11.879736746495373
1405 11.86353731266418
1406 13.652875511820517
1407 13.26850819910609
1408 14.005026162562649
1409 14.333511915032288
1410 14.405757448836097
1411 14.645831166781218
1412 14.381425895084138
1413 14.308524963310877
1414 15.655920680657074
1415 14.839298131032727
1416 13.98403940059772
1417 14.83297292701587
1418 14.449829528014686
1419 14.862859623619658
1420 14.698037386249277
1421 14.660365555596462
1422 15.073814244338879
1423 13.482083407743215
1424 13.695352278068203
1425 13.8958155924371
1426 13.763949183143993
1427 12.78426343888856
1428 13.033212402710763
1429 12.801364625429786
1430 14.084328212785069
1431 12.504245527555177
1432 12.935341618958986
1433 13.354216283085714
1434 12.761299367898017
1435 12.510134512156858
1436 13.056858186529269
1437 12.811742648582726
1438 12.88473633123312
1439 13.159765839914405
1440 12.832979709763695
1441 13.279761755140006
1442 12.665219637069457
1443 13.530085765294073
1444 11.812652918493544
1445 12.112346090152435
1446 11.906174794903592
1447 13.028268963350847
1448 12.138665863841315
1449 13.214860571172045
1450 12.540180943111796
1451 13.402492758095221
1452 12.995346663441374
1453 12.834987456164319
1454 12.768063320740506
1455 12.796340461809397
1456 12.647444114164117
1457 12.464031045826577
1458 12.517539468608463
1459 13.55972350241114
1460 12.858286146698669
1461 12.870174127927733
1462 13.414887121455871
1463 14.392996452007795
1464 14.017318210721246
1465 14.144522148037774
1466 14.3850686935047
1467 14.723827190279913
1468 13.735163349392948
1469 14.241056267321555
1470 14.728877355987716
1471 14.323636949172569
1472 13.903230116108807
1473 14.284701142731402
1474 12.772135564925865
1475 13.167444693424791
1476 12.672263595356496
1477 12.56344422878952
1478 10.940827257725768
1479 10.72638977671105
1480 10.945056719470218
1481 11.2512376542257
1482 11.805772566569877
1483 11.78000507231791
1484 11.75139391003367
1485 11.841483735669197
1486 11.826636940950182
1487 11.471626790962803
1488 11.20298031731404
1489 10.695650621255133
1490 10.797072190618785
1491 11.472913750649608
1492 10.871366964192905
1493 11.51900391086999
1494 11.634062665260974
1495 11.233760172431356
1496 12.632633919520348
1497 11.583306016224471
1498 11.792544774128272
1499 11.989542997817006
1500 11.508056698964515
1501 11.844496712579689
1502 12.407164822077274
1503 10.060346088108412
1504 13.291940369533851
1505 12.711525762115643
1506 12.299212183402108
1507 13.42274593759973
1508 13.187561229054173
1509 13.064728697025048
1510 13.306130011394716
1511 13.4009765602808
1512 13.138161846009197
1513 13.356223606625202
1514 12.840681336708915
1515 13.183258198624712
1516 13.13697967428099
1517 13.199855497207178
1518 12.883242967125764
1519 12.999306651244963
1520 12.813055087418713
1521 13.559612658660003
1522 12.683390296024712
1523 12.269133058746409
1524 12.586321732138375
1525 12.274259746287807
1526 12.431420569416405
1527 12.38845656035955
1528 12.868725637849764
1529 12.645485932417015
1530 12.963355778814478
1531 14.134351343173206
1532 13.416059811219691
1533 12.309793788757979
1534 12.900258269572248
1535 12.637150688559199
1536 12.971535749137903
1537 12.189704752127962
1538 12.009462572156053
1539 12.179990584584768
1540 12.048563914095356
1541 13.23842327064683
1542 12.188360864787176
1543 12.078409607766535
1544 11.565314972346613
1545 12.314320452178306
1546 12.057890094773168
1547 11.607309112195368
1548 11.381489259386807
1549 12.661924281389096
1550 11.33078530885764
1551 11.509674374360431
1552 11.195934087472693
1553 11.15236415928825
1554 12.030475135483691
1555 11.710828469905332
1556 12.130969479557653
1557 10.93247601147791
1558 10.840195186307724
1559 12.71620177559614
1560 12.068176315576272
1561 11.104887523746303
1562 12.001927549689675
1563 12.358464800728255
1564 12.094874903272027
1565 10.848066772651729
1566 11.312661382886324
1567 11.945041965688668
1568 10.522253382090224
1569 10.669778453031325
1570 11.651147674812375
1571 11.633873015324868
1572 11.453389359346806
1573 11.386082239527369
1574 10.938668932654936
1575 10.909976982281545
1576 11.519425883695968
1577 12.159557265704713
1578 11.704009939152716
1579 11.938558549119213
1580 11.963701171266983
1581 11.78293027057334
1582 11.23421887672663
1583 11.441445966185759
1584 11.243358682861517
1585 11.314854938084794
1586 11.566904699782455
1587 11.08471142591075
1588 11.558627295385978
1589 12.117456422816222
1590 11.25938212635714
1591 11.37218875434902
1592 11.481850093937007
1593 12.087538316132276
1594 12.766013737794902
1595 11.970559302504435
1596 12.559326674281328
1597 12.325719537870365
1598 13.4214804854091
1599 12.208750589542626
1600 12.209417641863691
1601 12.286791554271629
1602 11.877979225256546
1603 12.009596247563165
1604 11.875432388764612
1605 11.606114589579114
1606 11.899343478005607
1607 11.98643021816783
1608 11.951695642748664
1609 12.022823828585233
1610 11.904266459213325
1611 12.560571632255103
1612 11.5036391562326
1613 11.601182464909119
1614 11.390747861620294
1615 12.001778407878213
1616 11.969851799402369
1617 12.143937190900242
1618 11.209038596534063
1619 11.633028645049967
1620 12.149240405167323
1621 12.920705643038401
1622 11.772227597040327
1623 11.176021451280977
1624 11.27926293589455
1625 11.783779558668805
1626 11.789388518521834
1627 11.799266795252501
1628 11.9211207810207
1629 12.189451886907674
1630 11.364610628909473
1631 11.30036372695027
1632 12.129862073098666
1633 12.31281459652025
1634 11.762711052359645
1635 12.754019187862875
1636 11.55571468313918
1637 12.441194495970237
1638 12.07339798726097
1639 12.325080671131746
1640 11.746861866409464
1641 11.242224630829348
1642 12.328863919928013
1643 11.140763068030276
1644 11.515525816599833
1645 11.314901521114848
1646 11.062782657854697
1647 11.073502583215117
1648 11.65260844480013
1649 11.037350256867892
1650 11.6187556573929
1651 11.141354637448275
1652 11.265885283677992
1653 10.955065735029468
1654 12.478649456605082
1655 12.63084712325103
1656 12.407283467071654
1657 12.367788841527398
1658 11.709132681570473
1659 11.801029784449682
1660 12.407857131692902
1661 11.52484032596226
1662 11.621769856514394
1663 11.863090635302262
1664 11.842376346021357
1665 12.068987230419625
1666 11.721214690813012
1667 11.702561379813842
1668 11.99024383539131
1669 11.514134456092366
1670 11.715963720783295
1671 12.254293097751965
1672 12.291266635715765
1673 12.120389609921453
1674 12.10894395805662
1675 11.780483874760534
1676 12.04845232028707
1677 11.833223525351011
1678 11.253337595933367
1679 11.86621994209256
1680 11.909946728645137
1681 11.685947648725303
1682 11.924917602512606
1683 11.270904996502425
1684 11.773681753892363
1685 11.892275141192414
1686 11.967324853193734
1687 11.855838701498893
1688 11.47351431556882
1689 11.75350389793718
1690 11.422591996138692
1691 11.94190495667225
1692 11.7459143274377
1693 12.444395763770192
1694 11.476966321368057
1695 11.700045639733172
1696 11.371744895720925
1697 12.394724133043988
1698 11.172378969730621
1699 12.070707498721147
1700 11.951848220209063
1701 12.166986108310894
1702 11.838200917618112
1703 12.025551012519639
1704 12.404548547503488
1705 11.26964563105568
1706 11.57173094334618
1707 12.377689625634195
1708 12.725575635683072
1709 12.700210768387475
1710 13.235405900393559
1711 11.860841629118896
1712 12.19677915087851
1713 11.55691006161364
1714 12.598598536528305
1715 13.427439482901889
1716 12.538978403390058
1717 11.90909685363573
1718 11.695239255758079
1719 10.379690452921734
1720 12.575552336741199
1721 11.128622179461022
1722 11.938928581743848
1723 12.160358789697309
1724 11.644529758852176
1725 11.373901771334172
1726 11.649012983825582
1727 11.491005221921323
1728 11.447354711616104
1729 11.044783980406818
1730 11.458753635480036
1731 11.726211775314518
1732 11.518894834492508
1733 11.505985323655821
1734 11.324892305449092
1735 12.079090332747073
1736 11.217340169321826
1737 10.37536879977949
1738 11.166977409877703
1739 12.472225268183667
1740 10.794207639888445
1741 10.886046817612856
1742 11.670889367321998
1743 11.185656582725503
1744 11.328653585258625
1745 11.4239427158637
1746 11.497918091050112
1747 10.815647034433647
1748 11.553574381248369
1749 11.507224059176881
1750 11.767328903484481
1751 11.397563367612197
1752 11.270540997065337
1753 12.010510479308843
1754 11.741155287845741
1755 11.505835409724716
1756 11.693712203357116
1757 11.897361423739515
1758 11.431676272998326
1759 11.213341360927465
1760 11.797275620074615
1761 12.004069110220618
1762 11.860250821349883
1763 11.64082090295019
1764 11.38553048346879
1765 11.583852330023815
1766 11.790445230507007
1767 11.706696820177918
1768 11.5874319134055
1769 11.014093414554711
1770 11.94161708054054
1771 12.08576068218766
1772 11.488652158855388
1773 11.230296295959182
1774 12.189967892412401
1775 11.934127140738958
1776 12.452756096154939
1777 13.024619288059162
1778 11.895946473048241
1779 11.18985437941419
1780 12.194239905437582
1781 11.738621169683107
1782 12.175360976114558
1783 13.112731875338843
1784 12.818964654357943
1785 11.62882203563054
1786 13.508009162555435
1787 11.871329495182476
1788 12.232904768905371
1789 12.152744061519682
1790 11.978317416177989
1791 12.035378613290773
1792 11.804718988707721
1793 12.828745151085734
1794 12.618064806599328
1795 12.590167901196029
1796 12.699267668869307
1797 13.501157628532797
1798 13.844944953520335
1799 13.465639856141502
1800 13.211558924831873
1801 13.693918251414527
1802 13.829462132840645
1803 13.623643316020678
1804 13.274686214439287
1805 14.003188713094506
1806 13.31548462275669
1807 13.142715505162807
1808 13.201042163976991
1809 13.817200991972957
1810 13.544421462122571
1811 13.49940330588307
1812 14.018649100769153
1813 14.18653797846815
1814 13.191832345825404
1815 13.892311156306796
1816 13.515853287677258
1817 13.376456366311626
1818 13.150423986413458
1819 13.354918128433743
1820 13.05455189082398
1821 13.05645643720635
1822 12.868807802031283
1823 12.570743968620485
1824 12.253507367444353
1825 12.530956923043323
1826 12.658188602977198
1827 12.110610796449349
1828 12.05547429471984
1829 12.605578391679062
1830 12.35565248700149
1831 12.876043383712814
1832 12.061362683946877
1833 12.287822798100358
1834 10.63781965094255
1835 11.121643756638855
1836 11.75391111262822
1837 11.85353280051674
1838 12.23764989145326
1839 12.270839982633506
1840 12.036422164500902
1841 12.396517234419216
1842 12.518794038725176
1843 11.503884913898029
1844 11.872402785019954
1845 12.016205215616857
1846 11.039879544679943
1847 11.895425966390507
1848 11.605542654543777
1849 11.210196848088339
1850 11.693634938280528
1851 11.028210762905209
1852 11.382196453497144
1853 11.804206019923397
1854 11.796958240348479
1855 11.088420384068723
1856 11.259560331769304
1857 10.608009818235697
1858 11.710055159744856
1859 11.398336964897126
1860 10.636184061886455
1861 12.154113759696767
1862 11.603395620382205
1863 11.652353201603397
1864 12.620233431318617
1865 12.350284266241722
1866 11.931953033053409
1867 12.515048146966963
1868 12.162600088717008
1869 11.977242442508587
1870 11.847384418250742
1871 12.006584180909975
1872 11.960833989541648
1873 11.125122552570096
1874 12.261452015248297
1875 12.131607624771279
1876 12.043322702365698
1877 12.88096276322367
1878 13.093494971135248
1879 13.14402414460094
1880 13.433287435852884
1881 13.464871023688861
1882 12.653923247736257
1883 13.142210722684844
1884 12.819265307890621
1885 12.623889477347188
1886 13.019713347895802
1887 13.53773334057717
1888 12.894101616878496
1889 13.53237902683454
1890 12.681898661803764
1891 12.771122342753
1892 13.18713144855553
1893 12.696994742391224
1894 13.063200283777855
1895 12.821229570911095
1896 13.216005023523678
1897 12.841957677464006
1898 12.350738465011446
1899 12.885309565551957
1900 12.76348749030002
1901 12.785125906649325
1902 12.746130695195035
1903 12.166065636815999
1904 13.323687608857263
1905 12.721388455673646
1906 13.000657497974778
1907 13.175861216821207
1908 13.216228062078573
1909 12.845821297636672
1910 13.455354832877065
1911 12.814225066798926
1912 12.402820775773838
1913 13.022911522191967
1914 12.616808865134628
1915 12.749134154779647
1916 12.89049498573306
1917 12.622396456316386
1918 13.266342118082672
1919 13.400852526750226
1920 13.421827547847544
1921 13.279104701510667
1922 13.228992029434547
1923 13.71356594842454
1924 13.455808810476897
1925 13.399231899054644
1926 13.488273433425977
1927 13.003344152414709
1928 12.669445073380693
1929 12.835808488848285
1930 12.374629117090066
1931 13.247595581009612
1932 12.799832194898613
1933 12.758607811691155
1934 12.46825068148974
1935 12.980978950064985
1936 12.723474138852213
1937 12.63155256996561
1938 13.205676829258472
1939 13.058175869680504
1940 12.880960946344285
1941 12.336930771768314
1942 11.72980451116933
1943 11.819651937250542
1944 12.400718404757177
1945 12.096008468036729
1946 12.831914923549366
1947 12.64614656474716
1948 12.036490838425737
1949 12.510683107212522
1950 12.423212209073165
1951 12.76204423852734
1952 12.653744001638154
1953 12.461453424983489
1954 12.75988402036051
1955 12.369450080016426
1956 12.46738785917795
1957 11.627478774813003
1958 12.115954772130687
1959 12.286306206371112
1960 11.98651724953388
1961 12.538974417891621
1962 12.384703082830876
1963 11.966861532160316
1964 12.212665973520942
1965 11.771825192619353
1966 13.371468298213149
1967 13.021418679059362
1968 12.127905706016133
1969 12.602753722687021
1970 12.288232843969682
1971 13.102001486665518
1972 13.176084873598645
1973 12.766515102818671
1974 14.313794183927573
1975 14.689980027750963
1976 13.934002004310765
1977 14.714918804354665
1978 14.985165569320586
1979 15.338065498705026
1980 13.44124540019825
1981 12.7772555810608
1982 12.705006412896376
1983 12.840795863494806
1984 11.405445054070796
1985 11.986343062500934
1986 12.855757555370662
1987 11.713533875977575
1988 11.559050887457607
1989 12.33584693948892
1990 11.095394153179276
1991 12.113818606325182
1992 10.920251157271341
1993 11.47542246188816
1994 10.55871302594189
1995 11.889381197395537
1996 11.812780086366285
1997 11.748951963914953
1998 11.043031475464637
1999 11.568611534909243
2000 11.122457787847651
2001 10.955631432767268
2002 12.039821967907548
2003 12.373577660218963
2004 12.085867725391237
2005 11.991834324375288
2006 11.976010371071942
2007 13.987441166514918
2008 13.172750165719
2009 12.231831552412066
2010 12.343818158808292
2011 13.38902053886157
2012 12.896350373423893
2013 12.6202570833742
2014 13.077280664401858
2015 13.125103446278358
2016 12.75914239662256
2017 12.128748764138862
2018 12.919129812330505
2019 12.873966689695779
2020 12.711299513828445
2021 12.473643228329163
2022 13.091421892241653
2023 12.720518453342345
2024 12.863464470563082
2025 12.642783973469102
2026 12.766389736934933
2027 12.715487605150427
2028 12.799706178094878
2029 13.221984380666013
2030 12.65858181788739
2031 11.27051980337256
2032 11.984953937211445
2033 11.434114474235862
2034 12.68162519382956
2035 12.201626429973949
2036 12.53447694549311
2037 12.426553997348446
2038 12.38399092480675
2039 12.710488322892811
2040 12.206726763769321
2041 12.501706590900307
2042 12.373620865362492
2043 12.298480555959067
2044 12.702406413940002
2045 11.951987014355721
2046 12.10084538531925
2047 11.3879369830358
2048 12.595544101644212
2049 12.207441779972537
2050 12.161413993503567
2051 12.004996068876588
2052 11.763478711460786
2053 12.188723292099779
2054 12.46436062797785
2055 12.730870541565311
2056 12.349604772135793
2057 12.747310816306207
2058 12.733172437469145
2059 12.861856189271972
2060 13.504715978920027
2061 12.48232183744062
2062 12.702748998056025
2063 12.33292650315508
2064 11.868240786177292
2065 11.581036322676297
2066 11.764530188004484
2067 12.298526003466634
2068 11.751710641949902
2069 12.36144472863626
2070 12.00515394703983
2071 11.407344041538163
2072 11.337221000090304
2073 11.370568447481343
2074 10.487525224512721
2075 11.234095245862596
2076 10.665566660318007
2077 10.675216261236056
2078 10.33183060075288
2079 10.415609768927702
2080 10.935067670883557
2081 11.98688256315383
2082 11.725413645722826
2083 12.646848396973516
2084 12.305160675922806
2085 12.025526776932894
2086 11.747662411895504
2087 11.93126839980042
2088 12.247959185201914
2089 11.450802663731846
2090 11.4380101218627
2091 11.769898182796034
2092 12.140932002107917
2093 13.032024876614065
2094 11.873078067771296
2095 11.079735241423023
2096 11.40130944371151
2097 11.025706857942307
2098 12.151421551216634
2099 12.420951442554703
2100 11.478557830036914
2101 11.832933510861348
2102 12.367028423487941
2103 12.182164189035669
2104 12.327139129279503
2105 12.170079669614829
2106 11.646764265622682
2107 12.239868448772476
2108 12.34036723760666
2109 12.920212784016103
2110 11.76640336239703
2111 12.25435964156202
2112 12.479822040536522
2113 11.95868097782516
2114 12.039737539254713
2115 12.776273591522914
2116 11.660205472772708
2117 13.004769357811556
2118 12.616576147571351
2119 11.919141820891966
2120 11.043124354034374
2121 12.016589827364207
2122 10.903301634775318
2123 11.04481795727871
2124 10.652304092540241
2125 12.298890394823788
2126 10.725155256244582
2127 10.725315020298487
2128 11.723968952713218
2129 11.06925559858976
2130 13.213219496788692
2131 12.9725807600025
2132 12.143758179525028
2133 10.943231827910415
2134 9.816391933190477
2135 11.323189283447762
2136 11.556563089938608
2137 11.288698732524603
2138 10.899311850148377
2139 11.451804783540794
2140 11.799776452877206
2141 11.661923179240157
2142 11.083992700576937
2143 11.377887675138957
2144 11.804620435043459
2145 11.852330598875923
2146 11.717550087791205
2147 12.380517825883588
2148 12.320648876852957
2149 12.944962239836794
2150 12.516995975992208
2151 12.20499742432209
2152 11.759228361208383
2153 11.756876056460069
2154 12.017776821212445
2155 12.00606848598828
2156 11.309710242274583
2157 12.008486444803433
2158 11.811946004352095
2159 12.64207665918983
2160 11.284969766735625
2161 12.379500266178045
2162 12.581119955580323
2163 11.928035640361632
2164 12.411580595299945
2165 12.189679135623656
2166 11.991582704112735
2167 12.492910177733668
2168 11.223995317319556
2169 12.39472845718209
2170 12.500101175618214
2171 12.518455269798594
2172 12.285167147378402
2173 12.32468849219613
2174 12.37832273162326
2175 12.194453177681371
2176 12.25777816877109
2177 12.014252654863235
2178 12.549135588163821
2179 12.151723061913406
2180 11.567750444838648
2181 11.2690964922406
2182 12.494376604299704
2183 11.449603380957308
2184 11.094286560804907
2185 10.463333637310969
2186 10.764911992218828
2187 11.456896229867287
2188 11.132362547174504
2189 11.687374399026755
2190 10.870587776670517
2191 11.456494146815622
2192 12.347885104271539
2193 11.040936610947595
2194 10.506277092315942
2195 12.376297985955945
2196 11.446871400477626
2197 10.983277156365554
2198 10.824568437255694
2199 12.201378052605945
2200 10.768567217462541
2201 11.764294338894473
2202 11.91743511818877
2203 10.871909396688336
2204 12.183346038382249
2205 11.525064732965008
2206 10.826584676926698
2207 11.722191200997855
2208 11.014158374774649
2209 11.293995649343334
2210 11.355652250828184
2211 11.810019954888949
2212 12.40971140881113
2213 12.738002590101598
2214 11.926263201781675
2215 11.917003819690231
2216 10.975173210709835
2217 11.722231488967527
2218 11.307058223823619
2219 11.06083639297096
2220 10.787281965511447
2221 10.917206508573084
2222 11.506356579688514
2223 10.309955244737022
2224 11.595161651892807
2225 11.317490716103997
2226 11.389022773707406
2227 11.515496416742641
2228 11.14026493353873
2229 11.875263766924789
2230 10.868957697810647
2231 11.224817047736208
2232 12.45178998956064
2233 11.220718806561267
2234 13.01596871427751
2235 12.787114052773966
2236 11.612628675719453
2237 11.35133172135103
2238 11.234664654075855
2239 10.968015394099814
2240 11.981763987835908
2241 11.335027440210343
2242 12.576129500701448
2243 12.251412433770948
2244 10.663679327695373
2245 11.010161895255335
2246 10.884504613647781
2247 11.59563109923938
2248 10.9416933914488
2249 11.200096655298333
2250 11.407954047586413
2251 11.101462337841577
2252 11.30197501600955
2253 11.095739933629423
2254 11.170445502749569
2255 12.29669847606579
2256 13.676048560522716
2257 13.410381196798514
2258 13.168985241239607
2259 13.396715532114461
2260 12.731856105787289
2261 13.655819557877633
2262 12.649979882025297
2263 12.839114972092393
2264 13.333567310406059
2265 13.572264161214404
2266 13.24699379694848
2267 13.247606823420371
2268 13.273841869290143
2269 13.275941620156813
2270 13.699170056173925
2271 13.106698739086811
2272 13.401107836804762
2273 13.25265799134116
2274 12.82488023823245
2275 12.454039771922544
2276 13.155189347508559
2277 12.324100101450238
2278 12.677785917114765
2279 12.266907971380618
2280 12.928938278898878
2281 12.59760916125152
2282 12.002762747693067
2283 12.338459574666393
2284 12.518343801919222
2285 12.268792476104649
2286 12.432724322551188
2287 13.461118393414036
2288 13.115269560761824
2289 13.98775809636899
2290 13.558767765232423
2291 13.921592427732232
2292 13.442054399083297
2293 13.254213301294786
2294 12.819388502418901
2295 14.259047185356964
2296 13.153052973911004
2297 13.69197407078696
2298 13.645704777607246
2299 13.205226856667943
2300 13.261680363993595
2301 13.33780053429628
2302 13.464997416489854
2303 13.923080160774854
2304 13.20244020852714
2305 13.005823657782813
2306 13.507081371306557
2307 13.419497378356418
2308 13.163206595879968
2309 13.164574788577838
2310 13.386581016082298
2311 13.210697696635789
2312 12.857522579962888
2313 12.854233407872625
2314 12.60340913992167
2315 13.030256205437032
2316 13.826738903319885
2317 14.985329524718065
2318 14.347426679350635
2319 13.037559292448934
2320 13.546977062899847
2321 13.320578142971504
2322 12.973890895476284
2323 12.754171918774013
2324 12.642923903722005
2325 13.07180581446725
2326 13.595222334397313
2327 12.61802029493411
2328 13.436330004595028
2329 13.983982042862477
2330 13.528364530344078
2331 12.532533493076262
2332 12.960931019722299
2333 12.809274429749397
2334 13.259883677691608
2335 12.835153385167407
2336 13.481100990659552
2337 12.796885689242995
2338 12.935908352428687
2339 14.307814065625251
2340 15.866166990432305
2341 13.614190977159497
2342 13.101310552840287
2343 12.805246062979661
2344 13.025558850739424
2345 12.562919923727131
2346 11.01733425735151
2347 10.941229826936706
2348 11.57679117977476
2349 12.134485789039516
2350 13.156978303751501
2351 11.925821800466995
2352 12.380957023288225
2353 11.671193331236264
2354 12.266400998045393
2355 11.998339787460958
2356 11.296600122679553
2357 11.50203608312976
2358 11.089835849715396
2359 11.157381492362443
2360 11.227576586833163
2361 11.124101278081204
2362 12.067886384163367
2363 11.53691849395623
2364 12.3535106227793
2365 11.691210654218464
2366 11.711524314997797
2367 11.731938912360032
2368 12.200874775089499
2369 11.10227795405347
2370 11.441714596479175
2371 11.624477993113317
2372 10.869701229928175
2373 11.3202509466091
2374 11.18228180094185
2375 11.317674768986853
2376 10.948316401270269
2377 11.687608819695983
2378 10.964568899702053
2379 11.158797668718522
2380 10.697167253949168
2381 11.25429157306932
2382 11.539642073573308
2383 11.291070717114112
2384 12.83180232535875
2385 11.127273187977906
2386 11.588137579405918
2387 11.431411798683646
2388 11.68257300111077
2389 10.994158653555743
2390 11.431366470371085
2391 11.205257171582188
2392 11.063345338687018
2393 11.819208002426473
2394 11.15972896041896
2395 10.97780234796644
2396 11.153824738986321
2397 10.721662447973221
2398 10.983309039547327
2399 11.864308701099432
2400 11.560894037278143
2401 11.529046784607985
2402 11.214064615592628
2403 11.5839908556466
2404 11.009000954409874
2405 10.873146036604195
2406 10.787856572948991
2407 11.328258287606156
2408 10.80674694761774
2409 11.13451677388324
2410 10.846067075878677
2411 10.981883490106066
2412 12.03576301618876
2413 10.709677108899207
2414 11.015648407279249
2415 11.56326523096751
2416 11.14713465774539
2417 10.511008756086497
2418 11.510905870971257
2419 11.263823186273406
2420 11.259976981430468
2421 12.471208107313378
2422 11.138664161061635
2423 11.154323046846585
2424 10.973547859838979
2425 10.727043057349794
2426 10.55988824033888
2427 10.926007866712864
2428 11.30060772219384
2429 10.258318187893797
2430 11.505297316750102
2431 11.736478467273201
2432 12.368527919601775
2433 12.989903646442361
2434 12.367575625504825
2435 12.298775109313418
2436 11.3373158246891
2437 11.133852921299363
2438 11.777515860450746
2439 12.421898850337579
2440 12.484060832530261
2441 11.810703084370662
2442 12.108839457539096
2443 11.970641808062908
2444 11.336596004294114
2445 12.278556807889771
2446 12.619892673430492
2447 12.861433947932342
2448 13.28345500399905
2449 13.13306266138582
2450 12.843712974744653
2451 12.323424923304048
2452 13.344556296999707
2453 13.56108842527118
2454 14.078754448745329
2455 13.711385688232461
2456 14.131662534085397
2457 13.193643910125381
2458 13.750111865390396
2459 14.158240837856988
2460 13.912351153103678
2461 11.931293346586791
2462 13.077442457063826
2463 12.53106645580745
2464 12.623153828071166
2465 13.081345657751179
2466 12.707927755466745
2467 13.385301953495533
2468 12.795889359845393
2469 12.965730556352954
2470 12.642760650743002
2471 12.80263150321217
2472 13.21937518971144
2473 12.760682236723394
2474 12.498677427347284
2475 11.968783726036575
2476 13.01903450979681
2477 13.234444431569537
2478 12.378796503858457
2479 11.9489840042948
2480 11.53876603145364
2481 12.23025551729564
2482 12.092724478331952
2483 11.688750087139027
2484 11.67903976086069
2485 12.007887532679518
2486 12.284029158608265
2487 11.703925276952328
2488 13.68845618054164
2489 12.928637802580848
2490 12.960860287876905
2491 12.644460366752126
2492 11.823815346604095
2493 11.889565110014969
2494 12.874834146148704
2495 12.933068535648575
2496 12.512124194010552
2497 12.170660463718296
2498 13.019629152704793
2499 13.176578259321822
2500 12.586877667375079
2501 12.19533605696858
2502 13.263975279420842
2503 13.182842364818066
2504 12.923988275182346
2505 12.921764335041239
2506 12.198401750280718
2507 12.184905880022852
2508 12.730776324817896
2509 13.32490650022712
2510 13.492798594829429
2511 13.754192282601913
2512 12.378701347315086
2513 12.523132117691336
2514 13.001017326399301
2515 12.634492539247834
2516 13.031456744838648
2517 11.82133923955553
2518 11.533840941827778
2519 12.511586232848956
2520 11.47217691870611
2521 12.142638389612234
2522 12.22716064980755
2523 13.083740983099451
2524 12.70121811199082
2525 12.331350628345595
2526 13.068027799583996
2527 14.59053977004489
2528 14.13873792214619
2529 14.061140677303916
2530 13.888707955333702
2531 14.312593367921691
2532 13.799059005943684
2533 13.753489651391869
2534 13.840192186866647
2535 13.458519773445923
2536 14.015923212834569
2537 13.001320095118789
2538 13.47698676902434
2539 12.90631830398259
2540 13.212929202469036
2541 12.745991143785027
2542 12.809066814230022
2543 12.76103652684679
2544 12.309244511631244
2545 12.203209266927535
2546 12.352905756562896
2547 11.983748827809377
2548 11.397617447696902
2549 12.150288822274467
2550 11.337310415549403
2551 12.41720196447215
2552 12.371413505796932
2553 11.397488930395586
2554 11.578739949589298
2555 11.912419710127377
2556 11.213674052851422
2557 11.357036017475098
2558 14.78234299688579
2559 13.99029760157467
2560 14.907959972951819
2561 13.6556402759617
2562 13.953689312016598
2563 13.120959982702034
2564 12.900330774310568
2565 13.253405013277318
2566 14.371245195704299
2567 13.236109369277887
2568 13.360499082142308
2569 14.545294324429257
2570 15.36441431847862
2571 15.869621451180477
2572 16.09973366269651
2573 15.046872570965464
2574 13.988995230740302
2575 13.793040816530562
2576 14.001380610811275
2577 13.543237442464871
2578 14.740468394319063
2579 15.553652454302076
2580 15.43543818666004
2581 16.34836607488698
2582 15.809752720655117
2583 15.592618097542017
2584 16.138257991279264
2585 16.553625529847114
2586 16.822121751206335
2587 14.840486748828539
2588 14.164174770956818
2589 14.708767709003352
2590 14.66954146242678
2591 14.750120789476785
2592 13.876295482032353
2593 13.057848110773566
2594 14.062192622509745
2595 14.108917006762036
2596 16.32299991496063
2597 16.585681490716393
2598 15.058779469916008
2599 16.14071612257577
2600 15.873022717947737
2601 15.157933321521963
2602 14.212623745691133
2603 14.062397089252983
2604 15.65737987254851
2605 15.310273654219131
2606 13.976315438968873
2607 14.4997097771385
2608 15.066622406976954
2609 15.629910688335283
2610 15.316413530357993
2611 15.293493203312396
2612 14.075714596106133
2613 15.19287749258647
2614 14.631816681549545
2615 15.383477124014181
2616 15.04677896455873
2617 14.297631152841635
2618 14.839010657624817
2619 14.213626474849619
2620 14.65250861370299
2621 14.306448369232141
2622 14.747566952335022
2623 14.30111327776998
2624 14.148967529644244
2625 15.036012087656019
2626 15.28886771830494
2627 14.350490534677993
2628 14.155156061895868
2629 15.206733009153126
2630 14.949941813174847
2631 15.172036195518379
2632 15.911952945437212
2633 15.339004982134158
2634 14.253871086428493
2635 15.009158489674798
2636 16.14309145839575
2637 15.773297932593746
2638 13.412221224802144
2639 13.481076289605943
2640 15.041323290298358
2641 13.876084966691325
2642 12.42369407407316
2643 13.175353079479084
2644 14.587720161457828
2645 13.512606055877944
2646 15.403045222623136
2647 15.448188936225208
2648 14.399718015612011
2649 14.593907545449989
2650 14.228012436411683
2651 15.617999258084607
2652 16.466616027143537
2653 15.316937801106082
2654 18.016712989562517
2655 15.666842932783153
2656 16.793767932833347
2657 16.382401789828663
2658 15.101566808192583
2659 15.339831952664184
2660 14.956124089835342
2661 15.514230691447857
2662 17.367332927427963
2663 17.256121620195994
2664 16.06613550100335
2665 16.528278166628805
2666 16.854923020026067
2667 15.308708219146409
2668 17.18099583396484
2669 16.275945284299436
2670 13.999911729263298
2671 14.531555398655078
2672 14.425904436395648
2673 14.578593783702624
2674 14.252638634457702
2675 15.5684192660638
2676 15.321738635925938
2677 14.598170629307392
2678 14.091257711340086
2679 15.17586538642383
2680 12.228039859581314
2681 13.778639879582855
2682 13.290412208531778
2683 13.061580790119727
2684 13.051847922727832
2685 12.55202086171946
2686 13.294589673528252
2687 13.64867123144893
2688 13.137977523882174
2689 12.83597570582946
2690 13.697600604485762
2691 12.725476015075667
2692 12.75952157902587
2693 12.403890904793599
2694 12.524018663047901
2695 12.90522429598382
2696 12.453354856187067
2697 13.042922244602414
2698 13.92505673705102
2699 15.029099393602108
2700 13.541219001114774
2701 14.966384339137404
2702 14.019744256337512
2703 13.394559083856702
2704 14.41146171542088
2705 12.428253418170737
2706 11.202967110934834
2707 12.340354889726843
2708 11.416210748177267
2709 12.200506411129728
2710 11.964974163969865
2711 12.948647930245963
2712 11.976013793146498
2713 12.637182979786825
2714 12.157110352247162
2715 11.787318721216275
2716 12.255879174975558
2717 11.212551862140758
2718 12.505809373077387
2719 12.404259851370892
2720 12.057619150403482
2721 11.262346287433411
2722 11.724267455816138
2723 10.684441312075979
2724 10.810439715768592
2725 11.441006256212882
2726 10.99214866862862
2727 11.55407421647375
2728 11.983048015490063
2729 12.073417253786785
2730 11.696359645423588
2731 13.444821139416433
2732 12.328232037780333
2733 12.79649107127462
2734 12.822099304008576
2735 13.359957597631414
2736 13.485819982621328
2737 13.428221948480857
2738 13.043494757198163
2739 12.444288291522366
2740 14.192510028598745
2741 11.017764100821235
2742 11.615451992140413
2743 11.655557543734261
2744 13.797681894792087
2745 12.818582627236562
2746 12.717039354043434
2747 13.406876321942134
2748 13.130768560620186
2749 12.15498591570938
2750 11.839142121346699
2751 11.993555462241355
2752 12.090949317007478
2753 11.985884195560121
2754 13.221191513915663
2755 12.362607152523658
2756 12.717812232387441
2757 12.74104559543651
2758 13.128124898069037
2759 12.175366433527511
2760 12.38373874838319
2761 12.67219282328107
2762 13.431690385659603
2763 14.021312909658533
2764 13.31400030820901
2765 14.002841539622786
2766 14.429432442570867
2767 12.656170447403623
2768 11.398809468530642
2769 12.229695281556005
2770 12.564556877197413
2771 11.498179965417767
2772 12.577377645815718
2773 13.03915960951039
2774 12.911198886489366
2775 11.883273791564765
2776 11.150452276459692
2777 11.907828761082346
2778 11.748339925040286
2779 11.684560431072548
2780 11.441887276707067
2781 12.169850768629669
2782 13.234930842862143
2783 11.684614570345081
2784 12.217531126017933
2785 12.776686882131672
2786 12.195238743346188
2787 11.808588465644338
2788 11.67547103761817
2789 10.791210392685338
2790 10.487867194457563
2791 10.37392836880691
2792 10.802045674604134
2793 9.838660799093942
2794 10.499650857117546
2795 10.339036558414694
2796 11.246381106172505
2797 11.149793112508387
2798 11.27492867674788
2799 11.652509745193846
2800 11.874599570887163
2801 12.135099506386913
2802 12.112322479994813
2803 11.791313628446142
2804 11.193943010996424
2805 11.245150229883496
2806 9.526506123972853
2807 10.40509723822056
2808 10.390345217391705
2809 10.829769294587901
2810 10.863417663233538
2811 10.293621168252091
2812 10.204274486380013
2813 9.409996508323736
2814 11.5573052327068
2815 11.063868407363357
2816 11.503225353034596
2817 11.397148665505094
2818 8.00482149772715
2819 8.839167580316408
2820 8.853889071860843
2821 10.077302464617434
2822 8.243765531883575
2823 8.41076829664538
2824 7.859481515360398
2825 8.159182254174228
2826 8.20402179780249
2827 8.534213816857651
2828 10.473056894204552
2829 7.609085245783191
2830 8.763512344980759
2831 8.669632057560062
2832 8.060203014495976
2833 7.736742284895359
2834 7.969068485716255
2835 7.477340316573946
2836 7.48330521757676
2837 8.995423910894823
2838 9.213363007122945
2839 8.6013258062016
2840 10.158116891895647
2841 9.865703511665709
2842 7.659569708192897
2843 7.498924276088231
2844 7.688787985385638
2845 5.9374591006665165
2846 3.1289295225879297
2847 8.804707278711644
2848 9.219127418372558
2849 9.265607286654882
2850 8.949867238519388
2851 6.511941091270694
2852 6.1174300815507445
2853 5.801197081319266
2854 8.241640305077594
2855 6.74228833594765
2856 6.668289709709508
2857 6.0120110934752855
2858 7.08805241165508
2859 8.335316928087398
2860 8.54669740981818
2861 8.730362927036468
2862 9.436399052110058
2863 9.43154987434481
2864 9.10483316100063
2865 8.93752835065814
2866 9.359207061048535
2867 9.197008128763576
2868 8.299340222169196
2869 9.328700155499721
2870 9.932134375479391
2871 10.084551170095592
2872 9.847104388636353
2873 9.960379244468688
2874 9.2262251791412
2875 9.537623486682595
2876 9.600399358713025
2877 9.412322106620326
2878 9.330104919695705
2879 10.007593502894876
2880 8.360814551961191
2881 8.761485708527802
2882 10.640736562719367
2883 9.988982371149293
2884 9.847409707843942
2885 9.867672160166148
2886 9.66500631617544
2887 9.455166996009586
2888 8.490278974973563
2889 9.533132057639211
2890 9.185461797264216
2891 7.342724967845092
2892 5.819550955583268
2893 8.830097546844296
2894 8.563495818078653
2895 7.340289230368161
2896 6.696856675077298
2897 7.655887597753401
2898 7.5191103481073345
2899 7.151215082708882
2900 7.483249465416032
2901 7.158444703888221
2902 8.47635850579193
2903 9.02413415879877
2904 6.626694366865989
2905 7.777975020685159
2906 6.861544747552762
2907 7.615245228339393
2908 9.0247299592704
2909 8.785153289833143
2910 7.904506210942488
2911 7.768442844206017
2912 8.025290650525832
2913 7.993661098724902
2914 7.813988259032558
2915 9.1290550973114
2916 9.381725930728642
2917 8.780447450936935
2918 9.279305422212422
2919 11.059255975597338
2920 8.921652265294107
2921 9.204782199717748
2922 7.759974801528178
2923 6.7834598463668865
2924 6.019889346023432
2925 9.053855607818097
2926 8.798835069451895
2927 13.278309416769094
2928 9.187398405383481
2929 11.139981302901226
2930 11.030505753626912
2931 8.60559827907
2932 5.42177372643084
2933 8.477637223057283
2934 8.852237327751533
2935 9.131688294594236
2936 6.866094736723429
2937 7.500769499104561
2938 10.52313323794871
2939 7.409082836889626
2940 8.350302384162566
2941 9.927034010011203
2942 11.833989272865447
2943 11.008530150239668
2944 9.842258409205932
2945 12.389572351695369
2946 10.113174796666497
2947 7.77377879315911
2948 8.340182410064116
2949 9.023570620302628
2950 6.048996248572814
2951 3.598725595397851
2952 5.167918513702277
2953 8.669819136854208
2954 3.5989825536274527
2955 3.5026203578665465
2956 3.6732666337343582
2957 5.172368821576977
2958 6.632471672197072
2959 3.720421418552566
2960 3.737007367689705
2961 3.696769760696581
2962 3.375718828074466
2963 4.265863831713115
2964 3.3806091432457306
2965 3.5911690097169804
2966 3.6413655534580576
2967 3.29329895822957
2968 3.285275284194936
2969 3.235593128579308
2970 2.883341875571276
2971 3.539052095390759
2972 2.6369271260283647
2973 2.9028821816235015
2974 2.9230233779054826
2975 3.6005684348776525
2976 3.0152812792437245
2977 2.785115274078512
2978 2.68960104838708
2979 2.9629219011051324
2980 2.783275421214263
2981 2.9131321555500134
2982 3.0146805161745642
2983 3.8292093800706453
2984 5.047198329185671
2985 3.3446378961896093
2986 5.82675791005438
2987 4.883164933844477
2988 3.5133948736124085
2989 3.6648430103474676
2990 2.544255163480264
2991 3.1016795716535746
2992 4.516898398529863
2993 5.736658294042779
2994 3.8308389530723526
2995 7.5275746447574035
2996 3.274148580767055
2997 3.5685751722213954
2998 3.3046505991290807
2999 3.3058730311992504
3000 3.237048920439722
3001 3.977265796879416
3002 3.7447057672244877
3003 6.017050413130104
3004 4.914226449535733
3005 8.349376393405734
3006 7.736097960121346
3007 6.179292174239083
3008 7.515714002486259
3009 7.226160187706549
3010 8.217926547613931
3011 8.209689994101486
3012 9.110484741412654
3013 8.634940645316403
3014 6.5562807263887715
3015 9.662788314567598
3016 9.702906272460583
3017 10.364428414882125
3018 9.558036275478608
3019 9.085619779285262
3020 9.12348062669882
3021 10.153541609430372
3022 10.448890235490659
3023 9.62199443263345
3024 11.190825122761805
3025 9.0238966079786
3026 10.356730094285636
3027 9.880475330811077
3028 10.47733561527864
3029 10.550209348219852
3030 11.059808486467666
3031 10.579796394163436
3032 10.269622283945198
3033 9.528817496576123
3034 10.8099572123538
3035 12.5088087571965
3036 8.39258480453301
3037 9.571006666311927
3038 10.601944625115216
3039 11.227192551679057
3040 8.059980290397185
3041 7.719696000198422
3042 4.990948532560541
3043 5.774434834358775
3044 6.3177853033302735
3045 5.925626933863897
3046 5.992174331035755
3047 5.523445790972466
3048 5.500826888059541
3049 5.705680901221691
3050 5.541597025149231
3051 6.945048472797488
3052 5.785601453058764
3053 6.204978149655295
3054 8.13549871659772
3055 7.44914527834111
3056 6.893174454518875
3057 6.823560201618199
3058 7.054135524313779
3059 6.8700216528034135
3060 7.384960159478494
3061 7.274758556856077
3062 7.215409230078541
3063 7.024504924668882
3064 7.347998369730389
3065 9.840751147638896
3066 7.704890287042725
3067 8.58230965177034
3068 6.69226942815388
3069 7.393374764297518
3070 10.120208179839729
3071 8.711549058024236
3072 9.701723990076651
3073 10.124372600196848
3074 9.000045553982714
3075 7.869195991950312
3076 7.311598360843235
3077 8.16055843424649
3078 7.5214721682391845
3079 7.739794979091826
3080 8.869392302812805
3081 7.8627903215119535
3082 6.1674774073044345
3083 5.934539093143907
3084 5.585708897202338
3085 5.901834294071962
3086 5.8688276226869664
3087 5.9453715557008975
3088 8.135380994509154
3089 5.357364797306854
3090 7.815847709111016
3091 6.964699683035771
3092 6.881599517346943
3093 7.458018797971544
3094 7.106156574155332
3095 6.663353404170706
3096 8.0957944822959
3097 5.557504122282458
3098 6.320632940663317
3099 5.886540818794314
3100 4.732745309831559
3101 5.193021072452555
3102 4.951598192017365
3103 6.3232910293824744
3104 5.637355951543428
3105 5.646074324940894
3106 5.421271678498213
3107 5.7099859488123705
3108 3.6167100146362365
3109 2.620922946425789
3110 3.277043946967323
3111 3.7010734728871024
3112 2.8586542097779954
3113 3.125674655220159
3114 3.608974317434093
3115 2.9812598948533675
3116 5.313633319779027
3117 2.5996652915937695
3118 3.583122029708682
3119 3.140976337582537
3120 2.9354151318790063
3121 3.444361686314556
3122 2.813473726312614
3123 3.462919105038183
3124 3.064787181046463
3125 2.805773832098365
3126 3.58232568544748
3127 3.086382174274353
3128 3.6104884405290636
3129 2.5764093927881233
3130 3.316908963299227
3131 3.344584240817796
3132 3.756821063671411
3133 3.228347344189838
3134 2.846731689064139
3135 3.4817048639008488
3136 3.2534970631096876
3137 3.5157275610047836
3138 3.8718671603053454
3139 4.375085962120042
3140 3.5278365856936533
3141 3.5684833252184007
3142 2.8658756338706484
3143 3.214966897047811
3144 2.515496237251612
3145 3.640338106912009
3146 4.763011981511225
3147 5.376660496776531
3148 4.272602001422727
3149 2.657114981524553
3150 4.708786696293962
3151 5.393131782970914
3152 5.292346494795696
3153 4.692176741074445
3154 5.101385308407385
3155 5.196484902081309
3156 4.8870585669498805
3157 5.23136759309035
3158 5.250163303709487
3159 5.328133102747407
3160 4.974869749274676
3161 3.990104362061169
3162 5.185668566141581
3163 4.844524646033771
3164 4.389820398305642
3165 5.4690653458268645
3166 5.580408868892881
3167 5.305498636093943
3168 4.410482223346055
3169 4.9937717932583015
3170 4.94369693617163
3171 5.994976616215101
3172 4.991215905186354
3173 2.9423615161784094
3174 2.7502712124531516
3175 2.7105582632809666
3176 3.673438233357707
3177 2.607590700293522
3178 3.6877786613053427
3179 4.221606382197007
3180 3.5687707198284206
3181 3.55250221333797
3182 3.267757945548572
3183 3.4044416761643093
3184 3.75452215088125
3185 2.6048834193662267
3186 3.030268366586903
3187 3.6811971786161304
3188 3.1924975191701166
3189 2.8519086080770144
3190 2.991388560625524
3191 3.3963855317367195
3192 3.2317541096534157
3193 3.512672935062486
3194 3.064914417172705
3195 2.928714566057205
3196 3.10813361661396
3197 3.0745566002318525
3198 3.4607559513914805
3199 3.0873966946705536
3200 2.7235601236363434
3201 3.7449465755294225
3202 2.706257075558504
3203 3.3569742841443597
3204 3.53879180119121
3205 3.656476543806677
3206 3.078366011646643
3207 3.335231041180664
3208 3.7071933556406442
3209 3.464204141636923
3210 3.198967133736979
3211 3.293893047093004
3212 3.5584497048893513
3213 3.593643522126702
3214 3.326387565508628
3215 3.3741865079103057
3216 3.732008966444819
3217 3.313091030166761
3218 3.497053188017413
3219 3.664657925924291
3220 3.8113631677932336
3221 2.8590415730833607
3222 3.7999086090155116
3223 2.691123091514791
3224 2.7942195063491764
3225 3.3939446617226574
3226 2.882518244856401
3227 3.664823780693639
3228 2.817116997592291
3229 3.1712283231917633
3230 3.4666812199203094
3231 3.549590814369116
3232 3.077479626789305
3233 3.3430372125176926
3234 3.4301478071128417
3235 3.2031569510649396
3236 3.583020377444533
3237 2.855190113914956
3238 2.6837893283030416
3239 3.3380333068292907
3240 2.7221993356552576
3241 3.512032671811675
3242 3.182272872072462
3243 3.568553081259425
3244 2.873826031458398
3245 3.218149609322961
3246 3.8017688702038783
3247 3.349138170667476
3248 3.3385577026441653
3249 3.6331633514651682
3250 3.637775946465909
3251 3.2479618712575524
3252 3.2551614096130477
3253 2.596864305987955
3254 3.205360290466108
3255 3.5851844140037055
3256 3.460441396268621
3257 2.9506126683143408
3258 3.3479826990593997
3259 2.8341213728440375
3260 3.567617125701333
3261 3.634218290460912
3262 2.5225350456751205
3263 3.125932797806747
3264 3.3447523217553683
3265 2.616515665875837
3266 2.8390970460289093
3267 2.7010882791106674
3268 2.903289531409625
3269 2.9676964038221274
3270 3.622675337258743
3271 2.698830725804157
3272 2.6501566651472497
3273 2.8751154313525853
3274 2.846925717023219
3275 3.2917860809988864
3276 2.6836246677792577
3277 3.1289012065039907
3278 3.2766828909090466
3279 3.5751265586402563
3280 3.4830492152632413
3281 3.0285053930574253
3282 3.1281526026496533
3283 3.6591426178701005
3284 2.6869036578402907
3285 3.567389210499338
3286 3.381154432949481
3287 3.0966846844483555
3288 2.7535887328231423
3289 3.4108477266555965
3290 3.50145371269373
3291 3.650191511387849
3292 3.183049405660274
3293 3.2149607236983067
3294 3.519622754782329
3295 3.3978711929416576
3296 3.1596666406650193
3297 2.6071293802655116
3298 3.326898644819408
3299 2.952871198589584
3300 2.9986517310310536
3301 3.768292832139852
3302 3.6364059235450186
3303 3.1944471570952238
3304 3.7139001746766485
3305 3.557662200340694
3306 3.6665070707639247
3307 3.622580474959553
3308 3.7977816212002535
3309 3.5331493245883427
3310 3.5406476117063583
3311 3.557405528513295
3312 3.3243232809412566
3313 3.4272326969982085
3314 3.4421917580133936
3315 2.8175777459184004
3316 3.035461581230562
3317 3.4414421101700765
3318 3.185677557104276
3319 3.5180063575531197
3320 3.590129853559555
3321 3.305481760347285
3322 2.8030048347886884
3323 3.805951993655037
3324 3.665922864026556
3325 3.627072044068346
3326 3.241037703924241
3327 3.896321568512089
3328 3.4966201624497795
3329 3.768531632574138
3330 3.4285823114406453
3331 3.300589028249633
3332 2.763348701298375
3333 3.623238570790861
3334 3.5513180893297505
3335 3.5754447782008127
3336 3.5460707775814586
3337 3.1032318535746275
3338 3.1741050283173036
3339 3.3468558051644295
3340 3.451204812472411
3341 3.5942658393409324
3342 3.681531410856677
3343 3.222068653823021
3344 3.282472186819265
3345 3.58335301234369
3346 3.2807907582035694
3347 3.786575919762042
3348 3.5847436942641346
3349 2.9768607093169397
3350 3.163085854287664
3351 3.3925158290813684
3352 3.2863974199439885
3353 3.0193881661902435
3354 3.5656877797636417
3355 3.718906893155088
3356 3.4436388504209363
3357 3.2244166061042865
3358 3.122635619243978
3359 3.230425611176894
3360 3.491419342781954
3361 3.3928324224865993
3362 3.3609654824441066
3363 3.3805502550907867
3364 3.6134911005456365
3365 3.5683484494633055
3366 3.733623981641932
3367 3.4193972606427
3368 3.975896583646316
3369 3.583826670164086
3370 3.3587534935835492
3371 3.1706002780957214
3372 3.5312967174274785
3373 2.9190508237861286
3374 3.3469197417217122
3375 3.2645736381026387
3376 3.299856905527206
3377 3.1810837622724115
3378 3.010667761058163
3379 2.9723214919677483
3380 3.3289631289554715
3381 3.326250724353924
3382 3.3124962699477525
3383 3.4275584668293937
3384 3.3457812023482982
3385 3.6276674899160115
3386 3.8624034581865527
3387 3.61203236526197
3388 2.9965066941791494
3389 3.6585925511421213
3390 2.933615640540112
3391 3.386197008728774
3392 3.3031929514720977
3393 3.3388936875192265
3394 3.833528330520105
3395 3.701094341828319
3396 3.5732119607576283
3397 3.7157074151545775
3398 3.520099392275177
3399 3.6741262793955083
3400 3.7366878702503517
3401 3.5095760408991574
3402 3.6559727532033373
3403 3.5846561742716494
3404 3.109037667691199
3405 3.440041709920515
3406 3.7072539283767396
3407 3.425101227546515
3408 3.152481195702222
3409 3.2342790256047844
3410 3.3374359901996185
3411 3.5208055411160273
3412 3.4284292177804825
3413 3.4878808256930043
3414 3.674869175271174
3415 3.4177994743817535
3416 3.6886157026441766
3417 3.6521090904977003
3418 3.74104340589617
3419 3.732902641700871
3420 3.1560839021784375
3421 3.4051085386764046
3422 3.643126233906958
3423 3.4143860879847328
3424 3.236188532371866
3425 3.3875401372503515
3426 3.411861711998846
3427 3.495639208845814
3428 3.446874727086252
3429 3.4342026310607463
3430 3.453102829093284
3431 3.4238087572608387
3432 2.6926301598762183
3433 2.7316832672010403
3434 3.6673503709530073
3435 3.605429843883369
3436 5.529529148781191
3437 6.006550314171445
3438 6.420134973147456
3439 6.550059303890098
3440 7.688498281976401
3441 5.750509978134849
3442 6.124030792036047
3443 6.311543822505752
3444 7.997134501913869
3445 7.6920923009334
3446 5.893702174656707
3447 6.30320034192997
3448 6.304745042879464
3449 6.16152025153583
3450 6.328591882856627
3451 8.29340694957075
3452 7.069255908190176
3453 7.381378629057344
3454 6.680378035178054
3455 6.61539824886663
3456 6.119490360911384
3457 6.144178486380486
3458 6.133321588893214
3459 6.151686820710333
3460 6.8342609620484955
3461 6.275202201960787
3462 6.1819663682964485
3463 6.087125496691013
3464 6.724409082029845
3465 8.01872510713547
3466 6.916271417096598
3467 6.455708688714419
3468 6.824551650304665
3469 6.6079678644416715
3470 6.144445730840308
3471 6.62283163793615
3472 7.576522642492457
3473 6.735861505296096
3474 6.711901233418323
3475 5.681301819356824
3476 6.77661741470306
3477 6.526137425705415
3478 7.504356615115137
3479 8.49882783468672
3480 7.863935924122615
3481 8.237073934884585
3482 7.409170879979509
3483 7.8099168583089265
3484 7.221234371095984
3485 7.263207988012845
3486 6.373498573890176
3487 6.98172312718986
3488 6.194853786934847
3489 6.132982799689622
3490 6.710478980741917
3491 6.874773556066297
3492 6.22399184444803
3493 6.518302062521451
3494 6.289542027768986
3495 7.302148771952723
3496 7.881194540585294
3497 9.220011320956496
3498 9.592281162453522
3499 9.995592165070182
3500 10.567887956778852
3501 10.050941418343903
3502 9.856273696787715
3503 10.307058383054647
3504 9.626744074639884
3505 9.565339342114216
3506 8.113219876793076
3507 6.720641887076119
3508 9.223996212815752
3509 8.597777396145535
3510 9.633760895802839
3511 9.689626580635089
3512 9.48490603274391
3513 7.495801370544785
3514 9.63031918180254
3515 8.341759321693555
3516 5.646852191524747
3517 8.391145729158143
3518 5.933000966377424
3519 6.631105254095041
3520 6.992637942241204
3521 6.761377062967045
3522 6.589252993515666
3523 6.835801428782762
3524 6.7959583518950515
3525 6.09192228537529
3526 6.345620159993081
3527 6.323714833206058
3528 7.682678122078472
3529 9.616298069053862
3530 6.728459730360809
3531 8.028310596429503
3532 7.019067776508651
3533 6.36293866266581
3534 7.0768171440664185
3535 6.60876144324619
3536 7.5436372462428025
3537 4.748093221773936
3538 6.818640571990622
3539 6.702663855881758
3540 8.175538894110915
3541 6.239167611529843
3542 6.928110576200168
3543 7.211957899546073
3544 8.529150027016628
3545 8.127411878352557
3546 8.02952152580134
3547 10.146699342195731
3548 6.535273576779939
3549 6.839305210412486
3550 7.082903510495446
3551 6.386911496760399
3552 7.047640777192894
3553 6.022803805537062
3554 7.854876307359613
3555 7.901292494490813
3556 7.789396750093775
3557 8.884492435761226
3558 9.444577583169922
3559 7.7036859487701825
3560 8.140205478747495
3561 8.562256925066928
3562 6.841555736378451
3563 6.419865648761441
3564 6.737647557842355
3565 6.697709450071363
3566 6.764926158337844
3567 6.7259294185103515
3568 6.191823335347476
3569 6.4461613095282555
3570 7.135701942485549
3571 7.899123263615503
3572 7.047337549135963
3573 6.145909702889524
3574 5.868485905667519
3575 5.3837156427861945
3576 4.976220368504327
3577 5.703167856355523
3578 5.3119555433900905
3579 6.441121509943026
3580 5.266264733612351
3581 5.790355821655723
3582 5.6351803010362
3583 5.61944233446345
3584 5.436671262396962
3585 5.3262166106170765
3586 5.658311420265372
3587 5.822814910883244
3588 6.273080348405226
3589 6.121298044967388
3590 5.8019830948029885
3591 6.160986384897483
3592 5.738033156148767
3593 5.473874932340813
3594 5.96400711122821
3595 5.871252814629144
3596 6.214197719905873
3597 6.645135672099384
3598 5.961418025923468
3599 5.284321521243222
3600 6.388384111767144
3601 6.167908752282397
3602 6.51894162580676
3603 5.677770811989781
3604 6.202020205021231
3605 5.578973316374464
3606 6.37189188339836
3607 5.840823049693932
3608 5.639699764518719
3609 5.876947510856081
3610 6.158401471721275
3611 6.513570654200029
3612 6.6492615622205395
3613 6.739285876427225
3614 5.880346750818463
3615 6.434910393888627
3616 6.72739530972385
3617 6.338801235022641
3618 6.357294524697368
3619 5.513331228962596
3620 5.687187429705683
3621 6.489779228143514
3622 5.775763648078607
3623 6.029401591975584
3624 6.670876481835342
3625 6.063884290958384
3626 6.417885430319231
3627 6.046913282772828
3628 5.931380056590859
3629 6.150026790657204
3630 7.147160602746917
3631 6.079557481028531
3632 6.90280099037917
3633 6.476516500092465
3634 5.8702029003130525
3635 6.554668005970895
3636 6.447177034998453
3637 5.394825583146735
3638 6.113078292863122
3639 5.943209614451371
3640 5.894759884155713
3641 6.060153988685502
3642 6.337468115612978
3643 6.087377686324202
3644 5.950305151288527
3645 5.813656258905715
3646 6.415725777441969
3647 6.253466650652967
3648 5.468751141334366
3649 5.265406251257257
3650 5.863460363540197
3651 5.598115311376932
3652 5.0411785428132365
3653 5.48299810552351
3654 6.051277339559237
3655 6.639566174091168
3656 6.057409734305621
3657 7.007942923118401
3658 7.1645201677467005
3659 7.884923106746191
3660 6.954809419392598
3661 6.76704647894181
3662 7.33040189830908
3663 6.0167849466356795
3664 5.943354827680973
3665 5.270790370619167
3666 5.696854985794744
3667 6.9046714296891265
3668 7.394766109297922
3669 6.458900017760131
3670 6.079445940924111
3671 6.33624932066821
3672 5.469868710772303
3673 6.338774950344519
3674 5.8596342845026355
3675 5.156755473873818
3676 6.2794587005311095
3677 5.991643644348691
3678 5.257145956896681
3679 6.42277634955413
3680 6.5689503950518695
3681 6.950172672351307
3682 7.028523906335082
3683 6.718091894550209
3684 6.423330888004287
3685 5.588990062057907
3686 6.24473093594272
3687 6.067292781478044
3688 6.578673218184288
3689 5.493730805915508
3690 6.4143495268368635
3691 6.461331015556889
3692 6.628988710730639
3693 6.590786952736258
3694 6.141266701722412
3695 6.2658669122678585
3696 6.03473559745812
3697 6.050814668397534
3698 7.218605961407971
3699 6.776602910699312
3700 7.336798350904405
3701 6.6588728992916
3702 6.884759668106054
3703 6.402780966243096
3704 6.703078887885467
3705 6.403388607828862
3706 6.505392472365987
3707 5.898253355986667
3708 6.578223251196371
3709 5.796102238547212
3710 7.065890296299337
3711 6.488698334023965
3712 7.52283742597561
3713 6.993282070623009
3714 6.24320071833057
3715 6.536003337685182
3716 6.422593465913844
3717 5.932857789495203
3718 6.538619685901612
3719 6.367860344785159
3720 5.3639786190857235
3721 6.592455405304789
3722 6.807919618905247
3723 6.039592276450178
3724 6.0289590696897495
3725 6.562759879536203
3726 6.621091001807721
3727 6.22858853462795
3728 7.085921511923171
3729 6.58183251740267
3730 5.480933827943687
3731 6.842053309764757
3732 6.4956323902255
3733 6.535093276186957
3734 6.798172317598204
3735 6.686169896839757
3736 6.979327281463711
3737 7.548889685533578
3738 5.981396241508608
3739 6.4357381996920715
3740 6.489873314023968
3741 6.82801051441616
3742 6.707828370660674
3743 6.1715483853536925
3744 5.54468589973554
3745 6.241415417995129
3746 6.053408210868835
3747 6.083196177878577
3748 5.768904518050387
3749 6.929968126021874
3750 6.11346931471505
3751 6.652390640442164
3752 6.988176474157801
3753 6.309581098967649
3754 6.82796824919604
3755 5.995931426968809
3756 6.67755753733276
3757 7.391271297661242
3758 5.899238395805619
3759 7.298860993248027
3760 7.357198760969771
3761 7.252287967059033
3762 5.840195822897482
3763 6.182084371294779
3764 5.9904144266055015
3765 5.6517870363434595
3766 6.419124170861961
3767 6.574811084430688
3768 5.049798904349113
3769 5.521297274068923
3770 5.508764313537413
3771 5.377457693335237
3772 5.865656937462929
3773 5.470892569966819
3774 6.709049067652121
3775 6.054132232605067
3776 6.6020255791801885
3777 5.411402573337697
3778 5.395813946072284
3779 5.328054326334835
3780 6.357768248056429
3781 5.907173165652208
3782 6.359373093186535
3783 5.446552795302684
3784 6.037942741890936
3785 7.059993753192405
3786 5.193421715379352
3787 5.914081923370901
3788 6.825662103643966
3789 5.985589666296093
3790 6.385292713509789
3791 5.609446159945337
3792 6.3183745855757465
3793 6.365930276334623
3794 6.82496944815485
3795 5.786374322889953
3796 5.673067807815895
3797 5.72346839240505
3798 6.031475323044979
3799 5.243977901052845
3800 5.421022370820723
3801 6.195385519355948
3802 5.519351350848777
3803 5.879452959427496
3804 5.864634073727547
3805 5.708368968613926
3806 6.054070335105381
3807 5.856598442405285
3808 7.475704598081695
3809 7.323350397483542
3810 7.131350274976833
3811 6.415468355421609
3812 6.2360308714983015
3813 5.995498033952728
3814 5.745607684667607
3815 5.686473741718341
3816 5.972013096155651
3817 6.68778458068647
3818 6.714133629601119
3819 6.124493727582133
3820 5.263137235144461
3821 5.70030975249895
3822 6.626154748208339
3823 5.992494365015778
3824 6.473537376502676
3825 5.6322414883888055
3826 7.134625204678449
3827 6.745644520366275
3828 5.684688931212438
3829 6.319007205972887
3830 7.0684375721103745
3831 6.8613983910011305
3832 7.5277554670184434
3833 7.787153253231051
3834 7.722111286380013
3835 7.174573910492861
3836 6.278358335540434
3837 6.590573584646511
3838 6.823586108970198
3839 7.231741837592415
3840 6.919737283207128
3841 7.2104558310159055
3842 7.063789923430674
3843 7.369023667867122
3844 6.528668593116957
3845 7.512897100888769
3846 7.497506882584861
3847 7.276558483452966
3848 6.644620293074791
3849 8.424899143059767
3850 7.988458240899586
3851 6.952566588577579
3852 7.785822311614798
3853 7.529907924205919
3854 7.156903115666474
3855 7.201426908885419
3856 6.3489119411865715
3857 6.575097879939202
3858 7.311069636861557
3859 6.5935788238458946
3860 7.733996698450724
3861 7.013381926270472
3862 6.799698105568902
3863 6.492060052058128
3864 6.030237678159256
3865 5.884059359196724
3866 6.4222791180745675
3867 6.348502557174115
3868 6.878904492302675
3869 6.050864870160965
3870 5.6984492702856
3871 6.290986786238055
3872 5.885049927145829
3873 5.568781779845335
3874 6.407193971753831
3875 6.300117991238178
3876 6.2044396306513665
3877 5.806163484750186
3878 6.5224228538269715
3879 5.927777389159379
3880 6.495937135793497
3881 6.083860520168017
3882 6.108575574347056
3883 5.676235138645371
3884 6.141626014254587
3885 6.92070480991447
3886 6.953436758730135
3887 6.23400538290513
3888 5.669179783729448
3889 6.429870148533927
3890 5.795785515305027
3891 6.643908370969892
3892 5.540958099149401
3893 5.639890205735274
3894 5.9289592788262
3895 6.125114009875708
3896 5.9469180540428574
3897 5.097926282366215
3898 6.3699452065812645
3899 7.206879775483822
3900 5.798160805427672
3901 6.039007794061775
3902 6.995179436481704
3903 6.567106424250443
3904 7.605354514805527
3905 6.963973672786828
3906 8.000527950224496
3907 7.81497309733389
3908 8.079924552688391
3909 7.618422081044886
3910 6.808059980473147
3911 6.412504350866229
3912 6.034575649159008
3913 6.403424354808555
3914 5.856130257703513
3915 6.222770173652311
3916 5.995189176857947
3917 6.891257737617175
3918 6.733832190639082
3919 5.4986030180561745
3920 7.173214881457853
3921 5.9420434287129185
3922 5.9329005102129715
3923 5.498146377320754
3924 5.72002760687657
3925 5.601868502745386
3926 5.243735938184468
3927 3.286207768934137
3928 3.8636882546826303
3929 3.414817116176386
3930 2.6110448793445196
3931 2.530736102656014
3932 2.6337185920625577
3933 2.7955430817884697
3934 2.965270462457733
3935 2.9012255947962378
3936 3.658215537415499
3937 3.631205497850296
3938 3.466184614073182
3939 3.781277839401776
3940 3.7224245517563674
3941 3.8292075506326997
3942 2.9712346495042596
3943 3.5492680124342186
3944 3.046180464716938
3945 3.375773880916332
3946 3.6891330893799963
3947 3.4321986189191476
3948 3.7373163829658598
3949 3.4449170213151326
3950 3.399205833368191
3951 3.65215163810163
3952 3.5903865412820193
3953 3.4942392021642954
3954 2.699373551212409
3955 3.116176492549387
3956 3.380452478138699
3957 3.601842833494108
3958 3.1975799660394864
3959 2.9366895984671
3960 3.592172519788638
3961 3.407191527439145
3962 3.672539102596199
3963 3.224311203376904
3964 3.4169184123108147
3965 3.05934124907081
3966 3.592141656931279
3967 3.686241880600643
3968 3.402721243007842
3969 3.1989725313588937
3970 3.6272358858853013
3971 3.185866465909931
3972 3.1724198125546756
3973 3.707796071661726
3974 3.3996441161297875
3975 3.424323435547391
3976 3.3680993010333706
3977 3.248449619405816
3978 2.9814122093866353
3979 3.4745786149638564
3980 3.4163882591449592
3981 3.255325334879127
3982 3.8750524910671134
3983 3.8403750288167275
3984 3.8224831400533166
3985 3.458083861427394
3986 3.3684022220828185
3987 3.432668171976423
3988 3.482306495656081
3989 3.323832652377022
3990 3.2593244074966723
3991 3.269074011307005
3992 3.3818938219379198
3993 3.750293535069669
3994 5.185667435632884
3995 6.96679421936359
3996 8.589912813077415
3997 8.17698758578674
3998 6.113664780551992
3999 6.866322440567056
4000 9.52957023332187
4001 29.74167470217455
