0 25.157398874739616
1 18.476005064886877
2 17.479642907781166
3 22.260180295915156
4 19.68597571852293
5 21.027744082607548
6 17.521256234756905
7 17.105211604778756
8 14.074630759457264
9 16.012231139452165
10 16.281140946282044
11 16.55194045247635
12 17.528799846540807
13 16.250257716559304
14 15.744634481230687
15 15.723091608347048
16 15.963715794277844
17 14.957569440259803
18 16.27863371587228
19 19.313114814409893
20 16.360904266437693
21 17.46787610468272
22 18.62803874386548
23 19.486154265209198
24 18.23819755712695
25 20.77091353176677
26 20.3399417698572
27 24.43470905621736
28 25.456607802835507
29 26.144957876750837
30 26.228506704356306
31 23.062329049091158
32 27.960158175893817
33 29.25478275253044
34 26.601000714172937
35 26.76343510965045
36 27.025835461149086
37 28.445773777179802
38 28.525608848795052
39 28.33981689407452
40 23.667323160563868
41 26.43776233282225
42 26.262792028271797
43 28.857335195169654
44 28.163424359861306
45 23.780795713992774
46 21.680182841259008
47 25.58587370722017
48 23.974441988851353
49 25.401758892105597
50 23.61453612273248
51 22.515374461125088
52 21.84143194751328
53 19.958936657839512
54 26.51546432200813
55 27.785333183067234
56 30.015514939604685
57 31.161141443097122
58 31.617734652182897
59 34.99472937847617
60 27.41743672558192
61 30.75753378730423
62 29.009847069765026
63 26.82502518973321
64 25.281644470411734
65 24.36958844682293
66 25.31442175298105
67 25.756138934023326
68 22.96172303151131
69 24.745601668567247
70 20.358332181007576
71 20.40734151299959
72 22.243566224461258
73 18.969317408755593
74 19.787236717184275
75 19.057338736276286
76 20.488172856712836
77 20.184920818107276
78 19.08881949885831
79 19.323875418055827
80 20.2195134877324
81 21.410689945428224
82 20.66565348147978
83 20.8955227725
84 20.933786210762175
85 20.96819405219128
86 25.790261624486547
87 24.411536198543196
88 21.965621952844476
89 23.5745189384825
90 25.348119349406876
91 22.751345961644727
92 24.180803912629667
93 24.70754710479373
94 22.492078032776284
95 23.358683219338232
96 24.4741848599819
97 24.17947359400309
98 22.350062951838588
99 21.674675909416653
100 22.0336108887818
101 21.64858216905736
102 22.116354800768885
103 25.49482137302913
104 24.049278084942284
105 22.423350225861608
106 25.105614664788572
107 25.9940675207893
108 24.863855087490343
109 23.41265012469354
110 24.745769574233922
111 22.813362507373565
112 22.643719792143585
113 21.818183015020082
114 21.418894630000217
115 20.85508984956382
116 20.412285981027967
117 19.84072126039037
118 24.196829375457757
119 23.107401595509817
120 23.676183998995704
121 26.472515498021124
122 20.57578526559728
123 19.087068418129487
124 19.761133935030536
125 20.405226445268394
126 18.939480949310717
127 18.918641864590526
128 19.44635244518215
129 21.481929599255178
130 20.879301610866225
131 21.64549298587651
132 22.97641231628425
133 22.47219884363691
134 21.14297030864611
135 22.682056049085187
136 21.09193711292597
137 21.923348168536556
138 24.175499067582077
139 19.913998193849544
140 20.74950266488068
141 22.883283970449778
142 22.038655035900177
143 21.196960430404612
144 20.41656472504266
145 20.739841579984482
146 20.364538386469935
147 21.390934818524556
148 21.29958809005744
149 20.977807245426646
150 21.423439516550555
151 19.627080036083193
152 21.23289254218675
153 21.24409748468621
154 21.127703561594455
155 23.04302517537828
156 21.19936389155919
157 19.20520083019824
158 18.71603426171608
159 19.25215332535756
160 18.34773211118528
161 20.48247086312481
162 22.24291460780956
163 21.474840846937635
164 21.51504576422794
165 18.739185511702765
166 19.728099658396935
167 21.07502299510997
168 19.73740263728374
169 18.76823190603916
170 19.958078896722352
171 19.7753666904181
172 22.06027492386579
173 19.769170445629495
174 19.920269519943815
175 22.790482844234
176 20.397938516315882
177 20.427312517195276
178 20.297406539617903
179 17.97793007075442
180 18.162811743900612
181 19.894966011949137
182 20.629233993720884
183 24.416585259160904
184 21.090764323566958
185 19.186158071986483
186 20.90279021223386
187 21.628726986811838
188 19.26861418978612
189 19.734096382744415
190 22.120641156884844
191 21.14760840762054
192 21.373557466931402
193 20.151302038075492
194 20.535697310920447
195 21.017078029825807
196 21.99212389315046
197 21.286802369099398
198 22.788488591733763
199 20.865220456562117
200 20.819249291678755
201 22.53992332046146
202 22.579276408756755
203 18.40579145285011
204 20.03683525325946
205 20.183719042035126
206 19.72840879737928
207 22.783400776642317
208 22.595622286650986
209 20.053140044491
210 19.254612070723184
211 17.98254917222432
212 20.78575026798162
213 20.497722205847754
214 20.876998194394083
215 21.401250995898984
216 20.643397475634536
217 22.525039053695302
218 18.80101888119705
219 22.858354512430495
220 20.29878187924051
221 21.910889222884723
222 20.425819357307542
223 20.894342002614298
224 22.193036902524092
225 20.726377328935616
226 23.09682943752271
227 20.28904242138398
228 20.35926513856009
229 19.279321847284493
230 18.65359112092221
231 19.750017447703655
232 18.516939555293604
233 19.943915101270125
234 19.905924696899977
235 20.88523582268827
236 18.116154858521245
237 18.04957635804073
238 18.647510750786644
239 20.37813910384463
240 19.34141012631187
241 19.98605028559053
242 20.325611705964207
243 20.367201802234664
244 21.590674723604522
245 19.27828966753905
246 20.167478512807893
247 16.645167561473077
248 20.15174512340352
249 17.902940452942637
250 20.305028383885137
251 18.053390375866158
252 19.747947817182418
253 18.8596293469414
254 19.678450219959466
255 18.811821341507766
256 20.235283526826585
257 18.889637364976426
258 19.102080751932647
259 18.668113522387365
260 19.696935766753562
261 19.98495740323605
262 22.208533833498006
263 25.11803540492718
264 25.015243312148954
265 23.622035014308036
266 23.184849333596606
267 23.743269169971438
268 22.49003643346785
269 23.08742838374188
270 24.60541912962995
271 18.975890730868354
272 19.48964283658537
273 21.351180090210693
274 18.913344240577306
275 18.962407015429026
276 19.33497369725686
277 18.86825815641088
278 21.423720730953583
279 19.71596878028238
280 20.030621267694944
281 18.96227791743752
282 18.015220415014895
283 18.925367579410203
284 18.995955239720807
285 18.180024761610728
286 17.268588299953308
287 18.701740266166723
288 20.32757104364311
289 20.11547191456197
290 20.42592553952447
291 18.925055662530188
292 21.981517364291218
293 21.48416141733432
294 21.423881921322568
295 20.614039525786954
296 22.858701469707352
297 22.196859745039237
298 24.325969607375097
299 25.05470325739685
300 20.695145566610602
301 20.406398186616656
302 20.412823382552375
303 19.086129489023513
304 19.27474320775302
305 18.987758821815394
306 21.260782346713654
307 19.76681245429885
308 19.007020149602596
309 21.269473611321832
310 21.44118820403038
311 19.71082683654095
312 20.096767179641144
313 23.045755762681253
314 19.714443519125865
315 21.19269893573185
316 21.215101686226223
317 19.62873950395763
318 18.981348726771717
319 21.635456782316904
320 18.982304473720372
321 19.370771596586113
322 22.338930178908157
323 21.501823093354705
324 20.877243855015294
325 21.89106563269497
326 22.342184781073577
327 22.62570740879402
328 24.491431843780557
329 24.64875639292054
330 24.099208097973325
331 25.233705733433727
332 25.409462698954
333 21.826218414800064
334 21.420469121453973
335 22.41609996982417
336 22.800988951902315
337 24.738771510420886
338 22.341133401887497
339 22.744639524875257
340 24.140839299084625
341 23.84951135853972
342 25.04076039290161
343 21.874374134779735
344 26.685308153426845
345 24.889410211725995
346 22.36233924063422
347 24.67782032725539
348 23.557149379210703
349 23.50993644683101
350 21.308681274241497
351 21.133088382665306
352 22.236032718248303
353 22.89670158839342
354 23.008418210607495
355 25.102138332910926
356 25.286181419190523
357 23.21440130348839
358 25.008084800634542
359 25.735024103925088
360 23.284655993418276
361 24.009117247128355
362 23.31481841885451
363 22.009638261989913
364 25.078251432490354
365 23.977732474853763
366 24.77709866612195
367 24.134485070343366
368 24.861735601382893
369 23.383234113534964
370 22.197081415110716
371 25.085270409954976
372 25.195833486952942
373 23.047767805868965
374 24.285582768983435
375 25.08055440329666
376 22.954270307559387
377 21.333706634812
378 24.599361846216087
379 27.7293647885954
380 25.245559960039888
381 25.089198004082835
382 25.143644051789085
383 24.132186254938805
384 24.28774858543315
385 26.2495841716886
386 25.641841454787972
387 25.805907824209957
388 24.833804207405443
389 26.287920376959622
390 21.579466123509295
391 25.267203797438743
392 25.602142852507573
393 23.622581895712614
394 25.304704517900728
395 22.75903050860212
396 23.275512362273854
397 22.441253536387592
398 23.57697622019205
399 24.030624201776238
400 24.834773331359767
401 23.070535438966225
402 24.27798877012407
403 23.36969097006663
404 23.67868346208182
405 23.173139393540247
406 21.77454272823526
407 19.878676370542284
408 19.36577169404023
409 22.497863782396365
410 22.17068999617926
411 23.21265607869689
412 23.00090169346828
413 20.73469887335706
414 18.64722103087972
415 19.735392670959865
416 17.966651744253905
417 20.427394280428157
418 18.370159183533374
419 20.132760322429743
420 20.720187965667638
421 19.095301758808738
422 17.788882448713537
423 19.196638751498455
424 17.986667582727943
425 19.31464784147628
426 19.04038000184465
427 18.316730220630884
428 19.473248769783428
429 17.91240209904559
430 20.253429534834094
431 19.365185859551126
432 19.620523698800763
433 18.040659706717666
434 17.9548335183613
435 17.59192817069815
436 18.08747076460257
437 17.291210055702695
438 17.604392454829302
439 18.3600296182332
440 17.144167940251975
441 17.828686823649285
442 21.43765298103221
443 19.662985481764565
444 19.532817795006117
445 18.44029410750452
446 20.001960239783024
447 18.772151086273578
448 19.171285568298845
449 18.45724313432729
450 18.143593766989092
451 20.792375611823537
452 18.54230158123471
453 20.837979239241303
454 16.968689232166017
455 20.276556186395336
456 24.1273401541454
457 22.912032352251966
458 24.481865909935756
459 24.735053266534194
460 24.79212374784172
461 22.07995882230927
462 24.307711872801043
463 19.424132781830423
464 20.38051144902655
465 19.715016834312106
466 19.360995205451438
467 19.11709107045643
468 20.721761359794204
469 19.907119040939538
470 23.38259089292336
471 21.08088982808734
472 20.155169600709783
473 20.725877702154428
474 22.594307018508488
475 24.16687556225567
476 22.284950156324808
477 25.768944383701267
478 21.134384021108236
479 21.539296171047177
480 21.846823209509925
481 20.308402797041815
482 17.799366246247725
483 17.524298093009705
484 18.87772518564733
485 19.23430571308368
486 17.587798214639328
487 19.020338213508698
488 19.441750499225154
489 19.160220098489354
490 18.94003743720926
491 17.985594480363208
492 20.521022638675635
493 18.732636408559408
494 19.393563889521236
495 20.061650286005612
496 18.4396410096201
497 18.153983757050348
498 19.660166970297833
499 21.75237093712834
500 20.2862586041541
501 16.449365030852302
502 15.42029046197013
503 16.5237829170743
504 14.739667763146318
505 16.11015951855558
506 17.875416034751165
507 17.827692790087966
508 19.96730427554543
509 17.229931618262324
510 14.92457274574776
511 15.650330797497173
512 13.688764489140056
513 13.296280706897422
514 12.486015464422481
515 12.79285148121415
516 14.28479360376067
517 9.739504793648306
518 11.540797450845565
519 12.454620373613214
520 14.708575154531458
521 15.48932569061801
522 15.548896775192965
523 18.834591301762657
524 17.200971675617737
525 19.564564596762434
526 16.90709502314421
527 17.877040943328055
528 18.691580869583504
529 21.30748541984012
530 18.066524174278403
531 19.931197170873233
532 23.47686555128904
533 21.74446183234099
534 19.76063186461517
535 18.86192658051209
536 20.040279888932204
537 18.028231570940626
538 19.283994943720977
539 19.709666609245772
540 20.2551488642145
541 17.704649932813766
542 17.448472807678993
543 19.4722272518907
544 20.504088208406525
545 17.88860667449855
546 20.336222318104987
547 17.845430384261476
548 21.11780617234758
549 19.074397109657617
550 20.04862920916331
551 20.78652499421017
552 19.06925498819405
553 16.4588166992818
554 16.24872769743181
555 17.80218935962938
556 16.161362131092964
557 15.38707678622386
558 16.84036981133591
559 18.08700451496282
560 19.42652888015997
561 21.041067958062698
562 22.24888801662677
563 18.398936918439993
564 20.136316670634304
565 19.918563220591825
566 18.461313238041594
567 23.428724370854457
568 23.54027855140333
569 22.838502143742257
570 22.695609091523398
571 23.207556809637392
572 23.521362982171148
573 19.614060678738102
574 17.58230135812782
575 20.11623646434166
576 24.39952382079811
577 21.610216837638028
578 22.045694882850462
579 19.75684141061377
580 18.371124817039007
581 21.90945932965408
582 22.215491806569005
583 21.385595084101528
584 17.100783740995364
585 19.266816930486826
586 18.11469483040863
587 19.147981905204897
588 18.679907878959575
589 20.791589583655323
590 17.701491623762752
591 17.369620655685413
592 15.444304183199794
593 17.673104225198085
594 17.76672390901744
595 18.881854914087743
596 19.573523444015784
597 18.855461489833917
598 20.059848162303854
599 18.472602040686827
600 19.26749697869235
601 16.3288114224739
602 18.589291939225593
603 18.515106465538533
604 17.952948316175895
605 17.930705165410732
606 20.28735213967127
607 17.257640049474237
608 15.796027764975507
609 17.551009231832378
610 18.19941243747088
611 17.43574980072877
612 17.469043121730063
613 16.96224539441336
614 17.0456612287695
615 17.037957733795636
616 16.50204483350038
617 17.806361787862915
618 19.14548009101682
619 16.133575255501487
620 19.455957493099863
621 17.31250527497916
622 16.91170192056318
623 17.757722086065087
624 17.05500515202207
625 16.205548038320035
626 15.042140734584525
627 16.882947535098456
628 16.220619500605817
629 15.510139650153764
630 18.08463870300667
631 18.996752109758688
632 16.777318365904744
633 15.358901255023648
634 14.597383031074887
635 14.170940996260603
636 18.9631988447129
637 17.813195191255748
638 14.573791427573504
639 13.609835004570678
640 16.497371029316124
641 14.172049032168784
642 16.515502657446877
643 16.090767670261506
644 15.207584712861895
645 16.23635808886649
646 17.43316517674725
647 17.819980596968716
648 16.338574458849212
649 18.471479296801043
650 14.845826844999616
651 15.608830902925508
652 14.469367819726935
653 19.282754304671812
654 17.463240553164137
655 18.24229924502914
656 16.452602192994046
657 18.255966796894842
658 17.946947567795533
659 16.282267600026803
660 14.7971050650462
661 14.556770382678689
662 13.698493783447272
663 15.42258919788928
664 14.43913362672944
665 15.336675924858287
666 15.794655767459338
667 14.61959555482923
668 12.454686702801077
669 12.18552261065604
670 12.385809354306074
671 13.426201585953782
672 13.279952803723342
673 11.719989486274908
674 11.465335772092747
675 14.510135524440452
676 14.4955053169151
677 14.237780276414176
678 16.819735998016476
679 21.771518056717134
680 18.298432144521396
681 17.072960789973227
682 20.266600152350215
683 21.72697901013346
684 19.906161575519924
685 20.510565489288073
686 19.72032205719131
687 16.629482512551863
688 16.290213538916895
689 16.814300497015406
690 18.433288182779695
691 21.17268222807484
692 18.84365201437241
693 20.83777596195143
694 20.4987681037883
695 18.83130952958291
696 19.980673545352026
697 18.963921432943586
698 19.75897175044192
699 16.847279508579952
700 16.8021074220975
701 17.26368631525932
702 17.339013544818574
703 17.563105709309287
704 17.929729490224428
705 16.095275943142543
706 16.63754269103455
707 18.940772548982487
708 20.909929652705646
709 20.948113272023342
710 21.90803006685669
711 19.861040844875035
712 19.217946410986393
713 20.28617021837171
714 19.826583268797
715 19.722210221458077
716 19.613950284261712
717 20.423618318700978
718 19.066345793424162
719 19.69555206966127
720 21.170450842863296
721 17.492055363681665
722 17.448945144820886
723 17.868808498270642
724 16.19579653374384
725 18.877469916943443
726 19.232191001743523
727 21.11048411621594
728 19.143655842829865
729 19.09949255384369
730 19.217043658352562
731 16.94000129479363
732 18.816121603864413
733 18.342509964255736
734 19.34583883766607
735 17.915961421175385
736 18.142606194553817
737 17.942144505133637
738 16.665491838656877
739 13.439893134634714
740 17.228365944564953
741 16.364331639083286
742 17.83822070022117
743 16.093454750449407
744 17.504369378192376
745 14.968493205591134
746 17.368184048388805
747 15.898620511128462
748 17.279849615768157
749 17.042258827368844
750 17.77488108251669
751 18.038159156223756
752 18.25639412230379
753 15.80461283935242
754 17.934577461418492
755 17.368288944634088
756 15.7313470750621
757 17.090470775283322
758 18.253012386456856
759 17.557773183736284
760 19.867264213579045
761 19.830033802844444
762 19.499034895935193
763 20.097213448149258
764 20.262357459799524
765 18.676096411636
766 20.576253399741322
767 18.748802903439785
768 18.244604422145084
769 17.548761155661456
770 19.157676113255665
771 17.81599971671951
772 19.553708902379647
773 18.74151953754362
774 18.33310472944425
775 19.650105607659345
776 18.639085732661517
777 18.024155173328364
778 18.838555759951323
779 16.290120943112843
780 16.101713600353513
781 16.32008784574652
782 17.832829159825984
783 18.49853689773616
784 18.39439429574423
785 18.120577179745815
786 19.72751784484837
787 17.803663453841956
788 19.266208343571044
789 18.464152271552802
790 17.66615559680629
791 15.197805494503378
792 15.916886697670217
793 17.396688923416633
794 17.807310825829088
795 18.754948379420814
796 17.003039162973653
797 15.570299369273746
798 16.2938255638302
799 16.976299317647563
800 18.34335877497181
801 17.627782860535568
802 18.278770657131247
803 16.515939951107175
804 17.64221147471873
805 16.766543185656605
806 17.056482813626943
807 15.530694098997406
808 15.278342728592744
809 16.664297885062712
810 17.03104879457189
811 17.893880377444116
812 18.206978202843178
813 18.61613985015118
814 18.25684755553674
815 18.13665242860225
816 17.43347483060549
817 17.28454198950651
818 18.136127426551013
819 16.820123170999384
820 17.525141873992943
821 18.405523833904528
822 18.1408715102896
823 17.180469102439382
824 18.439678217715155
825 18.698497481627207
826 19.534079100103227
827 19.645595998406957
828 19.742476231982476
829 18.087271824472804
830 18.722529014762056
831 18.82028238176235
832 17.652443253424114
833 18.293472355724333
834 16.981576677726554
835 19.222759554437662
836 17.13362200062456
837 17.398343360306296
838 16.769155403983852
839 16.920734374790893
840 17.747186308338673
841 17.13767235057301
842 19.950349980589912
843 19.455886904703057
844 17.483875151906545
845 18.776197557458104
846 18.61922610546151
847 19.441353958059697
848 18.499036157111245
849 17.57647558155587
850 19.29290454212584
851 18.05442244957619
852 22.006955545391776
853 19.96472598680057
854 20.41581876532579
855 19.812312714895036
856 19.53201598732435
857 20.40000093736855
858 17.91576136965133
859 19.609533908723026
860 19.339920619459097
861 22.561107409163423
862 21.396803259476883
863 23.568227651541967
864 22.126058423571124
865 23.45862534180985
866 23.08206060893176
867 21.53264182130567
868 21.61647298915118
869 23.9469093374003
870 23.927463953671996
871 20.486244597779308
872 21.60376837562499
873 20.616912564183878
874 20.613630011368745
875 21.260942411162457
876 18.116736187158633
877 20.204601886115203
878 20.080722181857066
879 18.922791254959954
880 18.248908198142058
881 19.072328695372427
882 19.400156816104918
883 16.93885441299132
884 19.357297249616348
885 17.02683434995125
886 21.318410739889313
887 16.431982329685898
888 17.15543530011255
889 20.452225571459103
890 18.08467729018491
891 18.382933599826174
892 19.80556955899131
893 21.089072411057217
894 18.72661518188844
895 18.820241174157808
896 18.564968051940127
897 19.451908936012238
898 19.457983182603083
899 18.24210714700602
900 17.833672408327562
901 17.65157469384486
902 15.011341456143917
903 15.926215802072102
904 18.691360496696582
905 20.040367063069684
906 19.732459944546743
907 18.24123872750267
908 18.80030784416053
909 17.672833703199075
910 16.749577766631255
911 19.063154595175046
912 18.229158564874876
913 17.218373496656575
914 17.46612608985106
915 17.413327352066975
916 17.738968377099326
917 18.419819369926838
918 16.774048137009746
919 17.72999053081595
920 16.352380412507028
921 16.30122522193821
922 16.285294264775366
923 18.07241495069972
924 18.103699308131272
925 19.802557785823467
926 17.907267426894165
927 19.041885835857617
928 20.099627352664836
929 21.588508527071724
930 18.83142655826225
931 16.423405521472592
932 17.15070197409868
933 17.311586252715873
934 20.087724172560474
935 18.56844396001454
936 20.174159743766705
937 20.755316116474493
938 21.281879124924302
939 19.103698076237706
940 16.33438044727331
941 18.18641454507063
942 22.80430894001613
943 21.875428470204938
944 22.62502276308428
945 19.466784279427344
946 22.17128272205648
947 21.159695888039685
948 20.637823438544807
949 21.224403482059337
950 23.71975925532513
951 23.745626242889173
952 23.02114610803449
953 21.090169101470096
954 23.68324198575795
955 20.827680605073148
956 19.588087619266414
957 22.492211313696412
958 17.147075125897658
959 18.897367997594813
960 17.355916711088675
961 15.3791969599635
962 17.227881701522172
963 16.367203715777432
964 18.307457319056645
965 13.927244280288543
966 15.844170374340358
967 15.943176071143457
968 15.007472131779362
969 16.553521593703028
970 18.980724635871006
971 13.835098342850007
972 15.642214671260252
973 15.087284230281282
974 15.294727366158426
975 13.824264789589284
976 15.4431270319535
977 17.068326938836286
978 16.728481381565135
979 16.717755700392804
980 14.466950600968719
981 16.232970010711682
982 17.407883105124025
983 14.870304861658138
984 14.69188567500819
985 12.862476995362162
986 11.52167474927911
987 13.773536187242014
988 13.267582130071032
989 12.243679394430181
990 11.98950555604433
991 10.184136122718
992 16.579687384592553
993 12.334942059082216
994 14.759008515976207
995 12.58887527289914
996 15.218436314969345
997 14.7791968430177
998 13.722586489707954
999 13.269939159493992
1000 11.481538312969345
1001 14.100955383779336
1002 12.171443939940081
1003 15.680918440292944
1004 13.99777728163827
1005 13.788900303026
1006 14.417008421647374
1007 14.49424392075801
1008 17.454525661705826
1009 15.180402845585688
1010 14.934407035415505
1011 18.128194711191536
1012 16.926899253834804
1013 15.310970318305774
1014 13.125727379979958
1015 14.577463916885561
1016 11.488631521060503
1017 12.18501376881146
1018 15.814319909060938
1019 15.832538632664196
1020 18.160504515485076
1021 12.373207344005081
1022 12.36702899678465
1023 18.43534555759532
1024 15.789584543707543
1025 16.983942563974395
1026 16.63647251937412
1027 12.633171491051211
1028 11.398862507672451
1029 5.8386196240059265
1030 10.07085419699996
1031 8.260909857065966
1032 9.76811762138013
1033 10.39964585508436
1034 10.349910973945171
1035 12.319658562837606
1036 11.000023534819237
1037 6.819578449056011
1038 6.000773577608599
1039 6.660880602568266
1040 6.46651882082743
1041 6.836693655054732
1042 8.141624534892701
1043 7.742998795275445
1044 5.17720087650802
1045 6.518162507404309
1046 6.666505685022537
1047 4.9084904990744604
1048 2.6597635838159874
1049 2.6750963528138394
1050 6.474788596338041
1051 3.2697869199356075
1052 4.713787852655056
1053 3.495059454854098
1054 2.594194387291281
1055 2.8190256277883305
1056 2.8810612577634958
1057 5.258493574351224
1058 2.8773196102842316
1059 2.618017235549291
1060 2.7357507655145152
1061 2.662165527826638
1062 2.8347457303547667
1063 3.275152841978411
1064 2.5060616512170846
1065 2.5473008325256834
1066 2.692893341162013
1067 2.724434656701197
1068 2.7769292494637337
1069 2.539891505601085
1070 2.572742213350962
1071 2.7550081267674345
1072 3.3535563589556503
1073 2.7034915383445264
1074 2.5703392855808773
1075 2.4981330968850983
1076 2.6604527545650596
1077 2.7380874379823203
1078 3.6538585002356605
1079 3.2827628329955707
1080 2.429220443469923
1081 2.819613637773711
1082 3.138916476458762
1083 3.4196536322793896
1084 3.043217816149937
1085 2.5463150482250057
1086 3.0443330342258506
1087 5.05799078739558
1088 5.208905318465596
1089 3.4929780639223083
1090 6.8057902069207294
1091 9.224266859245907
1092 5.721775976187687
1093 5.553880688841045
1094 9.083636148523334
1095 5.57770281974892
1096 7.3173524902834135
1097 2.6411453170067865
1098 2.800627558001813
1099 2.9665833584982115
1100 2.625671941877785
1101 2.774025831087923
1102 2.7277595381192263
1103 2.7330680213598786
1104 2.7589806413065743
1105 2.8379457039363123
1106 2.861739563802193
1107 2.783286602649059
1108 3.0447210119647625
1109 3.1626168333651448
1110 2.540144707473434
1111 2.7557560243768124
1112 2.672406351362994
1113 2.555903159496139
1114 3.0676688906308227
1115 2.5432975929878032
1116 2.7468186809976793
1117 2.612548147829323
1118 2.7334189009421115
1119 2.578496773029945
1120 2.634195134915318
1121 2.528208556881039
1122 3.290247931607665
1123 2.990202577042561
1124 2.6755041707611817
1125 2.8553097462488513
1126 2.8768756385986167
1127 2.65429024789217
1128 2.7291885265494154
1129 2.450744379119831
1130 2.607419530080784
1131 2.7643512139942237
1132 2.6403470007876684
1133 2.5673807703797826
1134 2.5519894774597396
1135 2.702533863591211
1136 3.189374937824521
1137 2.9843136968221486
1138 2.617828705560361
1139 2.830694532065606
1140 2.5280893745341246
1141 2.607386367102123
1142 2.715016487622777
1143 2.6097317539613876
1144 4.961753700851332
1145 3.093809692055379
1146 2.640827687594556
1147 2.7547953817582687
1148 4.459380246029356
1149 4.616307786863352
1150 8.021544630704787
1151 8.56552430569662
1152 7.769356318146965
1153 8.630062203477477
1154 7.553233639172301
1155 4.532461249417156
1156 3.3781452399071332
1157 6.18272432382712
1158 5.863098665106546
1159 7.0556648560924895
1160 6.179732390357424
1161 5.647332492353572
1162 7.4336394948599995
1163 11.038383116012099
1164 7.909144014131646
1165 8.673622173198398
1166 9.796139610869412
1167 5.174232615464721
1168 5.16701282037376
1169 9.326824081996913
1170 8.446262368533333
1171 4.091651714683818
1172 3.259263750277436
1173 5.165980553110787
1174 6.027836916546341
1175 10.988466959794296
1176 5.42005475569228
1177 4.097031835476785
1178 6.610286730904933
1179 5.014397131301288
1180 7.399333179640555
1181 9.273118346067498
1182 7.899733821202286
1183 12.76246218008648
1184 8.057605898615456
1185 8.044599766517285
1186 7.717557843298806
1187 9.02684090138821
1188 6.964079664429589
1189 7.16850777116757
1190 7.188073350201457
1191 7.824208534750752
1192 5.155195767591571
1193 5.523615933734819
1194 8.549376160026927
1195 8.150821940158734
1196 5.204720479477903
1197 5.669907204544007
1198 7.977357997704205
1199 11.97331766066705
1200 9.788837725857832
1201 7.294927630836549
1202 5.22395307137191
1203 4.442057887700881
1204 4.9600759208162
1205 7.159740279619575
1206 7.32770555107256
1207 5.649551899517875
1208 5.109273717819958
1209 3.316590259194341
1210 3.2084337478945213
1211 2.7724782919841298
1212 2.5435313323834805
1213 2.5200245659260867
1214 8.411170963054767
1215 8.452985842129719
1216 10.437506233332462
1217 10.22755645154844
1218 9.08845104269401
1219 2.7614258383830443
1220 2.873209084160312
1221 2.70261253300991
1222 3.0423395864068055
1223 2.608400711638804
1224 3.271066386314266
1225 2.800775361749047
1226 2.841436745604167
1227 2.6179392635357934
1228 2.730838941006712
1229 3.055296172984839
1230 2.6228268458770687
1231 4.313049012383329
1232 2.7015799447801645
1233 2.6552188215683885
1234 3.043428048970279
1235 3.2551649039652166
1236 3.0205466944162085
1237 3.2972406315955722
1238 2.5857719906685803
1239 2.855903356984653
1240 2.7298725274550275
1241 3.0743179959372355
1242 3.2503250062878144
1243 2.69104808824609
1244 2.5864143772933375
1245 3.15307624796034
1246 3.206462000815042
1247 3.3104113838939426
1248 3.2252139521235947
1249 3.363388478266753
1250 2.746481018216906
1251 3.0537652532720196
1252 2.697055428324058
1253 2.8424215268723896
1254 2.8817754835795557
1255 3.609975986562811
1256 3.617488510026731
1257 3.344050166565684
1258 3.3488890593074863
1259 2.635782452109273
1260 3.1249326821383656
1261 2.4912330745602884
1262 2.7394567457895023
1263 3.0471477817638735
1264 3.0587466868444038
1265 2.9132422369991677
1266 2.963634448493925
1267 2.7061822662181734
1268 3.4439101764589557
1269 2.673804961333034
1270 3.29660982392693
1271 3.5125514168583254
1272 3.5276773381430093
1273 3.4892041590428176
1274 3.8716061717418255
1275 3.698413193334927
1276 3.498916712940779
1277 3.4819548630082355
1278 3.637202429910943
1279 3.591183903403244
1280 3.585229568901909
1281 3.4095486912311825
1282 3.731638692116971
1283 3.41908821980843
1284 3.7084438817658505
1285 3.1600346005648325
1286 3.7054631059944385
1287 3.4006551555644213
1288 3.4738784864016816
1289 3.0878482052073633
1290 2.729046613920894
1291 2.883385744751277
1292 2.9423969294221926
1293 2.5204840431421416
1294 2.985901195783975
1295 2.670960994187606
1296 2.703721219923337
1297 2.6271934430624135
1298 2.602602267059774
1299 2.9952581762674915
1300 2.8698028640347335
1301 2.9608042668235566
1302 3.544924876035124
1303 3.505037464808485
1304 2.682960258881181
1305 2.8234744643019014
1306 3.4434139419817917
1307 2.6685225155802828
1308 3.075879524074875
1309 3.0389694173602173
1310 3.2468369918546576
1311 3.399937154982747
1312 2.8996913651013765
1313 2.9391216481601212
1314 2.880542154410215
1315 3.2134326148142986
1316 3.961207458519594
1317 3.162219917541506
1318 2.9345635934843437
1319 3.6003297519169517
1320 3.053970879819129
1321 2.818482361002227
1322 2.7069107307786595
1323 3.1598280575062025
1324 3.0232359398718787
1325 3.2837070030445576
1326 3.268928633236674
1327 3.072372131439148
1328 2.7295833688986724
1329 2.6270248259385487
1330 2.7390641414424235
1331 3.8232956587535956
1332 2.575615502136534
1333 2.938812336719516
1334 4.46945432536929
1335 3.514812274983519
1336 3.3000233921075046
1337 2.9639415000487266
1338 3.5535273652023918
1339 3.2451339388417364
1340 3.573812984141043
1341 2.9509414445678392
1342 3.3774058825953857
1343 2.887508920112099
1344 2.767066968287849
1345 2.857151338231976
1346 2.9466124400491434
1347 4.341117001778297
1348 3.1019703845663646
1349 3.576064760018075
1350 3.2120234890846686
1351 6.3370394025856305
1352 5.840162256287376
1353 8.096297966687551
1354 4.994690983320941
1355 6.5085956686634665
1356 5.306041214541862
1357 6.07139386835059
1358 6.843910689467389
1359 5.580555467069854
1360 2.927048717119424
1361 6.06366891618567
1362 5.523510213236146
1363 7.471717663038114
1364 4.506692714923603
1365 7.2837291282935395
1366 7.150024972623116
1367 6.768327958776952
1368 7.0016275214138055
1369 6.035615798398775
1370 6.996862225959753
1371 6.6960284313127305
1372 5.157435870385905
1373 5.653587564541327
1374 5.029439453987557
1375 4.6318202126577335
1376 5.262852590172527
1377 6.313176055062752
1378 5.33954139483546
1379 5.110908564889412
1380 5.937739271884709
1381 4.831519403407401
1382 5.840766255915795
1383 4.661239601099339
1384 4.757027166048819
1385 4.680153553883621
1386 5.169341623249292
1387 3.0133402416980823
1388 3.4985921655027705
1389 3.4146250332165637
1390 3.5718780161998165
1391 4.881818367705656
1392 4.591799407835426
1393 5.211080911281188
1394 3.3189676164162245
1395 5.14551103210146
1396 2.7615427935303605
1397 3.3806756794636166
1398 2.889218832133147
1399 2.940193162146687
1400 5.568894726108202
1401 4.771843605045424
1402 5.084567588203247
1403 4.077649351528415
1404 3.310265226773759
1405 3.140381025054407
1406 6.281257183320503
1407 5.86946913936134
1408 5.756234212749983
1409 6.700327586811734
1410 7.02117162942841
1411 6.494427974031238
1412 6.474839034515285
1413 7.380280060973504
1414 7.889632700217462
1415 7.541725131636631
1416 7.083831551854327
1417 7.101828867735781
1418 7.139088799171287
1419 6.70259201698122
1420 7.727895133796404
1421 7.810386580354096
1422 6.5981488319411765
1423 5.999340267153486
1424 5.2840041255381545
1425 5.014184180220645
1426 5.509139044183892
1427 3.7127615658947333
1428 3.5113025791464705
1429 4.939120530992793
1430 5.438222357252817
1431 3.142478839624735
1432 3.4525804810694063
1433 3.564404758248104
1434 3.275743257949068
1435 3.400682470834286
1436 3.922950451711819
1437 2.9387428177886408
1438 2.8967064822585153
1439 3.6786761896555262
1440 3.2400877674621857
1441 3.571335353779812
1442 3.206904911732539
1443 3.6494601066221746
1444 3.3254712906507273
1445 2.7756746083257147
1446 2.8747481409351945
1447 3.4154079246150255
1448 2.6325707888311194
1449 3.6358129494280518
1450 3.418971250096566
1451 3.6327536027250025
1452 3.0317926911338944
1453 3.542578938859465
1454 3.637154286536163
1455 3.672274555222948
1456 3.447835178255415
1457 3.7156180141646544
1458 3.593414454663877
1459 3.5577712649864686
1460 3.809051192282891
1461 3.591568486149192
1462 3.289080307268582
1463 5.872895725215161
1464 5.320813336839836
1465 5.355806724558136
1466 5.954000313844401
1467 5.771183554848823
1468 5.227937945827349
1469 6.0103998126750104
1470 6.072591402792557
1471 5.966815372439979
1472 3.4891923867494348
1473 4.197799065250931
1474 3.504093779178984
1475 3.563658435829552
1476 3.162632748439461
1477 3.4541820656560778
1478 3.5927475758928495
1479 3.560851953560118
1480 3.5827380179237345
1481 3.547933983741211
1482 3.722652991378088
1483 3.5774509484900396
1484 3.5230213692973633
1485 3.7790120881495675
1486 3.5476898871666704
1487 3.7656246458442864
1488 3.164577756563897
1489 3.362539677620293
1490 3.7854079411977843
1491 3.4808392814950215
1492 3.6011037823506102
1493 3.7558269921962166
1494 3.377875254340882
1495 3.6399015098954477
1496 3.2110536028748182
1497 3.550740180424588
1498 3.4796354203934787
1499 3.338143241246075
1500 3.7305656094265762
1501 3.6495895773723928
1502 3.8868195629254414
1503 3.660920375527777
1504 3.4127829137234373
1505 3.489398378915694
1506 3.177122198266584
1507 3.765767012205157
1508 3.6271554681636182
1509 3.376543849027994
1510 3.508363555514247
1511 3.6424898393299876
1512 3.613136993531747
1513 3.3518507752294693
1514 3.637920526799032
1515 3.6241904813650234
1516 3.4976688617487803
1517 3.384851001069996
1518 3.695632835575171
1519 3.4418665989406536
1520 3.285554494540849
1521 3.578075952135909
1522 3.534083870073236
1523 3.6029318251722753
1524 3.622779028173752
1525 3.618862163807129
1526 3.6016436075859053
1527 3.4519482367693377
1528 3.3932016898274586
1529 3.6439958197673006
1530 3.245975882059926
1531 3.6940656520840913
1532 3.320243772497084
1533 3.6883169050209443
1534 3.3853106019575065
1535 3.3085525026117955
1536 3.509859587863018
1537 3.341682661241066
1538 3.3043061241056595
1539 3.7775320825163714
1540 3.1115804572940404
1541 5.289728082114342
1542 3.581635147142387
1543 3.5508172388882056
1544 3.713725156495782
1545 3.6416089419459494
1546 3.678598567074588
1547 3.435291756538257
1548 3.547763608759858
1549 3.7369526058194613
1550 3.45254658086869
1551 4.035236007996207
1552 3.4481410728905213
1553 3.4170982132554664
1554 3.7589563079897332
1555 3.6222763302121925
1556 3.6879534335647897
1557 3.570101040407717
1558 3.701143086554285
1559 3.6835113791911676
1560 3.3698125838179243
1561 3.375209891344262
1562 3.5987250037014933
1563 3.8049140836319353
1564 3.358832647000347
1565 3.5496917646715844
1566 3.6415830724516876
1567 3.6859864832486724
1568 3.7369260029598936
1569 3.7157179685859525
1570 3.8059506223125648
1571 3.4844901396458132
1572 3.6436742316601856
1573 3.335420182741397
1574 3.7865061993483904
1575 3.542980062823996
1576 3.9728478110485943
1577 3.625954478077103
1578 3.3491958664251267
1579 3.892823675539067
1580 3.763754062257551
1581 3.449858066915004
1582 3.687788420600436
1583 3.651330046914083
1584 3.611540187377211
1585 3.621702528983137
1586 3.435783761040009
1587 3.4037745332252696
1588 3.3263458038693923
1589 3.668481195092144
1590 3.647421343714898
1591 3.1654295614681884
1592 3.254756664568223
1593 3.040954334164541
1594 3.34828780461834
1595 3.2021195776084914
1596 3.417853648512662
1597 3.379545141237461
1598 3.5744686151191387
1599 3.5592604822752114
1600 3.524929315605195
1601 3.533196400385386
1602 3.5423417060762192
1603 3.270170824448521
1604 3.4270774842479685
1605 3.5240060984565984
1606 3.3055642398616074
1607 3.7409943453242547
1608 3.6055467404235717
1609 3.282230493393821
1610 3.24581930389187
1611 3.64977695902183
1612 3.3686580304313494
1613 3.4924569269196235
1614 3.270588695954969
1615 3.399713906539348
1616 3.5676086862654985
1617 3.7110597426446383
1618 3.640612567471928
1619 3.760964409941682
1620 3.388643005111814
1621 3.6479070435029475
1622 3.462517861004187
1623 3.435479075693136
1624 3.5187398130808383
1625 3.5922787796248836
1626 3.7704312368819104
1627 3.6848418302545136
1628 3.521006446361465
1629 3.5824908553666286
1630 3.3166764001252935
1631 3.4373010564789865
1632 3.108007300694841
1633 3.6534834635569338
1634 3.4251360883238497
1635 3.4410554885669673
1636 3.6884605351596758
1637 3.228876962445705
1638 3.775882287418887
1639 3.3576048050039224
1640 3.5463537335129742
1641 3.476726596163215
1642 3.5881942866288976
1643 3.4983835906338685
1644 3.422729670863254
1645 3.665255355386146
1646 3.6539656768096638
1647 3.41494225025637
1648 3.7621491799313773
1649 3.546731513824757
1650 3.4482574106821544
1651 3.2699628973711863
1652 3.3324336230401923
1653 3.5143618564222767
1654 3.2601033155894616
1655 3.753127583297481
1656 3.599424970058189
1657 3.636221108377554
1658 3.738068954596486
1659 3.6290012963653533
1660 3.865364213887788
1661 3.6300883775828425
1662 3.400177150828584
1663 3.58284244410141
1664 3.6455857851535374
1665 3.755708682546965
1666 3.585842697934705
1667 3.7713590077919665
1668 3.8318220198045245
1669 3.502382638460642
1670 3.603726168479144
1671 3.6499282407719016
1672 3.782448647828259
1673 3.601265650898092
1674 3.5466437476261334
1675 3.5096508204656534
1676 3.728611196148481
1677 3.7241834620760295
1678 3.3238958538492946
1679 3.716254319483319
1680 3.2594045891037076
1681 3.3705290852791254
1682 3.566558891905023
1683 3.673599656065212
1684 3.3962066254521206
1685 3.418884193042787
1686 3.512140877933859
1687 3.4615492753474815
1688 3.700207508765718
1689 3.5088037783715342
1690 3.6071105175968734
1691 3.69586963171436
1692 3.740900221004339
1693 3.7954926874037125
1694 3.7291602928681526
1695 3.5132103135387336
1696 3.417074662996679
1697 3.90817379346211
1698 3.806366354287498
1699 3.60554634558159
1700 3.7270449633249467
1701 3.860252806533366
1702 3.6759987311999907
1703 3.7921112420561136
1704 3.649352592018777
1705 3.531742452182061
1706 3.671967445648235
1707 3.43466308609057
1708 3.5574041881059553
1709 3.5334504461139056
1710 3.3736476593035993
1711 3.736673074854854
1712 3.504728784902827
1713 3.324562753943211
1714 3.55475043600365
1715 3.5346151726955672
1716 3.6273746103385194
1717 3.712654461356734
1718 3.676111709305925
1719 3.753862120294805
1720 3.630718873360719
1721 3.37801619419403
1722 3.373668307562569
1723 3.545178145873942
1724 3.581125047688333
1725 3.710104042918994
1726 3.366396715529516
1727 3.6042235388317736
1728 3.821011340112198
1729 3.80385624502574
1730 3.6741885964625776
1731 3.5823342876400486
1732 3.52651267441259
1733 3.277652298040963
1734 3.6960186858263846
1735 3.5309414977811877
1736 3.3541370149527383
1737 3.600824122313157
1738 3.5995166581341533
1739 3.9202401644270566
1740 3.4596075243360027
1741 3.5810198877291812
1742 3.6704079879886695
1743 3.8074303195020747
1744 3.6555785768833355
1745 3.5958783341876868
1746 3.6623124560413314
1747 3.747870307939102
1748 3.6870760701288408
1749 3.491735861119493
1750 3.5737269611322047
1751 3.4661680367184697
1752 3.73923205993773
1753 3.75121609920937
1754 3.69972757687546
1755 3.4904633821909252
1756 3.611929224670511
1757 3.745038087293084
1758 3.601681216281518
1759 3.5272330703178474
1760 3.4042505761019526
1761 3.389887457146329
1762 3.3923984864992023
1763 3.6818776882039392
1764 3.7756849018845706
1765 3.5082063945030533
1766 3.662829005130956
1767 3.4190458575388516
1768 3.317305105389982
1769 3.6521375451556057
1770 3.7825108521916824
1771 3.780943149397812
1772 3.589958790836731
1773 3.389715245088095
1774 3.649746562781413
1775 3.8265051232385607
1776 3.6613694148267606
1777 3.7891027647686766
1778 3.741362353378871
1779 3.2225013566091314
1780 3.594882425186123
1781 3.6134635954835246
1782 3.672731102001882
1783 3.67073039653144
1784 3.380151705086852
1785 3.241828053781998
1786 5.419439957179813
1787 3.374760046453168
1788 3.689236554201033
1789 3.7076470041614016
1790 3.7471167557665277
1791 3.6989664104324977
1792 3.496483561999809
1793 3.7246128508856677
1794 3.7896230456900355
1795 3.575055466020139
1796 2.9659758564100893
1797 3.1488329759519074
1798 3.0955923955086773
1799 3.0663493622891873
1800 3.579380893347682
1801 3.3565193244986777
1802 3.6837989686396724
1803 3.4794890375047625
1804 3.3273517064936713
1805 3.3928500644384862
1806 3.3257981091405817
1807 3.514719361436401
1808 3.5123980628608327
1809 3.284926611609344
1810 3.304316340637983
1811 3.7021929969237353
1812 3.617635843288879
1813 3.6792038159956335
1814 3.838720907532375
1815 3.3389857834436802
1816 3.3590961962035752
1817 3.1684123357663374
1818 3.7759661461628333
1819 4.824387249400188
1820 3.603710661222721
1821 3.751731346544085
1822 3.141960191397502
1823 3.718500401947648
1824 3.7228659076636563
1825 3.4970476762541964
1826 3.7292064045549314
1827 3.792104440382356
1828 3.502507533767467
1829 3.500531645154272
1830 3.6868887424578394
1831 3.730372834189618
1832 3.7226017945199206
1833 3.664728666206636
1834 3.826779499673272
1835 3.3173347686151318
1836 3.7994492740171277
1837 3.6090237514283108
1838 3.539200252575777
1839 3.824035868089807
1840 3.4983146564011434
1841 3.412939434003026
1842 3.464540738588177
1843 3.4759310662599003
1844 3.56294250867503
1845 3.5517357546404194
1846 3.8860968810019103
1847 3.5440177656561502
1848 3.595562775645872
1849 3.602153710302772
1850 3.5344192630102547
1851 3.45849624327283
1852 3.597339875224888
1853 3.610309458652724
1854 3.671602812823262
1855 3.663695400513692
1856 3.5658441087381054
1857 3.5342078860027857
1858 3.6817026035243092
1859 3.7292500271222213
1860 3.740820548879883
1861 3.454517996667699
1862 3.627042344386632
1863 3.6291325271050843
1864 3.6455597046740795
1865 3.5595962552678233
1866 3.530113046588852
1867 3.439134860709047
1868 3.6978452887399174
1869 3.5427281668064654
1870 3.5451182344941308
1871 3.6453044712934903
1872 3.6420409580100532
1873 3.5679769993559307
1874 3.587240230723598
1875 3.7528750439217546
1876 3.6084010721937143
1877 3.736871770721672
1878 3.5739544527528553
1879 3.2914113481576006
1880 3.954283048753829
1881 3.827825746455261
1882 3.462882537534498
1883 3.714064476133861
1884 3.2711648677996346
1885 3.4252472997512013
1886 3.3534622552463778
1887 3.510606560098444
1888 3.300778517937094
1889 3.769537768574885
1890 3.53181968752475
1891 3.0560953337610544
1892 3.414245696202833
1893 3.4433103628471864
1894 3.671634003277893
1895 3.141607876370877
1896 3.469298627045082
1897 3.196141903184394
1898 3.552216169601586
1899 3.7202242449372407
1900 3.64989766434781
1901 3.7623837649659015
1902 3.7179796860979772
1903 3.575698784249995
1904 3.7796163182630362
1905 3.43239507927606
1906 3.509619110831053
1907 3.4231733811371714
1908 3.7573896435324388
1909 3.7766199234236524
1910 3.5510022644741084
1911 3.3013834140163523
1912 3.4156721098854805
1913 3.683312600715705
1914 3.632886156021552
1915 3.456772957345215
1916 3.5383656012292293
1917 3.7118236990826703
1918 3.832298182924175
1919 3.604540217657667
1920 3.653887786932027
1921 3.4906645037849984
1922 3.6885867034611772
1923 3.8194832021854666
1924 3.401328001635496
1925 3.5517760613156604
1926 3.730689641285187
1927 3.5634034999978126
1928 3.606126553708321
1929 3.8460946498051363
1930 3.4677813272173608
1931 3.6800151107319112
1932 3.5412725779849126
1933 3.3412287876498254
1934 3.6362514989258883
1935 3.5711797870987194
1936 3.459574495964279
1937 3.1622862404311527
1938 3.766967520347119
1939 3.4690205214695746
1940 3.634030727783503
1941 3.4263487606383336
1942 3.612520016114941
1943 3.355742143626719
1944 3.1999103371462634
1945 3.4248554416431687
1946 3.4775723232830975
1947 3.5583222402645514
1948 3.574986032741148
1949 3.4475936219708703
1950 3.5893711959110854
1951 3.633764693971926
1952 3.5348633791895345
1953 3.791918552516654
1954 3.6364322704547254
1955 3.455232167816213
1956 3.7807107033288165
1957 3.643359017338883
1958 3.780089254391284
1959 3.674608646665004
1960 3.5836427728104634
1961 3.7167007701552635
1962 3.4817475305020245
1963 3.7913215801006017
1964 3.6275086690066742
1965 3.6455888477324256
1966 3.5255979141931575
1967 3.609999257773188
1968 3.497688648966439
1969 3.815410626912566
1970 3.513433052353214
1971 3.280424464609474
1972 3.399507641773501
1973 3.4867374851637747
1974 6.929766439932257
1975 6.586946907813882
1976 4.714695463571122
1977 5.445481620347497
1978 5.331303479982034
1979 5.430768653749421
1980 3.8523575042416165
1981 3.510639162288252
1982 3.8797650315291294
1983 3.6381668981255086
1984 3.6758008696185334
1985 3.6875299120754272
1986 5.875824261061108
1987 3.6465660421301935
1988 3.788603952201803
1989 3.9798517243643774
1990 3.7125843120218844
1991 3.7965262386544345
1992 3.812308456664297
1993 3.821663887392739
1994 3.773096703725201
1995 3.694526742207637
1996 3.595675523135658
1997 3.545679945430818
1998 3.6180142862904208
1999 3.784597167699379
2000 3.5949741350960664
2001 3.6244816185062425
2002 3.8333580355566985
2003 3.6712879962150984
2004 3.697952325184447
2005 3.691699893249425
2006 3.4764190035798532
2007 3.8992832863505713
2008 3.711192231407535
2009 3.7568441429527644
2010 3.7190645202553414
2011 3.834606665546095
2012 3.6112834561599736
2013 3.6743365022931136
2014 3.8266534452417837
2015 3.6608724536139805
2016 3.802130497041421
2017 3.7502417390413028
2018 3.6320710626158097
2019 3.763101778389881
2020 3.7066882254539433
2021 3.7967354876530903
2022 3.7818646630511807
2023 3.787951181278694
2024 3.5117991139848823
2025 3.6088277793495895
2026 3.6175694891526162
2027 3.7606869017502813
2028 3.6964651314213026
2029 3.4419867970479414
2030 3.7263359187456047
2031 3.6254177165389057
2032 3.597717429799009
2033 3.548774878136499
2034 3.612659563922325
2035 3.7661692577328396
2036 3.644206177308025
2037 3.663447233544549
2038 3.4905435234047486
2039 3.6235508999140666
2040 3.669997146979911
2041 3.624946855670793
2042 3.611378045237368
2043 3.617545064504626
2044 3.6013492760030403
2045 3.6121399096924
2046 3.4928381319462773
2047 3.596468255275802
2048 3.4976610531932164
2049 3.60745031374194
2050 3.6884954524942866
2051 3.2006969203296904
2052 3.5782726542698686
2053 3.579616932767433
2054 3.663753514883495
2055 3.641761287235304
2056 3.4697261744155288
2057 3.6599222427251195
2058 3.645202644106081
2059 3.6051860195303167
2060 3.7851921736304392
2061 3.568511007829706
2062 3.6391803724150993
2063 3.6848249599342786
2064 3.7685833033299345
2065 3.6831302602319944
2066 3.752336186366787
2067 3.7554305052075256
2068 3.6290676430794333
2069 3.605586041615858
2070 3.7679235913630684
2071 3.6786850360834498
2072 3.6135529479850432
2073 3.4617241875398372
2074 3.5867995276789997
2075 3.452597355672152
2076 3.465080242701879
2077 3.6182137054061085
2078 3.612688945546987
2079 3.601176484619784
2080 3.243308641345273
2081 3.7626246747251373
2082 3.2668866012234137
2083 3.8194277119995563
2084 3.6209332164269044
2085 3.6304840902305235
2086 3.5214981577888507
2087 3.382255791248004
2088 3.525821349212446
2089 3.728951166287181
2090 3.7180960684786495
2091 3.506007450956453
2092 3.6246055007519042
2093 3.2362939061347085
2094 3.5367384410480245
2095 3.5891401059073393
2096 3.732951242881623
2097 3.5750346776298323
2098 3.5792265750275525
2099 3.291332485211836
2100 3.610275342179345
2101 3.7901145432617267
2102 3.6269715943444627
2103 3.5216770408118765
2104 3.7269486461887427
2105 3.63003734643122
2106 3.7830299711214233
2107 3.6714286649065615
2108 3.503219092205874
2109 3.6797219851433445
2110 3.541643827228309
2111 3.6375090281581453
2112 3.675336326729823
2113 3.8440461786085383
2114 3.7069069468513365
2115 3.8636285173971308
2116 3.6449292175825807
2117 3.734118805977238
2118 3.660097165512503
2119 3.6876496055154244
2120 3.51787484520739
2121 3.3924494398458944
2122 3.704812959182443
2123 3.6932439861720234
2124 3.5905207910285206
2125 4.0907839953116145
2126 3.2891753425427117
2127 3.456907769246711
2128 3.3821950676147043
2129 3.472035430747594
2130 5.660189991924551
2131 5.231683058817189
2132 3.993579932763591
2133 3.3785124224101306
2134 3.572522979314467
2135 3.4015743124937696
2136 3.4447694027586753
2137 3.28723497978259
2138 3.1907258024228793
2139 3.665584672664003
2140 3.676055329848459
2141 3.743440122998281
2142 3.123623450725094
2143 3.3944735700664794
2144 3.506430333474826
2145 3.5506140203214307
2146 3.812535944935262
2147 3.913370700080414
2148 3.7081158845301787
2149 3.7797419315649052
2150 3.7728641483479626
2151 3.4195208752696
2152 3.63884879133808
2153 3.739437532615633
2154 3.7584595686109514
2155 3.8154914845693053
2156 3.7762116844426123
2157 3.757971794678013
2158 3.6478135689670244
2159 3.771114552329543
2160 3.7135805639024375
2161 3.7293377371802
2162 3.8508128905754697
2163 3.59523394422544
2164 3.394005406007562
2165 3.6309217547247297
2166 3.5511892144003268
2167 3.7547097243575935
2168 3.806149770740107
2169 3.7723568012861852
2170 3.6928925752866135
2171 3.515149371057089
2172 3.6787535283421695
2173 3.64105371000871
2174 3.624017054657672
2175 3.6316173431014875
2176 3.903015419784644
2177 3.715001057656156
2178 3.5448214797264326
2179 3.5659113057741223
2180 3.5727634631255625
2181 3.7916587893541136
2182 3.7556420831143558
2183 3.679899672721438
2184 3.491908405649492
2185 3.618263237512339
2186 3.649697638970107
2187 3.6851355541544977
2188 3.521352445707581
2189 3.7581159698777884
2190 3.4673259693124248
2191 3.8111147093476876
2192 3.592283115223781
2193 3.6564302001493423
2194 3.605520759894055
2195 3.679430933792707
2196 3.738292439955364
2197 3.712697192575402
2198 3.6973785134917976
2199 3.7237548004523817
2200 3.539936800474472
2201 3.6471460981546624
2202 3.5386456281361642
2203 3.5110843711475104
2204 3.511855469570059
2205 3.5091279164452085
2206 3.7460476606599173
2207 3.649306448692737
2208 3.300428535854935
2209 3.7486313367514525
2210 3.735899243152826
2211 3.590911404418465
2212 3.679743153304407
2213 3.723678941214923
2214 3.6530183087827357
2215 3.3671112892057415
2216 3.8280571865031567
2217 3.9942801022499324
2218 3.6950989404698453
2219 3.6014259892489573
2220 3.5386331706185925
2221 3.8166849255764683
2222 3.1920449775052497
2223 3.397717924899619
2224 3.5394536875945213
2225 3.3341163230901105
2226 3.2800342439480907
2227 3.498324820802295
2228 3.765949852679752
2229 3.7541670369963116
2230 3.78702795047767
2231 3.5208162020390628
2232 3.702579957667696
2233 3.6818095978318497
2234 3.9147965356272127
2235 3.752082754952848
2236 3.752044959197322
2237 3.754608324250361
2238 3.617558238122143
2239 3.6765301517010447
2240 3.657001860587572
2241 3.616991872161193
2242 3.6927788329475475
2243 3.6158378858419638
2244 3.5269202317088353
2245 3.7163590634816734
2246 3.683741208607864
2247 3.718365968309179
2248 3.5943460112130348
2249 3.6909928245015067
2250 3.508625645031487
2251 3.3678616911399377
2252 3.68289782580031
2253 3.6534593696427007
2254 3.5244245724562293
2255 3.4561853317109694
2256 3.6171049411394733
2257 3.7181631319554382
2258 3.644225807396936
2259 3.6518981364705585
2260 3.6267643373577627
2261 3.7097602754470307
2262 3.456018529508479
2263 3.406012221580633
2264 3.709146146591633
2265 3.740685034046277
2266 3.677725336892554
2267 3.4871076181351257
2268 3.791095369625479
2269 3.6773942022727417
2270 3.6900612199042073
2271 3.721347036442256
2272 3.4674894662504885
2273 3.426575353376521
2274 3.7521380635881854
2275 3.5977264897154893
2276 3.8062684095277888
2277 3.598725607906821
2278 3.785858945758837
2279 3.676207255640834
2280 3.5886674615046354
2281 3.557639124412218
2282 3.3168252744485565
2283 3.560559770106822
2284 3.6750920527410558
2285 3.7167691604379955
2286 3.51594211006879
2287 3.7214546321136632
2288 3.4087888380306866
2289 3.7657050410091295
2290 3.662010279707478
2291 3.8156482318867613
2292 3.7943945151145138
2293 3.6972106762724564
2294 3.267581320751969
2295 3.8469879279643964
2296 3.6417846748095934
2297 3.718786706270264
2298 3.60145465898292
2299 3.572709235543825
2300 3.7566880045917834
2301 3.6918357976007457
2302 3.4767909168330906
2303 3.492534459138329
2304 3.7797784746488836
2305 3.526247929868634
2306 3.557446864295687
2307 3.737352367944674
2308 3.46641595750823
2309 3.264086871449706
2310 3.5160260660991822
2311 3.9590691291206928
2312 3.587784413410093
2313 4.017415344090488
2314 3.628268681382295
2315 5.020176990026311
2316 5.276103597466533
2317 6.779820978958973
2318 5.274350597309795
2319 3.4760529687291286
2320 3.790443081286525
2321 3.537310735505501
2322 3.5527876005414734
2323 3.683094414983687
2324 3.3513048619852155
2325 3.743131694808406
2326 3.798874747875005
2327 3.637834461058209
2328 3.6012796891075
2329 3.751252498565277
2330 3.617808264601838
2331 3.748084169642967
2332 3.8935687948488735
2333 3.7839831463242235
2334 3.6998028586174896
2335 3.714454624609137
2336 3.754258456100938
2337 3.719790037243389
2338 3.659642509980826
2339 5.4339030729598345
2340 6.378826167070916
2341 6.618178106543682
2342 6.247521730579192
2343 6.033626632995329
2344 5.782750598378721
2345 5.227555292276478
2346 3.5682244868865713
2347 3.62155944956173
2348 3.683839235345675
2349 3.6785587756016533
2350 3.7049008565005885
2351 3.7958828323677474
2352 3.57652839953387
2353 3.745558502359521
2354 3.8644352096348116
2355 3.6237306455531746
2356 3.5811376556375283
2357 3.6387750996063217
2358 3.6375626777464283
2359 3.776276192299091
2360 3.599816875897464
2361 3.638476866356333
2362 3.7210676593186696
2363 3.8122237631158633
2364 3.638587088476586
2365 3.6207810359188506
2366 3.5481805270649756
2367 3.7744979088027453
2368 3.6425917233348786
2369 3.3204120725013495
2370 4.0966008030284415
2371 3.780379642623698
2372 3.5368138126767015
2373 3.5869935200558323
2374 3.8047805626642273
2375 3.8113140965907384
2376 3.656297998155958
2377 3.4890566519936823
2378 3.457269576892244
2379 3.428653954512863
2380 3.439806850039443
2381 3.4702473176900495
2382 3.5367578439958716
2383 3.6322911264834725
2384 3.5220182593337843
2385 3.5437701068938017
2386 3.7249973304375765
2387 3.474538385930248
2388 3.862379969836444
2389 3.6670106364007053
2390 3.4533021372687047
2391 3.7236968508951844
2392 3.49746480689521
2393 3.433155115448748
2394 3.6304878886437737
2395 3.7365089614354177
2396 3.740975547900614
2397 3.4705209852225907
2398 3.4276175262809354
2399 3.539906164963273
2400 3.7832612246294812
2401 3.4516999253482545
2402 3.518689427458442
2403 3.649450915704692
2404 3.5593739675064535
2405 3.5546079348096544
2406 3.653110779684333
2407 3.80409120592686
2408 3.6244104290652643
2409 3.627191976652717
2410 3.410695917260213
2411 3.386780739414781
2412 3.5591479784233435
2413 3.6087619065965884
2414 3.571352018273385
2415 3.699405271841656
2416 3.5367076469055108
2417 3.361935826733425
2418 3.4605832850835747
2419 3.691900009142191
2420 3.5286369298636244
2421 3.817778779004606
2422 3.721543730710481
2423 3.523339227860698
2424 3.781754496266358
2425 3.6213429576471468
2426 3.4799164067072637
2427 3.6276873438649413
2428 3.6233355722427767
2429 3.578863364988652
2430 3.6327009656118756
2431 3.524616883584324
2432 3.708957899012329
2433 3.6443255774195324
2434 3.674477592250446
2435 3.7106947381542184
2436 3.661048327958946
2437 3.6814388955470987
2438 3.5814828092808395
2439 3.5476309629448384
2440 3.8016531675117795
2441 3.733873375212748
2442 3.508375225433728
2443 3.568261143545801
2444 3.741933098254306
2445 3.7611189388689574
2446 3.4799636619725907
2447 3.518141531830851
2448 3.5557120347070765
2449 3.827771963156583
2450 3.286608352260618
2451 3.8085549805728096
2452 3.6309009814809055
2453 3.4565130040710477
2454 3.6662715497424165
2455 3.308299070507137
2456 4.205565052700824
2457 3.342611179837073
2458 3.663185363389961
2459 3.1734073004682295
2460 3.649188690737992
2461 3.6031289981466936
2462 3.6640473922009944
2463 3.5114312651800366
2464 3.694143928824753
2465 3.8067385473597066
2466 3.9560598233836313
2467 3.504284822473032
2468 3.792850175565159
2469 4.100715260342697
2470 3.509436002892745
2471 3.6797585229884904
2472 3.911319384793531
2473 3.5210543670390373
2474 3.6812189774317847
2475 3.604111840077454
2476 3.4398948857433163
2477 3.3822317385022793
2478 3.5641833429618957
2479 3.554196446187156
2480 3.600808309728837
2481 3.653787606490457
2482 3.6818263524536414
2483 3.5747790679215408
2484 3.6915655424065594
2485 3.5298881737875427
2486 3.754153219522705
2487 3.763224889944557
2488 3.742249752388414
2489 3.4516284582316774
2490 3.673673490320389
2491 3.6584488972525637
2492 3.5952977912675608
2493 3.5101504110545605
2494 3.012111719975461
2495 4.0054627786262955
2496 3.6677843454149905
2497 3.684633735666217
2498 3.502174556187945
2499 3.4993449564992214
2500 3.622280654751475
2501 3.6007607527356216
2502 3.6524920934179232
2503 3.715642803552368
2504 3.820125339710508
2505 3.470914886111205
2506 3.7248724796146737
2507 3.565957681610908
2508 4.85147993967788
2509 3.683280308154331
2510 3.614046539749193
2511 3.6825942417602637
2512 3.5933502773250665
2513 3.769856767038669
2514 3.7009376228682975
2515 3.741185281986343
2516 3.6815598457806344
2517 3.729465507078344
2518 3.8355539003956536
2519 3.7181388364745613
2520 3.67627630210064
2521 3.7069190002105086
2522 3.6154918951283914
2523 3.827443727662924
2524 3.4423246380294357
2525 3.2873260628482317
2526 3.0951581775966712
2527 3.497972826485788
2528 3.046641791962047
2529 3.23001674116691
2530 3.891897483852968
2531 3.6154299542388255
2532 3.788655440244986
2533 3.537573000318154
2534 3.780835683179932
2535 2.972602352011343
2536 3.319956679248934
2537 2.9846215304387553
2538 3.8517954413428965
2539 3.737925407163278
2540 3.536961982717047
2541 3.6984068864754986
2542 3.4174055719147285
2543 3.3751082088529945
2544 3.5721658386871353
2545 3.6451260197301063
2546 3.6572146305318833
2547 3.3531074409441075
2548 3.3998051684201127
2549 3.6495378240492955
2550 3.764073772419371
2551 3.765616967469481
2552 3.664754396464467
2553 3.46698852903584
2554 3.6257042065875704
2555 3.4110642481256015
2556 3.458557813108389
2557 3.487406574710479
2558 7.579304778602688
2559 8.273208349710595
2560 7.919077920416603
2561 5.24064736364166
2562 5.986608968740617
2563 5.601542992154758
2564 5.315626975947975
2565 5.688013260106705
2566 7.001090163662146
2567 5.132002930057681
2568 5.199823628007033
2569 5.653555434178572
2570 7.362603761317386
2571 7.510240189821773
2572 7.724256865185428
2573 7.73003193205956
2574 7.394554657341416
2575 5.258848805235409
2576 5.302236169334076
2577 5.292044879300044
2578 6.745398568388988
2579 6.754269075979708
2580 5.775004291220172
2581 6.329079647321302
2582 7.2378610792035785
2583 8.518646074634765
2584 7.821137864639906
2585 8.183516010411509
2586 7.897737929581627
2587 5.835738606659399
2588 5.814433787930681
2589 7.065021468322471
2590 5.14542239636249
2591 5.5091418614080245
2592 6.164124492226422
2593 5.068160413368832
2594 6.571612930307584
2595 6.044423238471729
2596 8.864563262820395
2597 8.774928325480172
2598 8.325184160641783
2599 8.690140559882058
2600 9.048242692489426
2601 7.970113738433329
2602 8.473291563967793
2603 5.8086036427642656
2604 7.513815439844979
2605 6.510470608583267
2606 6.0560272487055675
2607 7.2387237543118905
2608 7.374495169538117
2609 8.052141759627016
2610 8.214682191261666
2611 7.9804405074584714
2612 7.049819074757707
2613 7.8389617874838
2614 6.823095237235669
2615 9.950172442914017
2616 8.359502809885926
2617 7.316897103275489
2618 7.928695462499607
2619 6.214154572934582
2620 8.218161270931315
2621 8.304288791477484
2622 8.042841489668849
2623 7.282799117465398
2624 7.901550045881505
2625 7.837774133978998
2626 8.436717158419642
2627 6.898908932656579
2628 6.651783350865876
2629 8.492829432444774
2630 7.516542239642593
2631 8.289661158135653
2632 8.342437038171639
2633 6.824775464736487
2634 6.844155256319638
2635 7.621390098077597
2636 8.744395265605837
2637 9.14797719657072
2638 7.339434719309738
2639 5.5606763024989405
2640 6.741309467423949
2641 7.107169603954666
2642 5.9613065229774245
2643 7.462722467273506
2644 7.423583878617772
2645 6.495827337818351
2646 8.179414094308475
2647 8.33322711032675
2648 6.473211040907653
2649 7.568860897799005
2650 7.1277911912641985
2651 8.403915905138646
2652 7.743424802391896
2653 8.361218443242025
2654 8.460810223646588
2655 8.385820981475057
2656 8.282742495041022
2657 6.975281318708156
2658 5.602595746216147
2659 5.1077070008975145
2660 5.688740012275393
2661 5.685265759084031
2662 7.110792000570066
2663 7.146569846954905
2664 6.380912441203257
2665 6.399132967393371
2666 6.981818892679061
2667 6.724337710317446
2668 7.7054648508803165
2669 7.314481319208941
2670 6.375175855417929
2671 5.39958003100823
2672 6.9998534322458115
2673 6.600959888595685
2674 5.1548041253763595
2675 6.771879184529497
2676 5.976038290688322
2677 5.602197935788544
2678 5.379458411663178
2679 7.715323678112459
2680 3.4471326813533416
2681 3.588556987678806
2682 3.639800022220962
2683 3.0749361528426014
2684 4.235403183774447
2685 3.3147082308420472
2686 3.1573862741968126
2687 3.3515581095666636
2688 3.3692481418593454
2689 2.8959095397489123
2690 4.587715642953985
2691 2.972590994896034
2692 3.347255882385785
2693 3.017073275178375
2694 2.901120316466347
2695 3.0985231782702494
2696 3.4778942573285603
2697 3.823377295674986
2698 4.466655030953097
2699 5.75461233708126
2700 4.20619054462776
2701 6.02675574955835
2702 5.842155427057568
2703 4.375720935827383
2704 5.1218455406800825
2705 3.283810035103148
2706 2.5301431547601165
2707 2.81584836491982
2708 2.7312404399553354
2709 3.502904765385416
2710 2.9174110405633473
2711 3.1226884238734716
2712 2.8282549583301266
2713 2.7637623130378492
2714 3.411084121917201
2715 3.3318288325594563
2716 3.0768110682671472
2717 3.2609409083843905
2718 3.1889886526753295
2719 3.33654338623327
2720 2.788748067735506
2721 2.7118622781255293
2722 3.3959885873958413
2723 2.568296008611107
2724 2.9146073913624506
2725 2.616108941707866
2726 3.496392099484621
2727 2.688248126708422
2728 2.731283996260114
2729 2.7239798500182015
2730 3.051306767198042
2731 5.412034787527619
2732 5.042634835517031
2733 5.588395703922939
2734 4.851659232354583
2735 5.20263095263934
2736 6.2159843336843394
2737 4.413969933011111
2738 3.596993187378396
2739 3.003449048591065
2740 5.178870108077596
2741 3.688510329238738
2742 4.035513142574678
2743 2.99790660121014
2744 5.424123205821928
2745 3.590115029879115
2746 3.562647788113611
2747 3.54484853962569
2748 2.9521675812968766
2749 2.9003176703277673
2750 3.486209083227843
2751 3.3991779487185347
2752 3.4253785004153374
2753 3.527013713759634
2754 3.265802817390557
2755 3.2063166689782125
2756 3.1268385402237824
2757 2.771956489487643
2758 3.4897809291696733
2759 2.9273302631470584
2760 3.078588818369065
2761 2.8793830417444783
2762 4.433906029064027
2763 6.96667188329793
2764 5.690452581822274
2765 6.3242864563630645
2766 5.7767028410543
2767 2.917947069976674
2768 2.9231170707744023
2769 3.6455807363210933
2770 4.536348576004592
2771 3.201463225573757
2772 2.934974862150021
2773 4.4383030740073535
2774 4.766934825763769
2775 2.63107843779557
2776 3.531762703907112
2777 3.6986816932138296
2778 3.1949533349873582
2779 3.5350984180400986
2780 3.2708029257662403
2781 4.657781116563931
2782 5.434381823021494
2783 3.207114048596853
2784 3.302609754046134
2785 3.401898950640095
2786 2.714345600107682
2787 3.1571409029484947
2788 2.8368564121376587
2789 3.505480751678881
2790 3.60215330786776
2791 3.513713456036336
2792 3.5913344720505993
2793 2.851556733196307
2794 3.342586792524573
2795 3.8065950244231335
2796 2.880389758339928
2797 3.0771805285887988
2798 3.361772156650043
2799 2.6142238368078767
2800 3.1681170087140065
2801 2.8370344006893506
2802 2.9886579741261423
2803 3.0428019741299583
2804 2.591377255922611
2805 3.0947913212627296
2806 3.342009752455066
2807 2.6689055141950404
2808 2.563403624280332
2809 2.763274116705609
2810 2.803373755478199
2811 2.9661784622534073
2812 3.5052371174854886
2813 2.715657063730366
2814 2.632547150837057
2815 2.8649679553064087
2816 2.499694835818042
2817 2.8098615032569496
2818 3.676909484131794
2819 3.3766593095930393
2820 3.182016083394798
2821 2.600042854546437
2822 3.5573195981630126
2823 3.2831867814525957
2824 2.81040806968158
2825 3.8464633999300775
2826 3.485185556823992
2827 3.081999597334775
2828 3.1082122821259177
2829 3.5289043725534768
2830 3.1982430641704553
2831 3.164767422447087
2832 3.6621044908351914
2833 3.479574733711484
2834 3.058419199289933
2835 3.524790711597989
2836 3.2245854223481514
2837 2.9287259234486696
2838 2.8981004373823045
2839 3.0927164802299285
2840 4.266409839738224
2841 2.6905770754213587
2842 3.533926978111173
2843 3.3588234703567
2844 3.43692957359202
2845 3.6194627841884164
2846 6.775872213715024
2847 2.7468380442617804
2848 2.706265253120394
2849 3.034806154402874
2850 2.80876508193167
2851 3.2994887502771375
2852 3.873040194780381
2853 3.984053609320839
2854 2.815076585614819
2855 3.3880381247314286
2856 3.8762304744095295
2857 3.464348112724635
2858 3.38448272900283
2859 3.474682707212738
2860 3.3516326856642813
2861 2.598420338756709
2862 2.721806957916485
2863 2.6586829115619817
2864 2.950333964711985
2865 2.5369134484042473
2866 2.563953652936495
2867 2.6791826966217553
2868 2.939706445171476
2869 2.7464396291586612
2870 2.5960642919144097
2871 2.569333095191133
2872 2.8098842284834373
2873 2.5288837416263386
2874 2.7196308715947897
2875 2.6092187558551863
2876 2.7834238953094865
2877 2.5085871613211084
2878 2.692376530193919
2879 2.6350993146120807
2880 2.873411019854263
2881 2.551496322547027
2882 2.7709613533825155
2883 2.6044917923482176
2884 2.6790137511801704
2885 2.867801901681679
2886 2.7485034671530966
2887 2.766910640342791
2888 2.9991049410594153
2889 2.811181289159248
2890 2.8011456674415545
2891 3.746957529837955
2892 3.6477188128527698
2893 3.1666769696039982
2894 2.6697352694808774
2895 3.773546761816967
2896 3.4916289856869227
2897 3.5693183833936013
2898 3.249804411654679
2899 3.7182538171401354
2900 2.9626480572913034
2901 3.6048762560829
2902 3.3118000108021532
2903 3.1175574412888922
2904 3.5298264328476803
2905 3.047186200561451
2906 3.7494255130434357
2907 3.248118393119814
2908 2.8027978809345426
2909 3.3705281196432946
2910 2.6002918889502
2911 2.6984717727749348
2912 2.8641959337995186
2913 2.774668135868575
2914 3.1776255580254515
2915 2.9684271879491906
2916 2.9372403688940243
2917 3.1102467999114674
2918 2.7127408565576068
2919 8.194893491378997
2920 5.060276937649331
2921 4.141443153080543
2922 2.913335227835885
2923 3.522344031147947
2924 6.049090466076893
2925 4.579586704715015
2926 5.048881606351887
2927 5.6945168875901775
2928 2.639585031211561
2929 3.041281896164858
2930 5.404038807875194
2931 5.617156863020231
2932 5.486457414380433
2933 2.751560257679056
2934 2.862462588690788
2935 7.8456814699373645
2936 8.433678108392987
2937 5.335928400662519
2938 5.598990111441176
2939 4.858454791131878
2940 4.967266314638519
2941 2.8990829180562288
2942 4.4618624441420245
2943 3.119880862289295
2944 3.721316058030265
2945 3.179738998261491
2946 3.9691827650725178
2947 5.45383481792929
2948 6.894896304301478
2949 5.785671370974673
2950 5.8917265887624986
2951 7.597132208894833
2952 8.582791107601599
2953 7.184297055533412
2954 8.825844919368695
2955 6.026916089565675
2956 8.291929060953365
2957 6.900097861673061
2958 5.238828415681786
2959 3.3887984851239272
2960 5.4340466539330965
2961 3.0277638831499054
2962 6.040981398424449
2963 3.6956490081157334
2964 3.6455246238930163
2965 3.7198895444290008
2966 3.018763985745624
2967 5.675639886083084
2968 5.5616437857376155
2969 4.63653479027927
2970 3.7382614215467718
2971 5.60420677146204
2972 6.72466982573565
2973 8.654221152133003
2974 5.579521175886939
2975 5.94309283209611
2976 6.447047398847875
2977 7.150496947197925
2978 6.510850772378682
2979 8.590190270733851
2980 9.564314406812198
2981 10.546052180869962
2982 8.199936833583351
2983 8.55167356778828
2984 5.659842420078706
2985 6.990767097136424
2986 9.745028371446919
2987 9.037078243056046
2988 6.109037792407753
2989 8.21857649606622
2990 8.717917948568907
2991 6.457809091130615
2992 7.556956032811135
2993 6.644287145198016
2994 7.424217528143138
2995 8.556774839525984
2996 8.55626536586634
2997 6.902182087057675
2998 10.822296429415925
2999 9.691397993027175
3000 10.151488642404791
3001 9.03142505338443
3002 8.842361858264224
3003 3.6093968901587106
3004 6.9943955074778685
3005 6.372161434338935
3006 3.5555520707708337
3007 3.2398140990724924
3008 5.470598294810732
3009 2.7857120073753694
3010 3.2765046494583863
3011 2.5915706982626765
3012 4.0476777098200625
3013 2.678382071446856
3014 2.7044696915602935
3015 2.682230845934377
3016 2.8299250651443693
3017 2.546554602058699
3018 2.74650895299119
3019 3.3682544532171312
3020 3.016767073458867
3021 2.540307864964107
3022 2.7236668519891465
3023 3.061878554974293
3024 2.6069242625642004
3025 2.5159609763279693
3026 2.857379677584227
3027 2.663203944891041
3028 3.639251624088079
3029 3.719424722558556
3030 3.9288927606394854
3031 3.6707077790849554
3032 3.214802175935048
3033 3.0771265715997735
3034 3.6166638081890703
3035 4.42444488388368
3036 2.5132757682659403
3037 2.600093547611841
3038 4.623170181150662
3039 4.884445808704549
3040 3.420628436189015
3041 5.801446091042594
3042 6.790123541584328
3043 7.475149251310938
3044 2.987813956030356
3045 3.4332118190596224
3046 3.748372373424437
3047 3.5533248813485425
3048 3.4468065963531536
3049 3.5387372867292157
3050 3.6157020085726113
3051 3.7784555188422906
3052 3.1095224967034243
3053 5.585665042530018
3054 6.54319150402384
3055 3.4099068910477297
3056 3.3728811997973533
3057 3.5536788296828843
3058 3.3996082838770643
3059 3.1403288121289545
3060 5.968220272512932
3061 3.414235940694952
3062 3.6438813695791934
3063 5.343498399026201
3064 4.79106446402825
3065 7.355755485565656
3066 7.029912820551769
3067 7.801595394133155
3068 7.659103548871817
3069 7.610404247130279
3070 10.036530123665388
3071 8.815796980379057
3072 8.704668187760754
3073 9.822696607361873
3074 6.626368606563733
3075 7.0485699339290875
3076 6.488479014004254
3077 5.377988743409357
3078 2.506957315635799
3079 3.013429852463916
3080 3.6203450623350157
3081 2.877735081281377
3082 3.7999746028713686
3083 3.2003967554264197
3084 3.66040388015864
3085 5.564912413313182
3086 4.434846605747222
3087 5.961547662402543
3088 3.680680847234073
3089 6.562918446142508
3090 2.8659265073985654
3091 3.8010325514775527
3092 3.4367099218593102
3093 5.202513760024872
3094 7.426261583833062
3095 8.363410817085446
3096 8.401967425508046
3097 8.587977889314976
3098 10.055039099988377
3099 8.284355796306816
3100 8.909034219412801
3101 7.2343283403119605
3102 7.609719613692227
3103 8.593892511783281
3104 9.669665746663865
3105 8.310154389419399
3106 8.33806077070529
3107 8.684170624307644
3108 10.336318874427551
3109 10.532927887305348
3110 9.314217430248252
3111 10.068284017510834
3112 10.46683157591803
3113 10.45469862267968
3114 8.80521661937451
3115 9.729809874966138
3116 12.570285902878597
3117 11.189189904476391
3118 10.444424756597812
3119 10.147855188547837
3120 10.079533404498703
3121 9.819377992748962
3122 10.159417502462114
3123 9.279137039594657
3124 11.08876235687749
3125 10.101278524778369
3126 9.54732910027761
3127 9.509466959786081
3128 8.992703824155187
3129 10.030150893533424
3130 8.954211930488018
3131 9.587549183708576
3132 9.442269313065834
3133 7.74481711322944
3134 8.877946590191007
3135 9.713456097182998
3136 8.534695445048884
3137 8.762613590132952
3138 8.847737455656558
3139 8.25445484804246
3140 11.16593014127819
3141 11.171139447284983
3142 12.052670645291292
3143 11.46715094731151
3144 11.487970857122784
3145 8.873860822267412
3146 10.830716276855991
3147 10.651805608789884
3148 10.953956423301852
3149 10.9381559771902
3150 11.746976524266596
3151 11.83148822017173
3152 10.331942262884906
3153 10.239584520902582
3154 9.589691853516781
3155 10.205490897911355
3156 11.355056603449071
3157 12.043864190694919
3158 10.751205421039241
3159 11.93668172129355
3160 10.354231242514347
3161 10.606899217885674
3162 11.005245223551652
3163 11.113496609155776
3164 10.987264325807695
3165 9.624012675589594
3166 12.215341736381902
3167 9.740318512461139
3168 10.701710316950617
3169 11.10313319386253
3170 10.291675585943262
3171 11.1258104853954
3172 10.332942799832566
3173 8.616895086996706
3174 9.54611703082757
3175 9.14826602286056
3176 10.494842786335804
3177 11.093123089751094
3178 11.133307498864756
3179 9.999594579644237
3180 9.93435160071816
3181 8.644828058488976
3182 9.926623564409216
3183 9.045071122724458
3184 8.279111733823548
3185 9.35978606427944
3186 10.261796329292709
3187 9.662743929884584
3188 9.999918227357913
3189 9.710765684450095
3190 9.502176483439252
3191 10.217930295514828
3192 10.833419102288131
3193 10.242476443636999
3194 10.449253464458971
3195 8.756516512825607
3196 8.89165359446054
3197 9.58894552008498
3198 10.28905117053455
3199 9.621272000703522
3200 9.77653602072049
3201 10.258410801497375
3202 10.199873249239253
3203 7.915664815740657
3204 8.728332423711171
3205 9.072483018622362
3206 8.906097828335993
3207 10.063416782715914
3208 9.598105103405285
3209 7.941210479518392
3210 8.907263204600559
3211 8.866062915075783
3212 8.823555476684113
3213 8.046326337484677
3214 8.253604609707386
3215 9.205084460951483
3216 8.302138476087256
3217 9.426274463080743
3218 7.721040527907556
3219 8.449856301437617
3220 8.690835344402174
3221 8.693078214008153
3222 9.41061827068661
3223 8.178252649381077
3224 8.884126596025727
3225 9.312694823000358
3226 8.984965868479916
3227 7.767960871693634
3228 9.92440167078116
3229 9.554355936509001
3230 8.816124639495921
3231 10.340845261123558
3232 9.693893395286777
3233 10.020150496672981
3234 10.765972469221095
3235 10.222922953391558
3236 9.811442780789202
3237 10.499651982236223
3238 11.396753971347183
3239 10.524798642079885
3240 9.17874061689333
3241 10.118971784401934
3242 9.517364128235348
3243 8.706753749539223
3244 9.561111416236674
3245 9.042629532230805
3246 9.877032017573818
3247 9.139360756339357
3248 10.671944882186464
3249 10.99445687486621
3250 11.077202132862803
3251 9.647263224185453
3252 8.292613558473203
3253 9.409007646575729
3254 9.575012426627348
3255 8.452091111700886
3256 8.62670990820899
3257 9.398114008066994
3258 9.380803548888423
3259 9.399772125729125
3260 9.060703134770964
3261 9.325259195854706
3262 9.398928193939593
3263 9.774517011337466
3264 8.540834404164544
3265 8.930405819036485
3266 8.90872079505487
3267 8.590116327317844
3268 9.580359600069295
3269 9.640543755040031
3270 10.990502843000742
3271 10.613262813408499
3272 8.848642660247004
3273 9.981471136218307
3274 9.107648068446657
3275 10.432822661906005
3276 8.87093023073837
3277 9.697191276786297
3278 10.272722081644398
3279 9.607366212325859
3280 10.085153809844925
3281 9.32996747811644
3282 8.527467112531067
3283 10.697910236608205
3284 9.650628455700238
3285 9.281383045503441
3286 8.943745814634589
3287 9.194768855896605
3288 9.442674045713217
3289 11.20816245285885
3290 9.162352182154217
3291 10.946454863352823
3292 9.263016479676986
3293 9.220525908544342
3294 8.40219306737689
3295 8.761304445825038
3296 8.907193904548151
3297 9.7463971221916
3298 10.590713360746907
3299 9.384295027795513
3300 8.193826266693405
3301 8.626946682736778
3302 8.881670239315646
3303 8.795133593121111
3304 8.985949937367007
3305 8.365159403303768
3306 8.832273237232506
3307 9.275035764809024
3308 9.062109421647012
3309 9.274627664585
3310 9.209819546733272
3311 8.949095952073552
3312 10.12851950654575
3313 9.180790924956057
3314 9.63873628367642
3315 9.307301701669468
3316 9.106332416023971
3317 11.109133916933178
3318 9.612292311868746
3319 8.440045111750685
3320 9.803065676143632
3321 9.496169223882305
3322 9.175664195455802
3323 8.657346163957355
3324 9.131541572945773
3325 8.769436080360192
3326 9.486218400000917
3327 9.354785302217662
3328 8.133837704432054
3329 8.575650204757556
3330 9.493484842221115
3331 10.13119081658718
3332 8.082811339190277
3333 10.170757784529187
3334 10.244711887971398
3335 10.36866543936708
3336 9.032699838260159
3337 10.508893247454623
3338 8.34083296478967
3339 7.927738139019942
3340 8.779242054023682
3341 9.19589883996699
3342 8.92854317943035
3343 9.244818987729749
3344 8.336994636101629
3345 8.963013868085865
3346 9.781398394805423
3347 8.846114697731009
3348 8.990295688747475
3349 8.667364347214562
3350 8.476608936005217
3351 10.132982310825659
3352 8.639562792845238
3353 9.211791827992945
3354 8.18152311615749
3355 7.914923953034176
3356 9.91034931510618
3357 9.978132941565448
3358 8.745010552117758
3359 9.162467534740026
3360 7.831903322580205
3361 8.511350322598634
3362 8.55949949352807
3363 9.402843240622287
3364 8.50621599236594
3365 9.093588623637002
3366 8.588707072225741
3367 9.037217721418163
3368 9.331367799397826
3369 9.89371791697381
3370 8.453087462011744
3371 9.327104362666864
3372 8.79705273640001
3373 8.10260253427282
3374 8.906364422409396
3375 8.201401375655102
3376 7.855393118148543
3377 8.207597936401969
3378 9.149582386848637
3379 8.221406059948576
3380 8.795871551165716
3381 7.1662940554759675
3382 8.989191653076597
3383 8.319936680004993
3384 8.198385210655022
3385 8.49691297847044
3386 8.416041210946506
3387 8.453694752943756
3388 8.118964584935807
3389 9.342761523084166
3390 7.639740365001793
3391 8.448098672803114
3392 8.718870236594709
3393 8.506266825237695
3394 8.000189818133526
3395 8.06266263282855
3396 9.234423266024008
3397 8.69143061206265
3398 7.97159836444795
3399 7.24891036660802
3400 7.85496858956162
3401 8.00412868830898
3402 7.960569146293832
3403 8.463777290815251
3404 8.161978355953964
3405 8.647647565838419
3406 7.964808092698436
3407 9.022620046002906
3408 8.757911982494893
3409 9.409097381990502
3410 8.773279133007744
3411 8.185648327634851
3412 8.176731265073657
3413 9.182858002184268
3414 8.54290369470632
3415 9.20154674282825
3416 8.659689066994021
3417 8.055295776487977
3418 7.679654586994422
3419 8.122281943584131
3420 8.775669328778976
3421 9.903499941749907
3422 7.836684004509288
3423 10.396698335790019
3424 9.912371601986946
3425 8.973902280616088
3426 7.64101872737531
3427 9.167836348141135
3428 9.027507572015107
3429 8.323618701976892
3430 8.749759695014294
3431 9.626377267726985
3432 9.454386856400957
3433 8.300321171815794
3434 8.87059710982047
3435 9.138322399282327
3436 9.74399044250673
3437 9.422111366781792
3438 9.934502298208551
3439 9.499516362785556
3440 9.767104726881838
3441 8.607200790824821
3442 8.340322787766093
3443 7.6657077452133064
3444 8.817371369070827
3445 8.46443407288969
3446 8.713817570763755
3447 7.11301007622056
3448 6.124322578682375
3449 7.294546329760888
3450 6.876720962586311
3451 9.496289947936942
3452 9.14236448960152
3453 10.367443343267885
3454 9.218043328900261
3455 8.77983967628455
3456 8.299014907291296
3457 8.470943604826731
3458 10.627342337819417
3459 9.600095575575194
3460 8.79499522796574
3461 9.319719649261168
3462 8.055022534104387
3463 8.513111942027232
3464 10.856399696811891
3465 10.944978105394753
3466 10.174220662338993
3467 10.450954812267625
3468 11.024984663283865
3469 10.643404462724614
3470 10.987460567885833
3471 10.165667633862034
3472 10.813104569838412
3473 10.661552489352935
3474 10.91824383264162
3475 9.139889190475113
3476 10.27510726197469
3477 10.201834340626862
3478 9.605941670857474
3479 8.334125649511785
3480 8.686274476397646
3481 8.55838010309775
3482 9.525058749924286
3483 9.2958892955024
3484 8.06691894756164
3485 9.075844690450255
3486 11.009849406506955
3487 9.732958734551932
3488 9.748354115234068
3489 8.146089244906303
3490 8.935961180971246
3491 9.152663640112662
3492 8.783153672102596
3493 9.499347919772758
3494 9.884394723890676
3495 9.39146837041517
3496 9.77654292940357
3497 9.079007031432626
3498 8.058442706226149
3499 9.376627838087131
3500 10.332475563978674
3501 9.765876553484418
3502 8.43817635002677
3503 8.395636032579292
3504 9.428801274573718
3505 9.501925272153565
3506 9.551819189916865
3507 8.896230431001195
3508 8.727958858498068
3509 8.585524678183422
3510 8.475791874623221
3511 9.145535531109562
3512 9.581663749228166
3513 9.091784082721047
3514 8.22070914187002
3515 8.550683110487897
3516 9.615983606302333
3517 8.646421095814395
3518 9.120374368045772
3519 10.178870827008367
3520 11.233993368177002
3521 10.488322783322209
3522 9.814456410914554
3523 10.7978312042683
3524 10.085642893118816
3525 9.92907761176561
3526 10.595620322692946
3527 10.826438627645244
3528 11.20220432184105
3529 8.486937153243264
3530 10.126263465698537
3531 8.979228915136307
3532 10.57113642521527
3533 10.770547853955422
3534 11.205695197397956
3535 9.691541858432823
3536 9.814143578689174
3537 10.620337210582097
3538 9.943706149118894
3539 10.122719711821246
3540 9.748857323146169
3541 9.235090381489007
3542 9.264446141942793
3543 9.206721216806601
3544 8.965719648119954
3545 8.359488857287841
3546 9.930903268016854
3547 8.926723373083691
3548 8.641946649337823
3549 9.307169828868556
3550 9.818784403255766
3551 9.358016164309474
3552 8.854234575548595
3553 10.529006941903832
3554 9.771147438070903
3555 10.322765676600808
3556 9.690311908880153
3557 10.830671720798808
3558 11.44223809297491
3559 10.87571995837835
3560 10.826318004550862
3561 11.161925031697619
3562 10.352678615686445
3563 11.000216719279333
3564 11.337965437014812
3565 10.351594425528369
3566 11.963669162808435
3567 11.098790868802936
3568 10.726790312399896
3569 11.454223159233377
3570 10.56387415190036
3571 9.34949089533455
3572 11.1736137066239
3573 11.250293668449128
3574 10.053548677737313
3575 11.035454788896589
3576 10.89291864466348
3577 11.063199124798592
3578 11.45814928060178
3579 11.139919244142481
3580 10.421478428435655
3581 10.82732211629024
3582 10.689965417094403
3583 11.04140194989275
3584 10.865709688451322
3585 10.91398367791126
3586 10.846180778022598
3587 10.057976090109655
3588 10.882122342596926
3589 10.387159845945904
3590 10.160530222781922
3591 11.001068695868188
3592 10.36228314438747
3593 11.09495719031557
3594 10.785464930941526
3595 11.108315915427383
3596 10.9928944682596
3597 10.28466949510477
3598 11.12781096031782
3599 10.355806734131825
3600 8.950771620920124
3601 10.257164027276808
3602 9.285417470758826
3603 10.350979814383352
3604 10.497115938666798
3605 9.825514938722348
3606 11.431558871496769
3607 10.144890227202286
3608 8.710475827874701
3609 8.904650531750903
3610 9.836527420770183
3611 9.41175207255422
3612 9.679155811591158
3613 10.974282781224149
3614 9.387027858927375
3615 11.210697264822672
3616 11.850679107393773
3617 10.40262192262107
3618 11.408739819892444
3619 11.05037882518971
3620 10.38670548211024
3621 11.302164049192765
3622 11.679482990672053
3623 11.626051025926193
3624 11.439099671211894
3625 11.00211943374343
3626 11.14842900835286
3627 10.11508252022143
3628 11.359864593295086
3629 11.21473468135257
3630 10.950182776054083
3631 10.620802850855918
3632 10.403943016998733
3633 10.582451961200782
3634 11.572946777027088
3635 10.94186088566034
3636 10.981154352178962
3637 10.880930306267393
3638 11.075879914680037
3639 10.658389189869483
3640 10.668607324098389
3641 11.76134896132144
3642 11.435959161147458
3643 11.103658222480268
3644 10.319309330684426
3645 10.895396010409145
3646 11.176439054543145
3647 9.950153245062683
3648 10.216529216905682
3649 10.023326985704019
3650 10.203661996092318
3651 10.215893743837274
3652 10.759075025276585
3653 10.666480801238183
3654 10.342445137560022
3655 11.240038653949634
3656 11.339581085016638
3657 11.629755119836052
3658 11.552890561933344
3659 12.990152657825751
3660 11.888861449315296
3661 11.747010207924765
3662 11.68975557801275
3663 10.373801307281767
3664 10.506015301698998
3665 10.686711834318878
3666 9.715065401322228
3667 11.153040260104168
3668 11.192140970784294
3669 10.94228950346243
3670 10.757928896899612
3671 10.814887582144971
3672 10.78870811612659
3673 10.649318248939576
3674 9.943145949670695
3675 11.149124264255548
3676 11.357831220725421
3677 10.348074506695653
3678 11.315106659984469
3679 10.736961410783955
3680 10.724541822415746
3681 10.294532211889898
3682 10.15728209517295
3683 10.160829648589688
3684 10.063166230892339
3685 9.88627462162514
3686 9.5689998232437
3687 10.730098180686666
3688 10.659672175767914
3689 10.157881869802752
3690 11.352108534783806
3691 11.166871336320336
3692 10.657414042309965
3693 11.083890756352037
3694 10.447819168535867
3695 10.751585756461965
3696 9.553123801905864
3697 10.042372966457958
3698 10.360335609716646
3699 10.711306002618908
3700 10.727874710057202
3701 10.374053004273735
3702 11.353350426856636
3703 10.76610716204982
3704 10.832760137011098
3705 10.661087617770598
3706 10.81770536054626
3707 10.628046490232485
3708 10.147341104577418
3709 10.474782143306225
3710 11.261863540737433
3711 10.355437479767655
3712 11.042753760940938
3713 10.393054205291767
3714 10.031382715415564
3715 10.135094577478444
3716 10.254549073156591
3717 10.532538452513254
3718 10.490429085101558
3719 10.744236821712063
3720 10.63410649602075
3721 10.449101575132206
3722 10.757765581779749
3723 10.324095958303893
3724 10.8682213444934
3725 10.928778800487562
3726 10.798837896206319
3727 11.283559179247293
3728 11.194182932223622
3729 10.639445002147928
3730 10.607338742396461
3731 10.840587229153149
3732 10.803769063043788
3733 10.700951576633349
3734 10.656889360063326
3735 10.655726242273628
3736 11.598805638948035
3737 11.437620174589851
3738 9.166825362017736
3739 9.89805295243608
3740 11.163167783100759
3741 11.385920649762557
3742 10.468188083465707
3743 11.207385989617148
3744 11.003354801256297
3745 10.127411948833613
3746 11.597729272569257
3747 11.177782568933733
3748 10.659533782626696
3749 10.446567012025147
3750 11.23548848997581
3751 11.103429478009812
3752 10.791078956828649
3753 11.63488499216497
3754 11.506616414367487
3755 9.750766885587877
3756 10.523785211695946
3757 10.86496154701322
3758 9.553280948684348
3759 8.204971500330545
3760 9.226785283880545
3761 8.722884306945142
3762 8.478663937477162
3763 9.791309581914502
3764 11.204020121335535
3765 10.77063033233364
3766 10.942663737679188
3767 11.090541916619303
3768 9.701878782820447
3769 10.661901661227853
3770 10.497940079689885
3771 10.514226174463403
3772 10.263203427925022
3773 10.304760594000628
3774 11.214673692956538
3775 9.593932405598476
3776 9.97528268820954
3777 10.859579108077993
3778 10.417575738246951
3779 10.55336243973908
3780 11.086351017988251
3781 11.00321148597399
3782 11.586238824157974
3783 10.898898765164265
3784 11.001242715240092
3785 11.555788064427835
3786 11.016021253124928
3787 10.937019550274359
3788 11.16821243217022
3789 10.348131201940738
3790 10.637708056414656
3791 10.02307195602124
3792 10.04646057113349
3793 9.799843550857087
3794 12.011468451792862
3795 11.710687537595776
3796 10.371149372644364
3797 10.22766281121613
3798 9.925232093079012
3799 9.71428175599185
3800 10.31702620561198
3801 9.961002728494663
3802 9.225226336260393
3803 9.936546613765941
3804 10.283209742475488
3805 10.705792975674044
3806 11.531956526888456
3807 9.643094629770825
3808 11.215292357309465
3809 10.822935663109417
3810 10.581451329599005
3811 9.2817996057639
3812 10.474387244755205
3813 9.373531658775969
3814 10.504390099900148
3815 9.821703105319877
3816 10.100151638904387
3817 10.493459352305855
3818 10.353149387655646
3819 9.441266084489001
3820 10.0261172403153
3821 10.613979585748048
3822 10.26154904292767
3823 9.948493321509668
3824 10.032489964865363
3825 10.326506216515325
3826 10.827474299393872
3827 10.659570303412359
3828 9.514033730257053
3829 10.032516718798092
3830 10.478412907523348
3831 11.249430375263218
3832 10.838357660104272
3833 11.28472037601803
3834 11.271395714353414
3835 11.33122069716314
3836 11.265290303358524
3837 10.516228274431345
3838 11.372217583780149
3839 10.86667129337159
3840 11.81889982496415
3841 11.31296494547626
3842 10.407572742426506
3843 11.011213280320163
3844 10.184413001219475
3845 11.315222469880167
3846 10.361472957875865
3847 10.455768577318674
3848 10.29694740170433
3849 11.616582866906827
3850 11.277581037241042
3851 9.515776875264391
3852 10.711003601040725
3853 9.79565691510928
3854 9.964534967103694
3855 9.937650940181378
3856 8.954843917673102
3857 9.169039162621361
3858 8.66324877564746
3859 8.84975810730136
3860 10.050100266369594
3861 9.457195138361968
3862 9.419311694779513
3863 8.251096635565045
3864 8.226114732147
3865 8.51771186164372
3866 9.733790676748455
3867 9.762077332163082
3868 10.197548680475647
3869 9.398346256315989
3870 9.889336411112168
3871 10.729351745609732
3872 9.795967722086838
3873 10.793897681168167
3874 11.09205609193355
3875 10.531943298521236
3876 10.506296673820271
3877 10.32323558371655
3878 10.801700538907943
3879 10.370283727636657
3880 10.414253554752399
3881 9.3850258551998
3882 9.483935900394082
3883 9.522088753255991
3884 8.923737337784319
3885 8.845179144651448
3886 8.707073516616633
3887 10.741673105868925
3888 10.760011643761473
3889 8.70911561315285
3890 10.341153531099852
3891 10.5061099433897
3892 10.230585866283365
3893 9.936296375563032
3894 10.0150511575719
3895 9.78839438375095
3896 11.779367646310117
3897 10.859893825994646
3898 10.91398093554679
3899 11.090812869198885
3900 10.269619713479806
3901 10.258191424838316
3902 9.741130511025359
3903 8.574799144919984
3904 9.076368442991091
3905 8.020279434550133
3906 8.8271687167891
3907 10.114548365060918
3908 10.077956968987566
3909 9.57924017853657
3910 10.710251623459307
3911 10.64219187553718
3912 9.273937112373826
3913 10.072024413941781
3914 10.038098456877673
3915 10.686697357563293
3916 10.591123859758916
3917 9.71315650431727
3918 11.585174528017523
3919 11.965793069077176
3920 9.59729379832787
3921 10.823129209196855
3922 11.838281000979006
3923 10.831175032088982
3924 11.119563641670918
3925 9.6534403869148
3926 10.730940879962999
3927 11.01463577403239
3928 11.261107564769747
3929 11.15707671214304
3930 10.721727534706272
3931 12.199666597157334
3932 10.456956169915292
3933 10.998378406645013
3934 10.64764074350362
3935 11.86503515464387
3936 8.930991961168235
3937 8.368026832521739
3938 8.431622401154426
3939 9.631013570274526
3940 8.10702308591005
3941 8.648243111862234
3942 9.298426003845345
3943 7.53490667679293
3944 8.696748844621366
3945 8.083349167184975
3946 8.563776612928525
3947 8.161231598762438
3948 7.031933036057212
3949 8.396595398814588
3950 8.072881357513701
3951 8.53493633978895
3952 7.720564731243669
3953 7.224771020872454
3954 9.023436473048681
3955 6.8712967645211025
3956 7.051965598679936
3957 8.6147827995156
3958 7.059446121626022
3959 8.351060847531716
3960 8.474151055504347
3961 6.748520115688345
3962 7.84672275880804
3963 8.3588694853056
3964 8.309817166209363
3965 7.653754471328179
3966 7.503150479763543
3967 7.1795184577010795
3968 9.564668098433211
3969 8.724266194002011
3970 7.013190334574354
3971 8.291906415084556
3972 7.870870458992595
3973 7.78887452561498
3974 7.906225406799845
3975 7.17453515427478
3976 7.934977661563024
3977 8.608641651858527
3978 7.375366059301246
3979 8.234504689631411
3980 6.842171810309658
3981 8.457935008276188
3982 8.354990418735602
3983 8.712000452944245
3984 9.249814490525832
3985 8.567812881575414
3986 8.227802216586772
3987 9.177785033500562
3988 7.489280345656587
3989 8.11840951837049
3990 8.330359338112663
3991 9.15291077355977
3992 9.43766733541503
3993 8.202149299677345
3994 8.09897235389284
3995 8.346617802171064
3996 5.765475361955341
3997 3.037298500456447
3998 5.696899244602618
3999 9.195682495411914
4000 7.6182409590069895
4001 25.157405769499974
