0 30.817505008676452
1 26.20332395414345
2 27.790206848341718
3 35.23125106680223
4 31.458042716940863
5 30.084748742689012
6 28.49950177982642
7 26.491496420010368
8 21.98259056701854
9 24.673422655237726
10 25.58355069222721
11 25.775847915215838
12 25.990250632533552
13 23.027742559961137
14 25.861205696859873
15 27.28439915383387
16 27.586841863417884
17 27.281758812591722
18 28.75595868787266
19 25.1312671203189
20 22.47444858839532
21 24.137893020346763
22 21.931012729860846
23 24.523725594947948
24 23.049751856066266
25 20.26607021334219
26 20.50223980457235
27 22.157139176336003
28 20.99596994440489
29 13.893566993267177
30 12.697705800372033
31 13.548781929813602
32 20.57289486927256
33 17.915961554678695
34 20.408308121659054
35 21.15998718416517
36 21.961711473807583
37 21.246578484457597
38 25.40139646299152
39 20.896316822235853
40 17.2807978733763
41 15.74100656792992
42 16.13716582627146
43 17.021639011285526
44 18.689557608469197
45 13.372282981631486
46 10.215052970343471
47 12.87783133825657
48 11.703365542867349
49 13.012342521663498
50 13.837285488324737
51 15.011920651150358
52 13.934671565233174
53 15.041100263223932
54 14.417355378977218
55 19.812827409589353
56 21.844402907880774
57 22.34281864024106
58 20.236225674902595
59 25.11438448954361
60 18.16381123331181
61 19.1684625407669
62 18.160543252575078
63 19.218589586476725
64 17.08467179641748
65 12.450243105373362
66 10.705388195513002
67 11.871038419172525
68 13.498296949102272
69 13.137871296646843
70 8.826460881683593
71 6.587589975175239
72 7.757487635699904
73 4.865491562854589
74 8.035460047396388
75 6.90907693530083
76 5.9035723316553295
77 5.111588016719549
78 7.2257153302071275
79 3.5238133967563945
80 5.028936315361511
81 5.578264964548506
82 6.436713528785998
83 5.756563914939464
84 8.502201727396479
85 7.688261633187895
86 10.878390824585935
87 9.659051323823228
88 5.673057885546074
89 7.423120602405571
90 13.00672425980202
91 8.32054053678141
92 7.641865518306515
93 9.950427808988803
94 8.605508232646386
95 10.664816143100252
96 13.42408573769886
97 11.173763998407207
98 8.97142648570897
99 7.425063301208513
100 8.83256604141708
101 7.413295004196722
102 8.245024026411434
103 10.292328317881507
104 7.563173508499503
105 6.245993030866041
106 9.93859431284346
107 12.44628169159722
108 14.161652207780703
109 11.688849407709268
110 11.43517974638941
111 8.407746065905817
112 8.248494018523266
113 7.014542621214126
114 6.729973998341173
115 6.074130546741661
116 5.074975559420829
117 4.677213169687246
118 8.284332620916237
119 7.619291190575704
120 8.209315889599935
121 8.540650439987314
122 5.176006382341068
123 5.755083682518738
124 5.690182260780246
125 5.720441411736959
126 7.351661313151987
127 5.949044283496915
128 3.133284607803245
129 5.7764134757589325
130 7.41851629574327
131 8.179083001146628
132 8.732272919009336
133 9.13396606273939
134 6.02851553489514
135 6.873408013040172
136 5.444276191529004
137 6.780603175610542
138 8.98385947264207
139 2.8675570729003628
140 4.025737287590785
141 7.449585758239315
142 7.762569027016663
143 3.078672180807754
144 3.908655788461058
145 3.8602551979794977
146 3.6211446608919764
147 5.769914807738191
148 3.892852977332562
149 8.243101994959726
150 5.122471169540319
151 3.417274462969905
152 3.577810206168345
153 5.486314507486124
154 5.288172460486451
155 8.94940296155401
156 4.579698492729753
157 3.3766449496157973
158 3.5958522152649577
159 4.14899598002125
160 3.551662145791568
161 2.6763093913228313
162 6.078689275806497
163 5.735063506413577
164 8.25669537108916
165 4.764064359926021
166 4.0721699498021335
167 5.2243043538322
168 5.828182545433681
169 5.45485335395342
170 4.87446997288233
171 3.642821549762001
172 9.496235832318165
173 5.9615802459526765
174 4.886423186101708
175 9.260097223601974
176 8.089571178941119
177 6.259046879444277
178 7.4140370719776305
179 2.7104451991326144
180 2.549782152644291
181 4.475090904467799
182 7.580480546251016
183 12.195790282822289
184 10.88367827227728
185 9.289441688444668
186 7.802711558759945
187 12.296480816392135
188 6.9345554883206875
189 8.738074683069065
190 10.223204975780881
191 8.460189194155113
192 8.725803224251692
193 8.62373242116719
194 6.445130859898719
195 8.610531030955299
196 8.312203291157802
197 6.272573916084469
198 5.155457787893959
199 3.4297964341593334
200 3.5441162307662157
201 5.867480886895373
202 9.160268900560878
203 10.862787331735777
204 10.025487936504291
205 9.405700287291296
206 10.722208850100428
207 7.261187601609051
208 12.250005861367502
209 10.055535074240312
210 4.5474178687303315
211 5.935306013495027
212 8.865116463300366
213 10.694020799322526
214 10.245070250368153
215 11.623564277575689
216 9.100141940685482
217 10.935260121518056
218 7.157852336008979
219 11.050968931916373
220 10.158795176584318
221 10.669151623652786
222 10.612832779735763
223 12.336730308695477
224 13.588620572910418
225 14.101302538886952
226 13.781188567218456
227 10.902303855372754
228 7.98923879681159
229 7.702548204351149
230 7.493264066215152
231 12.45573700784469
232 11.127007272340041
233 13.735613409953057
234 8.333572756031838
235 8.169865781975036
236 8.953224601577796
237 5.5582496558250725
238 8.639503044315397
239 9.096939880624982
240 6.62466242322617
241 6.851135024444639
242 5.7326984265711705
243 5.905938423649814
244 6.810858421169768
245 8.356794089204811
246 10.595794042596731
247 8.50678748937454
248 7.2951043480380235
249 8.541746226329153
250 10.91646851443848
251 7.992180079840983
252 5.318727818161142
253 7.494835671526112
254 5.923231971377569
255 3.5182582241485556
256 6.772235708787404
257 7.204254398144195
258 8.782584533285144
259 7.192364806602177
260 9.112101358710543
261 11.043698513498958
262 8.480995612365325
263 12.691306920250868
264 12.447864577976327
265 12.449022033398656
266 8.618500398363109
267 10.050411258083756
268 9.118310380658654
269 12.654290233470906
270 13.173268505071412
271 6.942985729223475
272 6.199345878062364
273 5.430702378740724
274 3.5997225841107507
275 2.7913022820299225
276 7.539699827338343
277 4.6483352038757095
278 7.708997699586438
279 7.557372555996893
280 3.247845528946573
281 2.9145507929757084
282 3.6799101200802693
283 3.347134919217735
284 2.646730506612369
285 3.0624129780919813
286 3.774549742671326
287 3.3378407585760344
288 2.805140721135313
289 2.7155492855726076
290 3.2295963642241814
291 3.5644379925018788
292 6.891753663349642
293 6.284653316457355
294 5.373133010604566
295 5.732989021673738
296 8.676178733667514
297 7.249454228350737
298 9.347486237780668
299 7.6314898266071785
300 3.2656041909812283
301 3.2831035115687017
302 2.796978905958487
303 5.5710902952682995
304 5.64453074530564
305 6.1364196643284155
306 5.884935759761961
307 5.5628285558481005
308 5.750367445783597
309 6.57116050190715
310 6.885012638746452
311 6.700318685217678
312 5.742366224367621
313 7.9060155057282815
314 5.464101025079192
315 5.615451899591223
316 6.4087028206235415
317 6.286309570835647
318 7.323351861407955
319 10.91970921538024
320 6.968509853560601
321 5.805083771333903
322 5.2562019258565655
323 6.555014311007838
324 8.433726610305241
325 11.583294839377102
326 6.587581330409547
327 6.0240038522722
328 11.757606852308179
329 11.955915405186332
330 9.273484241687244
331 9.82641073210476
332 9.635388835275494
333 6.54195804414603
334 9.828536139895856
335 7.180547419441526
336 6.865106718676843
337 8.527129402976922
338 6.60995661688222
339 7.952515771658392
340 6.736720630871549
341 7.6970996182934766
342 9.71497297384461
343 6.772271790808774
344 12.60575163534847
345 10.74265810865809
346 7.271119650318901
347 9.592034460191996
348 9.792677903321941
349 9.558622584373271
350 9.573634910068291
351 9.912652003006016
352 10.717180460187537
353 9.57456955207839
354 8.669474168563577
355 10.547195683494923
356 8.833584650794233
357 8.414039352626983
358 11.175747832468444
359 11.492102771174181
360 6.395116311722157
361 7.962294549854249
362 7.605837607824465
363 4.600790515148153
364 7.491656651555162
365 9.916638979665615
366 9.216910747742055
367 10.361304771416009
368 9.3838249224504
369 7.845723677180796
370 6.651473934577114
371 12.987540521641368
372 13.94135208474427
373 12.04631961066209
374 12.387282172177656
375 13.142658804925
376 11.486505956640208
377 8.510055149049428
378 11.306240789930078
379 11.771918175807334
380 11.631943715467608
381 8.282841826852202
382 11.369752770308855
383 8.751616911937482
384 11.579391856064769
385 11.746296773742069
386 10.907711746851483
387 9.73544745985935
388 11.011654093267383
389 13.480915734686981
390 7.30202161560047
391 10.934858580882052
392 13.832562141995561
393 13.807444543653812
394 11.497054410640727
395 13.293898204932221
396 15.242179306538274
397 11.151028413567431
398 9.200172433068152
399 11.676567747115826
400 12.165246083526874
401 8.3120025204158
402 8.869025189875224
403 7.343106688551844
404 7.775201845159885
405 6.260877108081463
406 9.03845792906324
407 2.764229388902265
408 3.8169480935737017
409 6.125408025120224
410 7.392738231015065
411 7.038621403146159
412 5.804465436749284
413 3.8624713461621165
414 5.397802237690416
415 4.478840787643187
416 8.230869001027852
417 5.715632043501677
418 5.517358861244096
419 5.271928171449289
420 6.454104578157021
421 5.843772693808117
422 4.9104619575311395
423 4.823507293504137
424 3.6234771133205808
425 6.048846181259059
426 7.793739212973984
427 5.250841810775816
428 5.392855996384063
429 4.674622604726029
430 7.025714489426697
431 7.373455327057797
432 4.886526423206561
433 2.6814724208138454
434 2.5038053262631568
435 2.7153352236283093
436 3.5625062058789094
437 3.505698571572209
438 3.7360097498247
439 3.8097473793781456
440 3.545809200461415
441 4.939448197780407
442 6.721209666957915
443 8.471644250557903
444 7.24742497132209
445 7.379670208645475
446 10.112736314349105
447 9.582664332924468
448 10.129278283353335
449 9.086425419090679
450 8.019530272391586
451 12.804114081358971
452 12.714289438348073
453 9.921105562177388
454 9.403993638673033
455 11.218097465900925
456 13.839602066122476
457 14.766208219306174
458 15.159351374558918
459 14.57799615828574
460 13.278724418644417
461 12.356466400613453
462 12.677985439137219
463 8.652195514393759
464 11.631098032029543
465 10.128928280595797
466 9.529137273770917
467 9.7321056733898
468 10.459817212552156
469 9.507120450128282
470 10.974115328264956
471 8.8754839770276
472 8.341747374409788
473 6.802830614540514
474 8.538121100559042
475 9.181394316057078
476 8.708082155695141
477 9.731302802442164
478 9.279273479733424
479 7.103836528917266
480 7.723674251238829
481 4.964336988854487
482 4.942742765780488
483 3.487108881197567
484 4.55526570874555
485 6.08105503189581
486 5.920107941549579
487 6.441963439436062
488 6.207354216456074
489 5.194334057011778
490 5.436490462813917
491 6.983568301866069
492 9.697273551265791
493 5.6397146118978325
494 3.5401663410391406
495 3.894499494645978
496 3.7873530849273376
497 7.5691023214997255
498 9.212135674447566
499 6.548544559722839
500 7.617310731779136
501 9.540996686590603
502 7.982719048215312
503 8.499757548118529
504 8.569045077419146
505 9.939325480611975
506 10.20054792399012
507 7.506431744137853
508 13.919717067496258
509 10.658110453487177
510 11.486640738446054
511 13.23180731679689
512 13.476934445445366
513 13.928253689506938
514 12.25179821147582
515 13.748753836186294
516 15.79790173966082
517 14.48436096804431
518 11.930128417304962
519 12.087152369426585
520 8.040749141276375
521 12.618231566287033
522 11.372634141845063
523 10.742511865988236
524 8.43677294556321
525 14.907538003804543
526 9.215335554202653
527 9.574402522957003
528 4.983999365630639
529 10.369540595251292
530 15.53047406457497
531 12.175097117672573
532 14.348670437723966
533 12.177543763045739
534 7.2549780660101595
535 10.222306519336682
536 10.72380124124064
537 9.234045901332248
538 9.019947571192153
539 11.143864623092142
540 9.546686149086552
541 9.351388281423056
542 8.933263806182323
543 9.96842633032658
544 12.379024522156264
545 10.407209502909733
546 7.738990898692852
547 9.703828398175766
548 9.60065159771839
549 8.666022037034331
550 8.888068474517961
551 10.5244091178699
552 12.53387249791157
553 9.265154364793512
554 9.619707136237013
555 10.744221590302587
556 8.7654686131793
557 8.290578484686407
558 10.51850253786381
559 11.466460562238236
560 11.428432154559278
561 10.60298474255249
562 11.121025943942369
563 8.975264696218845
564 8.544706665510152
565 10.604994075618025
566 9.020567805822509
567 12.669985253281709
568 12.365764526290889
569 11.150338063302927
570 11.990269006603183
571 11.689377211474348
572 12.617528184621104
573 10.53977227343318
574 10.159206625984885
575 8.440531981956292
576 13.029138638006005
577 10.36860952636047
578 11.013565486635056
579 11.626863523232812
580 9.418889234987232
581 12.39775388832898
582 12.332521245179146
583 11.042200360645982
584 13.348486709520465
585 13.273023652830812
586 11.313826463962611
587 11.717335081424086
588 13.309628599676431
589 17.07769802710938
590 13.29149631885872
591 9.775153158178513
592 13.89640952544948
593 13.968312975874106
594 12.314615653326449
595 12.331075364036463
596 12.601873999608772
597 14.343310137804083
598 15.059284746834381
599 13.001387204942304
600 11.494692914562764
601 11.09560781023567
602 12.268665785313493
603 11.700920559526645
604 10.854429492060046
605 11.98269101021624
606 10.35854725575443
607 10.884992101243782
608 11.891585902397347
609 15.052659156390133
610 14.080273552102174
611 14.171908629621019
612 13.479896796709111
613 13.59943678048848
614 12.969371782558062
615 13.703607285444592
616 12.29313280557206
617 10.909120054905463
618 11.720787209676006
619 12.382168746266826
620 12.693454561313759
621 12.414615424564829
622 12.379208499892746
623 13.704339344673702
624 12.573687039647211
625 11.612829566114645
626 12.748847196697598
627 13.351345016789248
628 11.190654366925635
629 11.554492742744094
630 15.391696065205885
631 15.239881309137573
632 15.033639688411613
633 12.796941866101362
634 13.419835466153033
635 12.593279597386498
636 15.763742294111847
637 15.136787798582722
638 15.08429988355681
639 14.213656746955698
640 14.46340613425483
641 13.914116437896913
642 14.178143688100084
643 15.66998479364081
644 14.294577237502555
645 15.278649542086796
646 15.259632487290189
647 12.980463339789928
648 16.007489686552685
649 15.086395749722135
650 15.733180052341133
651 14.456673701539035
652 14.007730545416575
653 16.699245366346208
654 17.669476351791953
655 17.319629447620567
656 18.00722997361143
657 16.79708493112422
658 18.005068072778617
659 16.389250160647098
660 16.832001388918798
661 14.591182989279213
662 13.431798321380656
663 14.890967563247665
664 15.51948337884796
665 15.361392455565863
666 15.633964949121891
667 15.87818825809895
668 14.978937971108559
669 14.92436644413865
670 14.907254750222954
671 13.326325320783107
672 15.549998697704417
673 17.57672807591741
674 15.10299680979326
675 16.120307129050335
676 15.650157006741953
677 13.045899960116602
678 14.433949210410143
679 16.368095519170463
680 16.76514277071231
681 12.629075197445658
682 12.325044116332082
683 13.499203728145703
684 13.161585656100723
685 15.23214478186788
686 15.37826136934898
687 14.377928835782676
688 14.255042052700848
689 13.621885157821614
690 13.96218233850729
691 13.852777086595763
692 13.740636958833388
693 14.643724876053733
694 15.502847860414155
695 15.555573018040022
696 14.880586424727095
697 15.731308231821087
698 15.533564453958068
699 14.316570948597425
700 13.055102383648602
701 11.958804421519655
702 10.58884183788098
703 10.668503988155171
704 10.699981791796953
705 8.511308515564322
706 11.245663256424113
707 8.42076620181389
708 16.034169773820825
709 13.91483036786462
710 15.128917325726459
711 15.070778571903785
712 15.058154162000678
713 14.218163357469995
714 13.968715057180857
715 12.26638230470102
716 12.373038842370764
717 12.736606288474977
718 12.931664015166266
719 11.800821572072689
720 14.150947348650718
721 15.983199615775884
722 13.750659686323933
723 11.315000528497121
724 11.551537293983003
725 12.005853567606763
726 11.619036046293981
727 11.60189632450916
728 12.065853042800866
729 11.77788903860939
730 10.544232557649929
731 11.174109324969242
732 13.598429661578255
733 13.610927549957498
734 13.605721714514436
735 14.716747135994796
736 12.171207919834064
737 12.098884969172497
738 11.165379591219908
739 11.284464516974575
740 11.07991347296392
741 11.65232810122323
742 12.710383438195805
743 11.222678611763564
744 10.496715143729396
745 11.307926165056497
746 11.435722094325326
747 14.308690663011072
748 12.32627113049192
749 12.755342539724417
750 11.718836335619773
751 11.96240050526808
752 11.451149269299192
753 12.492101227521871
754 11.519194397706753
755 11.664003131063291
756 11.435893350057382
757 10.975268570450492
758 11.581321527843846
759 11.494261989323975
760 10.436499347237431
761 10.363034414100131
762 12.41072158910492
763 11.78675725182302
764 11.282345391738295
765 12.252101334221798
766 13.633905744131873
767 11.895040433737172
768 10.693047608793627
769 11.25569563672961
770 11.927054307583848
771 13.517935388184668
772 13.490677961021934
773 12.551051035124173
774 12.94795992608882
775 11.090098687533855
776 13.025784736176735
777 11.645936144707457
778 12.02153922456047
779 11.48500434461421
780 11.758474449157404
781 13.10225174964055
782 13.379388157608375
783 12.31133471575366
784 13.873663575623915
785 15.492170520536563
786 16.51574732742006
787 13.204415022679989
788 14.77314249276031
789 14.721225194347477
790 13.138129089161167
791 12.32150283150061
792 13.221216162290812
793 12.62305638671232
794 13.87070661740463
795 14.453388347901182
796 13.020771985731498
797 14.50553429904005
798 12.047329972827917
799 12.385064137789453
800 14.269697765367114
801 13.19093764876165
802 14.265757526670559
803 13.403668559713777
804 13.669402495430477
805 13.135648416198633
806 12.92922986279439
807 13.801453704063679
808 14.311404810527064
809 13.10198307231064
810 13.770602692662095
811 13.838756435403909
812 13.305943577110934
813 12.373377762108271
814 12.11220349728455
815 11.997891798896015
816 14.248361822711423
817 15.53846163653181
818 13.920665041095075
819 12.397999182329077
820 13.770609686935543
821 13.208538469787358
822 12.941000715767746
823 12.691234011460239
824 10.641109018502517
825 12.55215215317327
826 11.74115140168753
827 11.891966494259952
828 12.07051677245582
829 12.024387908301028
830 12.118331498570205
831 12.093246785486166
832 12.052759423464336
833 11.125496596047915
834 10.947268570473987
835 13.088572753838127
836 10.854898120540344
837 10.89699158328228
838 9.840562807286654
839 10.722455274258952
840 10.731916579752832
841 12.832247059639455
842 12.08644051750954
843 11.954462361616208
844 11.995439491189117
845 11.904274552316089
846 11.724591246290492
847 12.30323568140269
848 11.676274528548193
849 11.510732621874197
850 13.362968652859081
851 13.019805225791375
852 13.335035295074634
853 12.778938555270923
854 13.39195216032741
855 13.423092611371656
856 13.491664686149042
857 14.625738901002027
858 13.460027780661925
859 13.20601480776059
860 13.537338326402313
861 12.687452162543693
862 14.463599335585984
863 15.429077282720929
864 15.80945455103904
865 15.639065857453014
866 15.257762572524808
867 14.667650169071836
868 13.449392223481297
869 16.55089612474434
870 17.670726292541925
871 15.08940261146515
872 15.773398650951867
873 14.858059614370326
874 14.31589068504905
875 12.507328471735564
876 13.640254857824068
877 12.749562775181591
878 13.773568771620035
879 13.455130707252607
880 12.857701644488307
881 13.155788654507969
882 12.41815454738283
883 12.113591674934487
884 12.431156041775873
885 14.904014391478068
886 17.006842810480595
887 13.267999775504085
888 12.408390850965866
889 13.915460867122677
890 11.685311798519665
891 12.175304035879071
892 13.921817229303358
893 14.062461996425538
894 13.049430434914992
895 13.608027539179995
896 13.050729380779543
897 13.610677071686975
898 13.88284062244387
899 12.455577509451537
900 11.364301438821323
901 15.085587727065478
902 11.744558858114544
903 13.211550539721298
904 15.96662025958456
905 15.907884673714818
906 14.057765656348124
907 13.339567607752395
908 13.436367363466688
909 13.32869357951031
910 11.537666094972343
911 13.967558319861846
912 12.535664794362306
913 13.14310627520707
914 14.198863262293107
915 10.746432851312742
916 13.553558487405198
917 11.594062266003025
918 11.855757980377351
919 12.63761207659188
920 9.342980142188527
921 9.916751638364921
922 9.02821230571373
923 11.155279600845157
924 11.953142111822189
925 13.17468574713871
926 14.612918507272783
927 13.707839242126486
928 12.259523575006401
929 14.284268526998959
930 13.17191071092701
931 10.337245442776137
932 9.624075951388846
933 14.83868651039683
934 14.185865380317049
935 13.600607631292402
936 14.614585820118013
937 14.332306986411423
938 15.24660874188279
939 12.513587801817822
940 12.48935457698486
941 12.920303627084527
942 15.77745021734362
943 14.952331315776753
944 15.2910378696548
945 14.030231367176489
946 13.29496487165824
947 14.704666016129014
948 13.293615393816278
949 15.53384722417987
950 15.698316705310052
951 16.474219164577217
952 16.860859603735843
953 13.363956509608757
954 15.452046957370722
955 14.495729585954416
956 15.216165757713865
957 16.520423202751605
958 14.001128625450914
959 15.396452060525402
960 12.376472777178705
961 11.428634373876626
962 11.081391323269315
963 12.96778701179484
964 14.352966098868961
965 13.081079517230298
966 15.330248448896965
967 11.028628824526649
968 10.75036376735186
969 11.600239022788275
970 10.91758417218286
971 12.393456793617307
972 11.602639084497973
973 10.008088173775562
974 13.473180426756569
975 15.052151732244317
976 13.746281951649584
977 12.05083430768001
978 12.527220486256503
979 9.980445503471266
980 10.81025048321325
981 10.162293777459208
982 11.151540370753585
983 13.603894805771759
984 10.95700721059764
985 11.763282464592551
986 12.586396008535171
987 12.488302359677556
988 12.160866752467008
989 16.034508398626564
990 13.098011466254299
991 15.382890969722542
992 11.336833711236588
993 12.870559908079851
994 13.607708222372375
995 15.26469269621554
996 13.758404806734164
997 12.295924116996147
998 10.72931180931765
999 12.694459975462587
1000 15.881732132993196
1001 15.498043063267945
1002 15.188451495248442
1003 14.554997993084273
1004 13.303987774800468
1005 16.604311524190756
1006 19.49994974716769
1007 17.932561588137947
1008 16.59796331867646
1009 13.371880748915876
1010 15.4274525120089
1011 18.73211723312629
1012 14.518254844890514
1013 18.128944980836625
1014 18.59915296334413
1015 22.47513489618474
1016 17.159189240214456
1017 15.987977110711217
1018 18.57663721456277
1019 20.686028317569516
1020 19.475311086656134
1021 22.54415716501516
1022 18.511339566006104
1023 10.895281209552275
1024 16.56695648816936
1025 12.89324048247278
1026 14.249631694705563
1027 18.289411375359617
1028 16.126320390731617
1029 19.740038921662364
1030 21.541830843914337
1031 19.39591730443194
1032 17.881583026024202
1033 19.654977976134667
1034 17.098383026258137
1035 23.087967127762568
1036 20.66011632089104
1037 19.605982818137264
1038 20.281032719623795
1039 22.37291887990099
1040 18.655072012634676
1041 20.971809725078273
1042 19.080001715255715
1043 18.44452794650625
1044 18.37338416317904
1045 16.889598660893036
1046 16.399351885947606
1047 19.479974784854747
1048 16.854604286521404
1049 18.82371467508579
1050 21.84610087189064
1051 18.186105494950347
1052 17.867555777779575
1053 18.551504119599024
1054 17.97663202992907
1055 19.82267856493912
1056 17.59618245836155
1057 16.78734006576967
1058 20.24959176569166
1059 18.250165612251923
1060 16.49238504274675
1061 17.653705923383775
1062 18.025029688755716
1063 17.940411286035978
1064 18.55948918289293
1065 16.724364009246
1066 18.941176755980216
1067 17.224366031936025
1068 19.129596599548474
1069 17.988409746250827
1070 19.661228883878092
1071 20.003725750308565
1072 18.20597287640717
1073 18.16008935099821
1074 19.01294195388437
1075 15.62569486731498
1076 18.18943113831187
1077 18.32262695002073
1078 17.68057923280813
1079 17.595275638607923
1080 17.07695478920281
1081 14.805086164035147
1082 17.648359879063886
1083 16.984210253561585
1084 18.73721741674155
1085 18.8323310611743
1086 19.584308792200453
1087 21.200578386227093
1088 20.53482528822311
1089 20.607814456383757
1090 21.63070486404436
1091 22.60579216547722
1092 20.14800755330259
1093 21.082176835152627
1094 22.48919990452948
1095 21.138410699954
1096 22.56390183934334
1097 18.671676724848105
1098 19.291422260113354
1099 20.008047844041123
1100 18.952137138940124
1101 19.30846795008688
1102 19.20714294820864
1103 19.213470676857103
1104 18.785331691182872
1105 19.0533005337993
1106 17.662699754152456
1107 18.343831412858115
1108 21.732409938238547
1109 18.903840602261216
1110 19.791207276656344
1111 18.952091036250156
1112 19.154533613955444
1113 20.043638587922228
1114 20.29117548685254
1115 19.610958430220364
1116 17.140658245200385
1117 19.47705153058537
1118 19.553668739343312
1119 19.218256551084604
1120 17.173170991775127
1121 17.775003912345564
1122 19.257424325925694
1123 18.265071110622774
1124 18.021727778241477
1125 19.717925477156705
1126 18.524826007022046
1127 18.006011927040618
1128 18.695260659478357
1129 17.939437363859263
1130 18.278678890962404
1131 18.48688217073821
1132 20.315406736134495
1133 18.97642801621587
1134 18.16547572558015
1135 18.385614555282014
1136 18.466934875294974
1137 18.701688404746776
1138 18.37054105756242
1139 18.04204681558922
1140 18.250501088828834
1141 18.281626607282767
1142 19.468987490008683
1143 19.087736016814024
1144 21.642126751504463
1145 18.994420593133324
1146 21.25207453094651
1147 19.209109381624245
1148 20.230148912335803
1149 21.15998212384542
1150 23.755158660558546
1151 22.845738155057163
1152 21.48047530637613
1153 22.431764549733433
1154 21.546861539758115
1155 20.28047368305317
1156 19.367111456792582
1157 20.218437739012902
1158 19.17282858045446
1159 22.240713776585537
1160 20.7209352425083
1161 19.819012605879937
1162 20.851788417309045
1163 23.08687635906973
1164 22.73240542174141
1165 21.812732133442626
1166 23.060738714483936
1167 19.696605624944027
1168 19.947183275473016
1169 20.627047115390628
1170 20.00210775897897
1171 18.83771399796525
1172 19.458662143249843
1173 18.957607279427144
1174 19.20186479483242
1175 25.84453533502625
1176 19.855508049485024
1177 17.913883081189265
1178 21.476568990676043
1179 19.252627644688356
1180 18.746146605136417
1181 19.883580493940357
1182 17.125453937657557
1183 17.13470126672827
1184 16.389518442463984
1185 16.102325275046102
1186 14.677181121320148
1187 15.110446638656848
1188 16.744525397141164
1189 11.98115905415453
1190 13.353891898929984
1191 16.571805758572935
1192 17.8100462586176
1193 14.615154354547668
1194 15.459137464005227
1195 14.841843432914386
1196 16.609668013110557
1197 17.11239337664476
1198 16.49721170381097
1199 19.445646221384557
1200 17.994281311438414
1201 19.340487355086633
1202 18.12144736238121
1203 20.051746926476703
1204 14.495850790741521
1205 13.928586638281391
1206 17.299491294220303
1207 18.249516270746188
1208 21.236963098880846
1209 16.632709383122148
1210 19.532297226770392
1211 17.186949613258207
1212 18.36100787311753
1213 17.551307024939664
1214 15.49448924155638
1215 15.663211834172602
1216 13.364670594765546
1217 15.781310218505674
1218 17.672220764243473
1219 19.506070957115096
1220 20.827652793861823
1221 17.041813994908907
1222 20.14967772399961
1223 20.98481298803708
1224 21.286605360907213
1225 18.33498242508765
1226 20.545106339596124
1227 19.79420650185934
1228 22.28039916763041
1229 20.416131984958007
1230 20.080947138459443
1231 21.436731674831382
1232 20.920561575567067
1233 20.400563931320438
1234 20.351167087033772
1235 20.588322087712122
1236 20.16811810691779
1237 19.940537294975712
1238 19.837999884478794
1239 20.68463527856828
1240 19.4883534244713
1241 19.205051147108378
1242 18.24753712817746
1243 19.41911685173085
1244 20.693070369324666
1245 19.452059643857194
1246 20.292869972616717
1247 21.41326263338193
1248 20.38350016152043
1249 18.953747253077218
1250 19.69130632367242
1251 19.75029733570321
1252 20.070836249181493
1253 20.09463357147652
1254 20.69980314133552
1255 20.22556524087228
1256 21.52087279705463
1257 20.419425986327912
1258 19.689781296088526
1259 18.53226828536987
1260 17.63756586784388
1261 17.439029807176517
1262 18.49815727055066
1263 17.291616244960874
1264 17.556893800889227
1265 18.667537525589818
1266 18.975852496835824
1267 19.396431851974693
1268 18.214904266031628
1269 17.602074951190506
1270 18.606055702252046
1271 16.826843287125385
1272 18.14383394633654
1273 17.928257048186737
1274 17.738711352890448
1275 18.35914408091243
1276 15.910987447743036
1277 17.36176004193859
1278 18.726835345053367
1279 19.751412701613514
1280 16.22235678275843
1281 16.855918303182964
1282 18.85128928161278
1283 16.97855237988578
1284 16.764357390110113
1285 16.442061434699724
1286 16.00086120362128
1287 17.695068999601276
1288 17.258841052614414
1289 17.749385903925116
1290 18.80262521319533
1291 17.47560423083414
1292 18.125088039044325
1293 18.07865753194653
1294 18.79265667900163
1295 18.210276144115085
1296 18.48725442179233
1297 18.220501311573468
1298 19.061330890042516
1299 17.92035623788656
1300 19.634058463206046
1301 19.757173523241825
1302 17.338686067107076
1303 18.16020978243604
1304 16.687793053227217
1305 16.40751644409845
1306 16.891148599447554
1307 19.830232247645522
1308 18.176150941827768
1309 16.503060790753235
1310 17.689348328164435
1311 19.19400450438197
1312 17.36088483537518
1313 15.804168797874231
1314 18.685556724978802
1315 20.678526681921618
1316 19.467390654195906
1317 19.52245542212783
1318 16.75280280596637
1319 13.602427023251133
1320 16.31506170553298
1321 18.553723792491386
1322 18.897547398475133
1323 19.828246155715675
1324 19.520566532951456
1325 20.024443034493174
1326 20.524454742884984
1327 21.75269969459668
1328 17.847344527160658
1329 18.957781757052103
1330 19.128375250322314
1331 22.5833294556839
1332 19.391304514671216
1333 20.012615853618044
1334 20.69910694219544
1335 20.250943038495574
1336 21.95456627202218
1337 21.119751870005835
1338 19.640703164078143
1339 18.86597720040104
1340 18.01855084988647
1341 15.161297542131388
1342 16.151777660455863
1343 15.476769572955241
1344 18.21400598369569
1345 16.768655944357395
1346 16.96533647009798
1347 18.419581757935838
1348 16.99785181416736
1349 15.145080394916516
1350 17.077753363712674
1351 11.60228635683878
1352 15.611208705061191
1353 16.098469590515784
1354 17.9381462377809
1355 19.101153848398376
1356 19.63269953883172
1357 17.342073629042712
1358 17.85979247576183
1359 17.709851376963396
1360 17.476303870159136
1361 18.946968070342322
1362 19.285322017104356
1363 18.65119982282521
1364 20.142848526025485
1365 18.731073178179802
1366 19.09121449455795
1367 19.116471396095513
1368 20.526551560148427
1369 20.400464047559865
1370 20.497872882256733
1371 21.07032966004655
1372 20.29303075807292
1373 21.486834184862595
1374 20.665836831979284
1375 20.14029517873334
1376 18.81916091118662
1377 18.96669633648464
1378 18.23039362178604
1379 17.91454891138588
1380 18.769310821457132
1381 19.560464052653103
1382 19.617576002000863
1383 19.51791166281654
1384 18.818524284760244
1385 19.244844763852537
1386 18.644150015949894
1387 19.02991137020455
1388 19.690652070843143
1389 19.358492430755575
1390 19.60452283532038
1391 19.341729539819013
1392 20.312798767560505
1393 20.461043291240145
1394 20.536159727956143
1395 19.490712998933716
1396 20.111002517213922
1397 20.590927933380545
1398 21.541411143862238
1399 20.615424271538114
1400 19.479893160377358
1401 19.305205816453302
1402 18.581194378927837
1403 19.669570631765477
1404 20.881238828500017
1405 18.988452040832893
1406 20.070766477902957
1407 22.521058662425148
1408 20.733417585458728
1409 19.642658371649258
1410 19.00193493846523
1411 20.50268539689102
1412 20.06126011291712
1413 18.008880412048
1414 19.787432345787682
1415 18.1818992704555
1416 19.013805032157013
1417 18.3559075745766
1418 17.843707054030684
1419 18.938179302538874
1420 18.147889863318255
1421 19.09703171478915
1422 19.38365351107804
1423 19.302995001774196
1424 20.670614163927745
1425 19.619465837236028
1426 18.926217294625864
1427 19.327628875489104
1428 19.105291323724774
1429 22.671014556461838
1430 19.32201566251381
1431 18.471835639461364
1432 18.312938361081752
1433 19.27172881974181
1434 18.04829888542119
1435 19.020337419376894
1436 19.228804003521134
1437 19.47990451782071
1438 19.355272564281076
1439 19.17700728774983
1440 19.43786747534724
1441 19.071716326895313
1442 19.812827844414688
1443 19.085065160555917
1444 18.462419858848573
1445 19.75078279157975
1446 21.154316651991156
1447 18.7712772642479
1448 19.13815012180976
1449 17.367080721942795
1450 17.296893730628753
1451 17.46946700088586
1452 17.950995872478863
1453 17.947010001011623
1454 17.43581248065176
1455 17.269695060436767
1456 17.366283436145956
1457 16.606012519080803
1458 17.35118977915814
1459 17.32388874016526
1460 16.761959888334946
1461 18.250161673305858
1462 18.47885945784735
1463 17.752066019866405
1464 18.87604709034049
1465 19.88982624996658
1466 18.740617479069122
1467 20.35048430287949
1468 18.917977468931092
1469 20.286468666398743
1470 18.706135553532164
1471 19.31822337454349
1472 19.389930842071756
1473 19.183961695501424
1474 17.252948242344754
1475 17.74676159612423
1476 18.082638524171124
1477 18.286005108992832
1478 17.593019859978348
1479 17.01712796998097
1480 16.688940932841067
1481 16.738373862510606
1482 16.117217144301645
1483 16.854458235751512
1484 16.636390136477953
1485 16.444251444671213
1486 17.53146178849481
1487 16.813070894462594
1488 17.457338961104803
1489 19.624200283440985
1490 17.526912019700884
1491 17.56351077809004
1492 16.974205801990884
1493 17.106377367078796
1494 16.542101763089388
1495 17.7878135886651
1496 17.78009496266594
1497 17.842790654027954
1498 17.809909167908096
1499 17.480089794164417
1500 17.604112024640653
1501 18.817162122535894
1502 19.531374254332494
1503 17.27586696170653
1504 17.60746611353988
1505 18.111490613908618
1506 18.031157889400966
1507 17.28398878772992
1508 17.91396063943123
1509 18.627756280118483
1510 18.462503637067712
1511 19.512591841858992
1512 17.08839532795148
1513 18.047431358274505
1514 17.603224238833302
1515 17.20734338602981
1516 18.670793218001535
1517 16.66354042915621
1518 17.749931497103585
1519 17.543957367667147
1520 17.383742786292583
1521 17.381037883519227
1522 18.458722535773695
1523 16.506715076998255
1524 16.682456681721124
1525 18.442141304391328
1526 17.707101114949182
1527 17.476151789482852
1528 17.73907911652259
1529 17.755259927340287
1530 17.167188177914138
1531 17.06892098299994
1532 17.187441248568113
1533 16.429133728698925
1534 16.389976288813468
1535 16.780704919742917
1536 16.774873524401514
1537 16.76748864415483
1538 17.35837348605226
1539 18.149090789384935
1540 17.429410037783562
1541 17.243513138126342
1542 17.63974130644311
1543 18.949017473904863
1544 16.86440709962615
1545 17.18405531088344
1546 17.60412370506837
1547 19.287295350844044
1548 18.467290105045493
1549 20.552927953332055
1550 18.688421695131183
1551 15.878104960373436
1552 15.970713500374758
1553 13.238484685111088
1554 13.424708023164317
1555 14.597306981654379
1556 11.417622844921308
1557 10.903468878580053
1558 12.440522635910368
1559 17.588004965794152
1560 15.98577213927158
1561 15.833732078292684
1562 16.120006072754002
1563 16.58721276367832
1564 16.230154250958023
1565 16.378094207880828
1566 16.117623040043707
1567 15.163038578945557
1568 16.180777176581373
1569 16.81520130995697
1570 15.338747779337854
1571 16.095542990421993
1572 15.501305417226323
1573 13.773966292186957
1574 13.600209983719651
1575 16.364691328898296
1576 15.599242074606591
1577 15.169046090196703
1578 15.629999219587694
1579 14.697600704083666
1580 14.343507287272974
1581 14.337590817472789
1582 13.776565893879086
1583 16.232876345294475
1584 16.756192025380273
1585 16.436107574921536
1586 15.972241631289966
1587 15.514037571966027
1588 14.27016122354634
1589 14.011913320521893
1590 16.170607144311937
1591 15.552151248806297
1592 15.544447647348699
1593 13.775728589682473
1594 13.920369874710437
1595 16.734549221082336
1596 18.453586773501574
1597 16.940911000337678
1598 17.064065219421806
1599 16.24401601932848
1600 15.54918202374229
1601 15.72022120721057
1602 15.178354271097128
1603 17.003303892889186
1604 17.140492102417475
1605 16.561237512415445
1606 16.7769013845031
1607 15.607842782501558
1608 17.200443192473628
1609 17.393832559427036
1610 17.449398897852546
1611 17.398411580688805
1612 18.032217974545578
1613 17.33331216711779
1614 14.077621427141239
1615 15.289765205552024
1616 13.317043969637012
1617 14.960832112168111
1618 15.74777374567743
1619 15.393695772734105
1620 13.656227761955762
1621 14.724689512444119
1622 17.300917070590852
1623 15.926744908435005
1624 13.931815582891446
1625 15.756634992036988
1626 14.690056388130627
1627 17.26636591983681
1628 15.974485744936676
1629 16.142249048134474
1630 17.67456232498656
1631 17.318821309886342
1632 16.58910777088154
1633 15.832658372476503
1634 16.859029354514657
1635 17.018947524356026
1636 15.821550898724249
1637 15.695645160327453
1638 14.427463715818025
1639 14.51608903689764
1640 15.132563078185512
1641 16.284211259574324
1642 16.81415284907671
1643 14.5639023420339
1644 14.019958271558174
1645 13.974649561112232
1646 15.418128019076464
1647 16.57837931241411
1648 15.328373093647063
1649 15.426473709169075
1650 14.989578695455194
1651 15.94379907975271
1652 14.983346789825553
1653 15.269646613298718
1654 15.478108915596795
1655 16.323141232210745
1656 14.242656678753777
1657 14.142976016955256
1658 13.375246111165726
1659 13.080652414210318
1660 13.374735916043033
1661 15.702986603238008
1662 13.70622433147914
1663 14.775660067356972
1664 14.437258976975777
1665 15.042438909436733
1666 14.975055253833593
1667 16.89110034997145
1668 14.899683970026382
1669 16.22245049212663
1670 15.527685482583921
1671 15.885931129290068
1672 14.926502216643943
1673 10.746548894033344
1674 11.159651495029168
1675 10.24980597023236
1676 10.076207846588035
1677 11.781678966438477
1678 9.961669917391102
1679 13.905904637565664
1680 10.33409811557394
1681 9.672262965358136
1682 15.784107559978773
1683 15.485375913418231
1684 13.262154861662504
1685 12.17760260968127
1686 9.576882460603326
1687 13.390997991774121
1688 11.577472319780664
1689 11.602888895006917
1690 11.054652302013785
1691 13.862138712737323
1692 12.739101737979276
1693 13.183819196685183
1694 13.807367214191721
1695 13.449679602346537
1696 13.167999546418383
1697 11.93536810727358
1698 15.81081739779814
1699 14.065254403698473
1700 14.197165817464832
1701 13.913890996747988
1702 14.448262864815892
1703 14.051258765147852
1704 14.49759626109081
1705 10.314597942821628
1706 13.419314126283831
1707 13.516520434913796
1708 13.215839861401825
1709 16.289299628352907
1710 14.830920180357088
1711 12.093387105383764
1712 13.246357911007772
1713 14.743222429272484
1714 14.64060165482355
1715 15.227512376724974
1716 16.92182291820989
1717 17.279490786970825
1718 17.611019582872597
1719 15.754902451246538
1720 17.358053406602387
1721 17.087900429690446
1722 16.138586143198264
1723 14.952036547601109
1724 14.201144925022438
1725 13.939004748268644
1726 14.387977591167047
1727 12.631985108261098
1728 13.133377015587829
1729 12.345085350289157
1730 15.148766435266662
1731 14.378826231397916
1732 13.778350113096103
1733 12.9005543776879
1734 14.57357050643142
1735 15.289187642805542
1736 14.826359551397754
1737 15.082884932478164
1738 14.469679720170907
1739 12.441425370683403
1740 12.170773465321606
1741 12.174841073507295
1742 16.430125653653548
1743 16.044991192411107
1744 14.508719956181903
1745 13.721705787764149
1746 13.899418847597268
1747 11.441973584406407
1748 11.930602985253882
1749 12.406821855550577
1750 14.995657143893302
1751 13.46943668380029
1752 15.054630617766202
1753 14.494875236572248
1754 15.450995169282958
1755 15.609374663241585
1756 15.868284276462862
1757 14.454135973300527
1758 15.005228431130705
1759 15.591385454103722
1760 16.24509487905345
1761 16.635094592207214
1762 14.669137716454566
1763 14.63919459071647
1764 14.86472162996593
1765 16.4677680125857
1766 16.648964466095343
1767 16.805388392303648
1768 14.296554566083664
1769 15.610250113987792
1770 15.867928559770984
1771 12.71105819871126
1772 13.69461725703675
1773 13.929775724283665
1774 15.327240997900004
1775 15.994968892268622
1776 16.943861736836645
1777 16.737023729928783
1778 16.6247989211708
1779 17.132722240897806
1780 18.484746173895083
1781 16.29150942816386
1782 16.387956195178084
1783 17.55419611912085
1784 16.151081173211693
1785 16.31166266605886
1786 14.961583933899382
1787 16.874300335430746
1788 17.302617554274235
1789 16.02171324166478
1790 16.42772317797914
1791 16.946463360851507
1792 16.69662938788181
1793 16.9345322692183
1794 17.41411751586971
1795 17.075311048722398
1796 16.92361642453705
1797 16.518823655669646
1798 18.06557254301186
1799 16.63567286174998
1800 17.078345454391357
1801 16.491042601902027
1802 16.74982840456692
1803 15.346857716865182
1804 15.239405195890695
1805 14.667022094224045
1806 15.35365125212439
1807 15.21956824052709
1808 12.676090543944513
1809 13.777136424915586
1810 15.358836395774416
1811 15.521448908255143
1812 11.819905817074531
1813 16.082510483185647
1814 17.100830691232943
1815 13.90759913992005
1816 15.692017276738365
1817 16.41715040740762
1818 16.571942985545856
1819 14.393977361293429
1820 15.267193725525772
1821 16.404860551799644
1822 15.959000483266115
1823 14.858331964249615
1824 13.168294566966635
1825 14.922154452863568
1826 14.790878576219171
1827 15.763161967694188
1828 14.973468978647464
1829 14.326706780552534
1830 15.23687734186374
1831 14.453959571660878
1832 15.33543789751281
1833 12.191295763204415
1834 12.607492523040198
1835 14.254240772445673
1836 11.444194478912003
1837 13.250543954992393
1838 14.075198857964793
1839 12.653397883448202
1840 12.391300254311785
1841 16.3165846199312
1842 16.942808112251655
1843 15.752031003567502
1844 15.28653180354237
1845 14.941749436622752
1846 13.58072059820816
1847 13.96147701237954
1848 14.522932615242764
1849 16.170091241735268
1850 15.88931709363461
1851 16.19468887398072
1852 14.196570128983154
1853 15.609927997900208
1854 15.710363277415222
1855 15.446635817784587
1856 15.997389596855749
1857 15.868812973302868
1858 11.151960454845351
1859 14.905050704548627
1860 14.488835523585998
1861 16.026394354565188
1862 14.347472357717157
1863 13.56002474133066
1864 12.507213829560204
1865 13.919567334919806
1866 12.220321502578207
1867 15.608402778196558
1868 14.820419110290478
1869 15.852612787101824
1870 13.749493515842666
1871 15.392765164542134
1872 13.15453091007623
1873 16.100968220190936
1874 15.04167915157683
1875 15.857698561333551
1876 16.338679433290014
1877 15.642137876919309
1878 14.287452866258258
1879 15.635142521517531
1880 15.794411829099518
1881 14.425261635879949
1882 15.447743259977315
1883 15.2193869574823
1884 13.734449143894562
1885 14.100513170794493
1886 14.541144776647402
1887 13.644871731411387
1888 13.511720613685387
1889 14.099190352441102
1890 15.885443485688242
1891 15.84839903477381
1892 16.83550110363989
1893 14.09552139855638
1894 15.584981284794035
1895 13.768559576312343
1896 14.813890563437777
1897 13.934388962989859
1898 13.730497113680833
1899 14.653620939155047
1900 13.61114702261334
1901 15.970987343841003
1902 13.154022549804399
1903 15.402546596771428
1904 14.875985496127893
1905 14.743280090685209
1906 13.198291430726456
1907 13.736769737931462
1908 15.737823436125858
1909 15.773085899675824
1910 14.775585730804794
1911 13.545944603377986
1912 12.846177906809235
1913 14.506346836830563
1914 15.072736402522704
1915 13.828087164607691
1916 14.903597149946643
1917 14.377210924840833
1918 14.529490989281296
1919 15.110560642448803
1920 14.590446178474123
1921 14.463882193552614
1922 15.32809985105722
1923 14.474662481350215
1924 13.859266705845716
1925 13.087053651971273
1926 14.073591918383867
1927 14.998496459274303
1928 15.814138462891425
1929 13.34197246541802
1930 15.266856395347922
1931 16.214049672743517
1932 15.02103951678262
1933 15.094208171253412
1934 14.88837336748185
1935 14.842473875554166
1936 15.720199714152903
1937 15.298243699839867
1938 14.615057516230008
1939 14.909674741602677
1940 14.34864181045987
1941 13.868531669782381
1942 15.771278133623916
1943 13.940488564401178
1944 15.045133177959846
1945 13.498602283377368
1946 14.468923819279404
1947 15.39457283421283
1948 14.519079629192959
1949 15.153898457133494
1950 12.74463522137037
1951 14.244589860448798
1952 15.280687260126841
1953 14.960399874580984
1954 13.08973506207764
1955 15.2336836973573
1956 16.140375067361507
1957 17.380339299041484
1958 17.51487695544868
1959 17.96835911710155
1960 17.64335013948083
1961 18.098205181136645
1962 16.496027299679803
1963 16.33158582464053
1964 17.14294153209166
1965 17.80020942239353
1966 16.17008945532442
1967 18.807999766549017
1968 17.887752552486138
1969 15.94420474414355
1970 15.245823984671254
1971 16.345353605847297
1972 17.46120797670588
1973 18.0390815819981
1974 18.097262625141106
1975 17.81636912003497
1976 18.313975337528728
1977 16.29678897782137
1978 18.71203618276112
1979 16.264613242982797
1980 18.017645373012165
1981 16.729332459991582
1982 16.80437953994383
1983 18.249002317232826
1984 16.176972074211733
1985 14.534674437939993
1986 15.697545653632185
1987 16.813220101631437
1988 15.827136291847275
1989 16.918783998554648
1990 15.79120178152923
1991 15.59618122878111
1992 15.794693321978782
1993 16.027359566830288
1994 16.665322374763225
1995 13.744913111607008
1996 15.413922653735575
1997 14.620360973147163
1998 14.722662956438247
1999 17.299934464262236
2000 15.586477611649526
2001 14.424935702599663
2002 13.673673488854607
2003 14.007848034412977
2004 14.7243402364241
2005 15.548407412896387
2006 14.429561855042106
2007 14.149481629492314
2008 15.644439241010229
2009 14.329144279876326
2010 14.981644222799307
2011 14.950620473074652
2012 16.12619291932711
2013 15.19625650229938
2014 14.388330207530025
2015 13.614477008550294
2016 15.373598849433696
2017 13.290452176476633
2018 16.90251207716633
2019 15.94560311488871
2020 15.713602029713389
2021 14.529728614499826
2022 14.846044338877999
2023 15.610048494967439
2024 14.921452887722788
2025 15.238924872105326
2026 14.57343865853616
2027 14.338848963448452
2028 14.90388433899091
2029 14.505894992782347
2030 14.628891009985624
2031 13.999312259348603
2032 14.897042097984386
2033 14.999529612783636
2034 14.455352809511702
2035 16.281988019541682
2036 17.32565065121647
2037 15.612067870049149
2038 16.60808709756864
2039 15.294486621173965
2040 16.663638604126774
2041 16.694809926869382
2042 14.739660136996852
2043 15.82422632509599
2044 13.24282977425205
2045 15.038241360751424
2046 13.508171116448594
2047 16.404603682093544
2048 16.183995837014756
2049 16.05626416585413
2050 16.995705680416513
2051 16.07098361473185
2052 16.43994686234142
2053 15.733301882300017
2054 15.5942014616368
2055 16.902107079922462
2056 16.578809436809223
2057 16.47062518598079
2058 16.91056837772681
2059 14.391582830252936
2060 13.631537757716291
2061 14.558981578346232
2062 14.584958493631536
2063 14.395811364383176
2064 14.22993441418583
2065 13.608549075577494
2066 14.615046924225474
2067 14.677415281899018
2068 14.591699971026825
2069 15.16830453887215
2070 14.777819744040324
2071 16.069041581553215
2072 15.608676795669648
2073 14.622577148275832
2074 15.358460777865101
2075 14.979324723471823
2076 14.456649995291068
2077 13.330122048005203
2078 15.60057743363492
2079 15.619486529401383
2080 15.529151993522225
2081 16.470206930673555
2082 16.464740598775265
2083 15.52467267842479
2084 16.739911887463666
2085 15.747749654532669
2086 15.98751166845234
2087 15.601819602142324
2088 15.727075438245341
2089 15.603992553283508
2090 14.876956623241343
2091 14.976006370037505
2092 14.200680291013272
2093 14.476339743801397
2094 14.501979240404403
2095 15.143174205859056
2096 14.58852261703893
2097 14.337467449017486
2098 14.62502706019962
2099 15.432226070642974
2100 14.354873741495615
2101 14.32378148146202
2102 15.80248340163572
2103 15.434563764680423
2104 13.891549943281651
2105 16.142965192255986
2106 14.605154314072516
2107 15.621950007448527
2108 14.38601459912495
2109 16.7243801096301
2110 14.667655722153262
2111 17.819332990485012
2112 16.995143638154506
2113 17.17776847277614
2114 15.30080116179018
2115 15.867189021629692
2116 16.016556638729956
2117 16.27134332111287
2118 16.722219252945358
2119 16.17882776010426
2120 16.581218251474827
2121 16.97842342161292
2122 17.131412208232614
2123 16.249047098714144
2124 16.256434729723868
2125 15.711223604810511
2126 16.161056145254026
2127 16.23740970986558
2128 14.675014590202943
2129 14.388903815513748
2130 18.628230240940816
2131 17.478499067278165
2132 16.851119857387065
2133 17.13901637852752
2134 17.18928627711757
2135 15.517626644532278
2136 18.29741314916561
2137 17.23971788489817
2138 16.34394122709312
2139 16.99353443727684
2140 16.66831035323513
2141 16.832040848005416
2142 15.259914055578701
2143 13.292520332142217
2144 16.916907307044156
2145 12.657921195123256
2146 17.21120351543203
2147 15.339515843320333
2148 16.16307917502374
2149 16.26578537122294
2150 14.448573533452535
2151 14.643889595829622
2152 16.427248711947993
2153 14.707071174725941
2154 15.280538124774749
2155 14.934111242477092
2156 15.66563951820302
2157 14.788591552694319
2158 14.834911869560152
2159 15.377744001957982
2160 17.023183784844004
2161 16.947797905397504
2162 16.46560784773446
2163 17.466644190058528
2164 15.661554283774867
2165 14.703010350703662
2166 16.570552685947284
2167 14.013230693951089
2168 13.94090429659518
2169 16.159276586808637
2170 16.368236014207394
2171 15.130958901204115
2172 16.206175044370916
2173 15.25249802679077
2174 14.382671279670594
2175 13.750400897589323
2176 15.382311637094164
2177 15.61996634798626
2178 14.722587297532057
2179 15.862123945487745
2180 14.816425517389254
2181 15.31444784531348
2182 14.955840422325513
2183 15.198156786542325
2184 15.380707817015915
2185 17.343543496272577
2186 15.719660553216622
2187 15.192124997059304
2188 15.685685437262
2189 15.03279438567423
2190 15.72115219660122
2191 15.400380681324835
2192 14.974740135425023
2193 14.819619211666792
2194 15.285531040464381
2195 14.525250140823387
2196 14.207452505698553
2197 14.739923186241013
2198 15.83236253633957
2199 14.94073682436449
2200 15.077320164069153
2201 14.941726667828778
2202 14.354330190712982
2203 13.651610449280243
2204 16.36709825192075
2205 15.33498423095177
2206 14.950492085502235
2207 16.57650702114299
2208 17.327273295491427
2209 16.7673322253757
2210 16.948216533490786
2211 16.928048195361566
2212 17.738448621915982
2213 16.95583482330223
2214 17.0122900672769
2215 17.36784970767476
2216 17.147343959120942
2217 15.311531786396234
2218 15.292626408704626
2219 14.438519350263283
2220 15.817297375587557
2221 16.01382901039289
2222 17.769728421104176
2223 17.35151505236514
2224 16.861639566897956
2225 15.96787249889161
2226 16.564273042488782
2227 15.421065869583046
2228 16.65020861071898
2229 17.170181152157653
2230 16.82891128790346
2231 15.44213356476366
2232 16.203543736398533
2233 15.11620154185816
2234 17.36368205949167
2235 14.464656132429585
2236 13.130811371558991
2237 13.422810050069232
2238 16.383634454784538
2239 17.19958608945726
2240 15.911497227000769
2241 15.442923432781727
2242 15.668666204764484
2243 15.355272658327817
2244 15.731249148565121
2245 16.378242442074463
2246 16.64848827356654
2247 17.169527983091065
2248 17.182336825426432
2249 16.489847085682804
2250 17.33397885374238
2251 14.922513818848753
2252 16.004102990024013
2253 16.907583658704574
2254 15.091577089186366
2255 14.586318360000568
2256 16.750407952194713
2257 15.716597078970505
2258 18.21233189667491
2259 16.54044535506786
2260 17.215134268842966
2261 18.55202054451732
2262 16.396049556336884
2263 16.13996745180825
2264 15.937831337605996
2265 16.539753480896476
2266 17.487209779832057
2267 17.58659189472145
2268 16.018780924103538
2269 18.378993611186797
2270 16.808776355438592
2271 14.22765083320358
2272 14.76924644676187
2273 15.753197553333464
2274 13.559763861150405
2275 15.371128534248651
2276 15.91522468391797
2277 16.064610833193584
2278 17.319014963590927
2279 16.17943733482166
2280 17.052827186642727
2281 14.56800528419082
2282 13.877737385257456
2283 14.879846598747822
2284 16.24284748604704
2285 14.218402407861946
2286 15.541904702129116
2287 17.5649250133864
2288 16.779567872986917
2289 17.668051465149393
2290 17.61268629897456
2291 15.996112924671733
2292 15.27779991878145
2293 13.618376853001205
2294 17.02502755201818
2295 19.411864991560527
2296 17.780705192322337
2297 17.78860818934683
2298 18.366701727215624
2299 16.79235069227958
2300 17.420284862532448
2301 16.880064992103716
2302 16.30669679040859
2303 17.22715595952102
2304 17.102458201886392
2305 15.984952921437525
2306 16.291287686375014
2307 15.437276225012418
2308 15.571218554101478
2309 16.536370254923536
2310 16.429104226202515
2311 15.668685482957653
2312 15.190228976746923
2313 14.212781302730066
2314 13.869742259608792
2315 11.745152198001097
2316 14.309904077930856
2317 13.924452382468782
2318 12.820168960934936
2319 14.237483826696316
2320 15.941154983495036
2321 15.4570541170953
2322 16.503752917834884
2323 17.448199924871684
2324 16.40224787644715
2325 16.529015510767582
2326 15.535079259116127
2327 15.607463723196421
2328 15.694367940230723
2329 16.763619047748225
2330 15.030887039720941
2331 15.86178708951003
2332 15.478109306478151
2333 15.956444537246373
2334 15.43026894712008
2335 15.35337127156433
2336 16.89016381481954
2337 16.36976567766833
2338 16.432144246060425
2339 14.886712816879692
2340 15.500470220806799
2341 15.902868796891607
2342 12.567412731080443
2343 13.511806532944389
2344 12.96644988521321
2345 14.631359034405266
2346 15.026912682174597
2347 15.523969034019295
2348 14.68532121893438
2349 15.464278043417426
2350 16.736056979730307
2351 15.0037225033414
2352 13.868739947164944
2353 16.118525706765354
2354 16.651502353695744
2355 15.658665542163877
2356 14.127729030003291
2357 14.089492065179098
2358 15.607232748197355
2359 9.538283373338006
2360 12.39745141861873
2361 9.336891699572313
2362 10.662138422034976
2363 9.776216399785696
2364 12.727965069089183
2365 12.946437973303556
2366 9.257657302731207
2367 10.136657384963355
2368 11.470312012720145
2369 10.108442224013144
2370 11.513336123715254
2371 12.469946516431866
2372 10.857640288183015
2373 9.760709425204869
2374 10.026410123442961
2375 11.859193383267142
2376 12.160573367355951
2377 13.739350660659703
2378 15.429262906294205
2379 15.413464305456326
2380 16.270223391640677
2381 14.816076681799677
2382 15.380062026558695
2383 13.961360002855358
2384 15.475677017614494
2385 14.209120834074668
2386 14.29579243863386
2387 14.355254301921816
2388 13.570250973959473
2389 13.75055102700381
2390 16.740145850235766
2391 16.40680550440755
2392 13.850057679095436
2393 11.618203232302392
2394 10.754398331390476
2395 13.531233911969391
2396 13.474689602138396
2397 13.28250811274631
2398 12.765368364148886
2399 13.095084420510204
2400 13.023178109353506
2401 14.666355161748998
2402 13.157086700844594
2403 14.156296073088065
2404 12.9207019041297
2405 13.340068269866752
2406 13.552102020114212
2407 14.48847396512868
2408 13.625531987883399
2409 16.29509058685971
2410 15.875691516431068
2411 15.616046912881108
2412 15.683574654604948
2413 15.289672118939247
2414 15.977115260628931
2415 16.59136504882501
2416 16.732079792616187
2417 17.42725957109003
2418 17.245061061725988
2419 17.375127995960494
2420 15.778492799633636
2421 15.856890180529167
2422 17.727186870916558
2423 16.371944777657767
2424 13.61878281071285
2425 14.21916037241604
2426 13.301526232234878
2427 15.29615323450716
2428 15.855358071911219
2429 15.056173555923413
2430 14.695738455543406
2431 15.975958135392872
2432 12.223679448486653
2433 15.807494278930621
2434 15.67378918862223
2435 14.186352565369956
2436 16.00774190014431
2437 16.473201085244185
2438 16.449397289613923
2439 15.927531090633297
2440 16.062965053895887
2441 15.271905781071869
2442 14.876807182026285
2443 15.725723191316794
2444 14.299283958596567
2445 15.758673697982637
2446 14.640186905737108
2447 14.378058963871315
2448 15.72051453677819
2449 13.03739397629474
2450 15.658457805411155
2451 17.101411322371472
2452 17.440514197775386
2453 16.411489979610458
2454 17.161889131237903
2455 17.98534812783461
2456 15.7722040851661
2457 18.10788416424416
2458 16.437748693637445
2459 17.038902452431937
2460 13.074211250746952
2461 15.132545478031002
2462 16.48636661019522
2463 16.870675913279864
2464 14.556773363257433
2465 16.416179048026084
2466 15.542954318711613
2467 16.292797698620966
2468 17.406331207295068
2469 14.732230032805852
2470 15.935726856739983
2471 16.350964095130387
2472 16.19206383051109
2473 15.462253103965622
2474 14.571644906195237
2475 16.870788856790448
2476 15.510148000153407
2477 15.915225630301622
2478 15.395264549845182
2479 15.387843413625982
2480 15.93351776746268
2481 16.762002464518623
2482 14.666011746165612
2483 14.048830395546904
2484 16.152726681809398
2485 16.70085948628427
2486 16.01747989839918
2487 17.031148306973456
2488 16.912821642923202
2489 16.426322370417726
2490 15.860424455829794
2491 13.134465918979327
2492 14.681383254239202
2493 13.620881901449746
2494 14.1766251228335
2495 14.32811919190207
2496 14.089829600642172
2497 12.811322355368974
2498 14.063005056962714
2499 14.98561454152184
2500 14.08800132925028
2501 15.487716404573176
2502 16.966754259725043
2503 15.277402932719836
2504 14.544693260381182
2505 14.74086149703155
2506 14.959014063496713
2507 14.902934625512271
2508 13.334741862733111
2509 13.316409095123229
2510 15.046525836067808
2511 14.389417454935883
2512 13.165395019029994
2513 12.727090003202822
2514 17.7699424450347
2515 13.90037446491108
2516 15.978586088514822
2517 13.867153330504458
2518 16.48756142277192
2519 15.674859758840652
2520 15.094965707463189
2521 14.774723206588556
2522 15.565059777677561
2523 16.332964116907704
2524 16.429554370171275
2525 15.299106330353986
2526 16.16933530018121
2527 15.372727980355014
2528 16.22450810928053
2529 13.899136798101345
2530 15.945715005850733
2531 15.89221504079827
2532 12.654078363796607
2533 16.816339540829084
2534 15.296651864817475
2535 15.357214176202515
2536 16.72124472315461
2537 17.480340096507064
2538 17.029975607513737
2539 15.861605445835215
2540 16.31982526124899
2541 14.17600554598398
2542 16.198792161490317
2543 15.93970739783122
2544 15.61512064432558
2545 15.023874789487687
2546 15.339285322948315
2547 15.378441184608667
2548 14.299374338405626
2549 17.092620759556283
2550 16.799200943066833
2551 15.491639080174956
2552 16.453445374301737
2553 17.27402180443314
2554 17.083080112474455
2555 16.906800514698823
2556 17.664348233790424
2557 17.31712470047752
2558 13.217683010520048
2559 13.738204028375426
2560 14.755669316747417
2561 15.29517139659322
2562 14.262405784519174
2563 16.089050652318708
2564 15.832254485073184
2565 13.43220225873797
2566 17.25120851250183
2567 15.707473259625388
2568 16.12567027765762
2569 15.082527646280594
2570 16.604066709935896
2571 13.699702005536773
2572 13.638444736447683
2573 13.600853968121548
2574 12.871748876360941
2575 15.227565277417176
2576 15.14706014822843
2577 16.458154889377234
2578 15.652033853211652
2579 14.28853466596509
2580 17.678390574843107
2581 14.416777587805433
2582 13.758266242052771
2583 15.60280010094544
2584 13.32348896790778
2585 11.506738271354953
2586 13.811680276290389
2587 16.65532088195949
2588 16.68532548156868
2589 13.608975673476051
2590 17.1685564690734
2591 16.982621823507728
2592 11.440417059386002
2593 13.293872936232312
2594 13.01038633390518
2595 12.026842989158657
2596 11.65873953266694
2597 12.348717149586708
2598 12.846813618114714
2599 14.950157705850327
2600 13.588764105397097
2601 14.734380980694098
2602 13.74882757014329
2603 14.326993992154295
2604 16.669791537141617
2605 14.558080673836885
2606 14.501275598442342
2607 12.032925486014923
2608 14.452844105908058
2609 16.442485032878917
2610 16.78857174395311
2611 15.466383468754168
2612 14.135205592420078
2613 16.646947010197625
2614 16.163238106073326
2615 16.07232126530359
2616 15.673981342029153
2617 15.840866570709501
2618 16.091675060416442
2619 18.118931375070517
2620 16.911360516448905
2621 18.68481735626303
2622 16.862673087714033
2623 16.378923277812895
2624 16.301408134064456
2625 14.336116535412117
2626 14.266198964188387
2627 14.791094176317253
2628 14.857522884982407
2629 15.384554794712251
2630 16.87490599149247
2631 15.702832155424378
2632 21.23716248325108
2633 19.358760120869853
2634 15.531762884713947
2635 17.365467729761086
2636 16.466600250132064
2637 14.887718669475644
2638 16.93454994227644
2639 17.343170730932826
2640 17.050726327948993
2641 16.38972856744919
2642 11.941873584887402
2643 13.902316147964822
2644 17.355633107658004
2645 14.74487492717616
2646 14.354553022082444
2647 14.985783733738817
2648 13.876781655674753
2649 16.03593573475839
2650 16.164262575036684
2651 17.594679204690067
2652 18.642129990277564
2653 15.422766651676133
2654 18.965404193171008
2655 14.860498339074635
2656 16.523941131509325
2657 17.301774662086
2658 18.226422098028287
2659 18.055482938737235
2660 15.306014945604392
2661 18.30736051159152
2662 14.969393445649683
2663 15.618760326393142
2664 17.735969197603946
2665 16.822602713720634
2666 15.275271938872477
2667 13.454404089192156
2668 17.54110872372752
2669 19.90897500216695
2670 14.998711655081895
2671 17.267397658225843
2672 15.555772789030156
2673 20.884351746606782
2674 17.811622622777993
2675 19.382563183131982
2676 19.127207640684954
2677 18.80776204312247
2678 19.4803591168366
2679 24.100627955316813
2680 19.390500854351423
2681 19.867498230850455
2682 17.170261690948696
2683 18.04425046400689
2684 16.199401417260262
2685 19.079514275852404
2686 19.917970593271583
2687 18.591838339887
2688 16.632074690805666
2689 16.446388425873216
2690 18.87687532596073
2691 18.010795119048996
2692 15.96663005819228
2693 19.324661736495262
2694 16.013876993166747
2695 19.22219654658881
2696 14.161387170207236
2697 19.80347325388924
2698 16.91056432322701
2699 19.687267052003772
2700 18.825084034606483
2701 20.811301737395286
2702 17.693999100768316
2703 17.019153501077966
2704 20.100511707911142
2705 19.654713934791086
2706 19.749254667024005
2707 20.02771523158089
2708 20.245828645706123
2709 20.605810584843674
2710 20.586469578631643
2711 19.68506309229861
2712 20.467128665511133
2713 19.895365479348104
2714 18.088324353839198
2715 20.38369455521054
2716 18.94583093443558
2717 19.49306163038311
2718 18.57149664764673
2719 18.32930061987342
2720 20.15471609897609
2721 19.523345019663967
2722 20.433341910551484
2723 20.420485098829502
2724 19.900231673652787
2725 18.413851802017756
2726 19.129159705476226
2727 19.92283922544202
2728 18.998565061012957
2729 18.484575348924963
2730 20.053507460961757
2731 20.04150773359428
2732 17.458830466677203
2733 16.30278116307586
2734 18.027813658810334
2735 15.5204925869416
2736 15.384132151611787
2737 19.592249375756293
2738 18.861912245628176
2739 19.95199063313693
2740 17.75096665274096
2741 19.478584099997562
2742 17.679496261533927
2743 18.673498882258297
2744 17.30447760630573
2745 18.716202921467254
2746 18.484138930399997
2747 17.558480135896314
2748 18.299192503746763
2749 19.31242648907924
2750 19.721875990489263
2751 18.035320297543052
2752 17.59960094528492
2753 17.52915449420012
2754 19.132534562552465
2755 18.07492573922582
2756 19.36582922198622
2757 18.672826261399457
2758 17.920994681955822
2759 19.048619792214232
2760 17.157465897298938
2761 18.03470371385001
2762 15.592572611216314
2763 15.456519036234678
2764 17.629857013185696
2765 17.754175251331915
2766 18.527835873189936
2767 19.642086188236668
2768 20.309271216492995
2769 18.266950203003194
2770 18.392437639503022
2771 20.834117208756517
2772 19.004696641853823
2773 18.186248426402152
2774 19.21315672721712
2775 19.96588330271022
2776 20.58714713165309
2777 19.057390227682955
2778 19.966838263250807
2779 20.064733092840434
2780 19.94675592251296
2781 19.495456973187913
2782 17.90601649002761
2783 18.144367955864293
2784 19.06379177856357
2785 17.223060678123765
2786 19.355308543225814
2787 18.214781154983193
2788 19.094062320274084
2789 19.922982655942207
2790 19.695146267289054
2791 20.402497722531326
2792 19.305258034675376
2793 19.162349031594363
2794 20.009354485545916
2795 20.100017400857638
2796 20.22697393219629
2797 18.820654033603677
2798 18.19737296346239
2799 18.572198067334224
2800 17.768919352881454
2801 17.895612335984993
2802 19.82655216166557
2803 18.69491361946619
2804 16.81548108046329
2805 17.860731998193664
2806 18.002362618925392
2807 17.348048267844657
2808 18.248418360025767
2809 17.756427411752423
2810 18.396812589720724
2811 18.428508213085443
2812 16.66476647296828
2813 18.83015029470663
2814 18.246572750734746
2815 17.926386395457072
2816 18.03552009638538
2817 17.12998638154906
2818 18.149316518646987
2819 18.815107797745398
2820 17.375196652231676
2821 18.28712297565383
2822 19.332541700156174
2823 17.280355018218415
2824 16.687770249647357
2825 17.406047519241067
2826 19.064592662734995
2827 18.270824612120116
2828 19.353827716959056
2829 19.220565247416776
2830 17.99949909140545
2831 18.44814631264534
2832 18.575500654206998
2833 19.60340762617398
2834 18.630961198525906
2835 19.576483663211167
2836 18.52903511471058
2837 19.30340079701929
2838 17.549840967006894
2839 19.383973674943896
2840 17.500201240563605
2841 15.528988214267068
2842 19.029851569812358
2843 19.52849414252815
2844 21.240832838050103
2845 19.169701726401957
2846 20.43474804253785
2847 19.159027943812166
2848 19.845794726140927
2849 19.18945512182109
2850 18.75143923895196
2851 20.184636704581198
2852 19.387887959184827
2853 18.94820111016636
2854 20.23808687969192
2855 19.336328195706177
2856 19.26239602330275
2857 19.3465251600816
2858 20.089818164769614
2859 19.218603156833815
2860 18.82643192336119
2861 18.542419813316606
2862 18.36990103236561
2863 19.735361917221585
2864 18.56714961043819
2865 17.946889782936346
2866 18.25690479890837
2867 18.722407618594644
2868 17.896106466027636
2869 20.208576713136694
2870 18.828078929696257
2871 18.34988332103343
2872 16.967763815420838
2873 17.556015277950344
2874 17.76982042761969
2875 18.62446840872837
2876 17.62427379082876
2877 17.340118712136764
2878 17.33235414437868
2879 17.495233921691526
2880 17.796116640835383
2881 18.142103201210947
2882 19.008350830384725
2883 18.616956452730648
2884 18.170508517015573
2885 19.1077769905973
2886 18.349860609809515
2887 17.048519542019033
2888 19.024493244095126
2889 19.85698173698628
2890 17.919070246027868
2891 18.829500924829258
2892 19.189868622133073
2893 17.806523298893136
2894 18.65097015193426
2895 19.631719810521272
2896 19.147695502363476
2897 19.822438258831884
2898 19.182193746123165
2899 19.13084187666756
2900 18.941646366287358
2901 18.931059073412335
2902 19.27368233932929
2903 17.639409048039205
2904 19.162023202716988
2905 19.389336987042075
2906 18.75439828800892
2907 20.760623456089284
2908 19.252806707105098
2909 19.291524300713544
2910 18.19421600338606
2911 19.093711478406657
2912 19.387762359989978
2913 19.772043544330792
2914 19.361159419581764
2915 18.385930476295254
2916 19.83455024184523
2917 19.64369665912441
2918 19.5929876134294
2919 23.01526061088514
2920 19.924234394408252
2921 19.76286825672343
2922 19.422998347740815
2923 19.566094095789865
2924 18.75279074641506
2925 19.438152610141792
2926 17.723615562574803
2927 18.968163415609673
2928 19.000726410965388
2929 17.211966486225375
2930 19.280806626822713
2931 20.608044764557647
2932 18.453553103663854
2933 19.30772429883124
2934 19.51686723506569
2935 20.273936829112746
2936 18.900569101483164
2937 18.510615434193134
2938 16.103481130620594
2939 19.467170176922984
2940 20.20073574165292
2941 18.494395566759607
2942 19.254416651818932
2943 18.170992315444327
2944 21.534143751352662
2945 19.289098632225173
2946 20.450045824218957
2947 20.375125316177655
2948 23.800338579674047
2949 20.98339037692103
2950 21.062358471277374
2951 21.491726116693467
2952 23.264901833080458
2953 23.214507644892304
2954 21.88038895664229
2955 21.802370849899255
2956 22.83817368335683
2957 18.61221917471801
2958 18.116131859213265
2959 20.76435601249747
2960 19.495921776019472
2961 19.19098653868597
2962 17.512649853085566
2963 19.01486231170067
2964 19.3906336798374
2965 18.32803948402172
2966 19.92830500789612
2967 20.72648453608073
2968 20.794368463802623
2969 20.418303352284155
2970 19.85559687443322
2971 20.27850562268621
2972 21.924118222817544
2973 23.607080994168435
2974 22.058334873196145
2975 21.101098655735758
2976 22.316672666420704
2977 22.684363523538654
2978 23.025301839732975
2979 20.906331324361524
2980 23.319686322794112
2981 21.09914701844023
2982 21.002698127132444
2983 20.800415263799753
2984 19.79722534093417
2985 19.826525900384162
2986 19.47429081608192
2987 19.889703934828617
2988 20.034963567525566
2989 20.455694143104115
2990 23.253906919043168
2991 20.48546867678107
2992 19.37798621557931
2993 18.765181643033852
2994 20.347619379287405
2995 19.048803979690376
2996 20.464945873168556
2997 19.59505025878397
2998 21.686795526625552
2999 20.883093747089546
3000 20.74754891433975
3001 20.41610184617828
3002 21.038671920259535
3003 19.65579246567424
3004 22.295502586167057
3005 22.594933890617792
3006 21.408280804248037
3007 21.01312291361187
3008 21.92098122729144
3009 21.337614334238676
3010 20.988579406936008
3011 20.723145138077054
3012 19.391820279595034
3013 20.47766522487723
3014 21.813583434874275
3015 19.38978364899783
3016 19.30834225355321
3017 18.583896819086792
3018 19.223296298612404
3019 21.09039724779901
3020 19.076362389065658
3021 17.94636101757787
3022 19.515820821537236
3023 20.215329016406287
3024 19.72609239098047
3025 19.11142476598036
3026 19.112453565243175
3027 20.113921753661423
3028 18.49436377745944
3029 18.829716969298314
3030 16.44196573325422
3031 19.21144381290927
3032 19.058085389298537
3033 19.09446543730211
3034 18.58629394074641
3035 18.433221150329224
3036 20.960649829866803
3037 19.250015375780322
3038 19.397182957571196
3039 17.53764342167772
3040 18.637059146412856
3041 17.562216608920195
3042 19.33062026621866
3043 20.34824726349134
3044 19.32934865779243
3045 18.19666323916607
3046 18.133372061090736
3047 18.46511686249498
3048 19.688281739813714
3049 18.605894157905723
3050 19.258061363126398
3051 20.709066521180773
3052 20.25235233627564
3053 19.714697169649472
3054 20.25584809316263
3055 19.091692709000274
3056 19.259711790533657
3057 18.795073177666183
3058 19.244951741532194
3059 18.718806834020377
3060 19.687272720585575
3061 18.94007904535831
3062 18.492075637340218
3063 18.953920739154977
3064 19.277483972350655
3065 19.46729754638499
3066 18.857760152650286
3067 19.197311409426817
3068 18.795320428105086
3069 19.584486778612472
3070 19.481420637180292
3071 19.35727353436311
3072 19.48378627310609
3073 19.6111840098734
3074 18.155873672782143
3075 18.499276319876866
3076 21.437156839740048
3077 20.39345659083849
3078 19.349904881285518
3079 19.164947975899327
3080 19.045666623155256
3081 19.484605414997386
3082 19.43888108349681
3083 18.78202873155838
3084 18.630865315169896
3085 18.83776872162214
3086 18.558331285966226
3087 20.41303438057914
3088 19.456805827249795
3089 19.57356276941119
3090 20.265282619454947
3091 19.541764165253525
3092 18.925185838963735
3093 19.17225746692926
3094 20.945052641008157
3095 19.610325155718993
3096 18.24107306469461
3097 18.840280024643842
3098 19.038518499632076
3099 19.021693875752806
3100 19.66397229801447
3101 20.148896199628695
3102 19.631132308944444
3103 19.943226915618013
3104 20.738349617761063
3105 19.78793073756839
3106 19.15640422552394
3107 19.388925663588314
3108 19.185340063895715
3109 19.67168622638635
3110 19.59743756441749
3111 19.558130315578076
3112 19.625088130603757
3113 20.00840796417572
3114 19.42548456781182
3115 19.971823951395052
3116 19.96054322010132
3117 18.82766487856843
3118 19.184092554619035
3119 19.60940624223537
3120 19.256793541596565
3121 20.037001668062896
3122 20.840170277838805
3123 19.91861034287862
3124 19.359886335797313
3125 19.32327749130608
3126 18.99998016802112
3127 18.67338124849616
3128 18.228177436629526
3129 18.528839842726647
3130 19.007611392567984
3131 18.72582694813409
3132 18.872186010361997
3133 18.60410242193084
3134 18.991098211151062
3135 19.345255931386458
3136 18.45934176241764
3137 18.63771901078458
3138 19.167269222037813
3139 18.627619059338276
3140 19.43907079367655
3141 20.076074068556988
3142 21.018595172096166
3143 21.89277619258694
3144 21.205802855439025
3145 21.78505739493029
3146 21.576786672546806
3147 21.666822749465727
3148 21.18323834720471
3149 21.27571694731667
3150 20.494110577790085
3151 21.1954679750194
3152 20.74136395787577
3153 20.607265903749692
3154 20.944968981835366
3155 19.98919384886658
3156 20.59117421318936
3157 20.529221189641643
3158 19.50503360924402
3159 20.61822392056501
3160 19.51238896473461
3161 19.01294354087833
3162 18.98709621926069
3163 19.615315527827548
3164 20.55569419585258
3165 19.515413412710743
3166 19.477115688519994
3167 19.789830508053896
3168 20.49660129029159
3169 19.37141645772027
3170 20.144670014225323
3171 20.291901257338495
3172 20.13673130391112
3173 19.617408816907044
3174 19.510060948248995
3175 18.967539990416782
3176 18.42910775097355
3177 19.629022224160245
3178 18.44544910913184
3179 18.376728786353148
3180 19.331476978017175
3181 19.237157092594458
3182 19.538164660296278
3183 19.006456881927754
3184 19.090831194010978
3185 19.233337480904403
3186 19.58890793440396
3187 19.854076717124173
3188 19.09880746196508
3189 19.25134266018841
3190 18.98022213089406
3191 18.896227096240764
3192 18.62387500641451
3193 18.545914491808823
3194 19.01637857034511
3195 19.010643046510058
3196 18.56935475154848
3197 18.612487541571298
3198 19.249729065254616
3199 18.40416796556452
3200 18.784579992285064
3201 19.238334080511923
3202 19.151061631140777
3203 19.188901010068157
3204 19.36137572125899
3205 18.665584315002473
3206 18.92975136192426
3207 19.5369746856494
3208 19.08787232209452
3209 19.044618434794323
3210 18.21735855728229
3211 19.51028586103549
3212 18.58727105875881
3213 17.29344817196823
3214 18.227673502846386
3215 19.22832372202277
3216 17.875020698632643
3217 17.843851170052694
3218 17.375712868055317
3219 18.656144395836293
3220 17.69876323211085
3221 17.513655245618597
3222 17.837528930812375
3223 18.873622264899563
3224 18.599174129775342
3225 18.688185683393865
3226 18.417643628950138
3227 19.29179411950038
3228 18.626253285520523
3229 19.064569162005725
3230 18.653825346752956
3231 19.33264633110108
3232 18.818957761714884
3233 19.931862600277675
3234 20.32906444481853
3235 19.958391537274334
3236 18.721134825043098
3237 19.662838298083372
3238 19.99345437877754
3239 19.418585570789688
3240 18.88595455117679
3241 18.06628430009775
3242 18.802406572888124
3243 18.29892871535332
3244 19.560203538396994
3245 18.299347270226956
3246 18.795102581976792
3247 18.586009410984545
3248 18.461227401319178
3249 19.14441461687874
3250 19.731237658406506
3251 18.64994931661718
3252 18.613910483036346
3253 19.118978687848486
3254 19.65194934787466
3255 18.765252315615427
3256 19.1680593520193
3257 18.55735289449884
3258 20.066004424862403
3259 19.070941354275277
3260 19.25330683734751
3261 19.075236101485103
3262 19.04944290067476
3263 19.312840472987418
3264 19.02584195501481
3265 18.576204575553398
3266 19.398078512068803
3267 19.172371375199283
3268 19.162019435285234
3269 19.320436186596165
3270 18.863874280370258
3271 18.887413772685456
3272 18.713509319436778
3273 19.325112546211813
3274 19.76482372302931
3275 19.39588750812399
3276 19.355174043070733
3277 18.73954685579397
3278 19.214812347705656
3279 18.841508601830217
3280 18.48587375027742
3281 18.772256397633722
3282 18.861071597551305
3283 18.805771726573614
3284 19.796029777057576
3285 19.257579057045223
3286 18.62688088676046
3287 19.506974502835302
3288 19.10960291459552
3289 20.27781034375492
3290 17.530471583465037
3291 18.442245847594283
3292 17.736098547683866
3293 18.55708719679863
3294 18.36767418135911
3295 19.073996240127652
3296 19.54878048172828
3297 19.089450387016875
3298 20.04417446884849
3299 19.518940308841323
3300 19.173544666513845
3301 17.702974730484957
3302 18.451000942753556
3303 19.001577456197474
3304 19.19811787949004
3305 18.635481007527698
3306 18.57233750491467
3307 19.633945963103628
3308 19.209127850572756
3309 18.6864616676954
3310 19.251567864792744
3311 19.420660860267894
3312 19.624416753300924
3313 18.77518965420949
3314 20.087755859955784
3315 19.967953393369836
3316 20.02160005911335
3317 19.142711820873053
3318 18.20551297314536
3319 17.865834897277505
3320 17.756603034921103
3321 17.934516310198752
3322 18.95217480292996
3323 18.04114583015878
3324 18.383733897452522
3325 17.589591560936803
3326 18.057102561189335
3327 17.600288147301587
3328 18.411797696085078
3329 17.73091238433774
3330 18.530089086987033
3331 18.346085228001233
3332 18.696363902960634
3333 17.967943206456372
3334 18.06572230310141
3335 18.512509489171734
3336 18.205994302178578
3337 18.442379201292987
3338 19.077658608126
3339 19.125058435170825
3340 18.484524498154432
3341 18.634678392146018
3342 18.468019096754684
3343 18.596714372089036
3344 17.997808740204356
3345 18.4707208528527
3346 18.83113668279781
3347 18.441320209784372
3348 17.504628495235412
3349 18.516111542922836
3350 17.85577905553942
3351 18.193306632123928
3352 18.816637100418617
3353 19.16573607542341
3354 19.088921921485277
3355 18.801741171296
3356 19.46681298911084
3357 19.01117313732516
3358 18.828874518196326
3359 19.700323233729282
3360 19.208108624587677
3361 18.86373601525716
3362 18.613604053473143
3363 18.40063454346644
3364 18.529258539649465
3365 18.539869425047844
3366 18.707946494817758
3367 18.22642691796249
3368 18.234969149691647
3369 19.017256771464222
3370 18.193253329250357
3371 18.270540218291096
3372 18.24854366271422
3373 18.521640475556723
3374 17.20234017256818
3375 18.041463713463934
3376 18.13012016176917
3377 18.38106289759241
3378 18.2014572251027
3379 17.61565822708973
3380 18.2399911971239
3381 18.74744665443405
3382 20.062642844922905
3383 18.59008543014518
3384 17.610225673358155
3385 18.135247551319488
3386 17.320116801584874
3387 17.924870813561665
3388 18.11720688368228
3389 18.281219200111263
3390 18.00567144729552
3391 18.791004599556587
3392 18.511903600346255
3393 18.069181268551063
3394 17.9847345377033
3395 18.01205722393479
3396 17.846430163270295
3397 18.095288471032607
3398 18.051046150220287
3399 18.420866615007135
3400 18.238266188719706
3401 17.686986726575793
3402 17.31976480971892
3403 18.043157146678624
3404 18.756714393327123
3405 17.777479723890497
3406 19.02188063107803
3407 18.815865696140182
3408 18.19058436188756
3409 19.17226282470294
3410 19.08775724242456
3411 18.553416633533438
3412 18.436404290718315
3413 19.04518462797176
3414 19.056055704552236
3415 19.11735117293077
3416 18.648474994972094
3417 17.814416731528954
3418 18.276895780786546
3419 18.806135244225857
3420 17.071293370260555
3421 17.985618307536587
3422 17.31320748569265
3423 17.70852502782181
3424 18.06919405129451
3425 17.77643035310146
3426 18.99155160845624
3427 18.655478746196348
3428 18.58111273637663
3429 18.309410193802677
3430 17.943382989111445
3431 19.19868623276151
3432 18.768025131756694
3433 18.924456530086015
3434 18.203295296866695
3435 18.636586051901183
3436 18.12338372095501
3437 18.345384662179704
3438 17.84796638735557
3439 18.133402790826157
3440 18.46326065213817
3441 17.209171726440523
3442 17.60299631995435
3443 18.200487665120264
3444 17.520283993635907
3445 18.16787381847166
3446 17.610915065908692
3447 18.22608849626923
3448 18.253471051114456
3449 18.120965259601963
3450 18.939920061182967
3451 18.99488555191088
3452 19.223118474078305
3453 19.97737092645841
3454 19.290405127633615
3455 19.85523486269634
3456 19.32742624348119
3457 19.297647480862047
3458 18.831885638764415
3459 19.0883281151108
3460 18.32400700488018
3461 18.64768052416384
3462 17.181840046587727
3463 19.114946027596044
3464 18.5521075122831
3465 17.694306249588756
3466 18.659335296993923
3467 19.459468125687756
3468 18.801341732197052
3469 19.146130799647146
3470 19.41182427490275
3471 20.396473585175556
3472 19.823137362055977
3473 19.73115617553955
3474 19.24902628569259
3475 18.99211870745722
3476 19.748076819082517
3477 19.191379091128713
3478 19.57466241561566
3479 19.255143469051532
3480 18.758572742852735
3481 19.83388445229654
3482 19.29106537878458
3483 19.58622047375034
3484 20.204751428685746
3485 19.470844681673764
3486 19.002403267345745
3487 19.61392467522041
3488 19.32093719594666
3489 19.566018450597806
3490 19.066224777375332
3491 19.43741817550934
3492 18.46806135172267
3493 19.3691553285969
3494 19.940332287628888
3495 19.51111171462657
3496 20.224966865352627
3497 20.32366294931879
3498 18.852544953703067
3499 19.78702330363516
3500 20.467269469879014
3501 19.12181209393086
3502 19.590337373598384
3503 19.85738705582755
3504 19.611304774629062
3505 20.029267265798314
3506 19.723783178589
3507 19.58661994539537
3508 19.3484273421876
3509 19.40940941063019
3510 19.070993264811857
3511 20.15067016653406
3512 19.774325298351208
3513 20.44216904204306
3514 19.580623560710197
3515 19.054850402264993
3516 19.724856572740745
3517 19.471427307400095
3518 19.39236866754959
3519 19.428062671195526
3520 19.751146591744966
3521 19.276419852522647
3522 19.42709322741105
3523 19.316590940331523
3524 20.11443625202499
3525 19.048705848530147
3526 19.30925044825164
3527 20.18715003974895
3528 19.344323530440978
3529 19.378242033126966
3530 19.60195549439341
3531 19.140004572215954
3532 19.370733582684814
3533 19.28953938995787
3534 19.858275613901494
3535 19.531259518201193
3536 19.462915666927714
3537 20.233808172375465
3538 19.87547972531879
3539 19.255307462107034
3540 20.056050350712894
3541 19.47792785480301
3542 20.392932389578906
3543 20.46588295849983
3544 19.488423033834373
3545 19.23668284143588
3546 19.271349358621585
3547 19.44872656965059
3548 19.51977204439865
3549 18.71598562186691
3550 19.974518158297307
3551 19.495374659040028
3552 19.447824555874593
3553 19.85497553143507
3554 20.76851501791127
3555 19.760056524931876
3556 19.83948346519323
3557 17.556053943988886
3558 18.931321911570148
3559 18.443564813733484
3560 18.959991675427684
3561 19.203054647006052
3562 20.082843268956857
3563 19.785437282293458
3564 18.85277711424839
3565 19.49529475226174
3566 17.643839823457437
3567 19.088722946313062
3568 18.27816915630186
3569 18.18635482268527
3570 17.690358966228803
3571 17.050699852953482
3572 17.28259212284933
3573 14.822688075775297
3574 13.95110197827165
3575 16.118778984739844
3576 18.007893365810105
3577 16.534757862704204
3578 17.274248227049185
3579 16.67685360151769
3580 15.445409118333291
3581 17.006082292778448
3582 17.591300530864544
3583 18.0864652441419
3584 17.156322381939667
3585 16.809321819969654
3586 17.15215312852263
3587 17.56179472430504
3588 17.34329442286597
3589 17.01148052359158
3590 16.89843837019369
3591 15.699323077339715
3592 16.231118783661397
3593 16.294409012215826
3594 16.24071232126123
3595 16.488350993034565
3596 16.54034418668593
3597 16.648064510262948
3598 17.48326038655164
3599 16.527256213484907
3600 15.843790546652947
3601 15.926285161021287
3602 16.248477189955185
3603 15.538274713629049
3604 18.64931976039483
3605 18.160339360869525
3606 17.915526427559445
3607 17.946359673853138
3608 17.239193006246452
3609 19.048394311993857
3610 18.849716337546027
3611 16.99982465954418
3612 16.15686866354352
3613 16.322906627993067
3614 16.581078710682434
3615 16.005107683119586
3616 17.30659182215515
3617 16.409733314835886
3618 16.756943029327434
3619 16.539707565768197
3620 17.545465751721284
3621 16.72920965960434
3622 17.320854882162823
3623 17.069596237118816
3624 17.054812643812145
3625 16.927009454849266
3626 16.995150684611627
3627 17.096840419104456
3628 16.172612145414863
3629 16.018513018288502
3630 15.34509843349176
3631 15.812442654737817
3632 15.54486849381152
3633 15.150040615217648
3634 16.281340109104846
3635 16.74070006703622
3636 16.800603388441672
3637 16.877595445254812
3638 16.052977082419364
3639 16.473440726187103
3640 15.613308700056574
3641 13.466851642837463
3642 14.214939951951955
3643 16.007674553591254
3644 16.32357681385161
3645 17.609512349990872
3646 17.016225638559185
3647 15.988596113365098
3648 15.926124353985763
3649 17.451615936091954
3650 16.688381825440597
3651 17.495445974314382
3652 15.96015298870457
3653 16.17633978298241
3654 16.15492777065509
3655 16.339976174841894
3656 17.862407950976067
3657 16.68457855442311
3658 16.236120151685768
3659 15.990091795810015
3660 15.485801013434187
3661 17.140018865606002
3662 17.328831443241345
3663 17.191846504611732
3664 17.429281268644793
3665 16.656059920461566
3666 16.458582554412857
3667 16.499965384246977
3668 17.15275878915801
3669 15.85488145065375
3670 16.650186885027004
3671 16.71460519820472
3672 16.22051618900143
3673 16.551859810137366
3674 16.465574665809267
3675 16.64626548221655
3676 17.94456258619963
3677 17.240552691124282
3678 17.041290396518438
3679 18.691085569309124
3680 17.248549022698093
3681 17.21493220537329
3682 18.059875947989973
3683 16.383208092171454
3684 18.55984056322153
3685 17.31975520862164
3686 16.67826134692816
3687 17.80597099786786
3688 14.935433813897294
3689 17.9677784793431
3690 17.26351018784379
3691 17.713819081102244
3692 17.627688598273366
3693 16.8844588596368
3694 16.782542990134353
3695 17.28805592045295
3696 16.358731560956205
3697 17.331929561219386
3698 17.069925293093203
3699 17.55566396011285
3700 17.544055852005034
3701 17.801647700910017
3702 17.216315158641073
3703 16.340605382082387
3704 16.89923547349625
3705 17.562267140473242
3706 16.21505298216566
3707 16.480351888594537
3708 16.068259500039783
3709 17.525077517918362
3710 17.199488672198434
3711 17.254065550155346
3712 18.40014412885808
3713 18.241982642385732
3714 18.03823667024352
3715 16.97987455773669
3716 17.50640102695692
3717 17.55832416245552
3718 17.470400925454673
3719 18.108756253418242
3720 15.948014851123908
3721 16.634271146850306
3722 17.45242654301729
3723 17.01317097507782
3724 17.50374562619848
3725 16.971980467389844
3726 16.086352312411552
3727 16.735828320762206
3728 16.143363979947875
3729 15.971279024468018
3730 17.21959371391098
3731 16.86050230479506
3732 17.4595202063928
3733 16.434176552538144
3734 18.312137269015384
3735 16.72590463041042
3736 16.729191294824197
3737 16.763947885770317
3738 17.039144045774528
3739 17.403497922323016
3740 16.83231448451138
3741 18.997712025745717
3742 17.676428772887757
3743 16.917875879668596
3744 16.600485245564677
3745 15.63587364535254
3746 16.386289812811164
3747 16.395898328198
3748 16.705148479049793
3749 16.809178060468202
3750 16.64615101468345
3751 16.65356694817902
3752 16.15360685140625
3753 16.485259948755797
3754 16.811638541257604
3755 15.660288235096386
3756 16.343032858152444
3757 16.111819135085142
3758 16.195352257115896
3759 16.204305920497386
3760 15.796713493321995
3761 15.594228032740082
3762 16.238056921170852
3763 17.074175427837623
3764 15.625326706352219
3765 16.66562328813194
3766 16.15326913159398
3767 15.465013828512102
3768 17.524878966519456
3769 16.337552661348024
3770 16.6735616340766
3771 16.574672049061817
3772 17.24843466775731
3773 16.77626329148092
3774 17.1817517409143
3775 17.582981224208872
3776 16.737027145080383
3777 16.94882226782979
3778 16.92902649281434
3779 17.465415252240643
3780 16.295540958871236
3781 16.605394956355344
3782 16.963719205621324
3783 16.810613746037838
3784 16.957307382419696
3785 16.998694301772794
3786 18.568492429813276
3787 17.95531288055049
3788 17.694468153835725
3789 17.199987447512395
3790 16.78638586310203
3791 16.517849582526434
3792 16.365692260534676
3793 16.384473783480864
3794 16.938949065418466
3795 17.511032711493158
3796 15.942551732690902
3797 16.38547256733713
3798 16.83506641779516
3799 17.53265893463561
3800 17.319297140721
3801 16.898914842155442
3802 17.603864452402135
3803 17.25704318617246
3804 17.467837674153046
3805 18.83468660669956
3806 17.80118546411125
3807 19.02739400174307
3808 17.361553208712206
3809 17.418200866782087
3810 18.67144040150519
3811 17.04189375155207
3812 18.235409258932798
3813 17.785833413902143
3814 18.847338734372588
3815 17.9180184339922
3816 17.009046130925995
3817 16.72811747556009
3818 17.25100334328011
3819 16.846403516509298
3820 16.763664339209125
3821 17.455535566978963
3822 17.80699563638977
3823 17.718874484157343
3824 18.64910233198615
3825 17.934869274031293
3826 19.12193401683039
3827 17.783251169880923
3828 17.057003785818797
3829 17.952263577266045
3830 17.601060318998645
3831 17.364151913895956
3832 18.123556072227128
3833 17.677614324193506
3834 17.705387642687267
3835 18.75286328048172
3836 18.156278746468367
3837 16.64044848012163
3838 17.45839075710499
3839 17.309269111714105
3840 17.502926073693676
3841 17.667022903671523
3842 16.617200849012843
3843 18.044316627203088
3844 17.697288053182163
3845 17.050171312025665
3846 16.7330682903075
3847 17.94370374604924
3848 17.9237064344923
3849 17.387689390224754
3850 17.250510415219615
3851 18.595356757858227
3852 17.452864168481042
3853 16.51743488200294
3854 17.580787702713117
3855 16.10556332294521
3856 17.369175505984465
3857 17.504562621941187
3858 16.813985859680322
3859 17.457144438056577
3860 16.711931038758777
3861 16.688930281090993
3862 16.462855022986613
3863 17.411661679958126
3864 17.555268683535992
3865 16.591697104800566
3866 16.361175618172663
3867 16.023111743533583
3868 16.94933196875622
3869 17.137132412344048
3870 16.681801582350282
3871 17.646510640286692
3872 18.512914471796883
3873 17.433567382839424
3874 16.860378815817565
3875 18.23098927867248
3876 17.71372223895439
3877 18.20191215631754
3878 18.57023811627282
3879 17.161941470778917
3880 17.506642462946253
3881 17.2729342814573
3882 18.21251178694694
3883 18.197286633084186
3884 18.04668108433869
3885 17.62525014436463
3886 17.80375524928888
3887 18.28257944768886
3888 17.766544874055047
3889 16.731558038702815
3890 17.28878283486248
3891 17.356353365510323
3892 17.094370462096073
3893 17.150286198847958
3894 16.96101703325009
3895 16.100290485723946
3896 17.37637356297717
3897 17.449230503071355
3898 18.045546717048246
3899 17.967010634057434
3900 17.35935155765107
3901 17.42247762410936
3902 17.363508497178234
3903 17.703339299353566
3904 17.055327013831317
3905 16.57453118473105
3906 17.109398553958407
3907 16.967490772466157
3908 17.67411115647012
3909 17.22090097044243
3910 18.116881133206153
3911 17.416006942937035
3912 17.627184812016772
3913 18.111140462816618
3914 18.955882830718085
3915 18.48427978272384
3916 18.414730103188248
3917 18.27274648091296
3918 19.410568148019568
3919 19.372978035403897
3920 18.500549926585325
3921 18.340834194421593
3922 16.64086493362491
3923 16.703053975163023
3924 16.927238379448855
3925 17.79902168324434
3926 18.383352593631777
3927 18.117806155261764
3928 18.775256170566454
3929 19.048657490441528
3930 18.80074970544325
3931 18.56575478841781
3932 17.85728337690733
3933 19.600011687684344
3934 19.256997697965495
3935 18.982875886953853
3936 17.704411980888604
3937 17.450505874996846
3938 17.962292607971396
3939 18.50034941311392
3940 18.582108949314456
3941 17.874679777081827
3942 16.998912049519976
3943 15.926832102166832
3944 18.352307171460755
3945 17.57996121772248
3946 16.503563084359183
3947 17.3427728691716
3948 16.586675416624146
3949 17.29736238206869
3950 17.180138761430577
3951 16.21341778879841
3952 16.37039732640366
3953 16.949245882887627
3954 17.634430080948842
3955 15.960049970452516
3956 15.658079325085806
3957 15.500497589590703
3958 16.711499183744714
3959 18.072659694756045
3960 17.97664570263835
3961 17.11609895415149
3962 16.91300334425645
3963 17.92324478557948
3964 17.684380153400944
3965 17.35148735711277
3966 17.877858224556018
3967 18.333322700740382
3968 17.086437835252937
3969 18.716544818803726
3970 18.270375762900688
3971 16.212927950656884
3972 15.646142606526478
3973 16.41919178687139
3974 15.76657550782812
3975 16.250754101249527
3976 16.888781196159673
3977 16.9477722842982
3978 17.035525221010104
3979 17.235814307633646
3980 17.21361826767058
3981 17.30789404661236
3982 16.63620639628827
3983 16.432855707982256
3984 14.817315195578441
3985 15.948209651809217
3986 15.485476822483152
3987 15.110242460016208
3988 14.659870667091942
3989 17.298199382150365
3990 16.559902803901085
3991 17.083497566342594
3992 17.49400829120145
3993 16.229209079333405
3994 14.852858760438872
3995 15.817659727244406
3996 16.612123018257567
3997 15.837679613164418
3998 15.129185208243006
3999 15.574190460181448
4000 14.111727884533032
4001 30.81751058016861
