0 23.47763983329451
1 28.22458078248338
2 28.986900904635757
3 31.54990635321734
4 33.305383510469085
5 36.24543586765266
6 40.02774697134289
7 37.552252357982084
8 38.34630535808947
9 37.89573030228389
10 32.430424865497145
11 33.17641739600294
12 36.13027514996687
13 37.22927774425563
14 31.99135018164495
15 29.81628979073824
16 33.2544145637531
17 33.173239136447044
18 35.95506635791072
19 30.90116056520334
20 27.200309969632357
21 23.956317438501067
22 23.875831135431486
23 22.795074581462092
24 25.206518865067196
25 25.361346239137134
26 29.084662553921227
27 21.443797107981265
28 23.64998815723052
29 22.474981090635794
30 26.241472330930666
31 22.27470489518107
32 22.828357753691986
33 20.417146844861392
34 16.78155222721791
35 16.84663018951733
36 14.7089687096043
37 9.674590429661954
38 7.355924965983113
39 10.273987054249066
40 11.901226401142532
41 11.132503342809462
42 12.575584367195553
43 11.051270842373027
44 5.501015734586247
45 6.445674983191522
46 6.751798995635015
47 5.933304449406675
48 6.340057518304199
49 12.348666550015063
50 15.772899585929135
51 14.232565908642737
52 18.229937456881625
53 11.990214790752429
54 9.613890311747022
55 9.41774446029898
56 10.021176340693758
57 16.127069869923798
58 13.256021766166759
59 16.314525975599814
60 12.043709916823872
61 11.911604350424575
62 17.30940843922646
63 16.440506283817545
64 19.49085238952875
65 20.782011203608878
66 14.83289794444834
67 15.628895538580029
68 16.681515943330847
69 20.725771385277692
70 24.094069288629033
71 20.625759522460758
72 16.1845751185576
73 16.57887002361329
74 17.79359851833588
75 15.60107242865411
76 13.302029462293646
77 13.25927296292367
78 13.071499590283583
79 9.422690652578568
80 15.963119688614096
81 17.921160730527877
82 16.347563124107594
83 18.946126875949844
84 18.25695783093582
85 19.586255238468816
86 21.3222762401921
87 23.167508639149318
88 28.49818881046134
89 23.90733233676364
90 25.702679140831897
91 24.430695191068818
92 24.309075762928025
93 25.720295055767984
94 22.39428256911076
95 19.922605553873485
96 20.22956947280541
97 17.665472129561504
98 18.778522193993005
99 17.697744892533038
100 15.82997137099718
101 17.982379390480087
102 17.58566786554195
103 18.422296923004886
104 14.533940103773082
105 18.136142628139385
106 15.397055726857527
107 15.919531363277857
108 14.498706110610263
109 13.920098473897118
110 12.170258929966462
111 9.63041765929395
112 13.773196400531694
113 12.371595688893313
114 11.940368396728479
115 14.214854422452616
116 10.379427598653153
117 6.007035544810456
118 6.574153954945094
119 8.49405306536836
120 11.2943788745623
121 15.692918036493685
122 16.579997084443594
123 11.452493257820086
124 14.42028419177593
125 14.694809154350116
126 12.204600228105784
127 15.300585965341009
128 16.035510174336604
129 13.923378316349888
130 14.449167091444053
131 16.80682410247595
132 14.926144632215589
133 12.704959136045504
134 14.738202320395454
135 17.48314992207614
136 17.832767445570468
137 17.923491680356822
138 17.955818368134537
139 18.956003489563933
140 13.915443918247043
141 11.096395593337967
142 14.538896731224405
143 18.390795873776575
144 14.904556429474436
145 17.803726464251447
146 13.43350455853548
147 18.046449952805126
148 16.17464159707887
149 25.106126173451138
150 17.936294715295205
151 16.315806326878587
152 14.646746233587484
153 17.522423855137166
154 17.334111303899853
155 17.58580481043517
156 15.64673833102789
157 20.945749911630752
158 22.832705407580367
159 17.81424596524067
160 21.71450297696366
161 23.423492593140626
162 21.591486328432428
163 18.054838031122486
164 16.775669359487413
165 16.45320487940523
166 15.927033511664966
167 12.210906664975935
168 14.175146455308345
169 15.278693675612226
170 16.4829354886557
171 20.07912092170881
172 15.607308776869468
173 15.696426475273265
174 15.977199174458859
175 16.81538030835692
176 20.359539422186995
177 25.332026799003515
178 22.79271996426413
179 18.12029301794176
180 19.869443321363654
181 19.351555450140243
182 17.29833157281701
183 19.42118718534578
184 17.285005101034127
185 17.01275763371264
186 16.197720895339273
187 14.811297466064103
188 16.993607982363205
189 19.80538792025585
190 19.287834925805626
191 17.162229442479646
192 17.794498751162557
193 12.106616349111011
194 16.303713371555187
195 9.256413914334631
196 11.422310961957592
197 11.590042383314085
198 11.288563668245983
199 8.653131663949283
200 9.69799585719745
201 10.540649612116496
202 14.031502202925855
203 16.38003751069837
204 19.939805164429448
205 21.473415071517984
206 20.34014237099953
207 20.687951790865025
208 20.642726094867367
209 27.834385294886832
210 23.794260530570348
211 22.93029883884887
212 22.6438277712982
213 19.237210328323464
214 17.808205504607994
215 23.070397395612453
216 20.286818587882387
217 18.060156050583455
218 16.923024312310186
219 19.826191360303174
220 16.4878425221303
221 16.09605907608306
222 13.960649107690015
223 16.119956853539225
224 18.532533783052774
225 17.958235221558525
226 21.70820210969027
227 20.980956124495126
228 19.177696361290486
229 24.82299736398698
230 21.4468155865319
231 19.486689593945815
232 28.841562188445852
233 27.3440287672826
234 20.703296150231644
235 23.457993229740904
236 22.364655584241373
237 20.817371791869277
238 16.073037057617697
239 18.91019632200955
240 18.10784484348644
241 17.32320721905909
242 17.843063815561898
243 20.489689809251157
244 21.07617658657272
245 19.79564707226484
246 23.102324057840573
247 21.627267663954502
248 18.689235963817012
249 16.71085048450405
250 13.963287746245626
251 14.555572466870906
252 16.670180062095532
253 12.833046291084587
254 13.226122000456403
255 12.982031638763102
256 15.030695278888734
257 14.44469661193607
258 12.961566217221328
259 15.166607399267885
260 12.285519953594894
261 14.64515259957245
262 14.010473682130213
263 16.32892699577664
264 22.13370257366867
265 22.783570375751637
266 23.043631854860838
267 18.210949694659394
268 18.085854127018425
269 25.33855276562499
270 21.65603900788926
271 26.58791277019638
272 25.952887286640618
273 30.89872900029584
274 25.69997755385669
275 19.688950032248513
276 22.85709120869601
277 26.861839187864366
278 19.22748698465797
279 18.434660877632965
280 13.61980116269787
281 13.094552044571916
282 13.279356375175404
283 13.971748368657366
284 14.14439070985493
285 9.783975404069512
286 13.96732166384874
287 13.636276502968784
288 12.310410740992877
289 17.139544127599436
290 17.310726671941683
291 17.876502874846643
292 13.152237483020055
293 10.109536759568206
294 10.425692243582914
295 11.533519094614805
296 13.064086648624365
297 13.772883800250755
298 13.57617349902389
299 13.364234848132524
300 9.423536306076073
301 9.743470457803026
302 15.527890232948279
303 14.950608860797171
304 11.639512296848453
305 12.293688549680356
306 10.645993229739325
307 13.986161836982497
308 15.27291438211068
309 12.254515801604837
310 17.53722427455716
311 16.634277886327748
312 11.163141265924507
313 10.097250074075212
314 12.263813373507759
315 13.044939211750494
316 11.074946633231269
317 11.190256053407218
318 17.131247491039243
319 8.949379477549718
320 6.740521921324823
321 7.88360580240573
322 8.927885595416955
323 9.08025687722404
324 7.984001966792413
325 9.523334667903574
326 11.260011960481407
327 8.428647035043687
328 13.683146161762934
329 12.509376668632632
330 12.182927641176219
331 10.884973473062992
332 11.53699671508284
333 12.210196053606849
334 15.588356554213998
335 14.979923734552353
336 14.084723259285848
337 15.713181909110473
338 16.060217626009788
339 16.55570902068159
340 20.76758360931784
341 19.35491861996912
342 17.625880153354785
343 15.650405155942973
344 16.247346989791435
345 14.03750542923587
346 15.622169709917507
347 14.51982793916906
348 18.38040921410781
349 18.1675820607122
350 16.712278740957156
351 16.058569568792166
352 21.753522465751473
353 20.424042150318442
354 25.518695047950626
355 19.75254211767204
356 17.028260721041676
357 12.748485707739915
358 14.819780956771684
359 14.285385520694186
360 12.883446506197043
361 12.934659211019694
362 9.335293851575116
363 12.020636783645662
364 10.154224443806319
365 8.629639351113633
366 14.518503790220514
367 14.96165067525409
368 12.493292045647772
369 19.02252497294956
370 17.0845355988523
371 15.886527795071734
372 15.675200439751519
373 18.366069340297347
374 16.45813722857747
375 18.851749678258297
376 16.660326094930046
377 16.414445494606543
378 13.298260854220047
379 14.293188590514537
380 14.71996238195815
381 12.648304140324587
382 16.271019300891684
383 20.207027120318685
384 19.594006201850682
385 18.419905566788138
386 22.976063658965828
387 19.452931803019066
388 21.744121121815628
389 19.43384812633272
390 20.194278756918795
391 18.204159090967437
392 10.403833399959082
393 12.353371462515582
394 11.584535239823026
395 7.116443542820507
396 9.243333327546788
397 8.554890557487003
398 7.229102269414024
399 9.699917253926934
400 7.604000487191048
401 4.799315979969738
402 6.834546144232118
403 4.251693581132713
404 3.527177053206526
405 8.330606923720607
406 8.85299237716312
407 16.521415712382115
408 15.101434302515619
409 21.333503068802642
410 27.08934120877655
411 30.112352277865824
412 21.434324328969502
413 22.139247817157038
414 25.898352609455053
415 22.364730335253928
416 23.21271864570094
417 24.24682132511876
418 23.886150141021936
419 27.839522343253353
420 21.486240096105284
421 17.80369380943372
422 19.664457065120494
423 17.461838620144206
424 13.842108830461338
425 18.753766823523573
426 20.11233616507102
427 21.274627967364435
428 19.891194087624182
429 19.102456751863453
430 17.445574699691935
431 16.98347444599866
432 18.037173926663552
433 15.09973879335197
434 16.55510393135758
435 10.412220178137616
436 13.654054189631164
437 16.11222756669571
438 11.907860833660012
439 7.636888335536279
440 9.341254216116338
441 13.73231546526901
442 11.385327230331026
443 8.855714331124691
444 9.335963103009904
445 8.032716409689698
446 11.169612510561425
447 8.774523377674596
448 10.226954415628983
449 12.330448291649853
450 8.41109520927339
451 15.729097519471214
452 15.225343733887245
453 12.831453777172534
454 12.474804186721354
455 9.450154829315204
456 11.80070492737988
457 16.588492789718895
458 14.162807872623494
459 14.064547937588555
460 14.771866277624353
461 8.74255875894653
462 10.441924199242802
463 8.565815568467537
464 12.575344203545603
465 16.952022070214028
466 17.339568661468252
467 14.812232341229222
468 20.80344558917085
469 21.96322737234398
470 17.88754458295621
471 20.893529471828614
472 22.51420183256947
473 19.198538605841772
474 16.933541973731725
475 23.025557399634312
476 26.09621552161902
477 23.930864526085596
478 20.930648297054745
479 23.644342804294265
480 19.45678239313251
481 14.667205434828576
482 20.90734109308267
483 17.59770951850648
484 16.439903792607282
485 13.28277366276689
486 12.633871289491958
487 20.2141442873297
488 21.286612947327196
489 23.037085218227904
490 24.838147287862167
491 21.756887762592044
492 22.490661085171983
493 22.680313618006206
494 21.916159381444693
495 19.523776852806115
496 23.21588582129351
497 25.332556867803874
498 23.247863071777587
499 24.462613598267776
500 23.909183807794268
501 23.650046664144032
502 16.487902079097992
503 20.156042628049754
504 22.373461999211386
505 20.838238556833296
506 22.475672010179675
507 24.34161045712492
508 24.48506937616936
509 23.498539760751395
510 26.839412389117147
511 21.091251298062975
512 25.67444928793196
513 32.50546293560606
514 30.830968630291803
515 26.946382644751193
516 26.699894023455094
517 27.79327932742795
518 28.247617434947706
519 30.867953156611268
520 27.251041952059147
521 29.163821327998015
522 29.17774974361213
523 28.556664651338465
524 28.053308534209442
525 23.78093392909782
526 25.449446511739822
527 22.157045103173555
528 23.19174854213718
529 25.34799920235059
530 26.84852172979419
531 29.375917412653607
532 28.665623617134287
533 29.050725720525293
534 25.765997323341914
535 32.570849354534396
536 25.836713464191284
537 31.621160403120367
538 31.63423582971466
539 31.258628970323976
540 31.688504010582477
541 28.86463763100916
542 28.635366916537418
543 28.776246983398284
544 28.141603248878123
545 28.12338732891139
546 29.808522579586132
547 29.077562113672062
548 28.00241908397892
549 26.419281474657506
550 26.81303004317336
551 28.449026414067472
552 26.861676616411025
553 28.58751259360553
554 26.794254234727074
555 25.581063536923512
556 25.8388704323362
557 25.24665908216134
558 25.0311411905171
559 27.025203942086836
560 27.170932251458993
561 27.76114972270621
562 27.85977274619302
563 28.26892560314665
564 27.429156995889578
565 26.57062654679486
566 28.402270249518452
567 26.083441340753872
568 25.65640051737312
569 26.859685996367887
570 25.230486235541395
571 26.69541497885364
572 26.49077923807064
573 26.535342436319972
574 25.857693104588098
575 24.870152859295565
576 29.16502441620012
577 29.14250998044464
578 30.236399041985173
579 27.782088509013988
580 28.618324230707447
581 29.742328362299535
582 28.53088915028258
583 27.79332162533963
584 29.14829661380959
585 29.803968382083617
586 29.46725148821521
587 31.265873601080667
588 32.478995775986185
589 31.732066953715933
590 32.53244144480658
591 32.419990775336764
592 32.58501593732828
593 32.424671921045466
594 31.676648378872475
595 35.190706116082225
596 32.82624509111047
597 36.87142966494267
598 36.56633585620466
599 37.25472964108975
600 37.264182610134824
601 36.24717268278545
602 38.66281888010195
603 34.538841853627005
604 37.403128154997866
605 35.317943848546896
606 35.854210057663515
607 38.26166431862657
608 36.89826662636588
609 35.685417176289796
610 35.10469906276182
611 38.72487048090402
612 36.50928726066663
613 33.04812502489761
614 33.321194650499244
615 33.13465345195451
616 32.09844598953982
617 34.952491828286234
618 36.497877506772916
619 36.660365573119925
620 35.773341032239415
621 34.74199376979993
622 33.03173442742102
623 31.594674423378247
624 31.37499126236935
625 31.636311677803647
626 33.670930506450105
627 30.886831086968467
628 34.40501653790803
629 33.46222349884114
630 35.411882372133604
631 33.774507542080435
632 33.200597394124244
633 41.0932242661421
634 37.16641663245846
635 33.041439056029176
636 33.66239954366899
637 32.28297838367087
638 35.55534492974787
639 32.2309974535953
640 30.647386768345932
641 29.935641855971248
642 26.97467220368345
643 26.063052825784432
644 27.189772810610062
645 29.368434085106998
646 30.508407868756496
647 29.647071705033383
648 32.92347942406286
649 30.14959818660217
650 30.61901918163874
651 28.938395273481575
652 33.475222007273146
653 35.34143615934631
654 36.995528176814815
655 32.741826221956764
656 33.00917935243205
657 37.8400272550066
658 38.122471222476975
659 36.62403588085711
660 36.39879046187974
661 36.39021601629928
662 35.55884354324212
663 35.57150791304801
664 35.71396713507242
665 34.758630360257264
666 25.402256916852075
667 26.88782118912753
668 28.447441871891993
669 31.13474375435701
670 26.522663715503356
671 25.021772914163073
672 24.14980507330453
673 23.01195905087319
674 25.67867494870397
675 26.175479083027366
676 27.428663255633566
677 26.88140010938785
678 26.196153109458
679 23.130102091669603
680 20.46114549446717
681 29.724580567248605
682 25.6538287744324
683 27.76448008881544
684 35.383993489879245
685 35.18598506153154
686 33.363123963590795
687 31.91220217187514
688 26.159213371226375
689 23.94809990661
690 26.699068443992616
691 31.401106859546143
692 31.62514010790953
693 31.782757971535926
694 32.214527227428135
695 33.841832156248635
696 36.334049087121954
697 32.657038517345555
698 30.881820768891682
699 28.63556907101257
700 29.17733684481538
701 32.10448070023879
702 38.79858317578256
703 33.47831731344207
704 30.71147705496947
705 27.58883869091334
706 30.10036113878535
707 26.77712606569371
708 27.44595273278936
709 29.539752023001668
710 29.896833988444172
711 23.993764092548552
712 25.41033174466618
713 33.60235237821528
714 32.01864649155776
715 37.55395727245051
716 35.28106626139462
717 37.64916381844039
718 32.447520589193886
719 34.02666829297037
720 32.51581158657879
721 30.490158048403252
722 29.32608845940813
723 33.257793307954294
724 33.737706791662234
725 30.52903497040871
726 26.920184529910525
727 26.08536537549087
728 28.717008554736204
729 30.15439118806874
730 30.662810804771624
731 29.502781301760486
732 32.472664403871406
733 34.79904200897345
734 33.597082250007034
735 34.29121357705471
736 35.93140829010478
737 38.92120044192163
738 41.01966346294495
739 36.00620624357167
740 37.56340945256114
741 34.076068737335994
742 31.27952148296941
743 33.7894464900591
744 30.479297427927513
745 25.77702348227554
746 26.178041052225797
747 27.42018944369817
748 32.68451893591603
749 26.902097906770926
750 25.752504101483613
751 28.689591174322587
752 30.155681171251988
753 31.80791935105498
754 32.845479044642474
755 32.20962120435204
756 32.44178524328846
757 34.11240632460772
758 35.79053316266873
759 36.96011424208048
760 35.824030502813514
761 37.253774081194145
762 27.745801941508677
763 28.405156834211724
764 28.928532741562673
765 32.994758807480586
766 26.932258468658553
767 24.0087485850695
768 24.864866688047986
769 29.517723612524893
770 34.66339963345554
771 28.984210388479617
772 31.671400371791098
773 31.535269965707904
774 31.49949280328177
775 36.04195718430874
776 37.64502059579731
777 34.200312551349036
778 35.977214786057104
779 36.85254109306835
780 36.316722110393265
781 37.26525946409876
782 38.643602826292216
783 37.12505276586328
784 36.20815037933285
785 31.42529366028598
786 31.087913407666235
787 35.52694691264263
788 34.07033593871125
789 33.50615589064245
790 32.943540010421
791 32.80230847249408
792 33.096668487702736
793 30.244532103610965
794 29.513036385929958
795 30.03210239894202
796 30.69656301354996
797 33.74774750900233
798 36.594308074351694
799 34.170703039291105
800 35.157880796898915
801 37.85467723761042
802 34.34344919459251
803 35.65814861941898
804 37.337984531061466
805 38.006891074034534
806 42.91620027086028
807 41.24057500843754
808 39.58096933446842
809 41.833016950532354
810 35.7233008683479
811 42.27001274325354
812 38.68672996595824
813 43.42909874420546
814 43.751425641886854
815 46.465919066312956
816 44.77511076775913
817 44.46738450583248
818 37.33827750547879
819 43.734777808816084
820 45.71281446843337
821 43.43017436565709
822 41.80468493095887
823 42.28351373335737
824 36.781409624008354
825 36.76209489513882
826 33.76768831131877
827 34.75448120024154
828 35.1923948562427
829 34.40747554138948
830 36.229038352192404
831 42.51570008718615
832 39.310777087093115
833 37.523658691873024
834 34.369955682959336
835 28.57587396356846
836 33.438219003107434
837 37.28779160506458
838 41.90458822457558
839 34.61274297539608
840 38.35690381532411
841 39.426547698752465
842 41.27914525186706
843 42.494507329948476
844 37.212286250692465
845 33.04909327984239
846 32.108729114759946
847 34.51307519484729
848 35.633486245649785
849 34.26711296318394
850 34.24673697069082
851 38.44265002925762
852 39.0388371405373
853 39.190146380252465
854 33.80062075315724
855 36.61652636819951
856 40.0716557253504
857 36.970996827700354
858 37.521877527479354
859 32.923349403003854
860 27.480291265770393
861 27.275143049534083
862 26.002198402627297
863 32.81054228139497
864 28.29299346719467
865 32.217318861703006
866 32.92832520937817
867 33.08053038040434
868 28.955555458802454
869 35.493009263359525
870 38.9918373208904
871 34.93190861809026
872 36.43290292969288
873 41.68713522933687
874 45.56056430146519
875 40.91364347063506
876 41.44691387972771
877 45.14253524138167
878 41.56903896347081
879 40.08951375455284
880 45.83718951371574
881 44.88943863330774
882 41.78886186544393
883 45.74132243013782
884 42.51461189870496
885 44.06491726783132
886 40.112718855830636
887 38.91935796445569
888 37.646771906053566
889 33.43682635068264
890 30.64995986218987
891 37.07676060594814
892 33.90389716533983
893 38.20817850094365
894 32.96018985404775
895 37.60164619460942
896 31.667723044913064
897 36.85499778143675
898 38.14710335791685
899 38.89972021471618
900 43.39118195110174
901 37.25611548532402
902 33.13353718575227
903 32.073676557195014
904 33.18451494168625
905 31.994674688703174
906 29.899543495246125
907 29.50220894868476
908 32.93284009213048
909 34.758117525806554
910 29.43857042958182
911 28.76059707937755
912 30.251226695165265
913 30.598714816656525
914 30.98513455966486
915 24.954123371801536
916 31.44516800539793
917 31.28422060302746
918 33.85856973252432
919 30.439317130535272
920 31.288910757327905
921 31.609284185553815
922 27.46224723759009
923 29.2659357125339
924 29.165514260164805
925 27.93311706567039
926 28.215096154778983
927 27.63487067830295
928 29.383589096326787
929 37.36845457308496
930 32.08794202242878
931 27.500822972218806
932 28.628592814708032
933 29.421518447120864
934 27.919391024891304
935 29.975917271018176
936 24.07013562674126
937 26.189176909499135
938 24.527695626998277
939 28.187734479236845
940 28.417425061356443
941 24.98982765975893
942 22.270185623145785
943 25.258627161270056
944 24.564782475521966
945 29.540385055368816
946 27.47691167767689
947 28.793776948300998
948 24.678484667655447
949 25.159271454505387
950 27.061105309329157
951 25.51160704879079
952 27.59933466539706
953 30.406768100617064
954 30.075864760924116
955 32.84119567517373
956 35.57184076736281
957 37.1816795745487
958 34.87805833007025
959 33.31232010148986
960 33.954020920058454
961 36.21376767632147
962 36.13548592710018
963 37.25211186637122
964 34.602605966985614
965 38.76378648493269
966 35.11868936985873
967 40.548519812007854
968 37.3712471017486
969 38.380248892558505
970 40.43904753424805
971 40.80774539248375
972 39.720323569326766
973 39.54453084513999
974 40.23847888244457
975 39.371036708669564
976 38.228565107097424
977 39.250825844817435
978 40.937104056444056
979 39.08316794589503
980 40.40999376945799
981 40.777354341763164
982 39.673881808824106
983 39.506574542790176
984 41.618616102342024
985 40.01382622346767
986 41.33151189931464
987 41.706283590561085
988 40.4321914040054
989 43.14480469450097
990 42.12799045437235
991 43.41630229647795
992 42.174328457682684
993 49.99496443622745
994 46.56263974656869
995 44.842762643063004
996 46.922679929263055
997 39.843659713939715
998 43.677332833168755
999 41.41022144238764
1000 43.28641861623293
1001 41.29047367932946
1002 40.89505283733826
1003 41.41977998679316
1004 42.14277205616331
1005 45.05423655117239
1006 42.385211538253905
1007 45.446665788048705
1008 45.233283828819125
1009 47.3791056050571
1010 48.85641850929113
1011 48.512490217739106
1012 48.47820657070081
1013 49.20766078983374
1014 48.53911365958513
1015 49.34261593629679
1016 54.817876662879364
1017 54.09924964492233
1018 51.73741052247764
1019 54.1799319754727
1020 53.51247670377617
1021 53.30968686785019
1022 52.97584210992477
1023 51.84045315215434
1024 52.89830839121976
1025 51.60125873766103
1026 52.34720703747
1027 51.083207801177885
1028 52.4451728333933
1029 49.35972514619677
1030 50.406210339562904
1031 52.02370902438768
1032 53.80592242713864
1033 52.048505570212996
1034 54.79726443002772
1035 55.18605214534106
1036 53.29064860530426
1037 51.538387773603965
1038 55.901833114739546
1039 58.89772944338618
1040 57.5730531956694
1041 56.600132935085284
1042 55.45101151732925
1043 55.751943256764896
1044 54.52380000872574
1045 54.59145382616201
1046 55.8559217689165
1047 55.65033741257336
1048 56.98182552698878
1049 56.526122285105544
1050 58.03867267320007
1051 55.378856938971886
1052 53.77919732797137
1053 53.96573620459119
1054 54.462338748871275
1055 53.48236784737987
1056 53.62773695261248
1057 54.21330014692072
1058 54.28961682884788
1059 55.37570123457997
1060 55.46838697099566
1061 53.42596839151182
1062 54.15369960015839
1063 54.91096257121815
1064 55.44695057000554
1065 55.989445494401615
1066 56.06582366017507
1067 56.09721037585519
1068 56.661019783731014
1069 57.62666765593446
1070 56.76250886310699
1071 56.497222643571725
1072 56.00942335296041
1073 55.676330458849456
1074 55.757317579794055
1075 56.8789655535249
1076 57.4753020629176
1077 59.28597589214126
1078 58.910693431832506
1079 59.06925850244361
1080 59.85075951528571
1081 58.34584253632331
1082 57.97382916385775
1083 57.856109211016715
1084 56.76483678134489
1085 57.22214127423926
1086 55.88780708494577
1087 59.71324558226633
1088 57.95866583762564
1089 60.1587757907854
1090 57.69630457519375
1091 59.31388724241074
1092 55.780664456989435
1093 56.501538995547236
1094 56.82254611444752
1095 56.07329311877541
1096 53.86125187304032
1097 51.434573430252215
1098 53.10509276265854
1099 51.408135406114056
1100 55.682582817785644
1101 58.20832356301323
1102 55.85213005402067
1103 54.45127612863469
1104 56.0856712613398
1105 58.36365240806484
1106 57.12690661022836
1107 59.6675749525043
1108 57.99747001305191
1109 60.32085863354035
1110 58.923284468124606
1111 58.81764577962539
1112 57.770273240511536
1113 58.23592479659574
1114 58.30567928295789
1115 59.460736565336234
1116 57.37152314678148
1117 57.69679935494433
1118 59.16047086676073
1119 56.87693917074833
1120 56.90230914960293
1121 55.62345232899801
1122 56.50129517397559
1123 53.25340925254706
1124 54.19970584520976
1125 55.51118439353424
1126 53.511932861444414
1127 53.534738113264595
1128 54.69000441256482
1129 54.0842545223828
1130 54.70858148879624
1131 53.91800804629163
1132 55.005581487140475
1133 56.76833703806274
1134 56.16600247681131
1135 56.52864161704142
1136 57.108817969876505
1137 56.85340085439247
1138 57.3406652357446
1139 58.262471923100016
1140 54.84376752732195
1141 57.10498093474195
1142 56.07023274311199
1143 54.086501102107356
1144 54.67740227987385
1145 53.63306350556234
1146 55.92205627235463
1147 55.633492274522716
1148 53.73523975925167
1149 54.50142877675626
1150 56.6121445373457
1151 55.81586838943992
1152 57.50622779877
1153 53.8543426237789
1154 54.68484641133655
1155 53.17669491488347
1156 54.500500978337676
1157 54.79477608790313
1158 54.6136944202313
1159 58.00099160918124
1160 56.31067611014304
1161 57.00911682900442
1162 55.994388178415264
1163 54.784891711389925
1164 54.93271476647653
1165 54.47471522098299
1166 53.72593514162185
1167 54.83340340921879
1168 55.39750502690972
1169 55.231792069869485
1170 57.32615104017712
1171 56.44882738376888
1172 56.78066485428559
1173 56.01277255355067
1174 55.200625640195454
1175 54.363598133271914
1176 54.33781809818464
1177 56.629127209536236
1178 55.96716324235707
1179 55.91480594671182
1180 55.428791904852936
1181 55.531539091560234
1182 57.64047375535184
1183 56.12784696002607
1184 56.13224779738811
1185 56.88095280758216
1186 56.50776416160773
1187 56.39456567856636
1188 57.00125580664193
1189 57.27633909980058
1190 55.79019239462828
1191 57.134853716051914
1192 55.23924748897983
1193 57.501176822131825
1194 58.128169999300944
1195 56.92685947989897
1196 59.07227214544934
1197 58.79557291201703
1198 58.69857876272432
1199 58.98240789294913
1200 59.24924512758214
1201 59.47602169910616
1202 59.54948901760088
1203 55.92565197183187
1204 57.33850543015473
1205 58.58986635523115
1206 58.72283437712635
1207 59.21868658671286
1208 57.2719005076292
1209 59.85467611837509
1210 58.122030650299415
1211 58.91800093341614
1212 60.34573901423772
1213 57.262607942340715
1214 60.26729241881988
1215 63.13348468067268
1216 64.75162842856051
1217 63.862904567348224
1218 61.595850599257204
1219 59.65401461510791
1220 60.26793434245377
1221 59.46433775829827
1222 57.63468420401332
1223 57.99040974859937
1224 56.66989571428841
1225 57.517883932812026
1226 57.52314128329204
1227 58.497677268914856
1228 56.9630648225072
1229 56.97641207757242
1230 57.55746726243563
1231 57.28984793575761
1232 56.9962791941158
1233 55.537396623451535
1234 53.95968535818902
1235 54.985533741486705
1236 55.160796989020525
1237 55.85481102185824
1238 57.92200833810813
1239 56.67799034926289
1240 54.501415155533074
1241 58.24723978218026
1242 53.98430067925587
1243 53.26439477551879
1244 54.57643570619992
1245 56.11104465935144
1246 55.48061934748553
1247 53.759881852662296
1248 56.953013587505936
1249 55.77423459686167
1250 55.690534045333465
1251 57.020380585067365
1252 53.864888248693596
1253 56.82969901476958
1254 56.799469779667135
1255 59.259698008603536
1256 59.6975396880595
1257 59.81419260735439
1258 59.51359722355589
1259 59.811187771566736
1260 60.03535505554367
1261 55.98899182104051
1262 58.75926241320464
1263 56.40244771028822
1264 56.354683648643366
1265 54.75906899159554
1266 54.53231391105974
1267 57.691157929873036
1268 56.47681068355739
1269 55.93999025015607
1270 56.23951358140815
1271 58.17213343709584
1272 57.47477406327208
1273 56.70632500585156
1274 59.88938189789594
1275 57.78088238953015
1276 57.020056068330724
1277 55.85430467458376
1278 59.66971374918472
1279 59.31672230963506
1280 52.89475054034941
1281 58.79350199530349
1282 55.20436130888511
1283 58.75226480335421
1284 57.017155001044145
1285 58.183740429776606
1286 58.16848394043709
1287 59.66611570803427
1288 56.662253488862795
1289 57.40266822701867
1290 56.84839218270842
1291 52.92031615939698
1292 52.65954261634703
1293 54.10394806626411
1294 55.008612251966696
1295 57.211121058104695
1296 53.29153849252694
1297 54.86444144569224
1298 53.5691486526256
1299 56.395312131917564
1300 53.293032417049744
1301 55.87545260907169
1302 53.01882323037829
1303 55.6921629025513
1304 54.19843994160973
1305 52.543611633975594
1306 52.4417350515899
1307 54.37802362685774
1308 55.85462041014088
1309 53.44153440832403
1310 52.02512194169597
1311 52.79395411207473
1312 57.33446087835517
1313 56.12636692236471
1314 55.83533827366967
1315 55.680181760165866
1316 55.291353088811725
1317 54.27082058028353
1318 55.87542551283246
1319 56.62947639603798
1320 55.41550264936701
1321 57.824001410160044
1322 54.73988235131764
1323 57.258827135342905
1324 61.09984214358311
1325 58.75147183230526
1326 57.37648040986314
1327 57.6575432385766
1328 58.253731599315
1329 57.31351040308929
1330 58.59025181321892
1331 58.87848748493557
1332 59.30489983907137
1333 57.94430669892108
1334 62.56084423272308
1335 58.88265279103078
1336 58.4525305462798
1337 54.96075329417637
1338 55.082560991367814
1339 55.68867928400171
1340 55.9156321544084
1341 56.94057538001716
1342 55.767992292118684
1343 58.17750801174305
1344 57.3529091127529
1345 55.23631043689784
1346 56.539905093510505
1347 53.64479992606173
1348 53.02882366614583
1349 52.49559331010086
1350 56.751249387520154
1351 58.40800863588739
1352 55.724178825206664
1353 58.68141271283195
1354 57.57357244282522
1355 55.560272550107435
1356 58.617471908891225
1357 55.303910879216645
1358 56.757579099905534
1359 58.03299741750044
1360 57.494980483417145
1361 57.52642008100749
1362 55.6338964048756
1363 53.746022322519856
1364 54.71997518156555
1365 54.78573440163888
1366 53.66355218948218
1367 54.914993425722834
1368 55.523838670062894
1369 55.045630027589176
1370 58.77153309279343
1371 59.721482669696734
1372 59.9324377107644
1373 60.65111081100221
1374 58.31873252022656
1375 58.35723830137129
1376 59.82912252128832
1377 58.93735611077644
1378 61.59369303750001
1379 57.47782237201564
1380 60.30465627231767
1381 57.16079978785306
1382 56.96539248910511
1383 58.49245377935744
1384 54.89212209759905
1385 58.486007667082085
1386 54.582258533849576
1387 58.6409884779559
1388 59.902065567739804
1389 57.41929921158733
1390 57.59056528070609
1391 58.32447354039537
1392 61.15342589489739
1393 61.06218052625553
1394 58.62550773968235
1395 57.58976997900559
1396 56.394763983473084
1397 58.98101207382554
1398 56.58771249102822
1399 58.67681625243536
1400 56.1124910800107
1401 55.75129020950718
1402 56.05784043344554
1403 55.59630475315151
1404 54.825890636926495
1405 56.54560447573139
1406 56.61183445191345
1407 55.71196211023019
1408 57.55092547229342
1409 51.95202819083966
1410 52.977880110309236
1411 54.16884720985069
1412 57.56039225339452
1413 57.432885859871945
1414 54.9959867556442
1415 58.470335337884855
1416 56.46476312300593
1417 56.861611629931964
1418 58.02738088548966
1419 56.75594222041569
1420 57.12905150744829
1421 57.859281508261496
1422 56.65096985526516
1423 54.47837924133897
1424 57.06299717427149
1425 56.39832168320035
1426 56.61734430254415
1427 56.58869867398552
1428 56.36101388088156
1429 57.77804912099518
1430 55.620675619156266
1431 53.141765597467604
1432 54.6240083470985
1433 56.25572366018977
1434 57.76534680413528
1435 55.565015423030374
1436 56.550637819956044
1437 55.61961925045159
1438 57.95206294108735
1439 56.36639412036397
1440 57.09340849903676
1441 56.40133795989445
1442 59.14278945930666
1443 54.025188041354
1444 61.78841939270559
1445 59.49730016847716
1446 56.27723469702312
1447 56.82224080758746
1448 57.40053549742219
1449 58.74423850325843
1450 54.75521361165899
1451 56.84523432094811
1452 57.01711144288686
1453 56.001564704063014
1454 57.809655479104904
1455 59.02661090583687
1456 58.29599091056953
1457 57.642569911457954
1458 59.62159466717415
1459 55.62909866045037
1460 57.34708107054819
1461 59.10440731377528
1462 58.19855349168608
1463 55.96420118174362
1464 56.57744246330935
1465 56.59662370911067
1466 59.93654313623812
1467 58.608825104408595
1468 59.840808283273844
1469 60.722558461120066
1470 60.08817448676339
1471 58.93662070848107
1472 58.84004591410677
1473 60.359793006031516
1474 60.40767548923375
1475 59.84793571974802
1476 56.786225729217584
1477 56.72287533022565
1478 58.438649667013095
1479 54.67749811302001
1480 55.238547044164406
1481 55.750024461883285
1482 55.03806936608771
1483 56.917515374999766
1484 57.35242704395935
1485 55.211204012586904
1486 55.60466254669379
1487 55.714666529772536
1488 57.10488607453803
1489 57.06751897476428
1490 56.37652974538034
1491 54.78285417245471
1492 57.75112709068676
1493 57.697012875097215
1494 57.30764459351928
1495 56.13895032817886
1496 56.07498625542438
1497 58.0998013482156
1498 56.85569624266272
1499 56.96458006717317
1500 58.87522439467246
1501 59.48816245256725
1502 58.78985412910235
1503 57.66973871479756
1504 57.364733113516635
1505 57.669963299984126
1506 57.87164537515904
1507 59.453915647153686
1508 58.686292132167594
1509 58.632106986006384
1510 57.21858923045439
1511 55.9056857303801
1512 56.31379942566599
1513 57.708544597313285
1514 55.4400959259458
1515 55.17150533177856
1516 55.867651039387184
1517 55.95012597652901
1518 55.500198935474025
1519 56.09352064493625
1520 55.968777563998664
1521 53.584902539807004
1522 55.91135470221097
1523 57.30696792228008
1524 57.852669093153885
1525 57.344642704931445
1526 56.53750227808527
1527 56.55365248175199
1528 59.01582953566983
1529 57.788531209455066
1530 55.48516293413524
1531 56.32415838616935
1532 56.17476030226404
1533 54.74814105675809
1534 55.641298947511814
1535 54.53566779076652
1536 54.50429111979805
1537 56.76541953177917
1538 54.137080449025596
1539 53.937679028801995
1540 55.81722567916683
1541 54.03016795960685
1542 56.27041672076596
1543 57.23704266510619
1544 55.65275334603635
1545 56.50364687092189
1546 52.02396680473366
1547 53.61661614658334
1548 50.29864519074522
1549 51.9768097532033
1550 52.93590176915966
1551 52.77840520796653
1552 49.764828966909256
1553 52.09515946918558
1554 53.90529111671874
1555 55.42530679788388
1556 55.42051612499722
1557 54.968183258763816
1558 53.500779493777486
1559 53.55869810467121
1560 51.111413701385736
1561 54.25300956636382
1562 55.03848541160881
1563 52.59805078433808
1564 53.702208675511955
1565 53.71875068693803
1566 53.284101980678116
1567 52.83529804599949
1568 54.12940302894953
1569 53.56004045015386
1570 54.08614249110993
1571 56.709425874511076
1572 58.67101207167056
1573 57.059784844230066
1574 58.994138235432004
1575 54.008702867267964
1576 55.15505929409931
1577 52.42708447315491
1578 53.92373874644538
1579 51.580079553277606
1580 53.0304507265878
1581 56.930253964206486
1582 55.366311880899346
1583 56.241515138528435
1584 52.74525380049752
1585 51.36503371764691
1586 50.11447209961382
1587 51.1797038320023
1588 53.31695455305434
1589 52.870152633527255
1590 55.91303549696996
1591 54.08183741024541
1592 54.06775792833353
1593 54.93267512598289
1594 53.12951669538924
1595 50.468052325371175
1596 50.9443094834257
1597 49.973590119947055
1598 51.51280861297007
1599 48.156008951482
1600 53.13270336195382
1601 54.36205653563674
1602 53.51063922452709
1603 54.38289190276934
1604 51.45339609701205
1605 53.611985926820715
1606 54.494269133333816
1607 51.25976849145261
1608 52.49113894735467
1609 53.769534512766384
1610 51.592279711603666
1611 52.375010626433536
1612 50.87738882746691
1613 52.66418603507129
1614 50.47897575767407
1615 52.98665645421447
1616 53.85422793348737
1617 53.47781171866654
1618 54.3734529282081
1619 53.79160361535625
1620 53.84360830933447
1621 50.04650447548071
1622 50.588961860894166
1623 51.60174737630808
1624 51.7708038178471
1625 50.98437020113687
1626 47.846658165690414
1627 48.339043519869485
1628 47.655285128957765
1629 48.10139145881605
1630 52.04863449771959
1631 50.83068241742825
1632 49.4784349207494
1633 52.014047874213475
1634 48.407358534780684
1635 51.503183006775544
1636 51.73634029987858
1637 53.54918760843532
1638 52.698644216822686
1639 55.31738606332968
1640 55.131791744705886
1641 53.929344134367476
1642 56.57120582435233
1643 54.99043834310808
1644 56.39907473491239
1645 54.496071691024554
1646 52.82793951830836
1647 50.10903588360839
1648 48.23620207555573
1649 50.14735547645755
1650 55.161908007152654
1651 51.56212590275259
1652 51.584955568102274
1653 51.488032681662304
1654 51.49859294063513
1655 52.229411989306136
1656 51.39978433782474
1657 52.878936078182136
1658 51.3270687954972
1659 50.140949644253176
1660 50.93708879470877
1661 55.86873369256672
1662 50.50875973130535
1663 54.18190004417865
1664 55.211970728977384
1665 52.12106309212105
1666 52.592540412935044
1667 53.247968176055394
1668 52.02324019270013
1669 52.144046392773035
1670 51.5435291211822
1671 54.73452836744572
1672 53.381046292214116
1673 51.28410978401438
1674 51.04006586412392
1675 52.25770263590449
1676 52.751903161570574
1677 53.06944091634029
1678 55.05523847280934
1679 55.92755603172163
1680 59.00846983750918
1681 56.82563758411035
1682 56.13021194093979
1683 55.43054027932343
1684 53.317084056680926
1685 53.11386627786376
1686 54.992438884964855
1687 54.35202720765955
1688 51.40960024267867
1689 54.1303413097682
1690 55.80216739066393
1691 56.11460491981697
1692 56.101925362837996
1693 52.005956804646786
1694 51.61996310126792
1695 54.40235811154951
1696 55.22666509830359
1697 57.15086620137126
1698 56.14817743602933
1699 55.96034510188848
1700 53.78774582893297
1701 52.626875574586606
1702 53.863411866015596
1703 54.96869784540041
1704 52.38744937970706
1705 55.82381033644279
1706 54.123080144109444
1707 52.705640155894514
1708 53.9030580290105
1709 53.10384977857325
1710 54.670380806643536
1711 55.016049684396705
1712 52.98152080836901
1713 55.11983028709331
1714 55.56164627454646
1715 56.80644564131491
1716 53.76771570758047
1717 56.69107781461966
1718 54.326498576865625
1719 55.80311373219652
1720 52.68914591784759
1721 52.869853588469496
1722 52.84171736908882
1723 53.43868351910713
1724 50.67756290356985
1725 50.58994338418168
1726 50.30927943390792
1727 49.25454866543593
1728 50.384376069018636
1729 47.22021569900195
1730 47.6616048892612
1731 50.96252536531884
1732 48.01815755683986
1733 48.58936204793949
1734 50.73699450583624
1735 51.30878342762627
1736 50.67863844132499
1737 52.432756082511986
1738 52.488912987296985
1739 52.56609876817809
1740 53.60509088054742
1741 53.20731459738187
1742 58.26304670802506
1743 54.30510257229493
1744 56.11237026688586
1745 54.68525748954299
1746 54.48118048251419
1747 56.965359261795975
1748 57.401363187868
1749 58.036124859631826
1750 57.40338261062698
1751 55.9632159109134
1752 55.34289248079535
1753 53.426022978027305
1754 53.58280389179452
1755 52.6812250908889
1756 53.186217497472725
1757 52.72509775584384
1758 55.795643482705515
1759 53.71058806747769
1760 55.33179483119881
1761 54.09010115806974
1762 52.44596565144893
1763 54.90899780780431
1764 55.42677609948833
1765 53.89598417290032
1766 51.61326066126289
1767 54.082264329038686
1768 58.19209152494173
1769 58.11107587270898
1770 56.66513960334996
1771 57.43378011183238
1772 55.28143676539207
1773 55.964012852111736
1774 55.13083506910327
1775 58.63438191347612
1776 56.20845450400037
1777 56.51095403867091
1778 57.82357191068694
1779 55.587816805477495
1780 59.49073231901107
1781 58.46527341588292
1782 58.24299738966146
1783 59.01254409441859
1784 56.12019439551246
1785 56.740800138374766
1786 59.826362714360435
1787 58.615784234106734
1788 60.51943052070737
1789 59.492025597418916
1790 57.927116323127805
1791 59.67663085124208
1792 58.40902739640363
1793 61.1763049725542
1794 59.46321660623312
1795 58.083893193112786
1796 59.687531011770055
1797 55.25481391727313
1798 49.488848242593534
1799 53.68978722488354
1800 53.509277037099935
1801 52.601328982687455
1802 50.18784320120453
1803 51.7348654817817
1804 54.09279586448517
1805 54.61091160038548
1806 52.93134553208704
1807 56.540576613149504
1808 54.75287627325689
1809 56.38954488457035
1810 54.33710030775575
1811 53.0383158689193
1812 56.276341134245634
1813 55.45517056248037
1814 53.36503888452174
1815 52.102495745512876
1816 54.17697765809025
1817 52.111964731433844
1818 53.56428359179492
1819 54.56816699585136
1820 54.94997851619037
1821 56.73511392670872
1822 56.564483206845196
1823 53.79222325826003
1824 57.5845856530528
1825 54.301105712389706
1826 54.43263791963555
1827 51.976136587466414
1828 55.74452909211978
1829 58.306274710184944
1830 54.18643126178367
1831 53.87939847501134
1832 58.57055599145549
1833 57.52058321226146
1834 55.89867943548661
1835 57.42452263482961
1836 56.24631391211163
1837 57.272435784186634
1838 55.46162829128226
1839 53.65866541299185
1840 53.678555463690195
1841 53.36686121894652
1842 58.111314007387605
1843 55.53436914181506
1844 55.85328644349679
1845 55.812360341611225
1846 57.494232963257346
1847 55.051688752225
1848 59.17202037087596
1849 57.70894530542726
1850 53.94538249676697
1851 56.509727871546914
1852 57.51514117164314
1853 57.55959317083388
1854 56.058162627185055
1855 58.80674788460332
1856 54.44197964499708
1857 54.00320693694547
1858 55.727118805149296
1859 57.45390917702437
1860 54.3055504651451
1861 50.215366840399746
1862 55.676029818548365
1863 54.946436925770904
1864 53.341454618265274
1865 55.566809392797246
1866 53.68797187389024
1867 47.45600181711802
1868 54.73776132230875
1869 56.58721067875698
1870 55.51725363543715
1871 58.12244526612239
1872 55.78781672510533
1873 55.473871051806185
1874 55.38694025891081
1875 49.146150908569574
1876 53.7476905747649
1877 56.06728815864178
1878 56.04051851262509
1879 55.98458018551425
1880 54.135062193363936
1881 55.457103634395224
1882 57.59377464580636
1883 54.726880762104436
1884 52.815400756361505
1885 56.58907514739345
1886 57.24180460204711
1887 56.1908495053665
1888 56.50351150866381
1889 58.85089450562864
1890 54.93481744839851
1891 53.03925894271109
1892 53.325842681100696
1893 56.4829671584653
1894 58.00346587463592
1895 59.61061836673833
1896 55.744243304260934
1897 56.26575365604584
1898 57.818281318440725
1899 51.844629787223326
1900 52.55777529085672
1901 55.093147978294105
1902 52.18580618904652
1903 51.45993576126219
1904 52.53509253539374
1905 47.292397847903636
1906 49.474208962130675
1907 50.51771247060329
1908 51.68611812941272
1909 49.71519493470434
1910 54.013344125099444
1911 53.31862212376115
1912 51.99633335700222
1913 55.59286445852147
1914 56.507867468775345
1915 56.32728581920541
1916 55.77558141978928
1917 55.03488633762338
1918 59.072017848574085
1919 58.00685306406815
1920 55.153149787462205
1921 60.769646584088214
1922 60.8139329712009
1923 57.86746296177176
1924 52.72914978185623
1925 55.29643257039702
1926 54.521585927227626
1927 52.29075276047636
1928 56.987707807943046
1929 57.07260766464776
1930 58.91987501881483
1931 57.46958033443019
1932 56.287362070272714
1933 52.88573270834428
1934 57.22868413039556
1935 59.394646968146645
1936 53.409905842595784
1937 55.7811782738244
1938 55.75391961028525
1939 55.567586774903944
1940 58.08543476484256
1941 57.83340471489788
1942 56.256711543180295
1943 57.05112655029453
1944 56.86663111614268
1945 55.702818347685565
1946 59.11704140731994
1947 57.07887943864232
1948 56.32546535508372
1949 59.707216482179724
1950 58.33115334000567
1951 60.352896905816706
1952 61.504230347200824
1953 62.197179386093396
1954 62.56654114914025
1955 58.908461499663346
1956 60.21627284971144
1957 60.0276773375192
1958 60.332029287073475
1959 58.75973134787838
1960 55.70999871682717
1961 56.91849485927495
1962 55.268797881072246
1963 55.730202051312276
1964 54.363717655951454
1965 56.485791277092545
1966 54.43288900683056
1967 55.53702418688333
1968 56.68507078638564
1969 53.42161557167203
1970 53.28395826332448
1971 50.84479170494695
1972 52.076537304070605
1973 52.26920733778851
1974 52.6948524730801
1975 55.313820095131256
1976 52.926696508053006
1977 53.856717679843
1978 54.35444391045362
1979 55.4413358876339
1980 54.536122021728396
1981 55.13705241295059
1982 53.41251671950229
1983 52.76296031816327
1984 52.88217085637003
1985 55.27956351702956
1986 53.68583206217593
1987 55.02017340728259
1988 51.60920040531661
1989 52.89879067405254
1990 53.615720441221825
1991 50.056878179942885
1992 52.05824422324396
1993 54.345428313641754
1994 55.09615538341786
1995 52.42278965256092
1996 52.66745810781821
1997 50.520157132629954
1998 52.077085747748164
1999 52.61619513391001
2000 52.20169863442253
2001 51.530647148298456
2002 51.14081636018615
2003 51.041476282971594
2004 49.28352149892442
2005 51.952614425857405
2006 53.503061788213074
2007 53.501989342750555
2008 51.538652584398456
2009 52.16634355606505
2010 51.06427785376459
2011 51.4356129350932
2012 53.85478096163463
2013 57.618067873219374
2014 57.528026228670825
2015 55.090985959604524
2016 55.15288844926052
2017 54.85876118229897
2018 53.41084913551625
2019 53.75582583864449
2020 55.75772066238328
2021 51.99897508265282
2022 51.38470966155098
2023 54.47905888809686
2024 53.03378647348853
2025 52.675443880967684
2026 54.68610566223188
2027 54.250360804554575
2028 53.74349072424753
2029 56.26326774096954
2030 53.94902488767936
2031 53.20142226574178
2032 54.031463948047005
2033 54.55105365038455
2034 53.19678950399667
2035 54.45278781192627
2036 54.19865165109351
2037 52.667206775697004
2038 54.69496313919605
2039 52.39715112628718
2040 53.335202100373465
2041 53.2752685251278
2042 54.33304686155417
2043 54.80983424831138
2044 56.93508741706418
2045 55.89328806219249
2046 54.935733699443716
2047 53.978893225525084
2048 55.9906424373789
2049 53.24966787145276
2050 50.40875078864259
2051 52.962809006205376
2052 53.14148371994923
2053 54.158902489881456
2054 53.17984007140748
2055 53.77014939640403
2056 56.946449191795395
2057 54.60178958949054
2058 56.971353748690255
2059 58.27361630568564
2060 57.346323288433126
2061 55.743570686061446
2062 58.2114557109562
2063 54.59082647191453
2064 55.21531588324505
2065 51.885187580636405
2066 55.54061017361478
2067 54.857278347369295
2068 56.925410579555674
2069 52.80846588504232
2070 54.638336269722345
2071 56.033115445535444
2072 54.731590227537964
2073 54.31334705938095
2074 51.963501330533454
2075 53.75377347542757
2076 54.26445639138301
2077 52.453181865666664
2078 54.06449904891889
2079 52.762417460420934
2080 56.06619968019525
2081 56.47974340347294
2082 55.41434057444142
2083 51.97448459503669
2084 52.20558436029628
2085 54.460375935761355
2086 53.47852425390211
2087 53.78376071150958
2088 53.30609412718339
2089 52.749683495488746
2090 54.80994201869295
2091 51.80180160566916
2092 52.28422063030415
2093 54.72814179767566
2094 52.369286077234975
2095 54.52595066855444
2096 50.64267883147708
2097 52.16985841282629
2098 48.08095671487754
2099 50.927649862729005
2100 53.979858459671625
2101 54.4358081637331
2102 53.21156636964024
2103 51.238076032244074
2104 50.927226778907176
2105 50.464397505400015
2106 49.93321030591974
2107 55.90975089610833
2108 53.57949150655547
2109 50.88661756257887
2110 49.46491514479314
2111 52.97483929008591
2112 53.28947365676798
2113 52.13472511977487
2114 54.949734354351584
2115 51.98804742458023
2116 51.984748667236325
2117 53.059194897764
2118 55.250193561566014
2119 55.30458354433525
2120 54.818770754603406
2121 54.17152605601158
2122 56.66146682406328
2123 53.14203016493708
2124 51.27421741856595
2125 53.49463289102699
2126 59.06322704535966
2127 57.677869678432984
2128 56.12827394843512
2129 57.17405062180049
2130 56.52559304637792
2131 58.055897291440715
2132 57.59027573987949
2133 56.66114645569308
2134 54.07437518393266
2135 56.17492769883394
2136 57.718704421187816
2137 53.9096251821226
2138 56.88591591406134
2139 56.20176651969431
2140 56.22751792523135
2141 51.68052778306696
2142 54.18732506202465
2143 54.11897593186991
2144 54.69724022070221
2145 57.79336218355602
2146 55.94204085753215
2147 56.272766644243205
2148 50.25027649084897
2149 59.17382525720354
2150 56.796925524249744
2151 58.5743088317179
2152 58.50736329745047
2153 57.96393680680812
2154 58.35310777889772
2155 56.747803667019504
2156 59.81267739735369
2157 57.102085512864676
2158 58.089766735647196
2159 56.27882570272987
2160 56.72931879005758
2161 56.07190226503771
2162 56.29879137129654
2163 58.518255672108005
2164 56.715812347644174
2165 56.65952416465965
2166 55.553109643286696
2167 52.38459817583552
2168 55.995763801129584
2169 55.77910740450526
2170 58.46785724400822
2171 58.03373178293689
2172 59.857676317999136
2173 59.733357503475574
2174 60.15299643514911
2175 61.46589079587488
2176 60.4467965653178
2177 58.99911518818298
2178 58.16516645851239
2179 58.32784729684326
2180 58.19421796671417
2181 58.62885049047214
2182 57.98616480576817
2183 61.702613717811644
2184 58.93929036164669
2185 62.27232559428344
2186 59.505993263566545
2187 58.48972170854427
2188 60.4536753386176
2189 58.55467254190743
2190 57.521540128356584
2191 60.560919818777194
2192 58.436548009819795
2193 57.7106798430186
2194 52.72982637315403
2195 54.7135647691993
2196 53.225114169490496
2197 53.11146898291188
2198 52.35331592478422
2199 51.548823167223425
2200 52.47042345411906
2201 52.77096470997345
2202 51.627774756562715
2203 52.847799366459334
2204 54.38009274327909
2205 51.22150735187669
2206 51.77675755268498
2207 53.124768885169644
2208 53.41878829702232
2209 51.962267543766856
2210 53.361688617710236
2211 53.267805778791256
2212 51.39133020753206
2213 52.79161920160093
2214 54.92098600342949
2215 54.29233740700062
2216 51.95462807677493
2217 55.15600666172389
2218 52.67832732532653
2219 51.75531463011465
2220 54.07513983519102
2221 54.137533035776684
2222 51.97097653428755
2223 54.38731423958783
2224 54.94464814863497
2225 53.366791483873044
2226 52.48174574395259
2227 53.240678154498475
2228 52.62002364491867
2229 55.83046452867718
2230 55.27541293841896
2231 52.7085789868497
2232 51.924050103375684
2233 53.77577387849661
2234 54.429597764659704
2235 54.157601559397264
2236 55.65192410636249
2237 54.108303442248015
2238 55.37102649004176
2239 53.431927879818964
2240 51.53521240599283
2241 52.42093210502855
2242 54.12316053053094
2243 54.27122146712733
2244 54.62814778586276
2245 53.828027394712585
2246 52.499197358570505
2247 53.62112106863858
2248 53.68391088311055
2249 54.187533006358734
2250 54.958081734122636
2251 53.60715351314295
2252 53.05301012617511
2253 55.13553325808589
2254 55.224718343541355
2255 54.78422787999574
2256 54.65694089154096
2257 54.81239565258934
2258 55.58263895017882
2259 55.23844339234563
2260 52.406912749493785
2261 50.86384944371193
2262 53.92375417952298
2263 56.599405507826106
2264 58.74004432855823
2265 54.26671036813816
2266 55.59098829342624
2267 53.372298842072745
2268 53.01677278078959
2269 52.59256165034974
2270 55.047545021533466
2271 52.59018242656492
2272 54.58039688259028
2273 51.94177748372347
2274 53.41303471511457
2275 54.0641064219399
2276 53.8937638318453
2277 55.72318185168556
2278 56.890704048178556
2279 51.94682081481049
2280 49.851146087290395
2281 52.475859785035944
2282 49.95725881261498
2283 51.33621110282412
2284 50.84416904222404
2285 51.38839551094373
2286 52.32743038500676
2287 52.937077379327945
2288 50.16424512435994
2289 54.31662918400137
2290 55.36394528586919
2291 52.30062682463077
2292 52.94679158100047
2293 52.45518652075839
2294 51.29170709342661
2295 50.61376406865784
2296 51.973954429954006
2297 51.37890132683378
2298 52.64604070285609
2299 53.782608499044
2300 51.50284751180537
2301 51.44560388179762
2302 49.63173196610073
2303 53.58794740139065
2304 48.453182467563856
2305 51.7410814038723
2306 50.54337735927319
2307 50.54043001808622
2308 54.7526615232624
2309 52.285909674996496
2310 53.32023339686854
2311 51.38528930428046
2312 53.08754005905479
2313 53.58556234242851
2314 52.02018605332258
2315 52.725859560392024
2316 52.45224427315035
2317 52.810676002812926
2318 51.712662817200794
2319 52.89221785690825
2320 52.349379356843805
2321 51.96007334644252
2322 53.16909787365044
2323 56.030539935098425
2324 53.38503388947518
2325 51.697539007976964
2326 57.26535076296202
2327 54.357875365829436
2328 50.239728020810155
2329 51.8894123957592
2330 54.19697465376112
2331 50.27020389053646
2332 52.11592973008014
2333 52.42013719581513
2334 51.596677003053976
2335 53.10229510962948
2336 51.90546719767904
2337 54.316514331992536
2338 51.409247239130856
2339 51.62285090458276
2340 50.828639105361034
2341 52.642593874998845
2342 50.795593070051254
2343 50.143389044998194
2344 54.72918145750214
2345 52.61516407557799
2346 53.56493093410312
2347 53.85844896099015
2348 51.277434575605234
2349 56.82509066765742
2350 52.627946413359794
2351 50.43413521499015
2352 52.02524200346346
2353 54.4664669869437
2354 51.317217737724455
2355 51.47682575258073
2356 53.55709354987991
2357 54.45464004380551
2358 52.31213440069215
2359 55.3815412716777
2360 53.12346334847935
2361 53.08796904367149
2362 50.475596363990924
2363 50.85661444253032
2364 52.59747381705099
2365 55.12233797271151
2366 53.976021412817936
2367 50.968075711198544
2368 53.86979930795871
2369 52.10108476109375
2370 52.76801409409071
2371 52.26420983856663
2372 53.1512282580885
2373 55.01259779670456
2374 54.53507406815944
2375 55.14413832374721
2376 54.19774276257863
2377 54.84408765859409
2378 55.51124398828642
2379 56.622225141144376
2380 56.88143550768583
2381 57.4325561899917
2382 58.860114117708136
2383 58.93972031897991
2384 60.63565378875187
2385 59.33189650721935
2386 60.2494166550944
2387 57.74849287106542
2388 58.581460304195474
2389 54.07400862533668
2390 57.381177060398706
2391 56.95059661731089
2392 58.703211733803165
2393 60.21437293801013
2394 58.97182596986181
2395 58.61981689050146
2396 55.392886936982926
2397 54.656095956675614
2398 52.00172914223106
2399 52.04718319652682
2400 52.909172991240794
2401 50.222897097830234
2402 52.03626697827115
2403 52.45029236216794
2404 50.571131777817605
2405 53.0864832832129
2406 55.853193280538164
2407 57.8407220182061
2408 58.290620738290016
2409 58.270197018467684
2410 60.825899530256216
2411 60.439146319837384
2412 58.78653731883853
2413 60.39547130036066
2414 61.29734272103808
2415 61.389219163194795
2416 59.480186126256235
2417 60.230764591910756
2418 58.64072781681236
2419 59.97261337144457
2420 60.58509426813192
2421 62.253172960535885
2422 62.67758199781522
2423 58.24661571658135
2424 59.7619213934712
2425 58.30169475941935
2426 59.086675034513
2427 54.81069982489496
2428 58.951744969489646
2429 59.43679429980673
2430 59.40788233325451
2431 56.018630484173926
2432 58.630246998965774
2433 58.773973389534675
2434 56.97522631443291
2435 57.415739280403834
2436 62.29894492439515
2437 58.25022041705072
2438 58.296466705629726
2439 61.49180254109456
2440 57.41738878191763
2441 61.36440513590342
2442 56.10274983599596
2443 55.966160082089814
2444 58.654765352212685
2445 57.74928722131828
2446 57.586013183631394
2447 55.79670717683061
2448 59.21144017469193
2449 58.296271581054754
2450 57.91835722637718
2451 58.09795165068569
2452 58.06493758283423
2453 59.1741991434229
2454 58.982161793251954
2455 58.51240788763281
2456 56.02756640661731
2457 57.74363927070045
2458 57.42777594855952
2459 58.516320295027036
2460 56.100346154589715
2461 55.76505307768312
2462 55.62463364080491
2463 57.19229152706652
2464 57.285241858797505
2465 57.58375504285045
2466 57.88807609339559
2467 55.08007747066671
2468 53.229427154760046
2469 52.54543113825666
2470 56.018712983116735
2471 54.66604727650798
2472 57.15618442801779
2473 52.88529569964861
2474 57.86642366610894
2475 58.8788796237973
2476 55.71487336299426
2477 54.79270503452106
2478 55.38261671339225
2479 57.13327540000413
2480 53.26068826932746
2481 54.2208527226512
2482 52.402659904747885
2483 56.062054475505775
2484 54.58214534866507
2485 49.7602314499808
2486 51.745664855380085
2487 53.57402064652705
2488 56.370909435527984
2489 51.57751892995476
2490 52.450075689293186
2491 55.14664703833052
2492 54.35941209432362
2493 52.388871320464254
2494 57.279069530227986
2495 54.903867574599424
2496 53.24698313354649
2497 54.820409667345196
2498 53.14686853765013
2499 52.91385179870375
2500 53.55527907153817
2501 53.77086181348882
2502 50.44026820933158
2503 55.59430644782211
2504 52.631901672523
2505 54.484916372524275
2506 53.761080869583566
2507 55.374707321404266
2508 59.07714246980485
2509 60.002122228164154
2510 58.16798146920441
2511 60.03268510270387
2512 58.83297536805452
2513 58.56192177082316
2514 55.44896681434273
2515 57.97327898813183
2516 59.24790299490212
2517 60.728859659820195
2518 57.30194734517075
2519 58.665099660406604
2520 59.75322601916586
2521 57.434029941150605
2522 59.66343271181117
2523 60.63747333168377
2524 59.2108059250355
2525 57.06701782452952
2526 58.727691098728826
2527 59.86174189155057
2528 60.176147602515684
2529 58.04012489445384
2530 59.14245295872994
2531 60.61617044928995
2532 58.67212068605721
2533 60.37263666166337
2534 57.78572492388153
2535 61.09497255160471
2536 60.22388227229848
2537 60.5121733152903
2538 61.44435238816472
2539 60.448922542030836
2540 61.461119292194404
2541 62.06912964664412
2542 61.782626346542685
2543 61.4613629001762
2544 60.443949525008094
2545 58.11924958221969
2546 56.81151983340002
2547 55.007242155048914
2548 59.51442895277862
2549 60.13304360585829
2550 57.514762280629576
2551 56.9311161506541
2552 53.59215245152191
2553 52.9195973177562
2554 57.84386961230453
2555 57.6500137265246
2556 55.91081010113691
2557 55.44480920261053
2558 53.017677323395816
2559 53.18400961974233
2560 56.421631486666406
2561 58.030186782452915
2562 58.461784133802695
2563 59.15013130650031
2564 58.658069784441494
2565 60.345228759731434
2566 61.082888351470345
2567 60.102966064591726
2568 59.010874400585344
2569 57.82277421706581
2570 58.48581598809228
2571 57.24951819902732
2572 61.981439737221095
2573 58.33928230421705
2574 57.23370144303363
2575 61.14569913827638
2576 57.14384504650425
2577 55.39476056703728
2578 57.84370322224955
2579 57.145935070677154
2580 58.53082548529684
2581 59.02331865398683
2582 58.4066417304792
2583 64.1718287785229
2584 63.43479721354638
2585 57.786552490866356
2586 59.25332036392791
2587 57.781656306162624
2588 57.64060714834616
2589 58.41432719192275
2590 59.90440634267759
2591 57.54955936632484
2592 58.80654489975531
2593 57.7411405162942
2594 60.49341409053747
2595 56.871224833078216
2596 58.738328306513
2597 59.40074772546635
2598 61.78407091929267
2599 62.76244482982188
2600 63.851045810781834
2601 60.570588205590305
2602 60.24662566565484
2603 62.7062219568171
2604 60.37940418078183
2605 58.244478336999585
2606 55.04541489107596
2607 56.34678446477754
2608 54.59516469733049
2609 53.79981657186812
2610 50.911225004134835
2611 53.57871760602035
2612 55.189549457904526
2613 54.4005080354709
2614 57.06070371903543
2615 55.949803538305176
2616 57.712252547244184
2617 56.9504655146051
2618 55.36631815722852
2619 55.81828628476444
2620 54.20295330036165
2621 54.4547932077022
2622 54.81721519980905
2623 54.03819889152582
2624 53.51485601423206
2625 53.44433475245334
2626 54.72974779927117
2627 54.00815584194889
2628 55.0154815124876
2629 55.284485172969866
2630 57.6960419557749
2631 58.59172605964728
2632 56.07793678076621
2633 57.31903561882023
2634 57.58920533795465
2635 58.682702694030326
2636 58.874363145642384
2637 59.26602341945718
2638 58.18857299888307
2639 58.26793891823665
2640 57.13595840946878
2641 58.41612950288844
2642 59.032216172501194
2643 57.86778250757999
2644 57.32011998098491
2645 57.96568473501828
2646 57.335486914084
2647 58.72452091802278
2648 63.23634148002026
2649 61.75438194160233
2650 63.516508677125955
2651 64.42190081511362
2652 63.35548084721426
2653 64.98159383163173
2654 63.65978267656291
2655 66.50622852995247
2656 65.70737607517404
2657 64.64102092140912
2658 64.17197735902917
2659 65.29455144225604
2660 64.25853126426496
2661 64.12428566771152
2662 63.72907905460236
2663 65.75278336220703
2664 64.87836752312795
2665 65.46933656467147
2666 64.05412084635333
2667 64.70682769930384
2668 64.1838035010236
2669 64.34107840184954
2670 63.52277399145605
2671 61.08814301322734
2672 62.8659783995162
2673 64.57168253585996
2674 63.60711305739526
2675 61.494893995137794
2676 64.2106913811863
2677 64.52264597130366
2678 65.7794986438679
2679 64.10111977204828
2680 63.66500970190754
2681 66.89133463272512
2682 67.17725848536395
2683 66.61384710067732
2684 64.7804352885351
2685 66.33278463121512
2686 65.06466776503525
2687 63.44939836760613
2688 63.528707297425676
2689 62.66954619268463
2690 64.41824199455341
2691 61.27246564010708
2692 60.0072486239942
2693 63.04406209722377
2694 61.77358341171328
2695 63.38248487670672
2696 64.33300538670223
2697 63.956879966088536
2698 59.284468967163036
2699 61.51328196233008
2700 61.0984503250551
2701 57.79747187672609
2702 57.676851030289065
2703 55.360551430744934
2704 57.03315644460474
2705 54.80908476376479
2706 57.81032671518818
2707 55.627218979973684
2708 44.86577259261947
2709 44.29477241803231
2710 51.98963644935898
2711 47.184153859684855
2712 48.69676494684173
2713 53.302524446052125
2714 51.17714674325532
2715 50.670578869645304
2716 50.43161509713108
2717 48.68920975567011
2718 49.72969117297381
2719 49.37227765953432
2720 52.71318003178509
2721 53.1299155339539
2722 54.4002023500675
2723 58.88397099692861
2724 57.0632193380056
2725 52.85942640314061
2726 52.1496949776508
2727 51.91051132260601
2728 49.10246757724008
2729 51.51765176545047
2730 52.10960529800746
2731 50.48004410574094
2732 50.77082549557066
2733 52.02150882671848
2734 50.708891403393906
2735 54.02990966151883
2736 50.18211539592907
2737 49.88238892816559
2738 50.7520364188828
2739 51.77390510793868
2740 53.15244887411471
2741 50.03249931029414
2742 47.005780473485245
2743 50.258825448514436
2744 47.65512794959792
2745 49.81987586771791
2746 50.894853677887966
2747 49.79839900729639
2748 49.7823777375287
2749 49.859538911593106
2750 47.80778750449233
2751 50.645309414990784
2752 48.030516600382704
2753 50.01028524904374
2754 49.14313889297652
2755 51.0364781172066
2756 50.73550998248526
2757 50.27184117640224
2758 51.8329328356715
2759 51.31467884036824
2760 49.8108018174212
2761 47.950501467879846
2762 48.52881467021367
2763 51.401700845119784
2764 48.867603830498076
2765 52.42016791869326
2766 49.678990303187184
2767 49.951023834744355
2768 49.79703537294805
2769 50.68730736071466
2770 48.55100355361603
2771 47.06599949903506
2772 46.73647257286716
2773 47.746046652931845
2774 51.8961416513979
2775 53.27342658276551
2776 56.238565174546196
2777 61.35621089311003
2778 52.86317257618451
2779 56.77647710928588
2780 52.1382576702722
2781 52.179551251512244
2782 57.32644823008571
2783 59.75596376337742
2784 51.66366665871712
2785 58.84824610752695
2786 58.64064360932255
2787 58.95064999343985
2788 53.58769981824747
2789 50.61083643139202
2790 56.612350965984454
2791 49.29610336063742
2792 52.087874855079136
2793 48.313623102638005
2794 46.48477160713809
2795 53.61852894169625
2796 48.3032176858743
2797 48.936081968619284
2798 52.74619549635985
2799 56.863244141182655
2800 55.1726092467772
2801 54.350110929498044
2802 49.64676952696519
2803 51.9143513496401
2804 55.31100991093878
2805 49.85548570417738
2806 51.353010285538645
2807 51.7915359532412
2808 47.9358248363709
2809 49.3527162512721
2810 48.99131549803958
2811 53.27442170695835
2812 49.395152793936695
2813 50.13481889374943
2814 47.9127630058547
2815 49.134602371295465
2816 49.30850095770004
2817 47.98014039615157
2818 49.276690574688104
2819 49.21643982275237
2820 49.81675886066179
2821 55.274046788084675
2822 54.32156129299017
2823 50.607398253699756
2824 53.42908198966611
2825 55.80853633970564
2826 51.74690973991614
2827 50.616206670976325
2828 49.9784989391918
2829 51.410050527696406
2830 54.92546977732383
2831 53.56609492250265
2832 53.48627992755153
2833 52.92991379919937
2834 48.26923916976087
2835 52.0473436809569
2836 53.86449950247223
2837 50.79252324791316
2838 51.18829391036652
2839 49.68051679268562
2840 53.10526144226523
2841 52.20322791821654
2842 50.30166870527075
2843 51.718437253497896
2844 51.71573213899311
2845 50.73081283841578
2846 49.960752569886225
2847 52.977380513163396
2848 50.194709756433966
2849 50.46183988501311
2850 49.89134321846501
2851 49.29625943676315
2852 44.132531036041655
2853 45.12360679109021
2854 50.86445412927783
2855 52.98285922145161
2856 50.32692449607007
2857 51.860163399025055
2858 56.66317608263971
2859 57.797567758676024
2860 51.4284027136016
2861 52.636641840588005
2862 48.52599192166002
2863 48.04262899216859
2864 48.21795193077033
2865 50.70615728626353
2866 52.88154237916963
2867 50.635239003782736
2868 50.997501409383105
2869 49.338179298374705
2870 51.19561572120388
2871 52.838197178509645
2872 53.16854055006957
2873 53.151306310768184
2874 51.74590903238962
2875 51.64138487177717
2876 51.86632134583654
2877 52.93149209745628
2878 52.42747442866404
2879 57.624723371764574
2880 54.780103108895354
2881 49.08434022829442
2882 51.064537669814555
2883 48.12010418029142
2884 49.947198094446584
2885 49.74505169754674
2886 50.77240709119987
2887 54.39515836644956
2888 52.54360791961651
2889 53.763766886411474
2890 54.18325721338823
2891 52.106627064019776
2892 52.220308238447416
2893 49.29585394428768
2894 48.09179099789404
2895 48.534969313022295
2896 50.98531138564522
2897 51.40215503429185
2898 50.183251805771825
2899 52.4463739647967
2900 51.78045879447763
2901 53.78059194992637
2902 51.2243096913333
2903 52.61861694107859
2904 52.638254054605376
2905 50.89368398593435
2906 50.073281788646426
2907 52.1430940772194
2908 54.528547885458664
2909 52.96998056426003
2910 58.6133850913074
2911 60.047887467312385
2912 56.639336579183144
2913 51.529529456581905
2914 52.74447211066956
2915 49.81890909025371
2916 50.172853304876476
2917 47.71990011191449
2918 46.5088547082673
2919 48.06436746368375
2920 46.420250957884015
2921 48.342633109741016
2922 49.073077011666285
2923 47.24979204535207
2924 46.89740313980874
2925 48.32840216915504
2926 48.99279543746079
2927 52.19984413515596
2928 55.05188145351398
2929 65.46643249908301
2930 62.8727308126648
2931 66.45506245558533
2932 64.8693944431757
2933 63.44385606950887
2934 63.53613407413693
2935 52.72646017237794
2936 58.14064566753948
2937 63.78442674553561
2938 63.38353832684145
2939 63.8458777973708
2940 66.39339388039578
2941 62.71292395947652
2942 62.644074077480084
2943 64.4898255112052
2944 60.44467257579866
2945 63.60258738850128
2946 60.14094860461375
2947 63.0310376132959
2948 58.2864300448784
2949 63.45327285482144
2950 60.043613295387715
2951 62.86310196080077
2952 61.69173501307027
2953 57.87045177772432
2954 55.68056689951304
2955 51.04233124972292
2956 48.470727698959415
2957 51.47710102620979
2958 53.1932718374623
2959 52.276855832324976
2960 53.38095909535078
2961 54.800781342421466
2962 49.46274570530533
2963 53.5155466858796
2964 53.32245791520443
2965 51.15619903670706
2966 49.6685950799656
2967 45.568376877364976
2968 45.02122454308534
2969 50.53543055247655
2970 45.04819192156742
2971 46.766698993847115
2972 55.54456122051454
2973 52.00213287542189
2974 55.01150917245262
2975 54.22844596907931
2976 50.13133206112429
2977 57.534631292995535
2978 61.32209933868335
2979 60.566271774972755
2980 62.60996774811478
2981 62.76820470097399
2982 62.80360950201901
2983 64.60937153432506
2984 64.00809944428693
2985 59.62089174766463
2986 60.94184989589039
2987 58.184954759449646
2988 59.12177728442607
2989 56.9582453251247
2990 54.37567510937412
2991 53.9508395021852
2992 61.229052649606444
2993 56.996845923323434
2994 54.092005645107214
2995 55.87411733419891
2996 51.635420623806525
2997 52.745592997655145
2998 61.66219706056441
2999 66.99394654332137
3000 61.2180276465814
3001 66.36561518519396
3002 61.47830403846493
3003 57.97931561397757
3004 59.35787701046429
3005 58.347578434696224
3006 60.4011048007756
3007 62.64047758893931
3008 53.68414765770375
3009 55.108965831158386
3010 60.58697291956528
3011 57.32321770352309
3012 56.102642400481834
3013 57.19499019171786
3014 58.346280554797076
3015 63.52071862286055
3016 67.8850800206482
3017 63.29167895424267
3018 66.40339837888246
3019 58.643717300428264
3020 58.94674233775335
3021 59.32147887304635
3022 62.28280401984613
3023 62.77771879020461
3024 61.503526174119486
3025 62.47291257311826
3026 67.02405772977403
3027 68.7836619864742
3028 59.52007504471038
3029 64.3322567030745
3030 58.42834748700437
3031 65.55197762676012
3032 58.49059320135242
3033 59.3172443270143
3034 59.94034978629657
3035 52.09359134674097
3036 49.81143419113913
3037 58.26231225315645
3038 55.95594818517699
3039 52.01832638062815
3040 50.101414934183595
3041 53.029323231312
3042 48.08902901145532
3043 45.790767473966696
3044 45.37754531526109
3045 53.3826937610897
3046 58.24724281259599
3047 57.259186073651584
3048 58.2915579104302
3049 57.96969662713709
3050 56.22284348618844
3051 54.37988574511762
3052 57.66333594499707
3053 60.558487158658785
3054 59.325852881355345
3055 59.543718381588974
3056 64.30014954093272
3057 59.795984897733135
3058 59.11746376947659
3059 59.71698647549452
3060 55.9212734943843
3061 50.92785341477484
3062 52.361301658477565
3063 53.5851204027835
3064 58.27585850216715
3065 57.02568725954195
3066 52.44727687484295
3067 55.73898605310376
3068 53.34383145878711
3069 52.00746015106307
3070 50.98460181536143
3071 51.310649476726965
3072 51.687752209949764
3073 53.06802846334259
3074 52.77234120128376
3075 53.02473275442038
3076 53.47142469153088
3077 49.69148244593586
3078 49.01582739860988
3079 47.42857041073221
3080 48.54105928987709
3081 47.47856922645548
3082 47.36931589319233
3083 43.469418423697746
3084 46.37895041296103
3085 47.6183058236612
3086 48.61597227540168
3087 50.670942716698136
3088 48.99459111701453
3089 51.14708744289521
3090 48.599375766402275
3091 42.106460869824744
3092 44.93255938612157
3093 43.79868227623083
3094 46.95070227641648
3095 46.24336760357488
3096 49.141716201670015
3097 55.1650168759025
3098 52.67055579704776
3099 50.3619059740448
3100 50.47492703538324
3101 47.776970530661146
3102 48.22237150962918
3103 49.28219749886883
3104 52.23238316631969
3105 56.01176960754446
3106 48.21137571195984
3107 52.231814783529785
3108 51.61642210248103
3109 53.23245102324488
3110 53.24934422591074
3111 56.555003902560756
3112 56.79806320083985
3113 52.82093495897121
3114 55.19143040207565
3115 59.069795961388095
3116 55.85381192454747
3117 55.8452031502223
3118 51.33320295268478
3119 50.67512902181376
3120 48.4911604436369
3121 57.65245989796756
3122 55.27459428872101
3123 53.477867685911185
3124 56.16729066951952
3125 55.60370582090216
3126 56.53164371562891
3127 57.57039208019266
3128 55.38215934080088
3129 53.65119521043733
3130 56.7125212744062
3131 56.25294444838536
3132 53.490051580698214
3133 49.8629582812361
3134 54.194392436371814
3135 53.67014374529016
3136 52.56371577344544
3137 53.320682564274904
3138 53.49916480326538
3139 54.1969360742288
3140 49.308785036902506
3141 46.5455774371489
3142 43.31439919431925
3143 46.78970422699203
3144 53.43312527333811
3145 50.46879217085806
3146 45.31105824692193
3147 49.887686567068876
3148 48.02919656083652
3149 46.78013109517608
3150 43.35713074899257
3151 47.64361143865482
3152 49.75179428793048
3153 45.88870916659807
3154 48.70784478269043
3155 48.123297247027125
3156 47.119548663321325
3157 39.515604989282316
3158 43.576069818243724
3159 46.44893703482498
3160 41.354846893461435
3161 40.73407468963413
3162 41.96430345525433
3163 43.22284980278558
3164 45.8704883530379
3165 45.847282304364256
3166 47.32675380336435
3167 47.27849498844411
3168 41.58330037357153
3169 43.615217526898846
3170 43.20582885243293
3171 38.830499064330525
3172 41.5768268749659
3173 44.156012327781056
3174 43.23946089144493
3175 43.69708368858166
3176 42.50098708006091
3177 44.35071194378778
3178 44.196693371965814
3179 44.276729035677064
3180 41.51173802288356
3181 42.99206532148267
3182 44.33201802867889
3183 41.92386191532827
3184 41.7100514053976
3185 43.72149210784074
3186 40.55868431241896
3187 42.06946693433411
3188 41.80694775891389
3189 44.803466712020025
3190 41.07515028603907
3191 48.768960721571126
3192 43.01425990153406
3193 44.82852774544599
3194 46.72279466342074
3195 48.16143993565442
3196 45.417915346180706
3197 42.66172257181928
3198 43.19879324631775
3199 47.33373484886267
3200 49.23411462748024
3201 47.87680075045948
3202 48.798585454352846
3203 46.71343436620894
3204 46.56875127957759
3205 48.02187586313412
3206 44.033913455312025
3207 45.91724599265361
3208 48.29638164775943
3209 43.63137644748932
3210 43.18759721007687
3211 48.88163828492965
3212 48.72427018261359
3213 44.88539294063374
3214 44.98686235830767
3215 47.15319294920543
3216 44.72043339100983
3217 49.12249990546414
3218 45.748573175506934
3219 42.70667858938266
3220 55.92209903391225
3221 52.05283409459078
3222 50.69202062479571
3223 53.26189527243576
3224 49.68340466145483
3225 54.61327592315862
3226 54.18368139970979
3227 57.545265311524126
3228 53.18118213580979
3229 54.5011378862633
3230 52.056463726730875
3231 51.18195145269712
3232 51.67150110978659
3233 51.08744586271451
3234 46.116263083584165
3235 48.350227385698176
3236 50.639014211273484
3237 50.36291751688074
3238 48.45390034858589
3239 46.00042895198751
3240 47.942818198216045
3241 44.39952186628273
3242 50.12087329720783
3243 49.514216607073635
3244 53.453620760157705
3245 50.689366611382496
3246 49.65631872953114
3247 54.707235267325316
3248 54.07120646054686
3249 50.66925004966562
3250 47.310031387841356
3251 48.40615592119545
3252 39.71831066822192
3253 36.17824113170318
3254 36.45060179595462
3255 34.01576437896908
3256 34.65311221044085
3257 37.43393273671898
3258 34.81018969141423
3259 43.03893702323293
3260 42.810540201074694
3261 48.72940733623423
3262 36.79145390584951
3263 30.045253541799976
3264 34.85909297513929
3265 40.61428024642169
3266 42.40752996223673
3267 41.2892128802431
3268 37.690420924702906
3269 40.922695953900956
3270 40.7357387746926
3271 45.38704991810068
3272 49.99203130585542
3273 43.4366133031247
3274 46.02817589184357
3275 39.59340884582042
3276 43.06160342444684
3277 38.59582761417492
3278 40.891654359067225
3279 37.50012863320918
3280 31.75288122683026
3281 38.78331902973851
3282 41.484493952319916
3283 46.905624472791025
3284 51.579640766104106
3285 50.055723663160805
3286 49.851453706235006
3287 54.383294286988665
3288 51.25709209625443
3289 45.26009164019264
3290 47.16213788051939
3291 46.7895514901623
3292 50.344871923920884
3293 53.80685161521805
3294 59.662092706413276
3295 55.98546342510749
3296 54.64148055055353
3297 47.876865218704474
3298 48.041720002964894
3299 47.95780152056721
3300 46.78345990369422
3301 47.11648991616592
3302 47.63908892449888
3303 46.27139029087968
3304 45.121781281232366
3305 45.67579528606988
3306 38.370041030877715
3307 38.859400462542766
3308 41.34223345428755
3309 37.42259137320731
3310 37.97850232175995
3311 41.90680012375944
3312 40.80646815941822
3313 33.47261378318525
3314 36.26534185585742
3315 37.40543911801342
3316 35.542327103640496
3317 33.691512053950966
3318 36.60745302473668
3319 26.30519262532161
3320 32.04011977422343
3321 36.13164805951796
3322 30.406974984749727
3323 40.21666537590714
3324 36.09985327522336
3325 32.78343522419308
3326 33.08796095319033
3327 33.46459904099448
3328 31.949350770441107
3329 31.848907160018214
3330 37.34256118894632
3331 36.29023502858832
3332 49.76802620715539
3333 45.443238432970944
3334 39.54972822912335
3335 41.44068291382206
3336 39.809709730929235
3337 44.707804465921996
3338 47.51352456080363
3339 45.333975368478974
3340 34.1440794676028
3341 31.560482326701273
3342 36.55315039414385
3343 35.534755210617234
3344 34.927605488327096
3345 31.814324917953936
3346 38.847651971874136
3347 40.20049349777348
3348 38.64692162432409
3349 33.5338320181232
3350 30.78849503247928
3351 34.42264963937391
3352 30.986994667630526
3353 34.43828409874042
3354 36.25098923274172
3355 37.80747438041766
3356 35.61300843302998
3357 39.70743050111932
3358 43.72295038394954
3359 38.515477462620915
3360 36.4646671050486
3361 40.804070277804186
3362 46.913974020515084
3363 40.09608841604723
3364 44.09094894135274
3365 42.334440583930075
3366 38.4370973882337
3367 39.83071319672004
3368 40.868050472393385
3369 39.41650075133413
3370 35.974054895687324
3371 35.731236395055646
3372 41.5896786883791
3373 49.37570178317317
3374 40.16664966955918
3375 38.90333932484945
3376 37.5805404266885
3377 38.698404186095985
3378 38.0050700293599
3379 39.60815783435095
3380 42.13551011787914
3381 44.50373793722144
3382 35.91363344090176
3383 35.40741263838265
3384 32.82015194130442
3385 29.074701601456294
3386 35.41158179568939
3387 28.056787047898226
3388 31.233630539781025
3389 42.13046221210628
3390 38.76887845268062
3391 40.14836381198431
3392 36.99690733541511
3393 33.95554213265971
3394 32.26950798536768
3395 28.529121581225183
3396 27.81166549565274
3397 26.47039267246695
3398 31.086011645640067
3399 34.5283866756016
3400 32.94379628410832
3401 34.415430579018604
3402 34.7557795867786
3403 33.60535691681832
3404 32.091147925973345
3405 34.13727285322674
3406 30.75013816071684
3407 33.16377713057472
3408 34.78947476436872
3409 35.74076995848845
3410 36.66471537917937
3411 36.41797103690482
3412 36.60553012088818
3413 38.19898153867466
3414 31.605090618688415
3415 35.74370566422905
3416 31.5486584153783
3417 36.16413238801864
3418 35.01913732078928
3419 38.59234376242784
3420 40.79917535175559
3421 40.331254479019314
3422 40.101013414294975
3423 40.46285524127513
3424 38.48395844572521
3425 38.635896599958684
3426 35.69777672026664
3427 35.678637707091646
3428 37.50666368040598
3429 41.80990754082294
3430 40.98097129078242
3431 41.68860232937647
3432 38.38469448023521
3433 33.66005217148986
3434 30.3448952398068
3435 31.411689286374568
3436 35.93305789260708
3437 32.75911960256828
3438 30.929075798930782
3439 31.483486451181015
3440 33.00343785616606
3441 33.52246488404911
3442 36.793754771172075
3443 36.59065538372505
3444 39.72442858490717
3445 38.66598538552296
3446 36.70644254412886
3447 38.771328484422305
3448 40.48752431781697
3449 41.10895808183491
3450 47.15239630207504
3451 45.42795074915057
3452 43.19381486593782
3453 40.750813280814356
3454 41.56724608075055
3455 44.53562247926791
3456 47.600535752496185
3457 51.06930123052946
3458 51.42924289967627
3459 54.56175430332394
3460 53.89933968023881
3461 52.23456410297786
3462 51.36377642305267
3463 49.76533127874716
3464 48.99895412678763
3465 56.524587537834435
3466 52.895062030300416
3467 52.98428458883812
3468 52.67884036849678
3469 50.755358896693885
3470 52.67874305351576
3471 54.005974792842856
3472 53.60065018600119
3473 55.69794119939294
3474 57.61863777307482
3475 57.66834737636556
3476 57.50098714358431
3477 56.249989856143294
3478 57.41720238939181
3479 60.19199147421504
3480 58.17491119571529
3481 56.5213666500435
3482 56.22224916364718
3483 57.980390708467084
3484 60.088899850917464
3485 49.81575420435168
3486 54.457477802382925
3487 50.43173327083796
3488 48.501889260119015
3489 49.2586880210626
3490 48.58931192645783
3491 48.452589964272484
3492 43.206862979994874
3493 43.801426161691374
3494 41.08231016359443
3495 32.999356916685294
3496 39.42717179870238
3497 36.76065170688017
3498 39.292506638752165
3499 39.15927548206668
3500 33.474097685603006
3501 39.286868230924284
3502 40.867009024620444
3503 40.32561427449751
3504 41.37860049480241
3505 43.24870048854183
3506 46.417723992513345
3507 42.75313344331646
3508 45.1738906299073
3509 44.1819185410513
3510 45.3848653612015
3511 49.2728153861364
3512 57.445744629093326
3513 55.147002835279146
3514 55.55481270026985
3515 53.978312463630004
3516 53.2620512024281
3517 58.14942354833257
3518 57.238728537773895
3519 59.61183021292471
3520 56.92527320122066
3521 51.45386195772393
3522 49.076357707838305
3523 46.579172356922356
3524 46.97584170961469
3525 54.348519959118214
3526 52.85794265731214
3527 51.15673933605874
3528 48.14442330920299
3529 50.82364680084179
3530 54.71057847967062
3531 57.50199968514266
3532 56.80995683338777
3533 57.07839632180159
3534 59.29291746306374
3535 52.89240847910514
3536 58.03076281040778
3537 56.99483978591376
3538 48.83159480390983
3539 42.88094435731384
3540 50.22995426694614
3541 51.9916117595541
3542 50.461667218569794
3543 52.537447434216396
3544 53.86427825177152
3545 57.68047400960998
3546 54.653225272379935
3547 54.429863586130374
3548 56.099423267793135
3549 58.66805125084699
3550 55.01495589654925
3551 53.10603707934174
3552 50.478438943366186
3553 45.86462537214155
3554 45.31511823619121
3555 43.94600457966231
3556 47.70896365504478
3557 45.7286336400709
3558 51.84245036551712
3559 54.76435860714819
3560 52.41977730334554
3561 52.886596957807654
3562 55.622644131249736
3563 53.31648451526065
3564 54.951646793319824
3565 49.794824594833756
3566 48.37161256412563
3567 49.48546672197924
3568 55.25759524201367
3569 53.47291731668467
3570 50.587679470663936
3571 48.96938979999688
3572 55.802708046816946
3573 52.20189617353518
3574 57.10896248931488
3575 53.74139496247768
3576 53.64733199032106
3577 56.41760711448064
3578 59.39869307387011
3579 56.74567283952855
3580 53.88652520063003
3581 55.01058684047261
3582 54.573008322987334
3583 54.01291940591236
3584 48.67045824502561
3585 49.25705205636453
3586 51.94361091532326
3587 51.71143835073202
3588 44.334924559148696
3589 47.541993564419094
3590 39.21149793765809
3591 39.74230452885448
3592 39.07080860669094
3593 39.13253604823453
3594 38.575395736535725
3595 46.253067005799096
3596 40.98329679812553
3597 44.08063771298917
3598 47.96820142030882
3599 39.27739628621085
3600 43.410853209815166
3601 47.62785436765499
3602 54.41972703886997
3603 58.86381801336667
3604 54.09787043060421
3605 53.53728548668513
3606 60.70518582428512
3607 58.128486412078
3608 54.5092596127208
3609 48.56092875106964
3610 45.20045428669753
3611 47.54562575073075
3612 49.922996871803434
3613 48.231555573770414
3614 48.26133256323807
3615 48.281123846659376
3616 48.12153475206403
3617 45.39867573861887
3618 53.143212726054905
3619 51.625647271338
3620 53.87082927751397
3621 52.927756514430115
3622 50.20555557338869
3623 51.58744832138938
3624 45.804710697112014
3625 48.24888867203996
3626 49.532638034374834
3627 48.479789632943174
3628 45.32751510051434
3629 45.42640519601092
3630 46.467818175779335
3631 43.01575026807007
3632 49.15775707697827
3633 49.60377774907871
3634 48.790602489860156
3635 47.89109932641101
3636 45.1053018538831
3637 47.34381941041997
3638 49.001645572185225
3639 48.33796108517003
3640 48.78386104650402
3641 49.68671243307693
3642 44.560235763363
3643 51.60772037715114
3644 46.82350839502487
3645 49.282939385981344
3646 48.050541110113755
3647 50.9811078928449
3648 42.60454397704566
3649 45.2346947340066
3650 45.440962106865165
3651 40.00632119076086
3652 41.02602423701275
3653 47.054772297685034
3654 44.98851555769834
3655 42.77336888419055
3656 41.89296152838016
3657 44.19326303104923
3658 46.81159977123618
3659 42.240862735812954
3660 41.524282047840465
3661 42.390963254575645
3662 42.92177852761794
3663 42.95779257608535
3664 42.598365727296304
3665 42.991429987690836
3666 47.597607199136526
3667 45.04890630355909
3668 41.919532466078124
3669 44.36686592409652
3670 47.831335131001694
3671 48.244092691957896
3672 49.12902743795212
3673 44.34100903749552
3674 41.72685761456747
3675 42.597866027709806
3676 47.234872209791206
3677 43.93502246069717
3678 33.6502859357257
3679 29.73519978526723
3680 34.28472819044117
3681 33.92267157875157
3682 36.906247495083846
3683 38.46203073512433
3684 40.23457367860946
3685 43.502601202056276
3686 45.91554915624269
3687 42.08723669613533
3688 38.39613664528162
3689 39.00274489875212
3690 43.494526242029465
3691 46.71081554889539
3692 51.164074510357835
3693 50.36519224928007
3694 46.000816501554844
3695 46.45806845759374
3696 50.640157335369636
3697 46.131083186651765
3698 37.39495339726592
3699 44.717341774654905
3700 39.15958825733262
3701 38.74305344728609
3702 39.99059068398337
3703 39.12423266990103
3704 38.40975408069985
3705 38.56844082309849
3706 41.2245162491578
3707 39.750007673003594
3708 37.505509341064375
3709 43.78375927866843
3710 38.6915689510114
3711 41.879210892068414
3712 38.83325848302892
3713 37.13824453983464
3714 38.1750709433529
3715 41.027841993292995
3716 36.02891997216532
3717 49.61986832963401
3718 46.32609227349534
3719 44.87293898438345
3720 46.41798188476559
3721 48.9429027140083
3722 46.07006503722794
3723 49.85700966397407
3724 42.82584180329791
3725 44.15104912037221
3726 48.595689411226175
3727 54.50379295891319
3728 51.246259367558444
3729 55.074302703640974
3730 49.74233441700906
3731 52.46973948890144
3732 42.34643015059195
3733 44.85060725055827
3734 44.619964793661374
3735 49.95097800291151
3736 43.24103997032408
3737 43.34556512604319
3738 47.142185049171445
3739 44.058696143607165
3740 45.691865091817625
3741 43.17041344155724
3742 42.66144170371826
3743 40.515029529515836
3744 41.44006535589536
3745 44.01991429922337
3746 43.172778449587675
3747 47.23241247029983
3748 43.71054366991111
3749 45.38690282728498
3750 46.37170571062726
3751 48.13065681088717
3752 46.43384527142834
3753 45.99740673260623
3754 47.44333811787458
3755 48.244376064177516
3756 46.24329545812105
3757 45.62687961649475
3758 46.840402792105486
3759 47.75422269251079
3760 47.472350169603594
3761 46.5272575796234
3762 48.479394252925275
3763 48.66221535280275
3764 45.83794402684897
3765 48.73217224445954
3766 45.61302854061702
3767 44.60402127168949
3768 44.10621439232569
3769 41.53879431594408
3770 43.53491826471844
3771 46.03829373600696
3772 45.21735336087687
3773 42.923396292561506
3774 43.09117975759817
3775 42.65381644899683
3776 41.347398864696345
3777 45.823610036763434
3778 37.31393558919581
3779 38.0793786472995
3780 36.199674709767734
3781 39.22396032368758
3782 39.248287129386284
3783 41.091610824832834
3784 41.370660096453
3785 41.47854192661348
3786 41.60822403787491
3787 42.42182266805781
3788 42.21500864651028
3789 43.849599605680055
3790 39.273461035773096
3791 38.39698821847124
3792 43.25288491213907
3793 42.96719353025378
3794 35.81682214048134
3795 37.97774481119301
3796 42.11365152464824
3797 36.918006766563785
3798 37.06267058963752
3799 34.69178083772622
3800 34.652158318000126
3801 33.04150604510266
3802 33.71923115616247
3803 31.60519047226561
3804 36.13786344700834
3805 33.13480140190718
3806 34.4631038849677
3807 33.96501674141859
3808 40.09098584286165
3809 40.173325256273756
3810 43.526610528418786
3811 43.816957354245
3812 43.490932757578186
3813 45.484410085159055
3814 42.78622073040161
3815 46.80703282696853
3816 45.5122563335153
3817 42.38861474432505
3818 41.37605468291756
3819 40.811076947271395
3820 45.64874532118566
3821 37.084144585060635
3822 39.28584617544307
3823 38.74505089242314
3824 39.03019841519399
3825 43.38147881461976
3826 38.389634766420954
3827 45.756227028551315
3828 41.83536946989118
3829 36.464517176017196
3830 40.88493636036884
3831 42.2721949499324
3832 40.65911515258366
3833 42.23765526573251
3834 44.59336863889777
3835 45.95806110786166
3836 50.13454135839481
3837 46.158005796821534
3838 41.87164433086226
3839 37.836263135328274
3840 39.22109731600391
3841 37.00102830211711
3842 33.86601562522799
3843 34.75770728865251
3844 31.034366606840756
3845 33.94085200887413
3846 36.25905195260342
3847 35.96179516875019
3848 29.666344098972786
3849 29.69710872329628
3850 31.490413935724447
3851 34.43901183623863
3852 29.865662679170185
3853 31.1576518546502
3854 30.47695748066478
3855 35.883579498273555
3856 29.925767991817022
3857 34.14561759012735
3858 38.83420275409834
3859 36.612956144023315
3860 30.812291134093606
3861 39.993202641526416
3862 40.3123444952026
3863 41.52587338109075
3864 37.815031174007906
3865 44.83301392671455
3866 44.67657870028015
3867 45.66919621142408
3868 46.28417465729986
3869 45.76250922939147
3870 46.1755151383984
3871 47.51334664263634
3872 36.27023182135339
3873 35.970047460388805
3874 39.42814851378502
3875 43.88873482714887
3876 38.539832507651404
3877 38.158124703802834
3878 29.508204708118498
3879 34.22952529387476
3880 34.24607237060308
3881 33.556693052678874
3882 33.64425378962289
3883 38.557633074391454
3884 37.22761297459893
3885 39.005995569910304
3886 36.50979573048998
3887 38.64384862161321
3888 38.452730630460735
3889 36.74424222064647
3890 36.77124003519758
3891 41.465855002556495
3892 38.95887851667612
3893 41.967873870859535
3894 42.76195304735507
3895 42.89255064328362
3896 42.785951589887866
3897 40.0078917363226
3898 41.815396516503256
3899 41.595311021052034
3900 40.02176477382731
3901 41.874079570590276
3902 39.08341673667867
3903 40.130414793157414
3904 36.05744001487833
3905 40.06749789169895
3906 37.24455109685344
3907 36.92001024280536
3908 40.113989211467654
3909 38.67696546606059
3910 43.42920796283622
3911 39.0153233758603
3912 38.328229205429594
3913 40.979396410745686
3914 39.96228450835447
3915 41.564856759419285
3916 36.08088612850987
3917 36.89892908729121
3918 36.852940933482635
3919 35.901533173554235
3920 37.68645123228619
3921 34.21091570662647
3922 36.24717317869157
3923 39.80983712263657
3924 41.453728042460696
3925 41.17038523260729
3926 38.408048456458886
3927 32.44569027946941
3928 32.66671959985108
3929 36.098615269952255
3930 32.96727981972832
3931 37.32946343754029
3932 34.79822736773846
3933 38.98603647435291
3934 34.857262367438395
3935 33.551783138527774
3936 35.00129810902429
3937 37.95927313890948
3938 35.018922907456485
3939 34.478346075766105
3940 33.20418926644062
3941 38.06803948982164
3942 39.09066559388758
3943 39.71421496305968
3944 39.02680338335316
3945 40.9292621330212
3946 46.75014605761548
3947 44.73194495013722
3948 45.063304478705405
3949 52.62290230258292
3950 55.97984223966922
3951 54.81932718548511
3952 56.73121920745322
3953 52.79535901380567
3954 59.06889175251128
3955 56.09737502309271
3956 54.81173438766744
3957 56.11583436120333
3958 54.61290785433601
3959 59.02841265403115
3960 59.13800445417676
3961 58.253204216905026
3962 60.02180753083913
3963 61.85998813539576
3964 65.91078719435309
3965 57.29119798704641
3966 57.92702925500075
3967 62.15110817642456
3968 62.11830638116951
3969 60.56979509576338
3970 54.51970944332263
3971 54.946200406980516
3972 53.03429769189004
3973 61.52949717046023
3974 61.17763371116529
3975 65.88136297255328
3976 65.12239199568158
3977 58.129198984730095
3978 54.99998534093257
3979 59.78295666841146
3980 59.35028445965443
3981 62.70755784327219
3982 63.00386339959056
3983 59.96065137924308
3984 59.27859745955639
3985 62.79758134644325
3986 62.18760622441589
3987 60.260722830677324
3988 62.666607773768554
3989 63.73608109684653
3990 61.611215840049134
3991 64.77758483379708
3992 63.55885177904673
3993 61.6898892516657
3994 58.98099336294649
3995 60.27366371059269
3996 60.70867898928956
3997 59.761260811767755
3998 56.022977430722996
3999 59.19420461473225
4000 57.32475216641845
4001 23.47764382223007
