0 15.221256215140196
1 17.331623063418004
2 18.321988926331635
3 22.297505616069387
4 24.591019046266464
5 27.231420851897592
6 29.78534160449565
7 27.959089851410486
8 28.96670618504115
9 24.754822075099945
10 22.38925669868742
11 21.088409675555912
12 21.459760436670784
13 23.04110915958117
14 19.77493674502303
15 21.382587884021934
16 20.035992643073786
17 19.992997477272787
18 20.115628159074227
19 21.00331420199507
20 21.503635572774787
21 21.0333638818988
22 17.687738853368728
23 14.240486073397225
24 16.063058071075258
25 17.036976381873934
26 21.017425566454254
27 16.456850857264904
28 16.81140399708952
29 14.421900447631327
30 20.36654822024363
31 19.815281363415775
32 16.208574797089558
33 16.22570403682189
34 17.77182216367489
35 14.645271463272222
36 15.404937435174016
37 11.42311762114678
38 11.2336481632607
39 12.075668154916409
40 13.71068491053579
41 15.031997310292976
42 17.614083876293115
43 14.72893339850159
44 15.09856531394215
45 14.979282494794113
46 14.173637900601264
47 16.06776447183759
48 14.524688026953108
49 18.177436157753036
50 14.94200672527241
51 18.138771185887986
52 18.841989999833352
53 14.139879820015025
54 16.07145717136386
55 16.099734089095016
56 18.022129371826576
57 18.37794393128674
58 17.609719828034724
59 17.305069415139105
60 18.523968597776495
61 16.86574873230033
62 16.823579993943508
63 11.693625353150718
64 14.040240891338279
65 14.534072970816847
66 12.30945900993426
67 17.2025414459354
68 15.81582318547168
69 16.288821805308196
70 21.211264848993547
71 19.653482278564436
72 15.466391246241452
73 15.11888393748812
74 14.47789587350511
75 17.319423949154146
76 12.999952871325775
77 13.082014922005724
78 12.311717008188356
79 13.950258895004898
80 13.84729007163154
81 17.611990150452907
82 13.845765891061111
83 14.496646240062821
84 16.115505886872462
85 16.965765048675554
86 20.558439330231085
87 22.182814454707568
88 25.666716778945947
89 22.66148810672906
90 23.86620293680736
91 21.84436794492193
92 22.18149194723533
93 18.820005177082823
94 16.096458577348873
95 19.729194222039364
96 15.493919906812664
97 14.594205604149979
98 13.524311142618915
99 13.183904530944506
100 13.828089647179286
101 12.030855653731626
102 15.27205713851204
103 15.326639424091233
104 15.649098659214864
105 15.943965566868009
106 12.959915808887024
107 16.408059245106664
108 15.067800844518441
109 13.86458495626615
110 10.221488571677652
111 14.272979419572962
112 13.369201300766695
113 11.814087058178858
114 14.534442469060462
115 13.554160919110199
116 18.249036619497655
117 18.217356946128064
118 15.327230910750162
119 13.493908446224207
120 15.93054521531897
121 17.67442449169703
122 13.94515376414356
123 12.174164136389267
124 13.831798593020135
125 12.45152491141778
126 14.19635809689751
127 13.78865229388358
128 14.425605217889924
129 11.439489221707882
130 15.884671690480747
131 14.805596611940441
132 15.05598085302772
133 11.732366343561768
134 13.716993511701721
135 15.423945772075768
136 12.908707761026383
137 16.201115007907713
138 14.510324534304786
139 16.254500102040648
140 16.22495433609618
141 14.445536526982366
142 15.783526108050726
143 20.645491942081282
144 17.321295492824948
145 18.004953502033324
146 15.730646909979262
147 17.541522607606307
148 19.18524970120118
149 14.970962971693869
150 17.98181719362569
151 19.408643720862486
152 20.68825440721967
153 16.140345809240358
154 15.904286531379292
155 17.95996197928041
156 16.71249028486231
157 15.811377753850193
158 16.051221100367762
159 15.043028880672274
160 17.55224498242479
161 17.87583904024762
162 17.347289085003123
163 12.69183843355636
164 15.640187332662311
165 11.356801186154437
166 15.500609184945205
167 13.210050478427817
168 15.25322562727199
169 14.541652853368017
170 13.498753223576776
171 9.985819531290625
172 12.362220492853945
173 9.159480830728198
174 7.378533042432372
175 9.070763226734327
176 11.036059751455412
177 14.954695682573693
178 13.982416631490828
179 7.966269171701195
180 10.258799376111188
181 10.707060328153608
182 11.197522931290422
183 11.223524345206092
184 7.636153399391506
185 10.82899671245161
186 10.908546260552786
187 7.819289066751701
188 8.868625707637833
189 9.723795776024874
190 8.30870847110953
191 8.54177990270514
192 8.92368658955762
193 7.55812210798496
194 7.976304535266935
195 5.809055314340918
196 2.6625708732004707
197 2.4899947127550583
198 3.2153213036723174
199 3.6051201240407402
200 4.004785696868699
201 3.244760683523499
202 6.211945719564992
203 10.86540507812725
204 13.015022920639828
205 13.271698959359112
206 16.40380683250318
207 15.71818990031647
208 16.27320474420647
209 16.023958030783106
210 12.798811794029225
211 16.073958165321525
212 14.361131548171487
213 12.074221763792618
214 9.875397337131824
215 14.841860622201779
216 16.04366037598478
217 13.832072919399636
218 15.323641265228904
219 12.106497828054353
220 10.983015603463517
221 8.73651649697449
222 8.914625151795438
223 7.470206629958365
224 10.326551025273758
225 7.073149755198899
226 11.048846846811491
227 10.478778899667127
228 12.636244114325386
229 15.788245888289158
230 13.981774668276264
231 13.63150654807805
232 18.855769342079267
233 16.371291134251646
234 11.914489945393907
235 13.591045832193045
236 15.559236413710472
237 14.708044546507603
238 11.370398967659344
239 13.203319028371448
240 9.693665176584776
241 13.242486413592962
242 10.35620264825085
243 12.536340830500343
244 14.625097076411251
245 13.678296812398173
246 16.5288086165426
247 15.748463926123488
248 14.430685639038556
249 12.012992793079025
250 12.831209196938088
251 14.811459989430146
252 13.82870036508602
253 15.787909848704908
254 15.044746891631267
255 15.90349423914727
256 13.37340942205899
257 13.35192643354224
258 14.212494726661104
259 12.441145904974054
260 13.206767432805467
261 13.12652832898631
262 12.77185496235511
263 16.805098629599684
264 16.956129914603576
265 18.699849445166212
266 18.58609608215668
267 16.105990970446378
268 16.022333629433536
269 15.184087588848778
270 14.004706022424736
271 16.6016315418155
272 18.39995504722114
273 19.153221578029726
274 16.314802770661032
275 18.542784054224207
276 16.277326794601468
277 19.93881322032236
278 17.41500967143422
279 16.33163939409862
280 16.117632872336557
281 16.921623125750333
282 14.688703828242373
283 14.067194788910792
284 13.96145378713435
285 13.16253803894101
286 11.626018573464988
287 15.74748974776012
288 15.625947030431496
289 21.847782270794248
290 23.459307856191618
291 20.06230822224931
292 15.634829827468213
293 15.341999278086075
294 14.614503048968317
295 18.28352773249558
296 16.40696713085915
297 16.929021195915205
298 18.047320226305338
299 16.13865014492839
300 20.044195095772746
301 19.3023633485151
302 18.120682828134864
303 17.53307792987229
304 15.529795079497676
305 11.66898980214773
306 18.066987014653623
307 14.71950671934865
308 15.933515962718866
309 17.094693448403536
310 16.342685809306897
311 10.758822275965041
312 10.561061987291268
313 9.209890723393734
314 12.40984358523966
315 11.669629822577019
316 9.20206459870442
317 8.724954991965959
318 9.197959038369161
319 9.11746627513366
320 13.819073584900352
321 11.497276699274327
322 12.914752654138583
323 13.102034567282196
324 13.490743557889125
325 13.356571977104304
326 15.029662942667148
327 11.279659999296586
328 11.96043519258565
329 15.536923727088558
330 14.228220263750462
331 15.813206236788215
332 18.545087507572227
333 18.06031017865277
334 15.819174253323688
335 14.882027813037446
336 17.437593353350238
337 16.16042731329205
338 13.656759093327265
339 15.103624689250069
340 19.53914750784335
341 17.01711813930763
342 19.053735918424604
343 13.898425009381329
344 13.098123205148466
345 13.543097288339244
346 11.631429249461034
347 15.570370859227683
348 16.806594489514712
349 16.043357250154372
350 19.859263974065655
351 15.853360973224394
352 14.965626443791338
353 18.010347636259667
354 19.644889690338598
355 14.885958937620764
356 14.988861744668212
357 12.62367990408034
358 12.708867726890151
359 11.524150935012726
360 12.77357463623442
361 10.888034451073755
362 8.22439460729757
363 6.894230878615815
364 9.970454216256961
365 9.292801805163727
366 14.75578332055782
367 16.05493368519534
368 13.475368741625832
369 16.447482104323775
370 9.74349088614803
371 8.764971118190605
372 15.004210729386275
373 15.871436777729764
374 13.476802912201759
375 13.920845609723655
376 14.471575844879824
377 12.662868559676403
378 10.05391063698036
379 8.396971433995963
380 10.252900359741696
381 10.248130908166495
382 13.123769823999249
383 14.23993463812015
384 12.436474937209528
385 13.544154575419034
386 11.846994008522643
387 13.470157431722207
388 14.443000796344643
389 15.149439006478186
390 13.210488517386546
391 10.986338307357414
392 13.450547703536314
393 9.546258701726968
394 9.151792273257346
395 8.792988530598981
396 7.289344993333117
397 10.734759799382807
398 10.57073161037719
399 10.139075497348566
400 8.194224358303288
401 7.289559868923455
402 7.111255010052946
403 5.643603343931482
404 8.173764898577515
405 8.666232945267367
406 9.297048174104765
407 9.019137690025342
408 11.221397108788754
409 16.292745664980156
410 16.87787002991891
411 18.626658211890884
412 12.492397725265254
413 12.00335300369509
414 12.06059531139204
415 10.51660713833897
416 15.830768775948627
417 13.393005773647495
418 11.661527692589381
419 14.359087685001079
420 15.80763974276689
421 14.736896410928155
422 12.763990313311593
423 10.955527467274884
424 8.689985626527719
425 6.851502813177089
426 6.736382250073999
427 5.100854992727216
428 3.3387963016513336
429 5.63908997316459
430 7.103404846237702
431 8.42813302785108
432 8.7723581906573
433 7.84458600841413
434 12.853445112098022
435 10.392353126528995
436 7.640145632369534
437 9.020034798431388
438 9.602911677833102
439 9.41885626651027
440 10.548127852454927
441 5.638856156740844
442 7.818256471039288
443 6.17421888246822
444 3.634644403499581
445 3.549374786350574
446 3.6675398265760704
447 3.479373283519963
448 5.6309868836919845
449 5.783244211322313
450 6.455895374231227
451 7.017719939362446
452 8.131433407781198
453 4.945141456983811
454 3.5037673650404297
455 4.527149680040539
456 3.6607260912479402
457 3.3236604912781798
458 2.5401738955931337
459 2.6195404383647434
460 2.755376997571593
461 2.636188208235125
462 5.286012709505172
463 8.763489447833003
464 11.398564258581297
465 12.4540205971578
466 12.353858052196594
467 13.353877101808804
468 16.573494648606893
469 12.32123918934103
470 20.08269705669248
471 17.422795812926786
472 15.778981626793025
473 17.362330444212194
474 14.208258876722015
475 13.367366470807953
476 14.383807743007035
477 11.654772572501937
478 13.485911542038725
479 13.49239330329766
480 11.637686256763097
481 8.408984466273644
482 9.833834742453847
483 12.250507983704027
484 12.033726652302827
485 11.683780543659497
486 11.544131603602255
487 12.11092890193937
488 15.590690580957514
489 15.27505928225404
490 18.74701822083585
491 16.003369180954945
492 13.49061294814712
493 15.181678833736214
494 14.305968505757136
495 14.296607027138869
496 14.677716197750255
497 17.78247832010753
498 18.118172204671993
499 19.838470636035936
500 18.72093053277888
501 18.832722929327467
502 22.387862881020478
503 22.671289892061942
504 24.302101007128485
505 25.084212105543752
506 27.039315724490436
507 27.12203524691866
508 28.328497076084588
509 24.228378763563907
510 28.123698613908115
511 22.42987596577064
512 25.123305306167136
513 28.330012942607894
514 31.028018176748827
515 28.4935398179776
516 31.41845335955758
517 29.904383395495543
518 26.928116486554963
519 31.81966241356701
520 31.182675342823938
521 34.492524082269945
522 35.00493991087712
523 33.52109168239242
524 34.6302136336682
525 30.76178719903151
526 30.962686951672275
527 26.38616443371531
528 26.837462074484854
529 30.001466327843826
530 32.21787596769087
531 31.2097327905211
532 29.32553645275102
533 30.268824415211633
534 34.25522111595622
535 33.13417084089146
536 28.486975538126213
537 30.230958532796894
538 32.06462738662985
539 29.92151611990037
540 29.98010194877054
541 30.773799734576457
542 28.66298602628263
543 34.05704383038925
544 33.56487255445614
545 32.05880142536926
546 28.716578805661204
547 31.52378740737215
548 31.946614645161056
549 31.454248263270514
550 29.643123167828033
551 31.358159339929976
552 29.169848957972007
553 29.036567865959597
554 28.286651950613855
555 27.98451968112382
556 29.05857598950106
557 29.315913374257203
558 27.68311497655208
559 27.69404007415649
560 30.65936531313295
561 29.4933921639834
562 29.73772762034227
563 28.362580319731833
564 27.60535427146024
565 28.132787790571545
566 27.317652116144313
567 27.880103138879335
568 29.61160465220105
569 29.691262747693436
570 27.194979510462222
571 28.165189493829722
572 29.997666875855238
573 30.3386289755278
574 29.75932089897295
575 31.28559592400258
576 29.900055284557745
577 29.6673053108428
578 29.270218686328906
579 27.353877683811604
580 30.377466882571117
581 30.08950510913112
582 30.76287786953113
583 29.891356926294275
584 28.604312643332403
585 31.22158367776114
586 32.24213584195651
587 33.504940464484086
588 30.66006492433767
589 29.468119659213613
590 34.5470291726391
591 33.91662108967441
592 35.53671452916407
593 33.55793203088757
594 33.35941876264197
595 31.21739423494349
596 30.86716286184509
597 30.781428673513382
598 31.24987788086552
599 31.75459848959004
600 28.86190949941525
601 30.26002008844705
602 31.098847109704554
603 30.247822563380925
604 33.66864899655628
605 35.186232712925296
606 34.56316422551702
607 36.269050808233025
608 37.28384875175287
609 35.34327190557227
610 36.56542487906713
611 35.87141604174212
612 35.16549352936655
613 32.371141234872
614 34.90813236362434
615 34.67446499764611
616 36.60463669893619
617 36.88643348031628
618 34.78229611842353
619 36.15287360044229
620 35.92073316331397
621 36.03002161184901
622 32.670216190661705
623 33.268959086570796
624 34.20663398960804
625 36.5721179146308
626 34.58631159429866
627 35.08880072813414
628 36.02998137152613
629 35.49362793966687
630 34.275854945276315
631 36.56689514671835
632 36.29950262696843
633 40.12556642003102
634 37.636129034203826
635 35.09004076533834
636 35.11719011657937
637 33.162841052876196
638 33.94282703832055
639 35.425820678724975
640 35.21964802502944
641 33.39697215775335
642 33.751856765106254
643 32.30588802329539
644 32.66425860100949
645 32.862052563175645
646 34.33853547316458
647 34.38853046633082
648 33.92303583986386
649 34.38084036653942
650 32.219743191994006
651 34.35029012108483
652 33.44436806208225
653 35.56244783646506
654 33.89868734972644
655 35.23249021375961
656 35.239166128444694
657 35.40323784155862
658 35.58388125201639
659 35.22537672367023
660 35.113653087051404
661 34.38085783755406
662 33.028104335150395
663 34.926977645947346
664 33.40685060282959
665 31.741316396676865
666 29.2696638174411
667 30.39908499053579
668 31.748578698877576
669 32.20372907234983
670 30.89106740226921
671 29.774793465129722
672 28.83227878984165
673 31.35008299952616
674 27.4524889447482
675 29.233198975253096
676 28.121401932554246
677 27.60118529204513
678 27.866515013264333
679 27.061538908534907
680 25.991232563456105
681 26.823339113779184
682 26.886096170819407
683 29.070035728720544
684 31.65821121254399
685 30.975505113204264
686 29.002560218398514
687 27.75331646826898
688 28.306560477520268
689 29.60573416798499
690 28.373616865123584
691 29.66920912881379
692 30.470363054557225
693 32.974553006720896
694 34.52398167293265
695 34.737839748614164
696 34.87893689167224
697 32.88869689517482
698 32.49903211665463
699 33.05992535803884
700 32.18761960858504
701 32.35412571192278
702 34.525443016596874
703 37.260148654546065
704 38.045992005764994
705 35.43434368246514
706 34.55933467540278
707 28.47779528758539
708 30.925965112649628
709 27.883089649906054
710 30.365757683519558
711 31.649013738323937
712 31.314637636356895
713 34.23603019353448
714 36.63778066237558
715 40.76913829395325
716 40.13963468011921
717 40.698386242267745
718 36.08619043903471
719 36.01244986546378
720 36.25005123274783
721 38.9398924789752
722 35.25576259049614
723 36.362083427575755
724 39.202258649489224
725 35.93365271706554
726 29.597243150174737
727 31.9834762645382
728 31.635451556751743
729 32.55652279006049
730 30.477182485763272
731 32.47406281799019
732 31.850368715892017
733 36.27484038127385
734 35.81548177392724
735 35.5261686391273
736 34.86224269654146
737 39.2139055123906
738 37.7057380523708
739 38.35963365883135
740 35.638595358466326
741 32.33468553391655
742 32.20825919560223
743 34.63350797540957
744 32.266540793719926
745 29.055781930049815
746 29.942581704722752
747 30.637713812279863
748 33.519708854440616
749 32.77161475153269
750 33.573642849010334
751 32.6401791937912
752 32.85473841736112
753 33.84199754599978
754 35.27299481955934
755 33.75276347961772
756 32.19963070616346
757 32.70207248552794
758 34.82155137845299
759 34.994723874458266
760 36.331615802440986
761 34.31092626643927
762 31.81491296238614
763 31.396499795996583
764 28.23911350933706
765 32.035709800426275
766 28.07830779136399
767 30.61003987174872
768 28.215682285057756
769 31.88448483437846
770 35.077757884245784
771 32.810888691278116
772 35.44963598198514
773 35.28696155550538
774 34.33503002111612
775 36.47525285426505
776 34.82706429550557
777 31.375648313985202
778 32.70035308670638
779 32.93432709704601
780 32.5867114678413
781 31.147959486454035
782 33.8889820997559
783 35.330229378784416
784 32.51074259871784
785 31.125413905445846
786 29.386568731184404
787 33.10292979255149
788 30.963783004156582
789 30.504270769127597
790 31.129247999167276
791 31.92879371142324
792 29.610348921231587
793 27.38130267319445
794 31.331898830670358
795 30.752081212469665
796 28.972896150637663
797 28.98195564326787
798 29.66785805433217
799 33.30925699054212
800 35.27400568241396
801 33.827017738898114
802 30.42365664488191
803 31.897659098150175
804 33.898834057362905
805 33.9218806065979
806 35.98057096540579
807 34.56376721102368
808 36.293893051262394
809 37.05990460753847
810 35.963376982487034
811 34.76731424144029
812 33.95216697651467
813 33.38540772378077
814 32.783572674879835
815 36.67002230674621
816 36.90785491712802
817 36.29455789221426
818 32.46742666152675
819 37.35826265124608
820 35.897463975851664
821 33.822145291195085
822 35.11427728345263
823 37.29664882936245
824 32.75942818132144
825 30.060463768915746
826 30.190743535563563
827 32.80638764044288
828 34.6489527363574
829 33.15852866374738
830 33.8986279118228
831 36.57132134599552
832 35.427815060947694
833 35.536091436541525
834 33.89602124404606
835 33.45994914174733
836 32.955221900106395
837 33.70715626221903
838 39.13004951150418
839 35.70226407695103
840 36.44399607420633
841 35.93065685611458
842 38.06059790848761
843 37.64607241032001
844 36.3910707194748
845 35.15654160929479
846 32.92488390304984
847 34.43801032434273
848 33.45357626678448
849 31.310878267644565
850 33.55139095412259
851 34.763097048804
852 35.99954499177629
853 34.378618586817005
854 33.052296207897676
855 33.926694023190954
856 36.26084960118974
857 36.680726862978894
858 35.436487620613185
859 32.85111780682045
860 31.631132215099154
861 31.35593254716121
862 33.99625498065885
863 34.11966502759926
864 32.03637667938474
865 38.29038252887767
866 40.252969803139216
867 38.46124615967929
868 39.404262799493814
869 37.69460742957038
870 36.860162611430376
871 35.75837797906917
872 33.98123303404094
873 37.43489184052562
874 39.742333331191034
875 39.512926472752795
876 37.35906112189617
877 42.48128072481903
878 40.375218416759274
879 37.67385090198155
880 41.65770940894151
881 41.58702666405633
882 36.72716306312085
883 36.21413582469809
884 38.72300727968586
885 39.270581894117356
886 33.03947744099746
887 35.62341853847441
888 32.96990950574799
889 34.71988504474375
890 31.164525031332644
891 35.42112036713971
892 35.106060444656464
893 37.60106270664056
894 33.27736828421237
895 36.100244036496925
896 30.030162698189528
897 33.40206368600528
898 35.07463064289402
899 32.034018220130925
900 36.783830793206384
901 34.636191701497836
902 31.001181396272088
903 32.30896175613769
904 34.565042249979555
905 33.32201603158761
906 32.73467756246369
907 34.20692213174098
908 34.87628094759574
909 33.97773859962797
910 32.63742741768791
911 30.001386203378548
912 31.049233521048578
913 35.01533278069029
914 33.33026101132399
915 25.995474246527888
916 31.001427008487788
917 32.0448446296525
918 34.06788494902481
919 30.761008282867195
920 31.96132459041837
921 30.703759592330787
922 28.3230388286867
923 30.32054666413918
924 28.108552439115766
925 29.399437864729897
926 29.772607194639846
927 30.97857283531727
928 28.613853052093877
929 31.85714089457147
930 33.50637841408011
931 29.49682154156132
932 29.77352843000186
933 30.74133240889153
934 31.23370080067238
935 32.97618357616516
936 34.788106621222084
937 32.39715981136022
938 33.165508937028214
939 33.42563036026631
940 31.221448304491943
941 29.589308662861182
942 29.407424811368735
943 27.328100972699826
944 28.78353314376741
945 28.27886788483061
946 29.47407386221867
947 29.5812865359345
948 29.921575449862008
949 31.207760296376826
950 32.76437828478909
951 32.369171805689504
952 33.08347840005104
953 34.2576141562433
954 34.48000587547412
955 34.31040024853313
956 37.11086161973118
957 36.7726289332947
958 33.77213895241945
959 35.73592198168009
960 34.22533452238216
961 38.9015960786832
962 36.689565996383564
963 34.59101995221095
964 36.022654272625076
965 39.07849977153621
966 37.91090862349521
967 34.53716323521651
968 32.18111992254673
969 31.66088888242441
970 31.58630861603854
971 31.923146790465754
972 31.957596855026114
973 31.218674608942422
974 31.271294011644727
975 29.61620256560321
976 30.58888800281928
977 28.614102926716022
978 32.3418548230434
979 30.39013333657336
980 32.37112531462599
981 30.038274268605424
982 30.233911817249652
983 30.404476800654407
984 31.676276789560387
985 28.856129786007408
986 32.02532025879894
987 29.867262297799723
988 28.75518999040161
989 31.665214639765527
990 32.12171946632411
991 32.874923488421274
992 32.91965723756286
993 35.09166097191472
994 32.09392198869405
995 35.35005688601634
996 35.73393654893069
997 32.51218535288532
998 34.16680869525956
999 34.06937027206222
1000 34.66028010357027
1001 34.52293784601553
1002 33.77564521158695
1003 34.3297740446374
1004 36.01888853606748
1005 34.933769440959864
1006 34.02318820423129
1007 35.079582823313906
1008 32.94086144236477
1009 31.935774923646353
1010 34.225749799853965
1011 34.950036554233755
1012 31.55124344899148
1013 33.724233042147254
1014 33.48947280004138
1015 33.557047874635415
1016 37.30688487785612
1017 38.587724978251856
1018 34.60052988228757
1019 39.95801158353043
1020 38.043353387918266
1021 41.44991309876795
1022 42.235311301597434
1023 40.3614003250059
1024 38.92116669289155
1025 39.82671660995458
1026 39.14385225797141
1027 37.45370182032895
1028 38.685773754273704
1029 41.815860349586664
1030 42.11984630868234
1031 45.69694014184181
1032 43.387394836457524
1033 41.53179449498264
1034 43.200580361300496
1035 43.42313730271551
1036 44.93057427581723
1037 44.14245642159623
1038 45.78270953704956
1039 47.759343551840566
1040 48.27514353361296
1041 46.89729996914762
1042 47.699902916432144
1043 50.04258197796622
1044 48.54639425175799
1045 47.76880779331197
1046 42.99728951141494
1047 48.01195629478918
1048 47.2532208009361
1049 48.74960091392606
1050 49.37330990798532
1051 50.551479565846485
1052 50.84254457804213
1053 48.88104214295681
1054 51.92047520882204
1055 48.36837952699808
1056 50.231875122418245
1057 48.788907504993084
1058 46.751407979235395
1059 48.653954994756404
1060 48.41995913693387
1061 48.29728325086757
1062 48.343557547539454
1063 49.36861754028226
1064 49.05202663637489
1065 49.38233592951528
1066 50.88649133303391
1067 49.30690698760781
1068 49.869260202890544
1069 47.45145149443649
1070 50.3858416982937
1071 44.377809425003726
1072 48.6728425746836
1073 48.4426326783199
1074 49.10532977462028
1075 48.9078509215943
1076 48.84561344874843
1077 50.79975085640491
1078 51.59011748068171
1079 48.85026997286126
1080 50.60946212990839
1081 50.90616775880413
1082 47.55978129246796
1083 49.37604789392206
1084 45.58170028873796
1085 45.709376542482964
1086 44.75432726670996
1087 44.138975779012114
1088 44.52286010616318
1089 44.66353318374436
1090 46.66216266206666
1091 47.73466120013838
1092 44.795584774840385
1093 46.53555699788273
1094 49.6238883251139
1095 49.10167713711747
1096 45.25515338223094
1097 44.42699727788521
1098 45.42587484186941
1099 45.31458154321226
1100 45.068753933445514
1101 42.10800136092758
1102 46.07555699384878
1103 44.31763246489085
1104 45.81342660007612
1105 45.6819048057661
1106 46.147863685220464
1107 47.370665090062715
1108 45.41639199265284
1109 48.498774678394284
1110 46.3342034214318
1111 44.284649941080986
1112 45.692636886385884
1113 43.884261809137776
1114 44.77581448954249
1115 46.03696861334559
1116 45.279910075820716
1117 45.046328514191906
1118 46.638006594240025
1119 46.23134558474418
1120 43.82730603815834
1121 45.74995529889795
1122 44.602421346531074
1123 42.185534530876154
1124 43.77229221701526
1125 42.51510516522818
1126 46.18899348483529
1127 41.46314597369166
1128 42.94781993274117
1129 43.08960304410337
1130 41.85691391573425
1131 42.25626436420371
1132 42.691634351605344
1133 42.18357570694946
1134 43.66883523431186
1135 42.517068601528095
1136 43.190202858747426
1137 42.60752611892567
1138 45.49747669173535
1139 43.06186987346848
1140 43.233866885122524
1141 43.26562791067859
1142 42.4616750999651
1143 41.302855613872325
1144 45.40883733434111
1145 45.722094068505065
1146 46.06535794914955
1147 47.336390979284694
1148 44.92773321733918
1149 44.77983801655356
1150 44.960345969650916
1151 43.64764066138973
1152 45.07826814623354
1153 43.548904193095616
1154 44.246962162307476
1155 43.582068242315636
1156 43.38166605764987
1157 44.12319313126123
1158 42.742515603768496
1159 42.02840789274521
1160 45.2969143344317
1161 45.99186059599342
1162 45.52726079307287
1163 46.72956473864804
1164 41.9484280297037
1165 43.095003625888246
1166 45.056357945485104
1167 43.89878518883353
1168 44.315027637561954
1169 43.692687580360605
1170 40.873654477041406
1171 43.73949339857194
1172 43.70667197052604
1173 46.614132598267034
1174 45.044141684015315
1175 42.324783413490735
1176 40.59787659624702
1177 47.61397006795581
1178 45.96839526511727
1179 46.753415650004115
1180 45.55004046726273
1181 47.005769915282535
1182 47.37171094067896
1183 49.08686114423519
1184 50.4665361330087
1185 47.60341234436319
1186 47.64221903779237
1187 46.454605139554744
1188 46.19966059542754
1189 46.39530923151168
1190 45.00002526976881
1191 47.367599093872784
1192 45.287524925737145
1193 47.45006122047512
1194 46.64754298889396
1195 46.11460481721079
1196 45.47854123989514
1197 44.0784713461541
1198 46.99728665024968
1199 48.43061242563345
1200 46.44435757317077
1201 45.87776365734854
1202 45.07062498578214
1203 42.75791069866373
1204 45.75034235563371
1205 47.137083225460394
1206 47.39804214384026
1207 46.21389595817071
1208 43.49533838724863
1209 46.192126122414194
1210 47.577470289442594
1211 50.23700149190846
1212 46.573043835826724
1213 44.992652309402445
1214 47.50279781256483
1215 49.792416781191044
1216 48.32957429227578
1217 51.794366547008785
1218 47.580170728484106
1219 48.37371969798193
1220 46.15553117355805
1221 46.50646965875078
1222 45.70801945476812
1223 45.21929286540577
1224 44.532995930001725
1225 44.5903844697635
1226 45.64335495559232
1227 45.52651147355085
1228 42.82291923155181
1229 44.80492102331015
1230 45.65997805853478
1231 44.891363595166126
1232 42.03415807306241
1233 42.43572339143287
1234 44.21092609287196
1235 44.75666371004305
1236 44.96912364145797
1237 43.87552255589933
1238 42.38599458167425
1239 42.04678687477709
1240 44.03512729107077
1241 46.67194923650958
1242 45.6472012196313
1243 43.53484686613756
1244 44.14070537879866
1245 45.567408511584595
1246 42.35699057460667
1247 45.55111849833425
1248 45.0641220126945
1249 43.90886861378712
1250 45.886639012351566
1251 43.65466965718746
1252 44.6452742635613
1253 46.207052956909855
1254 45.495064266020385
1255 44.82617526447305
1256 43.994786217552445
1257 42.92286113211429
1258 46.50521536099395
1259 46.10298294604656
1260 44.30529525439886
1261 40.675652226035695
1262 41.89025095600664
1263 41.679923438388286
1264 40.50013013160523
1265 39.077342478432804
1266 37.4696978699738
1267 41.9464436466796
1268 40.53191799874671
1269 38.454001991615606
1270 38.7635347321805
1271 43.92211811810574
1272 42.340206179796084
1273 41.75809435044354
1274 42.27040322719048
1275 42.69292796495715
1276 41.57144817906722
1277 39.75138445996683
1278 42.33969086701404
1279 39.23222174211626
1280 38.149479490577086
1281 39.362307189663376
1282 38.51752720310261
1283 40.48161279452944
1284 39.33445106335719
1285 43.183432198506
1286 40.83008288016109
1287 40.18331232137858
1288 39.53667424117123
1289 39.68918335285687
1290 40.66064787694358
1291 41.114932892449
1292 39.42655613065102
1293 41.080322758596836
1294 43.52679198699086
1295 42.7711841142492
1296 39.56204241192952
1297 40.42793123061188
1298 41.93400512828851
1299 40.723881598002805
1300 43.38826694935416
1301 42.70407441265626
1302 43.29554299485143
1303 42.44654500016375
1304 44.46447787710224
1305 41.49154355048217
1306 40.587844459495585
1307 41.37456969061774
1308 42.7399714915461
1309 41.718459187049724
1310 41.90407387752874
1311 40.55719832615728
1312 42.98319093155026
1313 42.22570645875097
1314 42.053272862747164
1315 41.967161380246345
1316 43.4637994070461
1317 43.25935761874705
1318 42.93004615349369
1319 44.10258903910076
1320 41.171392071520536
1321 40.67288388339827
1322 38.55320459241375
1323 40.07601696975768
1324 42.27647607142423
1325 44.65358573422786
1326 42.87331172989194
1327 42.527706356704684
1328 42.463407741848975
1329 43.371909192709204
1330 44.42918035372575
1331 43.45066132689945
1332 43.91068168899893
1333 44.00403972651641
1334 43.03814772356943
1335 41.42723563845869
1336 44.28970734045486
1337 41.6810476437041
1338 41.333092804069956
1339 40.37487821017106
1340 38.339323666359725
1341 38.441711811808126
1342 39.5628188235402
1343 40.77451253496465
1344 39.80349939199918
1345 41.833385791040406
1346 43.29872429839397
1347 40.86171091442177
1348 40.766315298488415
1349 45.60241542788477
1350 44.39585899389018
1351 43.22749012459561
1352 41.36636463970025
1353 42.87166106924628
1354 40.127749390599895
1355 38.36676789244381
1356 41.03555823982826
1357 41.48694796506119
1358 40.54236396994029
1359 40.99159969114765
1360 38.19621263978299
1361 35.316679070481314
1362 35.99778732614334
1363 36.17537863326031
1364 36.12779946576187
1365 36.588906907599224
1366 36.171937717785134
1367 35.61961330985795
1368 35.872663195999394
1369 34.55451351606601
1370 38.82348432030159
1371 39.02157464350698
1372 37.7832608688221
1373 38.48286914712611
1374 40.38781108634208
1375 40.80056752763911
1376 43.10635828364749
1377 42.361601843981404
1378 42.48775425025997
1379 41.565520101519695
1380 43.576710661567475
1381 44.57580632168749
1382 41.8440620486625
1383 43.42541432110936
1384 43.062364639225194
1385 42.39097078716857
1386 41.28962781347167
1387 41.07748945515508
1388 42.982862804299266
1389 41.51102962963938
1390 42.23209496920559
1391 40.64619089235385
1392 40.991239080116955
1393 38.781422936755455
1394 41.22407704607207
1395 39.70345052841547
1396 42.35397819978916
1397 39.347125656080735
1398 40.977216151748024
1399 41.32556675829139
1400 40.65081299270839
1401 38.02104269451321
1402 39.15055668710208
1403 38.23160250774313
1404 36.2542504945496
1405 35.2665402432901
1406 37.39925644944322
1407 37.168336624662146
1408 37.467655802674834
1409 33.997523061826854
1410 35.34596675382278
1411 35.74107899689954
1412 36.56905543852918
1413 38.50893635729492
1414 40.12537294779096
1415 39.55996393583983
1416 36.63741002927984
1417 36.9699041565636
1418 37.26561294209263
1419 36.52157268668601
1420 37.09636927024114
1421 36.28263069282335
1422 36.626566060051594
1423 36.522558925429905
1424 37.50579455271578
1425 36.97180448396531
1426 36.9553502625119
1427 36.77167383707824
1428 38.31505991356968
1429 37.81926950976807
1430 37.06039373937067
1431 38.47248661708098
1432 37.75880837748714
1433 38.98009853548331
1434 38.38711428089833
1435 40.02958115176863
1436 39.27955101595676
1437 39.35582892662431
1438 37.437572895123196
1439 36.20029842725862
1440 39.672154452203216
1441 40.396779933036846
1442 42.15618525713276
1443 39.118683406502626
1444 43.12019536552731
1445 42.8049506065897
1446 41.3872597622736
1447 41.43680916105919
1448 40.074959331623745
1449 40.11890250497252
1450 41.6191238649133
1451 42.66207185101998
1452 41.1727710702123
1453 41.27242590288829
1454 41.5708686457795
1455 41.35630279669621
1456 39.085718365359895
1457 38.612485016350604
1458 36.05172275789722
1459 34.86989295310736
1460 38.63972010066893
1461 38.866682810284935
1462 39.723777908511984
1463 38.19906226631957
1464 38.944007448612325
1465 40.472270084976714
1466 41.494869268359146
1467 41.3286781703298
1468 41.006804781612054
1469 40.91581859628966
1470 39.949426184132
1471 39.69273754268228
1472 39.64142548120039
1473 39.791034138201326
1474 39.04388214005928
1475 39.04914119283189
1476 37.436856076295335
1477 37.174988905781554
1478 39.41392188493215
1479 37.32413450151644
1480 35.33727433628724
1481 36.858549187186
1482 39.4863074291938
1483 37.871160464299855
1484 40.16269006200139
1485 37.664717914958935
1486 38.135749276126454
1487 37.569356221340655
1488 39.33767194262228
1489 40.17092917984224
1490 41.07975240411811
1491 37.03376009994017
1492 39.956442136702364
1493 40.66601526497478
1494 38.49806108613033
1495 39.01803415671599
1496 38.538381249561574
1497 41.52757735510857
1498 39.38939247127775
1499 39.346374876874926
1500 38.87252602697763
1501 39.092684884641955
1502 38.04646781349035
1503 39.52820232905974
1504 36.73094567090801
1505 38.44925636697522
1506 38.40144515763349
1507 39.02910865194123
1508 39.19129734544431
1509 41.39676468330734
1510 39.64900342541873
1511 42.283674454153775
1512 43.92795345861546
1513 39.86931250881523
1514 40.93145066345651
1515 39.57332455331287
1516 40.24840683738966
1517 40.90274185235348
1518 40.78133652244822
1519 39.79758415333628
1520 42.35250571495253
1521 40.37385029799042
1522 43.365797906074604
1523 40.94306006658877
1524 40.85412585897531
1525 40.93161036218538
1526 41.82262903078254
1527 41.05156137050317
1528 41.8202481750764
1529 39.95238935220982
1530 38.209877802402914
1531 39.634377007120165
1532 39.41281327372568
1533 37.83776875936318
1534 39.65326440693853
1535 38.18814287077794
1536 39.87881737479352
1537 39.76854866445224
1538 35.852545776763804
1539 35.5076582546804
1540 35.18231978386176
1541 36.28751372107093
1542 37.33548243681874
1543 36.959568985990046
1544 38.478341806476465
1545 38.890575578059305
1546 35.15722835704662
1547 36.298191142074046
1548 32.64705435200662
1549 33.98008519847372
1550 33.418373895553046
1551 32.98450982590497
1552 34.906975968947805
1553 36.58574698986525
1554 36.98451611740634
1555 36.05727696776283
1556 37.56017295001387
1557 38.8967320201646
1558 38.12739661258488
1559 36.32109538844314
1560 33.304858950536264
1561 36.35492466610083
1562 34.264865386556934
1563 36.423672502172906
1564 36.81507202050251
1565 34.66913797128307
1566 35.495772261031405
1567 34.6181678489057
1568 35.28730426635008
1569 35.63325957106487
1570 39.5275540836514
1571 38.07722168899158
1572 37.05628834640728
1573 36.82939324906154
1574 41.26356599367215
1575 35.244147944245654
1576 36.22898386891527
1577 35.062412866364525
1578 35.909720446722254
1579 34.350472429072894
1580 35.31009545632347
1581 39.33600333812071
1582 39.51903384994915
1583 39.187338836174746
1584 41.93249696687344
1585 41.40181839632583
1586 40.89013484989616
1587 38.54720280817325
1588 39.87522592830009
1589 37.89179718990732
1590 42.005827252307114
1591 39.008522404818656
1592 38.73361103357124
1593 41.16788242916172
1594 39.0835670050003
1595 38.94139365634937
1596 38.17849833945024
1597 37.92024715186231
1598 39.35269605101769
1599 39.503836731127194
1600 42.154690299070836
1601 42.702203075511086
1602 43.33684777415238
1603 42.36389246675806
1604 41.56340595962161
1605 39.880147180697115
1606 42.49458238523316
1607 41.676375933674734
1608 40.45720745943491
1609 39.682221382704974
1610 37.26353390699425
1611 38.36518179898293
1612 40.768077211622156
1613 41.5831832442305
1614 41.67325522608486
1615 44.833494046647616
1616 42.228264199458586
1617 41.68882449320389
1618 41.712398010843856
1619 43.014296750647134
1620 42.27546044783036
1621 39.86073430266934
1622 38.33392749510617
1623 36.205874008779034
1624 36.420373137427006
1625 36.07282475666864
1626 35.964357124797914
1627 33.500722877743044
1628 36.42226833022972
1629 34.990265133953436
1630 39.55770322564325
1631 39.739608426596135
1632 37.605048563332545
1633 40.46942443608065
1634 38.6772474467779
1635 39.26155052176256
1636 39.75771624148614
1637 40.31357205772501
1638 38.41102182683212
1639 39.31973795193394
1640 38.230174882086324
1641 41.65829056022242
1642 41.7463430957351
1643 38.13658152906866
1644 39.30057045776619
1645 37.9382331528043
1646 36.1892237754527
1647 35.69463340465329
1648 34.66043180871469
1649 34.606064080264495
1650 36.55279082906694
1651 39.88775826335505
1652 38.37466058819883
1653 36.232707709921954
1654 36.44861431725069
1655 39.213974800237445
1656 37.7701843022912
1657 36.478143704099686
1658 37.083567195152746
1659 38.409705520709004
1660 39.39188256937756
1661 42.28524423168539
1662 39.87801674498139
1663 39.786669084881424
1664 40.08568374442906
1665 41.373549834555924
1666 42.12764279643609
1667 38.00978549116993
1668 38.40481629945416
1669 38.310515659260886
1670 38.865834229072604
1671 38.22886589238058
1672 37.10784243204604
1673 40.11676687736121
1674 37.4229615384087
1675 35.38330537934789
1676 37.62452587295879
1677 39.398395252582354
1678 38.76525950511893
1679 39.247060714588564
1680 41.962699176333864
1681 40.396159243867906
1682 38.8114492139615
1683 37.95820519568867
1684 38.008334648344295
1685 37.86167236203465
1686 38.75284202342607
1687 39.614793220586805
1688 37.77592564416378
1689 37.81531875871515
1690 36.09375330407936
1691 39.26931260418768
1692 37.6727711275865
1693 36.881772353558695
1694 37.34761722608916
1695 37.769495454732514
1696 35.06508302264093
1697 34.95412006766426
1698 32.320030033598556
1699 35.34993393844628
1700 34.57130208936323
1701 33.5719290693674
1702 36.45030316509115
1703 38.05351533146324
1704 35.79302955051906
1705 37.81487714885454
1706 37.875614027750636
1707 38.785153223630175
1708 37.75725871246246
1709 34.42153263982216
1710 42.333463534137735
1711 38.72677921394034
1712 38.11011425708979
1713 40.081401275230405
1714 40.43580498637696
1715 42.1356867189859
1716 42.1952524340588
1717 41.74399081725725
1718 42.22066994027607
1719 40.90904393174164
1720 40.41401229197166
1721 41.26942299877963
1722 39.20617974207973
1723 39.623129799882065
1724 39.78965159589668
1725 34.96959535920468
1726 34.052495910049366
1727 32.65988546726397
1728 35.75008124327096
1729 35.17810039442532
1730 34.557693460307625
1731 36.23618373136964
1732 34.32562550685462
1733 35.32830503907486
1734 34.95590582331967
1735 36.506340558588164
1736 36.65864844882302
1737 36.70952104655769
1738 36.538371934790845
1739 36.68919241689398
1740 35.7795838204837
1741 34.786422843176126
1742 36.46931584885217
1743 36.32567406685223
1744 38.04663712876466
1745 38.52114614092867
1746 39.278320006631446
1747 40.769804422425494
1748 41.52704043423976
1749 39.12130742741536
1750 38.16432233362992
1751 37.569808208838914
1752 38.85467699422522
1753 37.34795807937873
1754 38.37075385855647
1755 35.572350945094776
1756 34.978497599469655
1757 36.51859935151272
1758 37.618526752307226
1759 36.263952436055675
1760 39.79859299165375
1761 36.843825721162574
1762 36.076707318717844
1763 39.12197439307349
1764 37.59635952743712
1765 36.87787041951552
1766 37.14183107836639
1767 36.61706562073524
1768 36.422920999339944
1769 38.855765506821655
1770 35.367078867081375
1771 37.65001627810539
1772 40.46845538634795
1773 37.95271380565875
1774 37.75489465952757
1775 42.02211881968662
1776 41.613224659186926
1777 41.846250113915005
1778 39.00793451154386
1779 37.97790796625959
1780 38.46696643701561
1781 38.07201464253035
1782 36.755903020048834
1783 37.94326347639167
1784 37.582965893019555
1785 39.69631518923044
1786 40.51792147981376
1787 34.492492582548984
1788 38.01611630830947
1789 36.05498311659405
1790 35.975092390736606
1791 35.865517982753396
1792 37.81962379321026
1793 37.35704502854157
1794 36.14383834907856
1795 39.212952618113974
1796 37.62819845298478
1797 39.422261756063165
1798 37.025583973732275
1799 39.25944644156976
1800 38.19723368575549
1801 38.21297930897172
1802 36.57364040734281
1803 38.49450771890738
1804 37.029602623729076
1805 37.656181522464735
1806 39.30154569638986
1807 40.52040291846848
1808 38.83113409160013
1809 40.40391981966322
1810 36.627570870430205
1811 39.45138819479268
1812 33.4832012729755
1813 34.91952872735021
1814 31.57451370969186
1815 33.76070310667355
1816 34.13255259113817
1817 32.975272131274586
1818 33.35319206797081
1819 33.56613726744941
1820 33.75510329788905
1821 35.00074750601238
1822 36.95342812041296
1823 34.49992056424523
1824 35.68853521892461
1825 36.72186533574108
1826 35.29676251408694
1827 36.32421997054133
1828 34.032652349203026
1829 35.88992266661918
1830 40.03776943020632
1831 34.878536791428104
1832 38.7432712537988
1833 38.10381755870826
1834 38.119335415904374
1835 37.37127634659218
1836 39.57954808451946
1837 40.64968844665338
1838 39.47683455310291
1839 38.3381716746876
1840 36.99478136848029
1841 36.268946246292096
1842 39.40136930475784
1843 38.449563128803895
1844 41.84980993022174
1845 41.67618037761336
1846 41.66648889157461
1847 40.24836412937807
1848 44.68823604531497
1849 42.53444970877781
1850 45.25748204600787
1851 44.31209117003747
1852 41.72412455472019
1853 41.97761457905538
1854 40.73969585277141
1855 40.885572396967966
1856 39.29515015592561
1857 39.22554418211902
1858 38.513190820844805
1859 37.42844948307138
1860 36.92338534526117
1861 35.89766458129025
1862 38.477215566040876
1863 38.44403101017271
1864 38.730526282401705
1865 36.23070523575166
1866 39.14605422415632
1867 36.20139569735616
1868 39.335633073919624
1869 40.85227121979212
1870 38.363132752531534
1871 40.07683827749896
1872 41.73750963097779
1873 40.98709927124845
1874 37.868339205282126
1875 39.51214162527239
1876 39.692212122722545
1877 36.3342507289769
1878 38.27739177832864
1879 35.754854533983234
1880 37.134929929651975
1881 37.42137664876483
1882 37.314234469825045
1883 37.05159892185553
1884 40.06750310617918
1885 40.33721313469247
1886 40.43417277777127
1887 41.04271023113017
1888 40.8750739026446
1889 42.36522813580483
1890 41.359315712948444
1891 39.354773703598234
1892 37.193046060800086
1893 38.54623894427767
1894 39.81398887284535
1895 38.75457620671885
1896 42.31903359367992
1897 38.170115432785344
1898 38.58763904307576
1899 36.42024052246792
1900 36.12782095573055
1901 35.50535624054812
1902 34.0353195160642
1903 32.94729928357095
1904 31.353915955546622
1905 27.620802006413314
1906 29.029530424393258
1907 29.400926999380392
1908 29.46372700084025
1909 32.23981403152886
1910 34.926351331887815
1911 35.52458211093879
1912 37.58589128049327
1913 32.65327212781902
1914 34.122799736529096
1915 33.49120505451322
1916 36.18869365205438
1917 35.57631770480347
1918 33.22964664431044
1919 35.3673878865205
1920 36.383798800497324
1921 33.50513708171148
1922 33.08006974931419
1923 32.267068814832705
1924 36.24528237189622
1925 35.96857729904765
1926 34.290824880972075
1927 35.587403082559554
1928 38.331963226219656
1929 38.93874916701032
1930 39.802935290858834
1931 40.998885094701684
1932 39.36918794193212
1933 35.91592768543146
1934 40.456079774373315
1935 39.96569631931408
1936 40.3091227467368
1937 40.23445581454299
1938 41.43909153649516
1939 41.31685704223403
1940 40.781650580079344
1941 41.486164068502404
1942 42.795963023703706
1943 39.663600556281985
1944 39.90865338608893
1945 41.57064837302827
1946 40.676341273818714
1947 40.547195411637524
1948 41.07571178177681
1949 42.33228461122308
1950 41.66676814574168
1951 42.31478091311633
1952 45.530655976012916
1953 42.439369190536894
1954 42.45694056050111
1955 41.897217007515984
1956 44.527788106149174
1957 41.593375598413374
1958 40.2203201514908
1959 42.65697706045063
1960 41.91250923977229
1961 42.39151419782307
1962 42.116772424638086
1963 44.38456009918809
1964 42.344845757884066
1965 43.053126844018394
1966 41.559155851499
1967 40.899225028533124
1968 38.91030515946737
1969 40.39275653919912
1970 40.678251361680005
1971 41.60140115722107
1972 38.32648229881182
1973 38.208919970002846
1974 39.687737020623665
1975 40.89955590806794
1976 41.084367456449954
1977 41.595281923506356
1978 39.58173304570177
1979 43.880852497551636
1980 41.37376015076585
1981 41.64962508314321
1982 38.146961450824236
1983 38.02894874026624
1984 40.632393413993775
1985 40.53340217833818
1986 38.89392668544048
1987 39.425237413562705
1988 37.01548840299637
1989 38.4702185848058
1990 35.849107923935335
1991 34.605093615289256
1992 39.19563658691714
1993 37.921977983607334
1994 39.755328485233484
1995 38.83691116260949
1996 37.950524242856666
1997 37.051529303984815
1998 36.56128131463854
1999 40.19148128020731
2000 38.10635918604256
2001 38.3729100839933
2002 39.29407127295468
2003 38.605014255039094
2004 35.920633075611704
2005 36.761930496262934
2006 37.42400749485824
2007 37.94143474984944
2008 37.23480189627651
2009 36.097562794676264
2010 36.10454506803515
2011 36.90041359609191
2012 36.51222683821574
2013 39.263352253143886
2014 39.25468256980407
2015 36.66393539104756
2016 40.397298927905304
2017 38.029684009889564
2018 38.49877682783441
2019 39.16422833071507
2020 37.208479973929116
2021 35.75877482052119
2022 37.18113096258277
2023 38.367256601926464
2024 36.94071387658206
2025 37.15674562195797
2026 35.74100967575649
2027 37.07712285655939
2028 39.17009669584382
2029 40.15206243908562
2030 37.609008492239326
2031 37.49789710440902
2032 37.08524637612449
2033 38.609128807433514
2034 35.40276976815721
2035 35.55639856147049
2036 36.40819375318621
2037 38.41855168124348
2038 36.182987729288556
2039 36.97148346716641
2040 37.42568720922687
2041 38.735422299430034
2042 41.54184278313726
2043 40.859702534314195
2044 40.04653751338174
2045 37.823926533296046
2046 39.57854350825693
2047 38.20649393051197
2048 40.10469370437036
2049 37.250118899797755
2050 37.103815942255984
2051 37.958633602482564
2052 38.06330557337615
2053 39.631056933270656
2054 35.390850142729306
2055 36.611546188919085
2056 37.800821490974755
2057 37.59576319763445
2058 38.82220149169959
2059 41.503692282077644
2060 41.78528628085252
2061 42.39919517096931
2062 42.36723697299288
2063 41.40149219838682
2064 40.49760109781505
2065 40.07686797827775
2066 42.46100219170953
2067 40.364130159852145
2068 41.85755241685608
2069 40.40980582551443
2070 40.29761860916972
2071 43.374980772972194
2072 39.728617994620656
2073 39.22296197315165
2074 39.38439834667939
2075 40.24370038493773
2076 40.36387980747436
2077 38.026066814096936
2078 39.44020802150911
2079 36.260005354589055
2080 36.58630062442485
2081 39.54195684191771
2082 36.178564134365885
2083 37.80969620423984
2084 38.77042819219866
2085 41.39091801056963
2086 41.38627720929414
2087 38.582316173797665
2088 38.92638182959953
2089 40.25825810556106
2090 37.59157780398075
2091 35.65762686209431
2092 35.658703623521205
2093 40.13254300090458
2094 39.960526064369695
2095 39.215267974393456
2096 39.50652276906304
2097 41.440758062521795
2098 41.92006118706255
2099 41.92009242389783
2100 41.58774869968726
2101 42.69957037785979
2102 43.50702533233511
2103 40.19188592224236
2104 36.3611714646314
2105 36.704494152047026
2106 36.78635046809851
2107 38.04904650333927
2108 39.04384326027896
2109 38.794374203852286
2110 38.05185336911052
2111 38.62244143520448
2112 37.16184289629016
2113 37.51115039042789
2114 37.79620808549597
2115 36.19367904189772
2116 36.59167890764641
2117 36.89146436966211
2118 39.21446585220868
2119 39.568739651498454
2120 42.42437768718699
2121 41.07820909193758
2122 40.54740554950102
2123 40.58376954773319
2124 40.790342471590336
2125 40.57480191982626
2126 40.79830023751703
2127 39.254519184624975
2128 39.02292968556489
2129 39.522229188875436
2130 41.63808154306768
2131 40.003005444762984
2132 37.13444519881808
2133 40.99407779055084
2134 40.348139820997595
2135 39.72609779697258
2136 38.14418926586079
2137 38.25351000096821
2138 39.504594486281306
2139 37.390918618768744
2140 38.113557916109
2141 34.65171716045786
2142 34.48503911942492
2143 34.97959118239478
2144 36.622360506175326
2145 37.20399821584212
2146 36.59722788974017
2147 41.89046310085045
2148 40.319543909491045
2149 41.191855018930426
2150 39.790737521576645
2151 40.887060817433245
2152 40.8218595005723
2153 38.949405988010845
2154 39.967917779053046
2155 40.32884318649922
2156 40.268693459713454
2157 39.01146388610828
2158 39.77864155169836
2159 41.307817238029955
2160 39.66676314956984
2161 39.54068851240048
2162 39.23980205738761
2163 40.44078785371353
2164 39.88527261391058
2165 39.1930336212453
2166 38.692315647262866
2167 40.45541171017095
2168 40.15552476576388
2169 38.82517561987418
2170 42.62283397165369
2171 40.14964969570574
2172 40.06602077561087
2173 40.12957353671026
2174 41.08276200602813
2175 41.835175157328386
2176 40.29960470970299
2177 42.5334440708656
2178 40.544579691909405
2179 40.733725337348446
2180 39.65516863683101
2181 40.571461388771695
2182 43.04392821452622
2183 43.4413019990844
2184 45.10570897563417
2185 43.90583608510957
2186 41.83281648432607
2187 43.563116631560725
2188 43.75925665909257
2189 43.144731880722716
2190 43.002732112461025
2191 45.17483367166496
2192 45.786489056531934
2193 42.20994860579529
2194 38.92959068931777
2195 38.55447907208911
2196 37.74094652235351
2197 38.73250238160499
2198 36.798154648580216
2199 38.019876512610935
2200 37.29476029490491
2201 36.888764263520606
2202 37.74535202163396
2203 41.21002842615905
2204 41.68124107409485
2205 38.29659166059834
2206 40.71369504714775
2207 41.09888513063884
2208 42.420282977202156
2209 41.49594597598335
2210 42.55368472089349
2211 40.57280251139526
2212 40.47225977652059
2213 41.52917092921226
2214 41.71472361074786
2215 37.63456824592145
2216 39.05949464952697
2217 40.369306298779044
2218 39.772476621157494
2219 37.40556701626147
2220 40.87848605497316
2221 41.98619747778843
2222 42.072006248094844
2223 44.48850027499787
2224 43.231139645420434
2225 42.793699012838545
2226 39.78887655416617
2227 41.73990485827311
2228 42.68390514051506
2229 41.95785995899073
2230 41.647552695025745
2231 42.473565245306055
2232 41.77414677214452
2233 40.4802598932655
2234 41.67283145599498
2235 40.64815563084009
2236 44.10849015337514
2237 43.854588458316755
2238 44.398726497859165
2239 42.11350342092519
2240 40.26383606734237
2241 41.98056205137007
2242 41.37135409180001
2243 43.384960529961006
2244 40.39562681614466
2245 43.59030947380032
2246 42.35064586675661
2247 42.180268266240105
2248 43.58088607745132
2249 43.580732961883996
2250 43.00642980578866
2251 44.45991230817487
2252 44.46029826137584
2253 43.2512618324685
2254 40.952082486254895
2255 42.115326405610006
2256 43.92475971299958
2257 43.53140055281565
2258 45.11806399693196
2259 41.56133322595754
2260 43.681872765110214
2261 44.579035035921606
2262 46.35739360225027
2263 48.30896207385838
2264 49.86632675502041
2265 47.082782641867254
2266 49.412191056166925
2267 47.20335786584734
2268 43.87420415668489
2269 44.68238914611437
2270 45.32211023787981
2271 44.71536904584682
2272 46.72234384586962
2273 44.375722836787105
2274 44.063811466226035
2275 43.648595637344044
2276 45.780674413211024
2277 46.057006485199175
2278 46.31125219063749
2279 43.41748937968152
2280 41.75100628255359
2281 42.05773672534707
2282 41.40825888596793
2283 43.92964433253019
2284 43.64039688755191
2285 45.200121135162
2286 44.33663354660819
2287 44.35184222835256
2288 42.38367974543095
2289 40.51337487952065
2290 41.752883523886915
2291 40.36245097467853
2292 38.68872411868776
2293 42.35238614179249
2294 41.70020724265825
2295 40.23825802731708
2296 39.65800365806118
2297 41.17177863279284
2298 41.71697392926998
2299 41.74151841500465
2300 41.377358083578635
2301 40.870196873784266
2302 42.490734850589135
2303 44.19416861425279
2304 41.15031935932118
2305 43.72844459609592
2306 41.5842055613095
2307 40.590474777321106
2308 39.85166418841845
2309 42.03840948353716
2310 40.81449676644607
2311 41.562057495442275
2312 42.66488149893176
2313 41.695020571657054
2314 42.736554332214666
2315 41.890776144120245
2316 41.61334378185436
2317 42.27658087542947
2318 41.8444078585273
2319 43.53025450322183
2320 41.80658800260613
2321 41.26492797052153
2322 43.02780896441353
2323 41.68721378937682
2324 44.179791172513696
2325 42.077377155934855
2326 42.99509273373139
2327 45.36531397523076
2328 42.34839053284142
2329 41.4580198590381
2330 41.97420570484493
2331 40.76708090316671
2332 41.54492435710633
2333 41.67933497899673
2334 39.999843154466994
2335 42.91103797299067
2336 43.29982460656274
2337 44.820358013561766
2338 42.33524060459576
2339 43.69456202283936
2340 44.0230071615857
2341 45.82422744327863
2342 42.798397935189534
2343 40.52294885469993
2344 39.17256636583121
2345 43.004266237586364
2346 43.01906443793001
2347 41.212743288858114
2348 37.567159363308654
2349 40.40128863388945
2350 42.65730556135951
2351 41.251748336048614
2352 42.08921900555101
2353 40.71640820065219
2354 40.313627269717095
2355 41.792595817346246
2356 41.74221728898441
2357 41.179040133853945
2358 42.137982469918526
2359 42.17562811998365
2360 42.354666723967654
2361 41.247621513089854
2362 42.47169721150659
2363 40.82226909029462
2364 41.72759410739517
2365 41.79678156111842
2366 41.816060082750354
2367 42.06527992713139
2368 40.89945227142924
2369 41.84599433816061
2370 41.538530958351224
2371 41.070536858873055
2372 37.255961751170105
2373 38.7383666652205
2374 40.97015426863713
2375 41.93181574739523
2376 40.58361263929094
2377 40.408419690647364
2378 39.83629613392597
2379 40.91500465931253
2380 41.525122382253734
2381 40.46744716479658
2382 39.80335191908482
2383 41.81791220327767
2384 44.20429598973182
2385 43.24521247782588
2386 43.98801517378593
2387 42.7558506492745
2388 43.667748388863046
2389 42.19628884197012
2390 43.197793638790074
2391 43.232792644673125
2392 44.45306753542141
2393 45.8568231466007
2394 45.16417627300333
2395 43.252902391631885
2396 41.28747131594341
2397 44.92451624944179
2398 41.385968013301394
2399 40.03367036260195
2400 38.83609729032563
2401 37.05441472670362
2402 35.57775962264772
2403 37.5559663586347
2404 39.16526111879552
2405 41.05008966166398
2406 42.56003892355432
2407 42.49957893543595
2408 43.697812607446
2409 39.7036711364972
2410 43.113213721230494
2411 42.641762879772685
2412 42.48468416696269
2413 43.394335743383124
2414 49.142723066719675
2415 44.840948328952955
2416 46.40607003882873
2417 47.36801940916713
2418 46.59053623396063
2419 46.00607920970093
2420 46.36690000495024
2421 44.639062540746096
2422 44.98930928156472
2423 45.60776913975555
2424 41.78315636570344
2425 44.05317555453857
2426 41.60396215431109
2427 37.799529714898455
2428 39.64662173809557
2429 39.95094051758012
2430 38.70683588156171
2431 38.25757667508604
2432 42.040143233980714
2433 41.068186504635925
2434 41.27520092796634
2435 42.239144753464075
2436 44.28191892020526
2437 44.134981224702145
2438 43.06745571627348
2439 47.428856654774506
2440 44.37965937337183
2441 45.42997421302663
2442 41.664597986503864
2443 43.781157044726434
2444 42.44143624758146
2445 42.00515458826887
2446 41.461740449643834
2447 43.1729993107089
2448 41.75543094391218
2449 42.079956710851775
2450 42.66083909484284
2451 43.04812828383091
2452 45.11452768522749
2453 44.381536971268034
2454 42.32871238521972
2455 41.251435260194725
2456 42.04668430075452
2457 43.64804100789893
2458 43.173401613761705
2459 44.74124248854766
2460 42.27647351077938
2461 42.63297950556883
2462 41.792290044650755
2463 43.26045538270817
2464 43.1673546731301
2465 41.12057849712821
2466 42.100291265354784
2467 39.6613167544655
2468 38.82055746555906
2469 41.164888435268
2470 39.046044797495334
2471 38.51034692166751
2472 42.342984588691735
2473 38.28985833989535
2474 44.300103815908955
2475 41.239873280427666
2476 39.91386556197179
2477 40.77186896540175
2478 39.66121717123274
2479 38.62866820040091
2480 35.83094807061882
2481 36.46680022934313
2482 36.29773577076197
2483 40.60865230587148
2484 35.724220584683195
2485 33.354112086065335
2486 33.98589132123768
2487 37.42273005896017
2488 37.49240341545505
2489 35.09107205140389
2490 36.25350953640758
2491 36.53539550746888
2492 37.92563402750113
2493 36.28375743662913
2494 39.441693007749215
2495 36.04997400333185
2496 36.507425679016784
2497 36.59388736760218
2498 35.855836352860585
2499 34.20061304283619
2500 36.08217317352722
2501 34.43510441582299
2502 35.516824630510285
2503 39.35616497654967
2504 40.01117260046791
2505 38.37537101116001
2506 37.801532316405776
2507 37.71946713290707
2508 38.03464366370374
2509 39.99544380183149
2510 42.36701730222823
2511 41.30709189202679
2512 40.046691238979626
2513 40.22290320713222
2514 39.87377767525058
2515 40.78736312616063
2516 37.50859737240045
2517 38.727317784296574
2518 38.04467198431413
2519 40.18009148135142
2520 40.06630254262254
2521 42.02519935363656
2522 38.59552968525301
2523 38.79389943761304
2524 39.42483568995993
2525 36.401561373036216
2526 36.21517986454713
2527 38.386695122526845
2528 37.38696266684612
2529 43.13012275683648
2530 38.68108215323455
2531 38.02949673642924
2532 40.13241368472188
2533 40.45337310978687
2534 38.45601524063424
2535 37.63423125670941
2536 36.56970776842633
2537 36.616515187866234
2538 36.46553833782157
2539 35.44730250808249
2540 36.542892269303564
2541 36.63770598476534
2542 37.21752534067226
2543 36.501305852571754
2544 40.015650058106615
2545 37.47349266350585
2546 38.84318607217188
2547 38.33214952245548
2548 38.033231700493765
2549 37.60014008033395
2550 37.00681694630709
2551 36.80966836700722
2552 37.58360086170973
2553 38.79769783302454
2554 37.86909613977954
2555 37.07209696014621
2556 36.734388031022945
2557 36.67472964201111
2558 35.574360491625576
2559 36.49737274614034
2560 36.464906537422884
2561 37.63755248675327
2562 39.344459020280986
2563 37.443320061226004
2564 35.8734862525079
2565 37.8344336302039
2566 34.2760517146544
2567 39.409098618951866
2568 35.568594255315894
2569 38.102737923055706
2570 37.597598832830485
2571 37.523563601029146
2572 37.78697032577213
2573 39.43176713319926
2574 42.20236846440601
2575 40.52035583091488
2576 39.45557384686241
2577 39.14332020212456
2578 38.75244494367924
2579 38.5020911686716
2580 37.43715875353545
2581 36.512056033320505
2582 36.83931895083357
2583 39.56778723483072
2584 36.96614440102162
2585 38.360583779804315
2586 38.01635912295168
2587 37.35229340433105
2588 35.60584567723994
2589 35.84193048227332
2590 38.983274342475426
2591 39.24969683023064
2592 37.77412364922283
2593 37.01589139914944
2594 39.622317312988024
2595 34.75886671747412
2596 36.36796844850064
2597 37.78007705074892
2598 34.40407379742082
2599 32.69904440642565
2600 37.38485515326149
2601 38.80130956129043
2602 38.485997022491844
2603 40.23849164812985
2604 38.5543362616206
2605 37.78111994806618
2606 38.493323774448605
2607 40.960092415073
2608 40.16378230878591
2609 39.86020524626284
2610 41.2503067479063
2611 41.19402250783937
2612 40.45257538146055
2613 40.0195446813592
2614 40.0817389598289
2615 45.05912748808601
2616 43.84047261256628
2617 44.05629600205843
2618 42.56853477490615
2619 42.731355971933965
2620 43.08487568483576
2621 40.76070896576617
2622 41.77466782085004
2623 40.467125384559814
2624 41.439730976623515
2625 42.10945292032132
2626 42.773560960438516
2627 43.548675773801385
2628 43.06684566694105
2629 43.30559437943684
2630 44.14676979716149
2631 43.13793908917228
2632 42.853891791823635
2633 43.26189568997801
2634 43.54435669899972
2635 40.347989233199236
2636 43.600246559741
2637 43.18579915738186
2638 41.380138879195854
2639 43.59129899811319
2640 44.91741846087142
2641 43.39687611117653
2642 43.109884379158615
2643 44.54001034875864
2644 44.45036778407555
2645 44.681520376625805
2646 43.98722500788911
2647 44.55804478637888
2648 45.436419936793925
2649 43.68395235969095
2650 43.43317871889761
2651 41.49579635177818
2652 40.195611011062496
2653 43.022016550824326
2654 43.567059974578896
2655 44.799566121351155
2656 44.96536061973266
2657 47.34625821421419
2658 42.4829015003308
2659 46.15122161204127
2660 45.73319772560843
2661 44.556607647457426
2662 44.41442418316274
2663 46.40718887750072
2664 44.55334307281883
2665 44.646338195500384
2666 43.96041909661078
2667 44.818530176311896
2668 41.06870075973132
2669 44.22179334262437
2670 47.337657388406484
2671 45.690485325167764
2672 46.94107790453383
2673 46.79559111647314
2674 46.3294411154525
2675 48.8072252114692
2676 46.72963416947579
2677 46.09628789471258
2678 46.73698018090951
2679 44.92976313474575
2680 45.54854571509734
2681 43.660621998804835
2682 44.83956071817121
2683 45.51295384644241
2684 45.36507961552562
2685 43.666907857408994
2686 43.85672638227856
2687 43.34853742057181
2688 44.28955243924823
2689 45.74473051821798
2690 44.63857500131558
2691 46.74398147979862
2692 43.337902153111514
2693 48.07862132019069
2694 43.49490746225055
2695 41.548989997900506
2696 46.098758688775064
2697 44.26114107578741
2698 43.4825196444869
2699 45.47882217006124
2700 45.43709968757123
2701 43.59281314606866
2702 45.296446755815225
2703 46.768246892633094
2704 45.74252502050459
2705 46.009979161683226
2706 45.33572388130659
2707 48.88999965688831
2708 42.78043402863173
2709 44.26459402134532
2710 44.994600757195116
2711 45.103208898654586
2712 43.63528959452547
2713 45.279259974242834
2714 45.37164707043704
2715 46.942197200369826
2716 47.163007251736666
2717 46.13264166326407
2718 49.79401224947305
2719 45.45092571493468
2720 41.88736100969589
2721 42.79518256254568
2722 43.56681248308103
2723 41.82992505863212
2724 40.72056206054857
2725 43.5459207567931
2726 42.07781591396892
2727 43.38179363503365
2728 43.14931672907252
2729 42.97910247857948
2730 38.36540993694117
2731 41.743508206688254
2732 42.76664462813346
2733 42.260239242277784
2734 41.60555584567806
2735 42.49634258407541
2736 41.84659406400989
2737 43.327347070232065
2738 42.07586427488409
2739 46.380216930190066
2740 44.696944782498605
2741 44.03053538876982
2742 43.62420808901233
2743 47.2853416666103
2744 46.187369848532356
2745 45.4542369217295
2746 45.19937158242351
2747 44.99495262843013
2748 47.91111409862821
2749 48.71145863250012
2750 47.465989534742214
2751 47.89814357857037
2752 46.712762830640834
2753 48.756954298945544
2754 47.79793101875944
2755 47.45361471633124
2756 47.7303822887119
2757 48.53084826083595
2758 48.714059169924745
2759 48.7811071864732
2760 47.03707150085562
2761 46.056280782200965
2762 47.266129689424176
2763 47.51928001564866
2764 46.60432604448676
2765 48.92726542004144
2766 47.81804612283287
2767 47.62077838623681
2768 46.019715693034094
2769 48.37427686089949
2770 47.40826327905585
2771 46.06683629133819
2772 44.60297330406967
2773 44.36189717883895
2774 44.60301655880609
2775 46.56612055513765
2776 49.15237789582375
2777 47.47251930711787
2778 47.9187177924057
2779 46.87742098591838
2780 45.39525123184661
2781 45.98526917706014
2782 47.219499200849945
2783 46.512082827413195
2784 45.496327962138054
2785 46.081534631460585
2786 46.368658821384884
2787 45.21252946216853
2788 46.15378286995716
2789 44.41424160243949
2790 44.25176470314792
2791 43.10690173949913
2792 42.595358380268806
2793 43.79051785703269
2794 42.31458860527165
2795 45.105658676908426
2796 42.77424681661577
2797 42.55015815479578
2798 42.751689043160944
2799 42.6466508996069
2800 43.72230753523245
2801 43.829928126380494
2802 45.23999045431821
2803 43.72235781214487
2804 42.89879578767168
2805 45.3615128477975
2806 46.0495752711556
2807 44.46681350796663
2808 42.337969299257445
2809 44.70596890856056
2810 43.91699122213861
2811 44.98164124591339
2812 45.23914966040493
2813 46.39862051468781
2814 45.83088268334838
2815 48.01021020475865
2816 44.1964954443013
2817 40.51878517939582
2818 41.8888564163754
2819 41.70106958176689
2820 46.411048549848424
2821 47.50145562017203
2822 48.458515125359405
2823 46.187389312984045
2824 46.822712759097016
2825 47.62248531333647
2826 45.1699255838183
2827 43.163341713015534
2828 47.07767260221804
2829 46.63359302563177
2830 48.057489653297274
2831 50.04702854042106
2832 47.55952590969204
2833 46.12351021950975
2834 46.92014275674707
2835 46.613141399739
2836 46.82686436424324
2837 48.589584154656755
2838 48.28360398427329
2839 48.05566983353188
2840 47.315973161681
2841 46.7701201456006
2842 47.77955108233784
2843 47.255336234366915
2844 48.01297020184726
2845 45.49143117550635
2846 47.697722584017036
2847 46.252459272005446
2848 48.568917125909216
2849 47.2385578201383
2850 44.43340591316881
2851 46.22575906849759
2852 44.337718455369455
2853 45.53088067449522
2854 47.22000877375481
2855 47.1166200381526
2856 44.9207524827316
2857 48.39845584006144
2858 44.51998715699637
2859 46.77589642388426
2860 44.90121611928211
2861 47.85838732095941
2862 44.59762668169318
2863 42.688120531398205
2864 43.4228379206061
2865 46.67957737503357
2866 49.202995898733626
2867 47.099639047168715
2868 48.36526020643825
2869 47.01664839462139
2870 47.80472166034962
2871 48.109900800595085
2872 49.336433341171954
2873 48.09845351501339
2874 46.33861148100775
2875 47.21530258131871
2876 47.467940906541415
2877 48.159975398761
2878 47.20311159461803
2879 46.604780962965506
2880 46.62629960317632
2881 45.69565527418944
2882 47.959689721750344
2883 46.65635596256933
2884 46.51644040005398
2885 46.093102926851344
2886 47.26390161170825
2887 48.32942303515938
2888 48.43019006834032
2889 48.02127671221966
2890 49.7853955585294
2891 47.37798019128058
2892 48.941742832905256
2893 48.34132808724878
2894 49.228350784570864
2895 46.90044555319115
2896 47.82285401392301
2897 46.952154418298655
2898 48.88491673825655
2899 48.52308413286826
2900 47.61796895258416
2901 48.68319632324994
2902 47.20814103768369
2903 47.99580606996002
2904 48.45586386802029
2905 46.97581913812196
2906 44.83552899409907
2907 43.507048847236256
2908 46.07387220581928
2909 43.75123297034988
2910 45.48372284163809
2911 45.85105389098455
2912 44.0210377057075
2913 45.030282855178314
2914 44.067288753814815
2915 43.13697809562252
2916 44.45808419431651
2917 44.68794022438763
2918 45.348169007002895
2919 46.51378193596919
2920 45.704551583855064
2921 46.62351655698659
2922 46.59476362702096
2923 45.867605737157376
2924 44.75004518314458
2925 44.31017630051144
2926 46.20647431948163
2927 46.197066242785574
2928 43.530790812562934
2929 43.9202282524087
2930 40.37708334638799
2931 40.01992293173658
2932 42.214479361123544
2933 42.709060674014744
2934 37.438766549468255
2935 38.43293108351613
2936 37.95128299704636
2937 39.963712708230084
2938 39.71216193272714
2939 43.31398299186583
2940 46.27342407286561
2941 42.43555056893868
2942 40.999067544633895
2943 45.718873301396215
2944 47.113964498340934
2945 44.55944391391682
2946 45.32159789205308
2947 44.528990242606184
2948 46.78806078230655
2949 46.57109032923854
2950 44.94489507498594
2951 44.24961377515629
2952 45.85437944191424
2953 44.51145739450715
2954 44.43307587928024
2955 42.513530960230014
2956 43.14905812814688
2957 45.501688878436156
2958 42.174983403427134
2959 42.55435972484894
2960 43.89575143216326
2961 45.3581224159249
2962 44.065747111489536
2963 43.77367039751098
2964 43.106819043121874
2965 42.56157133026948
2966 41.37559131698137
2967 43.183113295892085
2968 42.01729644513663
2969 44.04936668344316
2970 44.50807969725779
2971 46.5181800510395
2972 46.11257797122978
2973 44.907784220180865
2974 44.761353974715085
2975 47.43879095569832
2976 49.219845909984606
2977 45.72708059844298
2978 47.452747068504
2979 44.75881956516056
2980 41.9693417740522
2981 40.79837147175885
2982 43.953181298775284
2983 44.87382561380559
2984 44.686289733222274
2985 42.73268313542999
2986 45.14838070242146
2987 43.18831702173445
2988 43.804383592626294
2989 43.4841092000001
2990 43.603967320457734
2991 41.86154365545721
2992 42.941826330168006
2993 45.80064131591801
2994 42.83770710831251
2995 45.36031736945813
2996 47.181770807648405
2997 45.75420110032415
2998 45.39476450437501
2999 46.219342834954915
3000 44.680889276246624
3001 46.57334688027207
3002 46.01151812174076
3003 49.83334958097527
3004 49.3831957546301
3005 47.25746587113875
3006 48.64199346576398
3007 48.721845817615765
3008 48.83010126166292
3009 48.639450275928965
3010 49.514393838852925
3011 47.86580811739246
3012 47.929151654869145
3013 48.84050047475113
3014 47.43427354946606
3015 48.50576604068576
3016 46.88356728632231
3017 46.62469025113461
3018 49.19642580940931
3019 48.002220778654845
3020 47.869085954842106
3021 48.165437205692626
3022 50.569496155167336
3023 49.48031637954104
3024 47.67222213216837
3025 50.29725655235239
3026 51.10060949979602
3027 51.07749116093997
3028 50.834044011742876
3029 49.39919629004694
3030 50.28236716822329
3031 46.586442366353
3032 47.65933080738925
3033 47.95961500296484
3034 46.33768785226371
3035 48.201407772227626
3036 48.37672156295857
3037 49.59930425855868
3038 49.11420919361914
3039 47.40568170484438
3040 47.525427627463586
3041 46.591781198924096
3042 44.30856500998935
3043 45.86717019707677
3044 47.04403265849854
3045 47.64965113054488
3046 46.85934927979885
3047 47.693476408149415
3048 46.96635835333526
3049 46.88236549619828
3050 47.765594415567065
3051 47.28179404448648
3052 45.91560917756543
3053 47.934999738959924
3054 45.06556591860757
3055 44.925990420658906
3056 49.181259810053355
3057 43.67197188826594
3058 44.578372316847876
3059 44.579755209673976
3060 44.917585136608814
3061 44.564512418435754
3062 45.47293597660553
3063 43.23760404595402
3064 45.50302174011863
3065 46.5432940671994
3066 45.2535866371699
3067 46.29215684750757
3068 46.437876238828814
3069 46.968961613648666
3070 44.5321942923293
3071 43.81901252310366
3072 44.13947834149248
3073 43.53275481221637
3074 40.35930133498453
3075 43.30800098624686
3076 43.841812235434666
3077 42.26974677012541
3078 41.72681224853879
3079 40.88576047725886
3080 39.24688553418388
3081 38.859531676748944
3082 45.09470618025009
3083 44.23918262816532
3084 44.050741186204725
3085 46.56032402315878
3086 46.19260546287868
3087 47.49918464828215
3088 45.69406912592986
3089 45.74750602446668
3090 45.76158560223259
3091 46.841055634639176
3092 47.09439942421393
3093 47.76595826364886
3094 47.0833449403649
3095 44.25950504720974
3096 46.27773415923007
3097 46.34346445659172
3098 47.18129871400212
3099 45.424461773654635
3100 46.057393601914036
3101 48.016867948277465
3102 47.28842463140403
3103 45.061983529469536
3104 46.15553796506994
3105 47.16677455767102
3106 45.0315562942625
3107 45.36392903240508
3108 44.55828051339946
3109 46.19441147808532
3110 44.85550863762386
3111 44.49550510485483
3112 47.827209592029575
3113 44.45766167683429
3114 43.82154729502754
3115 45.61399148233728
3116 40.970229364360094
3117 41.98079481465643
3118 44.11463273008093
3119 46.75376108255599
3120 47.17733825301778
3121 44.41850146153864
3122 44.933403717293764
3123 43.71392102043218
3124 43.73047629668611
3125 42.275280579685834
3126 44.851716918489316
3127 43.766434022099915
3128 43.77005415897645
3129 41.99933838752005
3130 42.87272983066644
3131 43.90633893215779
3132 43.78194637144119
3133 44.97163227506202
3134 43.04023191531556
3135 44.67480305187465
3136 40.00972354685703
3137 41.14459105448473
3138 39.72240029107906
3139 43.10342288002231
3140 39.22195189599424
3141 37.89721033403021
3142 38.11686685461344
3143 41.72537717519208
3144 39.27490125490166
3145 41.662564192015765
3146 41.45743706660768
3147 42.4562546417447
3148 39.16413292978905
3149 38.54084520467316
3150 39.1321475954664
3151 39.601519492927544
3152 39.715202161402026
3153 39.62368046356887
3154 40.613538427603714
3155 40.15769449907567
3156 40.3110158079042
3157 36.593551185366344
3158 38.698679971073325
3159 40.45012850598028
3160 39.70356293002434
3161 40.93935403263035
3162 41.46362884510326
3163 36.778652835008444
3164 37.42254859729059
3165 43.991862990986775
3166 43.524154955465924
3167 45.018004361173226
3168 43.75980353996567
3169 42.159454646846065
3170 41.61186422486921
3171 43.6195087453478
3172 41.6086294443446
3173 46.5097814193673
3174 43.966400886949216
3175 43.06781615464296
3176 42.24030994653846
3177 42.199147819647045
3178 41.66082363764964
3179 42.09403656900656
3180 41.49300473058778
3181 43.14166163610399
3182 38.56534480768414
3183 38.70076358217413
3184 41.248937502999325
3185 42.34061560497306
3186 41.15129520881837
3187 42.078876329403336
3188 40.257112152632835
3189 42.554147361700124
3190 38.935828704069785
3191 40.999368481941865
3192 40.672708519179665
3193 42.11051550653668
3194 45.751118906683054
3195 46.10895675744816
3196 45.51186374248754
3197 42.358533623577905
3198 44.85923373052186
3199 44.77112505008965
3200 41.91769318960417
3201 45.101848288258104
3202 43.34700817006942
3203 44.87822559277842
3204 46.891638137537946
3205 46.70809346559159
3206 44.83853235100778
3207 47.81452069683922
3208 46.68476921899771
3209 43.137313927373434
3210 39.81524868912688
3211 41.12439825221919
3212 41.715122321172885
3213 42.62018912482443
3214 41.25300420257099
3215 41.19374478046186
3216 42.81042943637977
3217 42.056303422446206
3218 41.562633294363415
3219 41.85974098311345
3220 43.53093692416246
3221 42.18157796788616
3222 42.92401429915178
3223 44.05518259241195
3224 42.228723590231894
3225 43.52832924053284
3226 43.61911348885942
3227 44.53293836072608
3228 45.99512128234882
3229 45.21780507054721
3230 44.52309617390531
3231 45.322405690620165
3232 42.53948358442036
3233 42.30432105605888
3234 42.139013855399156
3235 43.95064471441933
3236 43.94318315886399
3237 40.93595247086241
3238 41.00415357397366
3239 38.63021420847347
3240 44.28051979493872
3241 44.72137139293882
3242 44.423112291303994
3243 46.61563469492075
3244 46.21970519757164
3245 46.03430869141874
3246 48.93247337584208
3247 49.87393736564618
3248 47.21674899364246
3249 47.39637176540701
3250 48.651260324602156
3251 47.30227112130472
3252 49.48862961517343
3253 47.342742175033614
3254 44.805200018899065
3255 46.954389955386375
3256 43.51324416755915
3257 46.42425444483122
3258 44.73988337774897
3259 47.56264584616266
3260 44.09486151285582
3261 40.21888770625064
3262 43.5319680771705
3263 42.49566595846351
3264 44.213535847064136
3265 43.98716761959914
3266 43.56486592657813
3267 45.73742198527736
3268 46.25389632033533
3269 47.284316962893186
3270 46.87745736651268
3271 42.13209899899877
3272 44.42158364758317
3273 41.757256850511745
3274 43.103117552977245
3275 42.55981681924196
3276 43.42613507420298
3277 41.36260910006122
3278 39.98887280385912
3279 39.739269460943405
3280 42.791611627770855
3281 42.17777125325825
3282 45.93701066803526
3283 43.75258707117969
3284 44.168052197537456
3285 44.45187927729232
3286 47.24350264975961
3287 48.32274904093774
3288 44.59416264091414
3289 45.449646174968755
3290 45.2345978455418
3291 44.52776079185988
3292 46.85933432281727
3293 45.90770844195005
3294 44.18637773103673
3295 42.991219664560504
3296 46.64637914832859
3297 40.53774235269886
3298 43.74583697729734
3299 38.576036373240235
3300 37.42998667564686
3301 40.14140657784011
3302 40.946667473160886
3303 38.38231732120077
3304 36.57507504930234
3305 38.127151828383035
3306 35.964294904853205
3307 34.37544755887724
3308 39.727555448986855
3309 40.463775131597025
3310 39.68030023588244
3311 40.71149125072432
3312 41.19227793985733
3313 42.48019138185409
3314 43.39718985591325
3315 46.21449937500875
3316 43.539229020849085
3317 41.39896535503848
3318 43.431729934427764
3319 43.92841003416684
3320 45.851503688037575
3321 46.48078613026836
3322 45.61399423286786
3323 46.934903441659436
3324 47.165555155251155
3325 48.35228862472005
3326 47.5147047549379
3327 45.40355623780937
3328 43.782497038542594
3329 44.459499317531254
3330 45.479811071072426
3331 44.89405148920814
3332 44.4184360275385
3333 46.46819959419587
3334 46.43917387336794
3335 43.8031976730986
3336 45.35975490917731
3337 45.99642978765278
3338 49.104030393430946
3339 45.59957349025675
3340 46.07707722974432
3341 44.19139626539188
3342 44.496267732307025
3343 46.59847724419068
3344 46.79065661276946
3345 45.62336776332084
3346 44.983065660455054
3347 45.96534564793437
3348 46.78865273352712
3349 44.94993901025643
3350 42.22103641528251
3351 44.18543935890839
3352 45.08677280179129
3353 45.6003539719817
3354 42.508025381764725
3355 40.74839871567117
3356 42.480952864250824
3357 43.97968986339477
3358 44.01822081125262
3359 44.69266266435334
3360 44.062344537937136
3361 42.612958740379355
3362 42.862041497289034
3363 39.76159455978196
3364 41.92196846964835
3365 43.71887970074553
3366 40.77407182280084
3367 40.14006919134589
3368 41.39785917351051
3369 43.07236966436236
3370 43.57734372506912
3371 43.61578937670281
3372 43.238064588837055
3373 43.6934117773195
3374 42.14261195799591
3375 42.843606540663856
3376 41.12427172251258
3377 40.79893534699945
3378 40.06529319624503
3379 40.463106306915854
3380 36.666729836624
3381 39.477750457942165
3382 36.963261509450945
3383 39.515945603396474
3384 39.24449234015816
3385 39.184790416886095
3386 41.18666210028728
3387 37.421179284904014
3388 39.874992011043766
3389 40.59888724357226
3390 41.82623676860643
3391 42.50026252604488
3392 43.338985312545375
3393 42.19705490263668
3394 43.12358866229752
3395 40.20547302897675
3396 40.59377883452102
3397 41.13605930474672
3398 43.35544937688448
3399 44.71367716372735
3400 45.848913875698926
3401 44.522910870538404
3402 42.84503914642523
3403 44.72338957195338
3404 43.89811151524064
3405 43.09767380939282
3406 44.02354034433737
3407 44.80684365769468
3408 44.38079941372166
3409 43.6537235771862
3410 44.03199293160544
3411 45.60956873071979
3412 43.47521920147263
3413 45.02499823140415
3414 43.85866012140916
3415 43.39298380176849
3416 43.216485657415106
3417 42.01307633729857
3418 43.91530413034651
3419 44.386072973389865
3420 45.588579543791184
3421 43.289525889327635
3422 46.24943302226967
3423 45.504538085340606
3424 45.029521005105586
3425 43.046097101017786
3426 44.02279378078759
3427 41.627045499949205
3428 45.070641227446224
3429 44.286591665524895
3430 46.16523689976984
3431 42.47582043088633
3432 45.428408096169974
3433 45.76727282349775
3434 46.681178159384054
3435 44.85539216318142
3436 45.595753006706836
3437 45.805952177983826
3438 46.022351372375134
3439 46.14637326115801
3440 47.04446746609104
3441 47.57867902436513
3442 47.13127105434917
3443 46.68392260478907
3444 43.93484970832918
3445 46.68714926773153
3446 43.709781864995016
3447 46.39590375404648
3448 47.6848197338589
3449 47.99998915169998
3450 45.940486064526844
3451 44.00513739454487
3452 44.642562026401094
3453 41.488119460338275
3454 47.45458486746643
3455 43.61248217470549
3456 45.68545647732866
3457 45.697422118553476
3458 46.3484805464758
3459 47.075496557922285
3460 47.32577066808684
3461 42.268025080057
3462 44.07903714393615
3463 46.384942010875
3464 46.80066312391907
3465 49.3693330538541
3466 44.12823651422329
3467 48.06756704467899
3468 44.96809893713512
3469 47.4304160938998
3470 46.334067926917314
3471 44.755858502089936
3472 45.56177356131487
3473 44.79854646910069
3474 43.937907738494744
3475 46.95489419689062
3476 50.18303285877519
3477 50.53677668112167
3478 52.01162758693447
3479 52.05657599199197
3480 49.43513639335446
3481 48.56726975022596
3482 50.39601982601033
3483 49.3901952160641
3484 52.457539952037806
3485 49.03723697386722
3486 45.84043476920612
3487 47.308398185162936
3488 49.65364154744799
3489 48.90742948375483
3490 47.64578915062131
3491 45.523499096902675
3492 45.214225082633476
3493 44.6676997220119
3494 45.29913247586107
3495 44.67910127587987
3496 45.129893556618036
3497 46.30458414103373
3498 49.674575901626966
3499 50.292757811724464
3500 43.76705872018502
3501 51.62864546685615
3502 49.511976667798024
3503 51.58384254247899
3504 53.32973520187101
3505 47.8158858410896
3506 47.3047887812934
3507 45.23075028586022
3508 44.59625867033833
3509 47.20682439051551
3510 48.797366424445556
3511 46.066260042868606
3512 46.395987610145966
3513 44.075983689797305
3514 43.1517699052424
3515 43.425181851917344
3516 44.61152982175618
3517 43.68344508291265
3518 40.23975047015251
3519 40.91118078133064
3520 40.07155672998848
3521 41.85760131769075
3522 41.414510006141455
3523 40.33839809302915
3524 39.97633811399412
3525 40.82919129663257
3526 40.28862554145305
3527 40.29848842552036
3528 40.72462290059707
3529 39.65850021473652
3530 40.427723412475764
3531 40.386060702690905
3532 38.41405807128872
3533 39.1492939195168
3534 38.42706985599251
3535 40.169126634247206
3536 37.11358797540945
3537 37.213423545707656
3538 38.64336307193461
3539 36.57261235825335
3540 36.798834942330046
3541 40.061174954188004
3542 40.483395940685725
3543 41.4314551498766
3544 42.33108521510298
3545 44.16561885248641
3546 43.17844436430156
3547 42.24176823715244
3548 43.450805331407025
3549 43.46574816079398
3550 46.910820674643496
3551 41.501997575267666
3552 40.959281652921376
3553 41.55102075368243
3554 43.50247170791088
3555 42.282217259080284
3556 45.33047879812645
3557 43.3649610249577
3558 43.889065991031586
3559 42.161319228747
3560 42.602835397573195
3561 43.313062631028295
3562 46.23148898549545
3563 42.851348770281774
3564 37.05428126943355
3565 38.319091002249436
3566 35.71032272539316
3567 38.78132485881548
3568 39.14235940653032
3569 39.65219238350503
3570 39.55991830763386
3571 41.094966119236666
3572 42.02533377169634
3573 37.08709532660124
3574 40.31016456485269
3575 35.462161808590096
3576 35.24555316033701
3577 35.29997990791073
3578 36.64721532657915
3579 35.07730040522743
3580 34.24042576765863
3581 34.77626106978254
3582 34.241714772664665
3583 35.129156263010906
3584 35.50153261849082
3585 33.81964382602207
3586 32.87813619767924
3587 36.928033230098194
3588 40.15541136694246
3589 40.851977606932834
3590 39.169237088061
3591 33.97029915928064
3592 38.11601814532638
3593 38.58232741684675
3594 31.68867732809129
3595 35.874194156328954
3596 38.74360942622007
3597 42.184372692610374
3598 38.869848225785425
3599 40.570407597292956
3600 38.642846756573086
3601 33.062037492681704
3602 40.757083434764745
3603 36.46984185948449
3604 36.06174776719579
3605 35.35187904632207
3606 34.18351707930188
3607 36.65827714337955
3608 40.80856681526291
3609 42.15788365551881
3610 40.957735700065925
3611 43.683458951944104
3612 41.55268245755484
3613 40.03518394911128
3614 38.5584969923723
3615 37.16282902484408
3616 37.710989754616406
3617 36.81103234611255
3618 36.40836015750417
3619 35.78253823074858
3620 38.074854115959
3621 34.96685626574711
3622 34.71252586366781
3623 34.926090183050135
3624 41.42069811926704
3625 42.494856962571625
3626 42.97971111855614
3627 45.429432289696365
3628 41.54052115058856
3629 42.31532605380711
3630 45.040092921559406
3631 39.4715828519087
3632 45.76640870953533
3633 46.15713380655286
3634 45.48542569769222
3635 44.83834386494611
3636 40.5192034292302
3637 43.44135588590175
3638 37.997895079468485
3639 38.391463190779625
3640 38.608177458286434
3641 37.82707282428484
3642 35.21068677423734
3643 40.55440392252934
3644 36.566938653812386
3645 38.36648853820329
3646 40.8600947067054
3647 37.57931317153009
3648 35.10294757693327
3649 37.00826700646823
3650 37.17653649350028
3651 37.454226720118115
3652 38.694658901055725
3653 40.37003743564756
3654 38.86942502651799
3655 39.528007064983335
3656 36.45864278116104
3657 38.53547908189715
3658 41.812410061162225
3659 37.536924511360446
3660 42.874111149276935
3661 41.81653786352588
3662 41.18196964383526
3663 41.78445097300315
3664 42.441252057826766
3665 36.89754073630239
3666 41.87161394343697
3667 39.46041918725821
3668 38.69676815220009
3669 38.28101289076855
3670 42.35466414708364
3671 39.62011695182137
3672 39.637529342117126
3673 36.19930648181565
3674 37.10183524653007
3675 34.036458939539436
3676 39.50979439008403
3677 44.352598081333895
3678 45.63942342293701
3679 45.692071878885294
3680 44.96688987762157
3681 41.81206964566968
3682 44.75330694731938
3683 41.5568509236993
3684 36.5910802981047
3685 38.964999747026035
3686 39.39348776413068
3687 41.19835976641135
3688 42.01934462031286
3689 46.81236306562587
3690 46.806666209765254
3691 41.595181077815404
3692 46.49192571968219
3693 41.58316024972641
3694 40.53196255015084
3695 45.1225604803591
3696 46.57199994465906
3697 44.62328823197286
3698 41.81829815087655
3699 36.48036019193473
3700 38.55722250048517
3701 37.58309758836163
3702 37.713410082858196
3703 36.031643166322155
3704 36.63650184200966
3705 36.27014260579097
3706 40.54221722902956
3707 40.548665804889296
3708 39.0308023339132
3709 38.816839479954446
3710 41.36245090387624
3711 39.399446640815654
3712 38.04465663420575
3713 37.79249934230878
3714 37.9840550063771
3715 38.544916376045464
3716 38.232442383754965
3717 43.130790238335436
3718 40.279161251924236
3719 39.08173883218486
3720 34.164208722469866
3721 36.14123699716435
3722 40.931875120372425
3723 37.83346194234725
3724 40.019944112342365
3725 37.98644475925377
3726 38.56571159556117
3727 37.856493077428055
3728 37.70202732331967
3729 38.602354609012764
3730 39.869763797074924
3731 37.492247187965674
3732 36.689397190119955
3733 37.26452971881972
3734 38.2659937280862
3735 36.163993260281686
3736 39.81977955702112
3737 41.086031583101104
3738 38.4367577622223
3739 38.931452246584655
3740 35.74428213073395
3741 35.40061836142313
3742 37.96117849391811
3743 35.41414318726111
3744 35.71884726198985
3745 37.844325490094754
3746 34.24380016094848
3747 39.617128201294484
3748 34.2047539532274
3749 37.967281792239646
3750 38.36416028151369
3751 43.20134409673222
3752 41.00579076426241
3753 39.34615277180912
3754 39.89387510445213
3755 37.72072588896772
3756 37.855599828303795
3757 37.56385653732286
3758 37.56668797186155
3759 40.903985369560225
3760 39.99772250199608
3761 39.6474420621461
3762 44.81865734664802
3763 45.2727633088727
3764 44.50234228773676
3765 43.75078669884356
3766 40.3415066233746
3767 41.43628091590071
3768 43.916350208014464
3769 47.167066013343494
3770 41.515256189555195
3771 41.39867456669662
3772 43.39455786875337
3773 41.12171744515431
3774 43.582288504776116
3775 42.435369512272125
3776 40.61343906286978
3777 40.63976649893127
3778 36.924062255255464
3779 35.33713447058599
3780 37.00184798396208
3781 36.218535981862104
3782 36.61509038324191
3783 33.908428422648946
3784 35.348896698004346
3785 39.85068518955358
3786 38.651403116318214
3787 39.91700764458835
3788 37.513409155410216
3789 37.7285294495272
3790 39.803819630543025
3791 37.38543573817187
3792 36.70580849760397
3793 38.35187472714581
3794 37.83692360669408
3795 38.39100349670824
3796 38.218537093791085
3797 37.29265068255489
3798 36.910812679822456
3799 38.38265752033186
3800 39.85488661135819
3801 40.58973831278514
3802 40.2685114468478
3803 38.66133076681971
3804 36.88055224888574
3805 36.73477531791213
3806 36.85978351844208
3807 33.821993222575095
3808 36.02056001809362
3809 35.06039398655407
3810 35.97910611906823
3811 34.86579286344238
3812 36.81071939562922
3813 37.0804285793172
3814 37.583842373279055
3815 37.64279966202868
3816 40.09351237821505
3817 38.25365145993804
3818 37.941628679660965
3819 37.01909122662506
3820 40.795500026967176
3821 36.43323675838057
3822 38.962357380747754
3823 38.486766838898575
3824 37.463896993347724
3825 38.69891178316251
3826 34.936880034234655
3827 36.28898263335205
3828 37.95596072144331
3829 35.200198387584436
3830 31.17523434262348
3831 33.54624605360443
3832 32.358787617129344
3833 33.80842421128459
3834 35.62901448473871
3835 36.62151366759273
3836 37.15139491797465
3837 36.320734870971776
3838 33.17195462095886
3839 35.15097167196581
3840 35.6360889367887
3841 35.60395638583057
3842 35.96722983965974
3843 35.814567298347214
3844 34.00270999219574
3845 37.319911987840044
3846 32.530936199874944
3847 34.51090774416765
3848 32.73790061031565
3849 33.74947242900967
3850 31.856014821730074
3851 31.713091296489694
3852 34.47599560999304
3853 32.00906772608559
3854 30.008155361280966
3855 32.691157887592645
3856 27.872876309609083
3857 31.19280837321013
3858 30.74548419362101
3859 32.42443809825956
3860 32.87424819782903
3861 32.58642206788073
3862 34.36610704228303
3863 32.82612341208467
3864 33.23283238364174
3865 31.17991651730656
3866 33.342601151718924
3867 34.11211590733475
3868 33.63337749568677
3869 33.616731803346255
3870 38.50678343116826
3871 40.19734522038797
3872 37.398428756470274
3873 38.03178247369731
3874 37.32626218908373
3875 35.78333617681752
3876 37.06688625491492
3877 35.74438072187919
3878 34.6811543697347
3879 37.332091689371154
3880 35.13948005111476
3881 34.26086949551762
3882 32.3311136117534
3883 33.98615323795949
3884 37.932199556744145
3885 37.44252424207914
3886 36.05895210812947
3887 37.021810402111036
3888 37.14940803473166
3889 38.49493524195506
3890 35.72696673265877
3891 38.21117738660444
3892 37.78993615885303
3893 37.82931738189179
3894 38.76903228319563
3895 36.90366632920995
3896 36.067925448955556
3897 35.384844120335586
3898 35.970852179784856
3899 37.86855968479361
3900 36.22650839599738
3901 36.038736159406795
3902 34.69850371181603
3903 36.05932991513903
3904 34.079934511570826
3905 34.1141866574206
3906 35.37638397602367
3907 34.783565998817096
3908 35.82207536978101
3909 35.7065939979751
3910 42.70004253476466
3911 40.11006639555537
3912 36.74228807342421
3913 36.89639395311281
3914 36.97322889395338
3915 37.40299216113514
3916 34.63899857974393
3917 35.01648308878961
3918 32.724247628419114
3919 34.913417288307315
3920 33.883968307732715
3921 31.4931184329757
3922 31.679892198013963
3923 37.53189964298674
3924 35.690865828897564
3925 35.43947672154138
3926 34.1039065032182
3927 32.461076803229155
3928 33.19983239049028
3929 36.62175308769044
3930 35.46795746628146
3931 34.91448143014747
3932 35.5466382269331
3933 36.99551833427831
3934 37.30037979883742
3935 33.992022066700585
3936 35.13694423726506
3937 35.8148019083963
3938 35.75685743113946
3939 35.86413335417134
3940 33.72344934485249
3941 33.82412886731228
3942 36.40517663041869
3943 37.920701074941334
3944 38.52361497203195
3945 40.64039073474767
3946 40.755105348408286
3947 41.40101993594477
3948 36.176602658785434
3949 41.80074134992536
3950 38.059914375946725
3951 37.983596141361865
3952 40.15728390198384
3953 39.16008190201036
3954 40.88395883931505
3955 40.633484747371924
3956 44.39040215688479
3957 44.767437469273595
3958 42.16587215399624
3959 42.066733569117545
3960 41.183804459766854
3961 41.10656420730162
3962 45.046918428285956
3963 41.482588157360134
3964 44.62730936723559
3965 42.657486105424326
3966 39.00003658715585
3967 43.887373589925744
3968 42.59612101131487
3969 44.1396855590037
3970 42.369093988244195
3971 39.49198242362299
3972 42.28047139687284
3973 40.45608005572298
3974 39.82729817215518
3975 40.91862058535215
3976 41.57470411522732
3977 36.13650953953738
3978 37.35381304281176
3979 38.42285013194608
3980 39.34459947225855
3981 39.01729776400092
3982 39.16580029006409
3983 41.044028787794936
3984 36.84777021107655
3985 38.337889491015844
3986 35.67412245473118
3987 34.79179755211624
3988 39.67995091400659
3989 37.37225765612395
3990 37.703008960703364
3991 39.628828966357524
3992 37.0304575311601
3993 37.45203020618457
3994 33.78415418963233
3995 32.928145816521905
3996 36.352409353593245
3997 38.42968894501123
3998 39.72247319753326
3999 40.23501501093366
4000 41.58899890853268
4001 15.22126371608843
