0 16.44536841124074
1 20.713498360995235
2 18.544739552487876
3 22.41111418834974
4 24.0774630746214
5 26.290092493143526
6 25.582686293168766
7 27.326992125604804
8 23.21237779135711
9 20.190210096410617
10 18.303235659061446
11 16.74376190337814
12 13.790260701859392
13 13.514699443788867
14 14.869958983149191
15 20.46915552112788
16 22.228233163131108
17 19.50474822280275
18 16.054868761001924
19 21.59231713770023
20 13.401979113569354
21 16.296377690740023
22 16.488076137839467
23 13.59800782619282
24 18.229273374330774
25 17.460372175160767
26 16.309328799118834
27 18.40386304846958
28 20.758066080678205
29 18.146690244854305
30 16.455903388708787
31 15.100812065570466
32 16.95399244599189
33 15.313702385731522
34 18.60058449267797
35 16.47647696606218
36 15.408052335735393
37 17.82299189196587
38 14.917869632541256
39 13.051755155083615
40 14.194072720460671
41 14.108750252479682
42 16.01779406634103
43 16.091135697526756
44 13.716385857144337
45 11.695985183287277
46 12.924584431268055
47 10.348584460039088
48 13.04220162645459
49 15.510964263614001
50 17.151614387044464
51 14.943882637410665
52 14.433041971440858
53 19.40928661527247
54 23.495808653683177
55 18.009643912346068
56 17.65121100700321
57 18.722314056480137
58 19.573365875906614
59 17.143112792743167
60 16.5419902770147
61 13.762620981903119
62 14.850689556055086
63 15.11847831511632
64 14.611543987658388
65 15.932077990464988
66 17.683053810123454
67 17.836226664784988
68 18.667813878847753
69 18.714408811770493
70 19.453621502198434
71 16.653637914191275
72 12.912849809308394
73 15.194823446701372
74 13.458305186776759
75 13.978563365551027
76 11.520360508152818
77 13.591521097183948
78 14.51401577032113
79 12.5635538763781
80 15.882703124816672
81 15.621746177903974
82 14.928619994706136
83 15.4371537281077
84 15.818188021465351
85 15.626488142028514
86 17.495668336589546
87 17.538210629716385
88 15.71283728505459
89 14.124570934700987
90 10.56034331125206
91 12.428457933617723
92 10.63434941958635
93 13.017844763071379
94 13.986304808143563
95 13.662084734780306
96 13.053453824699144
97 13.379818785604895
98 12.44506157117701
99 12.026470491335255
100 12.773132456104012
101 11.692709663017483
102 11.889606285733425
103 11.007388358052388
104 12.120206599096612
105 14.293539350459875
106 7.876415855215937
107 14.067833468085613
108 13.141653847626817
109 11.619314128048835
110 10.410173346023898
111 14.016502854838295
112 16.052991382473504
113 14.94218451047126
114 14.012234429489865
115 14.916732307167587
116 12.024855442566198
117 16.379440211418455
118 18.808753933639455
119 18.717161418288633
120 19.72159498333966
121 16.259524569725702
122 16.797253135191088
123 17.806769067881564
124 17.575346194031138
125 15.89327596721906
126 18.927963634935065
127 15.681195531781926
128 16.56722059726677
129 15.279550217509385
130 16.716620979595316
131 9.131842487766693
132 14.98768717853886
133 12.638777562437046
134 12.516275852115111
135 11.883864053982643
136 13.417699486700279
137 11.604914150685872
138 9.490067286520352
139 14.051676702075573
140 12.462174673046324
141 13.35861911387492
142 17.024207814076856
143 14.755300471661432
144 15.4098671795957
145 17.4212472671911
146 17.894621859166897
147 15.85079800678223
148 15.848405445892668
149 17.042230043001688
150 19.834932510573083
151 20.55913261287456
152 12.501369486321996
153 19.049128074016135
154 16.212648592304294
155 12.850196238880876
156 15.472520683252325
157 15.490487595697953
158 12.03360709738428
159 14.17721598511173
160 10.206426967979432
161 11.275526992494685
162 11.555443304285905
163 13.864016888802498
164 15.660554204808447
165 17.158793445042946
166 13.312140857705929
167 14.182379401207262
168 15.74731262919421
169 18.795542600755937
170 20.301992046277203
171 18.398807498768527
172 15.961108228311604
173 19.674497793728744
174 16.25350312474525
175 14.736543770477768
176 16.980642616011657
177 14.064279201358012
178 17.792651919989034
179 17.508063377371087
180 19.635692306876358
181 15.098828469108259
182 14.810066313869077
183 11.874200343400242
184 12.516803852560932
185 14.7502326135955
186 15.560705846159108
187 14.648360002454261
188 14.696229809533982
189 14.818384025908395
190 17.584978851054995
191 18.102467007648958
192 16.157146307976177
193 13.028554863997925
194 12.728847847797473
195 12.388588274075845
196 9.153391493912084
197 13.041230926222108
198 20.053160844202754
199 15.957258909408305
200 11.681361256667552
201 13.52530536463623
202 14.455486984209204
203 13.878208541416198
204 15.756540482443565
205 13.871113875040086
206 16.885911416716326
207 14.259786601888614
208 13.961201844550367
209 15.133563807297838
210 17.740269599338145
211 15.154160164597018
212 16.24102655116604
213 18.449757092995057
214 18.455644699035176
215 19.165474623872967
216 14.36484406091659
217 15.018877342215376
218 15.765996959945312
219 13.049427868403399
220 15.688786221705607
221 17.487091031184526
222 19.31669867637658
223 18.58044427178412
224 17.76743498537434
225 23.93402244948062
226 22.4374734713185
227 18.336488718931257
228 22.580674320218257
229 18.4399329573603
230 18.140343108797765
231 15.505610375027468
232 15.242306846983602
233 15.545231940992267
234 15.143347768495705
235 13.58753749002496
236 10.085702778775824
237 11.596622147950677
238 9.92876647556339
239 6.827348705559504
240 5.417426705922305
241 5.382596856510841
242 8.330978971568161
243 7.300308314672451
244 7.464163557696133
245 5.315143037956936
246 6.796472112476448
247 6.224001578425431
248 6.168999245854242
249 7.297348699411755
250 7.341682642226825
251 9.750425585962974
252 6.184502520034417
253 6.022452263174321
254 5.065935780282765
255 6.890582633887576
256 6.066245095053869
257 6.10239393180663
258 6.517580627715854
259 7.445797540542335
260 7.28908428212813
261 6.769091374265454
262 7.565152810338455
263 9.380790757317017
264 8.070648407253543
265 8.578986491030578
266 9.314847135002584
267 11.418722864211759
268 12.421032567127355
269 10.884927834311357
270 13.762820048894246
271 12.596062485667916
272 10.92426870647455
273 11.220566706906759
274 12.296215750465693
275 15.2587117295046
276 12.551855021009139
277 12.414441584897018
278 8.30409279376451
279 12.398280695438936
280 13.251252487581898
281 10.525917993086603
282 10.56121620421175
283 7.469286227973236
284 6.193312530374629
285 7.758150957293076
286 9.152001695070432
287 10.473426989165372
288 10.321925917867446
289 9.215545124856419
290 8.073052831716945
291 7.524884495049109
292 6.118207649486364
293 6.193405808702749
294 6.930558958975577
295 5.205029319220186
296 7.4718059686429825
297 7.344725628144036
298 4.737194532069894
299 7.322317432908846
300 6.462039438272426
301 7.842433644372783
302 7.253439108673078
303 9.871122608288399
304 11.449827177921037
305 11.537016286714785
306 10.970829878499103
307 9.043381023947482
308 11.170695782800545
309 12.236801472538664
310 14.083195138493815
311 11.279991748147125
312 9.280639582660477
313 9.818685633617562
314 11.784767872690985
315 8.593556089787377
316 10.978996025768902
317 10.08632930817732
318 13.126246154048065
319 13.437967407387658
320 8.901331866623106
321 12.505670605127715
322 10.5500297690602
323 11.770878107121133
324 10.770640373779488
325 11.474845274304371
326 10.462666489310294
327 10.578932323271339
328 10.924076903781195
329 10.294500257121841
330 9.705162936401146
331 10.9176160859602
332 9.285832024736761
333 7.577854882832618
334 6.860043055676612
335 7.267213339596853
336 7.505920935439218
337 7.615488228529399
338 7.399359211374072
339 7.8917547189913995
340 8.186400682945028
341 9.424116578002657
342 7.910807908923014
343 8.408017155319829
344 8.332878662631305
345 9.135806506407631
346 9.200158581404398
347 8.699963941655215
348 11.985506026209466
349 9.11569797566092
350 5.406740301613194
351 4.637373014702023
352 7.418874466248264
353 7.80613130531491
354 3.7594390318826614
355 5.3955212266529236
356 6.024007274092481
357 8.281399788225293
358 7.0308703853707595
359 7.618570073946149
360 9.906154035711156
361 11.183591909030476
362 13.317259581589212
363 12.289569587900036
364 13.47025781012405
365 14.152517195062861
366 14.642851494818418
367 12.38783543359153
368 13.093221297502673
369 14.647569639813291
370 13.731217581265636
371 15.485732626455484
372 15.693298925288252
373 13.799864768655533
374 15.04094845338068
375 15.153184100797308
376 17.81535254982661
377 14.531019960695085
378 10.74934445122111
379 14.786293966506493
380 15.706983028772413
381 13.158921378786136
382 11.859300860084945
383 10.995446355490234
384 9.413927500979879
385 10.165049393024303
386 7.420931813015002
387 8.516888222858901
388 8.52331916003616
389 6.780270968177757
390 8.467018078591108
391 10.09374221810921
392 10.013262455977415
393 9.565272091132272
394 9.511665479509915
395 10.206277274493806
396 11.1477434594505
397 11.511159785922533
398 9.478430171433406
399 10.091599751771229
400 7.960135545970399
401 7.991519188669648
402 7.457389405452877
403 7.325293856409522
404 7.100907694757538
405 9.785074718347978
406 11.717975361246513
407 9.11187315617668
408 9.024640427885792
409 7.774957772585438
410 8.803882889076156
411 9.3426348548764
412 10.198202322276908
413 12.562193850182803
414 13.12393817924191
415 17.55195601341522
416 13.723841525690341
417 13.621990431259835
418 18.233188673367945
419 18.38663988972683
420 21.535013507869802
421 22.28689213933826
422 19.344868113053025
423 23.975296699865062
424 22.010089004802772
425 24.320210447939193
426 26.649008224212412
427 23.465112435287118
428 26.192153330893603
429 22.140138851202913
430 18.773830215076806
431 21.883328251270893
432 28.278495906128093
433 25.40332863913467
434 24.78431659642625
435 22.10619875708761
436 17.507864682349986
437 15.532858315410127
438 15.302024725240093
439 12.935149425386545
440 16.162806400475283
441 14.413818363555674
442 18.169820459683983
443 14.389765277191868
444 12.901091482665647
445 11.693760777482892
446 12.48133960790757
447 7.318782299258405
448 6.125696370301818
449 7.710943161488981
450 12.53502089618574
451 10.407558370147903
452 11.924667838151542
453 11.772795125585167
454 11.951368984832872
455 13.080522239245461
456 11.303808825241006
457 13.393778289181547
458 11.066074221077816
459 10.66817138390315
460 13.561645288213079
461 13.102009595993405
462 11.217108602076424
463 11.03015895656418
464 15.294671440773238
465 15.185548901929597
466 14.181253569575937
467 13.922329398023114
468 16.677952579928405
469 13.465595071578722
470 14.029158739794855
471 11.938944629502975
472 11.30363830821979
473 12.283040256216895
474 13.435629171415611
475 11.932546247564936
476 10.635284364358425
477 13.181608048666092
478 11.850503991592468
479 9.864709805274027
480 9.695612832623583
481 7.275492818494898
482 11.0806470343282
483 10.606966913491183
484 13.054940963373092
485 11.315389386877698
486 12.331467971230776
487 11.86808730786392
488 12.189649294534462
489 13.118735098574351
490 11.599293807272572
491 10.442089574053124
492 13.076183373548316
493 14.202614209524848
494 12.482959408411572
495 12.443226379693655
496 18.83496856840883
497 19.22660526434295
498 17.455373513414433
499 15.058794101548251
500 13.524709816803966
501 13.334907285863224
502 12.700812124406337
503 13.15519321950783
504 14.541163649137944
505 13.040420593901148
506 12.476478277651692
507 14.747683839714924
508 12.058827396408955
509 13.335205076891897
510 12.781137051095131
511 13.866112289029886
512 9.93331044022566
513 11.189276412810269
514 10.118387302245388
515 9.511933841253962
516 10.090080795949234
517 10.286982950045681
518 10.627876546864718
519 11.675796174179533
520 9.921149159905982
521 12.899575272895298
522 11.373701383070653
523 12.82771893650698
524 8.084014725628325
525 12.017424235604219
526 11.663697997754227
527 14.2268981469043
528 12.872621374220454
529 13.351156819147139
530 14.061707747702942
531 11.515236257963453
532 9.935756768723374
533 10.29490596882221
534 10.195710596050644
535 11.243486574269419
536 10.534342769480803
537 10.383512385074265
538 9.250799767145319
539 10.001264982934185
540 10.514167452879617
541 12.349368279366804
542 14.021438454532259
543 13.756717825547284
544 14.043081794249039
545 14.947484389784847
546 13.680721097591398
547 12.741252911642336
548 11.816968220432097
549 14.616463876524664
550 14.369197432234431
551 12.13349271959649
552 13.250342058424506
553 11.905870590708973
554 13.805610423839934
555 12.268631875789906
556 13.819750088973342
557 13.577562328429885
558 13.711993327627777
559 12.716350112142871
560 13.372819403351146
561 13.9153157612402
562 14.342801568484537
563 13.539841337135192
564 12.06232516084024
565 12.775950322646604
566 10.50263066890602
567 13.951039596489613
568 14.042585764945754
569 13.722797113680661
570 11.889289230971226
571 13.882264772495986
572 13.275374009835879
573 13.93343027406886
574 13.831916095455774
575 13.700555106508332
576 15.421081288842375
577 15.36224623175274
578 13.578515883293672
579 12.101512980930263
580 10.937513622062314
581 14.243988606956671
582 9.478690291849105
583 11.420102411536845
584 13.606360512156732
585 10.969023035130153
586 12.402206344526794
587 12.757004916814967
588 15.437857228855155
589 11.955291266130354
590 12.133888687406237
591 13.613032844533134
592 14.011693242067688
593 15.386423112065502
594 14.047191552808455
595 14.488789252962839
596 12.820224814385757
597 12.412606162548663
598 11.889364981991307
599 11.819826116816264
600 14.718222528566272
601 13.868700012646421
602 12.550923013008026
603 13.855226486927485
604 14.376773510671805
605 12.155085395692142
606 11.670591996976517
607 12.716414915228858
608 13.367139733624107
609 13.79706493678147
610 10.538714534106282
611 14.118208050748475
612 12.951427352010786
613 12.194278079569148
614 15.479267006951135
615 15.245450503861802
616 14.44752564794554
617 14.95691023074355
618 14.007826946528084
619 15.979289630526644
620 13.788115790084523
621 11.918985504784914
622 13.205982461569224
623 14.546922977671043
624 14.42726880145014
625 12.687023138458466
626 10.336420544357384
627 11.457313663266904
628 10.8186306798788
629 10.468223929325884
630 11.38148746684767
631 12.260043833718202
632 12.234591148728521
633 11.460530197902253
634 11.60684333799349
635 10.164758964717118
636 7.802775149007047
637 9.737607802930171
638 10.348572310089054
639 11.824131753157147
640 10.20062816024548
641 8.996857780736308
642 9.748044429510447
643 8.669501787631743
644 11.019258505355413
645 10.195785622403983
646 10.676911254459027
647 12.37836753466354
648 11.51641330501859
649 8.650389500664586
650 11.71374083293524
651 8.399201303025142
652 8.474730238504018
653 12.373404586140413
654 13.665579553759251
655 16.412085827869564
656 12.798521583234772
657 14.828096334468952
658 17.451092628180064
659 16.313590647472264
660 16.188106405489396
661 10.383681384856716
662 13.879484798866326
663 12.795536711788914
664 13.688017022333744
665 12.984654751238667
666 14.510224506474383
667 14.996170231109387
668 13.076239862070079
669 9.65861728495023
670 13.44870939457191
671 11.979390082906562
672 11.372409138429465
673 12.45844073579624
674 10.587017598338566
675 10.695191826870216
676 10.306769202670289
677 11.258106878379467
678 10.58096044821533
679 10.82958259370144
680 11.856068144217573
681 9.860240072304018
682 12.030151133995687
683 10.102203282845702
684 10.037797231185582
685 9.846195099202646
686 10.50556751575846
687 9.914917359347937
688 11.638048055332623
689 10.137858499418208
690 11.243676959783874
691 10.74269255141321
692 10.869435614540993
693 12.722045229106701
694 10.915072505150698
695 12.380593210777088
696 9.622254747348347
697 11.288036138464879
698 12.274591106496722
699 10.430597001250515
700 14.216848492842907
701 12.109319367312203
702 12.09547853650055
703 11.683572772474182
704 12.17979140411662
705 11.537827444738209
706 11.90077572379507
707 11.763080370734825
708 10.932978253660274
709 11.902319683270752
710 12.792719368038425
711 11.712160099598206
712 11.65996019981497
713 11.458310023088455
714 13.723966359112252
715 11.498765814592327
716 12.862497607469281
717 12.80722124900442
718 12.12724038014092
719 12.62310063100323
720 12.896208521232442
721 12.983648594809628
722 15.647073981878494
723 14.120704655721402
724 12.786740760316869
725 11.045606171055391
726 9.244313886569829
727 9.82398303185698
728 10.132774201812873
729 11.91377909409739
730 13.278246124283605
731 12.513711354340375
732 12.36990755125425
733 13.30840741174408
734 12.006180261558917
735 13.747995409741407
736 14.43760010703268
737 12.554449396856482
738 10.673069650545417
739 13.197415283475957
740 14.322801236438556
741 15.78969198046515
742 15.987362980212032
743 16.377172759784415
744 13.768527404953428
745 14.579652476521142
746 13.661710775547057
747 11.729744280333458
748 10.868235281815597
749 14.289460867983715
750 12.157597201080609
751 15.476576219736462
752 11.48012174236372
753 10.406635783499148
754 11.618256238734135
755 12.830976814973642
756 10.41063183724
757 9.461082140140919
758 11.274458472271608
759 12.499788482465382
760 10.765194401455448
761 12.000503428200766
762 10.070539039649473
763 12.539948684551593
764 14.30588959430213
765 12.473386149382986
766 12.970028880255875
767 12.340203500738882
768 12.553661760836093
769 13.446620702639029
770 11.064443383987614
771 11.834579378557866
772 11.146088537332371
773 10.726723145678994
774 11.29167515142467
775 10.928435264680145
776 12.223983224972123
777 12.140823155106194
778 13.45669508464159
779 10.258760878785157
780 10.110720833909978
781 11.77858683252966
782 10.359906365550692
783 9.853214078792591
784 10.414000674327175
785 9.70875653776348
786 9.585694657588153
787 10.6009912247651
788 12.43881857883173
789 14.396558448513066
790 11.89191563785463
791 12.844590573436973
792 12.877646853765684
793 13.918850456763074
794 13.057494067331715
795 13.508971808928662
796 12.846466770316594
797 12.756032064354397
798 12.309420526039034
799 12.859611054232767
800 14.107851208552987
801 13.394311385217314
802 12.436397398876252
803 13.45321852510031
804 11.904024788344671
805 13.17941932956273
806 12.778772294681586
807 15.530788742247712
808 13.691536119217824
809 12.417701473119703
810 14.754551886978852
811 15.457712640609277
812 14.769074020234628
813 13.428282084000207
814 11.973629339215774
815 12.880235299988199
816 10.816707060501674
817 12.079257188152779
818 9.675133439832408
819 10.671105905800752
820 9.876703473153857
821 12.472762989998593
822 12.370182284567152
823 10.179315613112498
824 12.235586740684417
825 11.208662778674471
826 9.663739284776796
827 10.064708994391
828 10.23488647092675
829 11.962750374561837
830 12.202284236566381
831 10.53538705470679
832 11.461371836815099
833 10.917441653966511
834 11.020279112883893
835 12.1733782308738
836 13.224021667353668
837 12.857408733663641
838 11.51695586475916
839 11.018525153332519
840 10.711897941347592
841 11.192078804031764
842 13.74529172829979
843 10.524729585123591
844 12.253651991205968
845 12.650995959132032
846 13.740600804793926
847 13.621681207311015
848 13.24303749928095
849 16.035021324227486
850 15.059816341521488
851 15.465914133597725
852 14.096990181462838
853 10.973045142698393
854 12.14151337179594
855 9.449906906967122
856 12.38875998479589
857 12.014869469717004
858 10.553229417135565
859 11.66780231281288
860 11.845168683908765
861 12.225091163841448
862 10.264832700620538
863 11.459697994894443
864 10.261042743964026
865 12.073819139509704
866 11.310525187978193
867 12.355558898219572
868 12.16614545403943
869 11.556156838983123
870 12.029438991642188
871 12.398406932326926
872 12.585890910184595
873 13.980793043520377
874 12.700694409948397
875 10.59584078791689
876 9.00531217882504
877 8.435594107212788
878 9.956284388904313
879 9.579194532635006
880 9.015861157899659
881 9.538556035084799
882 10.413511322479556
883 14.28199947661532
884 14.04606818173631
885 14.021525199200852
886 13.78923377671227
887 12.196887799022605
888 13.855083997425766
889 9.938090749013911
890 13.36336080949168
891 12.210718155346827
892 11.963630756444374
893 13.196313435828163
894 10.841718887856926
895 11.27072883341178
896 11.499726314506143
897 12.019215846579417
898 12.558853426801672
899 15.815023953193819
900 14.049833898738866
901 13.877634780719333
902 13.444862600231685
903 14.837415466994383
904 15.814436511972923
905 12.85995649588502
906 11.26171457662809
907 11.89907052816918
908 13.200680202822362
909 14.038157498676926
910 10.181514779737636
911 10.361122780349646
912 12.031742238624885
913 13.78333621102117
914 14.023133793608912
915 12.897337787612535
916 13.68102554253027
917 13.536694662753867
918 13.623295284139811
919 14.963273782479673
920 17.169410495848904
921 15.834263923383823
922 11.793842633345122
923 16.753993449358948
924 13.946561971558067
925 13.91228373633996
926 14.707688275192835
927 11.60538832488549
928 11.277508196927522
929 11.408681062374516
930 10.56280837689884
931 11.423349144998165
932 12.826008750107553
933 13.244427447215736
934 15.246946029745176
935 13.779526471446673
936 14.667823797451037
937 15.929686933986982
938 14.515270885186245
939 15.46825402865622
940 11.618294611159149
941 14.648724003346373
942 15.276078116923715
943 12.180650936831434
944 12.786755309675435
945 15.116323845394202
946 14.341466192257263
947 14.155582612183482
948 11.282919224753549
949 14.294973416859593
950 11.199700414738134
951 11.095413462984068
952 10.105537757062034
953 11.606474533449743
954 10.858390921857735
955 11.696253775022747
956 11.299133609816156
957 9.799546139543118
958 13.017084382868736
959 12.936528683088445
960 11.076701412217767
961 11.014733778430887
962 12.926867867478752
963 8.233417181182023
964 10.64177882662923
965 8.198675266723091
966 11.353163132243454
967 8.593379988041026
968 7.828931295119292
969 8.99132501794781
970 7.8581783656055455
971 7.238234840845102
972 8.385361824942525
973 7.1639927051559695
974 8.19531430752557
975 9.246373947734808
976 8.340368341049674
977 8.559684770965912
978 3.276360943783149
979 4.223425647927769
980 3.6788434325842405
981 4.6964005438827385
982 5.627471752400405
983 6.307973228723451
984 5.923957193925864
985 6.282454511400349
986 7.5118547502567665
987 6.277450796990459
988 5.2343150092771005
989 6.174982056876089
990 5.735436560087884
991 9.323090810840515
992 6.019986092314464
993 5.883476307440539
994 6.0969779486409
995 5.626748447880447
996 9.391634742049131
997 7.615041718898153
998 8.371120629988033
999 8.42134140638106
1000 6.192865455758042
1001 8.055467700800298
1002 8.25074495963504
1003 5.274022081462758
1004 6.247753895232639
1005 8.543567523385834
1006 6.045989795109377
1007 3.2758633235496135
1008 5.286729446574309
1009 5.857926031912209
1010 5.76698841380914
1011 9.66096326981774
1012 11.384615092584355
1013 6.0734043447718875
1014 6.140452565342969
1015 6.440036649660034
1016 4.787475067155629
1017 9.149014588871912
1018 7.129515415115134
1019 8.410790874575909
1020 8.811262282357564
1021 8.155858717568792
1022 7.650951396251811
1023 8.08069232873494
1024 9.879037959722758
1025 10.089530785412762
1026 10.016241393910443
1027 11.501587099239803
1028 10.880067803508872
1029 10.172431553696812
1030 8.319591573081036
1031 8.786894874548464
1032 8.130994823458378
1033 7.952136336709415
1034 8.781622738177674
1035 9.423081639072185
1036 10.129658681353277
1037 8.813861929422297
1038 7.89530303828001
1039 9.585451639407692
1040 9.071011890804076
1041 10.379371930932066
1042 9.974676385282939
1043 9.363340935500979
1044 8.925777432990118
1045 8.374110709731678
1046 9.372424719858115
1047 10.382718417073628
1048 10.317721571506306
1049 9.092080356248365
1050 10.47528079262494
1051 9.60398192000052
1052 9.086325712165172
1053 10.575696724527583
1054 10.687252368580582
1055 11.448113149643092
1056 9.464521850669023
1057 9.891183386379947
1058 10.858265346650898
1059 9.628143888589962
1060 9.128484282682498
1061 8.94470358274924
1062 10.204811167265389
1063 6.985419785837617
1064 7.478692023314343
1065 6.731741550020222
1066 9.19721064874426
1067 7.362243308809734
1068 9.595512230953787
1069 10.981319007514504
1070 9.847509527617108
1071 10.15519060430533
1072 9.906928092704831
1073 9.433667248760331
1074 8.170711160103101
1075 9.080829678915418
1076 9.622005731144439
1077 9.243312363197175
1078 9.417033382855246
1079 10.64578647265173
1080 9.79026471716344
1081 10.216491833840989
1082 9.092677137505262
1083 8.496201960160414
1084 9.15065303319078
1085 9.693499483457119
1086 10.125647259407838
1087 11.464921184657094
1088 11.60259012080072
1089 14.684045767559375
1090 15.1788717416549
1091 13.143757376290806
1092 13.375518437343736
1093 14.51609314258559
1094 13.581284667026267
1095 11.182712125587697
1096 12.963735590905422
1097 9.769000666258583
1098 12.119229265269437
1099 12.641197923923366
1100 12.075851999557985
1101 12.15832255181112
1102 11.185140786307485
1103 11.662718521088895
1104 11.947631844921283
1105 9.713478350564152
1106 10.662050079978362
1107 10.785741226836912
1108 11.185816989984318
1109 10.360465294985744
1110 10.933523535873666
1111 12.591776718747433
1112 11.303573965491235
1113 10.363564001589362
1114 11.461105475308877
1115 9.502527301190108
1116 12.187839327207788
1117 14.177610946003501
1118 13.020706615115506
1119 11.337522747317513
1120 13.791210312824848
1121 12.192770402392194
1122 12.170122127312945
1123 17.14378669813284
1124 14.459209415884917
1125 14.570244379344654
1126 13.405323753673619
1127 13.37246199338383
1128 15.3402666180176
1129 16.335599438073675
1130 17.053700036727527
1131 15.59653232801863
1132 15.550157422121261
1133 14.801397078533897
1134 14.828610489070261
1135 12.42391195348116
1136 13.574483626971386
1137 12.361988698482264
1138 13.274240298213298
1139 13.015262720751895
1140 13.020803874175702
1141 14.047727090222509
1142 13.648156034177946
1143 12.89577231962199
1144 12.772559238251233
1145 8.68160750318969
1146 10.888208799011931
1147 15.328233956315275
1148 12.795660214611457
1149 13.246014086165369
1150 14.155415725398427
1151 14.632222722208303
1152 13.337634884955422
1153 14.735221374427768
1154 14.252206847410728
1155 10.341813705501727
1156 14.058221418664848
1157 15.078123815475381
1158 14.440520842293155
1159 14.070333669648436
1160 12.472195077283077
1161 10.608390495184969
1162 10.079820270605458
1163 12.245511246370857
1164 9.189138340287004
1165 12.196002709839053
1166 10.993779470470523
1167 14.427099573148395
1168 11.383146962381486
1169 11.077111750647706
1170 11.404428424352131
1171 13.909365769715793
1172 14.180421107164154
1173 11.966894813920334
1174 10.91346712903927
1175 11.36108201300644
1176 11.361152682456474
1177 9.912564697748746
1178 11.608624332686897
1179 14.111180246690072
1180 16.023928750355473
1181 14.041229499171871
1182 12.020905940722738
1183 14.618224549466719
1184 15.045526612011184
1185 12.929620746385151
1186 12.630507763938429
1187 13.206632791123637
1188 10.942880151782548
1189 12.617064735822384
1190 14.428383172091623
1191 15.726983425308948
1192 13.911973774928112
1193 14.902494024115827
1194 14.561950022935346
1195 13.937899543873462
1196 15.100938152507142
1197 15.650075617454716
1198 14.927361818005776
1199 15.423169844266019
1200 15.87635125220157
1201 14.626532869164087
1202 16.523976808207216
1203 15.734674671983335
1204 14.527416481798728
1205 13.802478244780842
1206 15.6238586108528
1207 13.46552665182252
1208 15.861814520275258
1209 15.815747740078297
1210 16.500335947582332
1211 14.969286248386755
1212 15.89432760625517
1213 14.581042924793458
1214 16.542047132221406
1215 12.937580705090804
1216 16.382067830839137
1217 13.812617490575562
1218 14.7506303019754
1219 14.93855351943643
1220 15.53806294027582
1221 16.040791710747992
1222 13.990310024729466
1223 15.661555906252657
1224 15.125601945183403
1225 12.905908287805458
1226 14.379042104085311
1227 14.636646616596211
1228 16.896087683184792
1229 16.96008005829632
1230 17.83818472825748
1231 16.107868291757004
1232 15.717279216853603
1233 16.012800309927886
1234 16.929313697671667
1235 15.92866516114743
1236 15.051012209696772
1237 15.476724462906803
1238 15.813682604520443
1239 14.27961568085594
1240 15.082116935644072
1241 18.320391541382918
1242 17.273351916519186
1243 15.108195806880351
1244 16.546859063085222
1245 17.344465775103465
1246 13.926263488648882
1247 12.070767048482667
1248 9.914121830190913
1249 16.166176730181743
1250 14.796834591501158
1251 14.561054859726664
1252 14.936437225356528
1253 16.70333172161221
1254 17.719663445181475
1255 18.001266670333596
1256 20.93611413793994
1257 17.68403736949186
1258 18.999443622516026
1259 18.536476280256295
1260 16.135327823170616
1261 15.728355534632747
1262 17.642506150737677
1263 16.96719190833582
1264 17.065304323619014
1265 18.994471343604726
1266 16.924001380572143
1267 17.117478919325162
1268 14.747120493125356
1269 16.791905290603367
1270 16.257333213331876
1271 16.60452598981992
1272 16.406979698153243
1273 16.026589377725944
1274 16.551004561855247
1275 16.082773540489274
1276 16.993404392760322
1277 17.379720794096375
1278 16.081637922535364
1279 15.555769565422944
1280 19.428049181602198
1281 16.71844347352781
1282 12.324312993030192
1283 14.449905834805309
1284 12.94367818432312
1285 13.852789115431055
1286 16.45000951573194
1287 17.03035292308573
1288 14.172960513862872
1289 15.704023778648555
1290 15.652233092479943
1291 15.960981613560373
1292 15.655003024856706
1293 18.254379218023924
1294 16.384817276962483
1295 17.763917377574412
1296 16.756536283444593
1297 16.02824494195214
1298 16.7589437651296
1299 15.913752419738117
1300 15.347603924157578
1301 16.19295652084383
1302 17.475354929888645
1303 15.641246167559862
1304 15.531177109613274
1305 15.714858526601022
1306 16.883598917543274
1307 16.17662646367989
1308 17.421913358106778
1309 14.901558794090535
1310 16.00029152266181
1311 16.53871141315227
1312 15.839302496629193
1313 14.95100056691796
1314 13.334417391950852
1315 13.246521135007113
1316 14.57176519829893
1317 14.206646970602621
1318 10.188754910892758
1319 11.150850580864432
1320 12.331654189031083
1321 12.986615341180316
1322 9.051771574003688
1323 8.301668728295777
1324 6.693631761040646
1325 8.214115506721333
1326 7.214533838985359
1327 6.818596710642392
1328 11.408287388275658
1329 10.927628184527459
1330 9.719523903292488
1331 11.44360905732332
1332 12.787093381146022
1333 10.138549568607031
1334 8.307711962679882
1335 9.82731673212199
1336 11.594982499164095
1337 11.805180967856352
1338 11.68409850802628
1339 10.500931825477695
1340 13.671609880577147
1341 13.669838482810816
1342 10.685760083296412
1343 9.120120919749473
1344 8.962701292282427
1345 10.535808151093997
1346 7.759787396350777
1347 5.98692043282085
1348 6.003609675199854
1349 7.6995490039686265
1350 10.896443885198579
1351 10.526793604020204
1352 9.92230559505242
1353 8.517204159860567
1354 8.856664594235859
1355 7.587144463395156
1356 9.699585376491962
1357 8.94737113397459
1358 8.238577142106527
1359 7.677956822930323
1360 9.883878870412893
1361 8.804126088125498
1362 10.078101763085119
1363 9.372001962933997
1364 9.094141660413857
1365 9.393810617831758
1366 10.526887692972888
1367 11.59661274461498
1368 9.009514692748382
1369 9.68870067156473
1370 8.210215856157195
1371 9.451309693665635
1372 10.205486173662523
1373 10.148711765566999
1374 9.802187583905782
1375 10.78152254304912
1376 11.48163362941761
1377 10.440413812278486
1378 10.31494407960544
1379 10.047178643174894
1380 11.540940051212448
1381 9.804015345023291
1382 11.791360253709284
1383 11.018783938753044
1384 11.619725794623198
1385 10.69792272258085
1386 9.7096864551919
1387 10.962898000177656
1388 9.344315239325985
1389 10.004722167986102
1390 8.61214527656528
1391 10.970088239192307
1392 9.268881355534713
1393 11.264793564778152
1394 10.465694619868666
1395 9.27521230252222
1396 9.268919976207254
1397 11.45215881658991
1398 9.0505505076398
1399 9.353011508181966
1400 9.834828300200927
1401 10.572413613541102
1402 10.721041558756657
1403 11.001115023541882
1404 10.98475344284544
1405 10.70459441398947
1406 12.15954172350154
1407 12.205483286227555
1408 13.014631446958944
1409 12.765948309457555
1410 13.319347297783626
1411 12.350810235631032
1412 12.951886848291373
1413 12.15393609560361
1414 13.561488565306423
1415 12.986145957466533
1416 12.580187464896902
1417 13.255663636071283
1418 13.045190152953843
1419 13.616006776292197
1420 11.185018587817977
1421 12.860743953017753
1422 10.987844570412392
1423 11.255050126408722
1424 11.286164254915247
1425 11.321374173615993
1426 11.739985155754981
1427 10.960183417883496
1428 11.699390769748348
1429 11.326345059658307
1430 11.012660999590763
1431 11.761567434056957
1432 10.789814169549675
1433 10.622705403942861
1434 10.584146856886159
1435 10.687799659856688
1436 11.55532285093344
1437 13.71440456175712
1438 12.406236952677622
1439 11.28990231616581
1440 11.266590397337374
1441 12.267942760214517
1442 10.877954718822764
1443 11.162344432059733
1444 10.748282599803964
1445 10.062930623307953
1446 11.283929594265922
1447 11.582373343654298
1448 12.335685731455044
1449 13.349228099209906
1450 12.204256829215268
1451 12.494593098990189
1452 11.146440780632275
1453 11.325555566630776
1454 11.530043797273649
1455 11.376618607744618
1456 13.549740550581033
1457 9.87034359628675
1458 12.322919645034654
1459 12.513612171484757
1460 12.783753207941839
1461 12.098265247237531
1462 11.06950916749782
1463 12.833085442333035
1464 11.71095021459279
1465 11.958073939883489
1466 10.378888228016944
1467 11.47291094451715
1468 10.744319210222327
1469 11.325429924153966
1470 11.485202796685732
1471 12.332512437778409
1472 11.606002021207704
1473 12.939897738175839
1474 11.659843492718885
1475 12.098988287505339
1476 12.274390300207935
1477 10.505147204741768
1478 11.04238156408103
1479 12.257392560725656
1480 10.82505903324119
1481 12.163992569017962
1482 11.692286756789128
1483 10.496390898392942
1484 11.620111733522194
1485 10.967242659364874
1486 11.534688915927783
1487 12.38964258714617
1488 12.284906666843344
1489 12.322271073193047
1490 10.593517059556572
1491 13.108447833907045
1492 12.104490749106875
1493 11.668328963789062
1494 14.138661798718099
1495 12.680642489935751
1496 12.535746356182813
1497 13.245074849363341
1498 12.980191800857218
1499 12.386425229099894
1500 12.464857514719991
1501 12.47441528675038
1502 10.989307872856871
1503 11.731181670993106
1504 11.741154336799339
1505 12.022571936237222
1506 13.008806163133386
1507 10.607945881503287
1508 11.736036525178905
1509 9.419593645554052
1510 11.334879270903391
1511 11.280014355563692
1512 10.96655766547097
1513 11.322109760038613
1514 10.589635097137071
1515 11.707522920750652
1516 10.47237047033153
1517 11.287774324283138
1518 10.089246073481902
1519 10.39014335115046
1520 9.163340953421352
1521 10.402217128791612
1522 11.720918188033648
1523 11.27667447674006
1524 12.185933110038976
1525 12.157730308078355
1526 11.75601028773975
1527 11.023222712087525
1528 12.799627451423417
1529 12.23975921313082
1530 10.89862820565765
1531 12.223734416147712
1532 11.190375419095519
1533 12.178704051961937
1534 11.41977411698277
1535 11.842064742086889
1536 10.360950846398142
1537 11.486687614138095
1538 11.235678229239666
1539 10.734065336309051
1540 11.122652399450656
1541 10.92180421044666
1542 12.494732464342004
1543 11.47044026967667
1544 11.382868689005514
1545 11.549863612704613
1546 11.412392978062401
1547 12.297191095073261
1548 12.370144156911905
1549 11.941581843528203
1550 11.25500051626411
1551 10.771666897677745
1552 13.895136257684003
1553 11.784309366844269
1554 12.378945718841164
1555 11.979391462000844
1556 11.883096915513068
1557 12.249098124349597
1558 12.486265750103748
1559 11.533282776572497
1560 12.872885085545807
1561 13.076472971761948
1562 13.100784204787878
1563 12.80203094344237
1564 13.339210689707967
1565 13.109982653853901
1566 12.60855975451861
1567 12.793591886662274
1568 14.585126099878638
1569 14.829861824539396
1570 13.231601430861689
1571 13.580210244878845
1572 12.256251614117174
1573 14.356170474027993
1574 12.861009872795703
1575 12.828109761751106
1576 12.473121351532189
1577 14.563867732786049
1578 13.220361430587959
1579 14.32235940814721
1580 15.06976101033374
1581 13.39670392256284
1582 13.459027443962608
1583 12.397016146637979
1584 13.883519444942204
1585 13.765439846222645
1586 12.36397881973909
1587 13.502861150453565
1588 13.149948349014736
1589 14.348771445080096
1590 12.639345025827065
1591 13.21978308114615
1592 13.409138716281236
1593 12.1532230500968
1594 12.183564556794487
1595 11.342549233285867
1596 11.865039580194816
1597 12.499470345227651
1598 12.0200560151161
1599 11.839712551470859
1600 11.728620863978161
1601 10.679288836172368
1602 11.796836429470329
1603 10.657077363968328
1604 11.365564252390586
1605 10.674401240046937
1606 11.6052526146892
1607 11.303168496097394
1608 10.872521000483857
1609 11.114772550013729
1610 10.863301688196595
1611 11.554569202421925
1612 11.80502143660877
1613 12.508751263765827
1614 11.78754276362691
1615 11.65180720615809
1616 11.282471812896285
1617 11.556934136647932
1618 12.138606286528638
1619 10.79891042949705
1620 11.741781885657657
1621 11.501847704654747
1622 11.588435768640233
1623 11.137969363615637
1624 12.530036277932501
1625 11.264449961611986
1626 11.591190718474474
1627 11.005332484621563
1628 12.19343196070849
1629 12.366409233917018
1630 11.806932107393964
1631 11.438421180460631
1632 12.515466372573655
1633 12.5494867304096
1634 11.618891833543532
1635 12.240100842234167
1636 11.598654381349956
1637 11.8694930920768
1638 12.408133505878281
1639 11.423303756643618
1640 12.001341083553095
1641 12.82374938197433
1642 12.41290975666215
1643 12.074239838171433
1644 11.887227257908018
1645 11.96466547439867
1646 11.944549316874422
1647 11.948893869961168
1648 13.452560191579177
1649 10.936116382144755
1650 12.166553620814117
1651 11.699451927716074
1652 12.654362784283459
1653 11.833063528965289
1654 11.85272342789292
1655 12.280379068072488
1656 12.920761904503467
1657 12.69675723997025
1658 11.125168484421957
1659 11.705500655518582
1660 11.422286621826627
1661 11.587258542341512
1662 11.140295292566725
1663 12.641714594236063
1664 11.790154837775352
1665 11.334007602456511
1666 10.844746230566422
1667 9.898632269047718
1668 10.334236093091334
1669 11.184889921042293
1670 10.844617657040674
1671 11.292589303933221
1672 11.591094128341041
1673 12.897212358534588
1674 13.29877113883537
1675 12.91685435062923
1676 12.712780947601615
1677 10.520696752852126
1678 11.058764898929173
1679 10.480307294113873
1680 10.780910339703091
1681 11.91448799291579
1682 12.409415994532045
1683 12.368605484683599
1684 12.21070430133909
1685 12.177652982135886
1686 11.228774435642569
1687 10.968734159784235
1688 11.66479300088659
1689 11.403137989157585
1690 11.012557270642422
1691 11.630458720012665
1692 10.577460653097136
1693 11.197864000179026
1694 11.683535970010494
1695 11.536997874205532
1696 10.744466958508799
1697 10.951435012709831
1698 10.319572031406684
1699 9.50423027594228
1700 9.401233443483454
1701 8.918850063051966
1702 12.271901672294462
1703 12.043072100088933
1704 11.54962837050846
1705 9.66195252977689
1706 11.222518820268984
1707 11.114854931970116
1708 9.63527047791883
1709 10.5903821357209
1710 10.633151172082721
1711 12.085718451701545
1712 11.681293471777694
1713 11.64657866473386
1714 11.662129336308055
1715 11.84834958123275
1716 10.468865505430221
1717 9.62042158491953
1718 10.952564600110309
1719 10.137806566902343
1720 11.917068183173058
1721 9.676139916589833
1722 11.375537337470814
1723 11.499492481080454
1724 11.533178492781412
1725 12.439319956367648
1726 10.108817182827654
1727 12.111856801311896
1728 10.619944876835026
1729 9.703923764979955
1730 12.344379462479603
1731 11.139514226340149
1732 10.85394043181283
1733 12.198567925252046
1734 10.978805866177325
1735 12.781661189831903
1736 13.227879632650994
1737 10.41165362135402
1738 10.303641277473366
1739 10.428617307132651
1740 11.084984408843408
1741 11.048765356487479
1742 11.629406821823489
1743 11.341107581208908
1744 11.565474271570713
1745 11.859604205947726
1746 12.20091148254742
1747 11.70096517850089
1748 9.12845589490423
1749 9.31317008292433
1750 9.497558220196705
1751 8.545539450899525
1752 9.70932493713599
1753 9.57213384948817
1754 9.885659500373732
1755 9.517272128922935
1756 8.575232015070087
1757 9.18378828883254
1758 10.014503643822142
1759 9.826198126736166
1760 9.5555976897937
1761 8.907911064268042
1762 10.708054773970499
1763 11.244994165429027
1764 10.863227522425731
1765 9.415562964578871
1766 9.629159052843185
1767 11.834991609408458
1768 11.445664182153243
1769 11.62015038792159
1770 11.711487596725988
1771 13.066754144227389
1772 10.480518580775959
1773 9.822744961289303
1774 9.399224089316677
1775 8.960856485903184
1776 10.161350689339232
1777 10.905750277183431
1778 9.757245078956272
1779 10.854896471472852
1780 11.025254589507506
1781 10.24725398881303
1782 10.211120773508537
1783 10.394133188312164
1784 10.590621968307262
1785 9.316694105388308
1786 9.072713329999807
1787 10.004144135968183
1788 9.85889908182853
1789 9.743475476445212
1790 10.49429555141792
1791 10.212807098666508
1792 9.62603416622055
1793 9.43106599205597
1794 10.098738083597311
1795 7.86965720684836
1796 10.356347232416953
1797 9.111599300292784
1798 8.938999978615076
1799 11.240938365091436
1800 9.658414246147203
1801 9.984146091664485
1802 10.457638023466584
1803 9.574758346098202
1804 8.255245982343217
1805 9.378590534600054
1806 8.142623607906385
1807 9.068943696344071
1808 9.73560143100756
1809 9.956364865441364
1810 7.750991455064216
1811 9.870329917182067
1812 9.82507634878225
1813 9.221758871394885
1814 9.68724407479545
1815 9.653973393358648
1816 10.262233259075238
1817 9.583506091433927
1818 10.485769608122093
1819 9.43428262398214
1820 10.179842696109766
1821 10.188966451019382
1822 12.35924402005355
1823 11.875386521265794
1824 12.704130289154932
1825 11.113447747270863
1826 12.186973925010413
1827 10.50619069958647
1828 9.2734184569304
1829 10.673073057694134
1830 11.30541832974533
1831 11.23572809214084
1832 11.657981447361896
1833 11.10152135056372
1834 11.342298659821266
1835 11.792669093475961
1836 12.17594870109026
1837 12.577359836735107
1838 12.024307343708161
1839 11.855828207718215
1840 11.550926270507478
1841 11.909355243562155
1842 11.156441980075641
1843 10.752378784293324
1844 11.767774935725312
1845 10.516409753176207
1846 10.934796594895312
1847 9.996818015478162
1848 11.43195031656007
1849 11.318660300480248
1850 11.495440469263736
1851 11.061673791965786
1852 10.176859110456418
1853 12.677111538558925
1854 11.126742842110593
1855 9.971249929072108
1856 11.229490057627677
1857 11.02008524257753
1858 10.965253990144678
1859 10.300928096698497
1860 10.918803415170563
1861 9.104221382178403
1862 9.915093243768068
1863 10.833948448287133
1864 11.362068268114976
1865 11.13402778496018
1866 11.463275911617417
1867 10.707663904861166
1868 11.504444716946061
1869 10.589042218916664
1870 10.013376321188165
1871 11.417671560692867
1872 11.419471039555479
1873 10.920467875877602
1874 9.517397928695248
1875 9.132645621741453
1876 10.048930049593569
1877 11.185309244588467
1878 10.483166754761678
1879 10.513522628996032
1880 12.753455999423316
1881 10.94891451649223
1882 11.296495404997472
1883 12.453385050487862
1884 11.647219368001723
1885 12.584853856872856
1886 12.654074658069842
1887 11.10169038702959
1888 12.543057023644476
1889 14.767371756489828
1890 12.786506782092097
1891 12.919682262872545
1892 11.941926591989603
1893 12.744856993998619
1894 11.683901263362662
1895 11.64986285686626
1896 12.773432206853538
1897 11.123357951786366
1898 12.317814171086434
1899 11.297245042310433
1900 11.20246040519503
1901 9.998561609352056
1902 8.952253259216894
1903 10.464582138724237
1904 9.840728935913567
1905 10.418379686426015
1906 10.342569193527854
1907 10.082763351079503
1908 10.467929280522116
1909 9.646842477995577
1910 11.090451990039892
1911 9.818229606771029
1912 10.4651739956266
1913 10.46467173550659
1914 9.96685356009264
1915 11.055924104244188
1916 12.423030055379149
1917 10.311613889339839
1918 11.40532094154061
1919 10.66147829559042
1920 11.832044571091924
1921 11.959825645759713
1922 10.599164837236556
1923 11.827856352991017
1924 12.239090005732264
1925 13.168812957949266
1926 13.0796610899717
1927 11.747701697640668
1928 12.018971742010306
1929 12.210676563841155
1930 12.293718896048183
1931 11.175465732437804
1932 12.329077988531218
1933 12.242441997769507
1934 10.415534948052674
1935 10.858619814120802
1936 13.084197418882393
1937 12.659809208678551
1938 12.82396861049126
1939 11.286985286364576
1940 12.623713138918854
1941 11.496144002479722
1942 11.028986680081598
1943 11.838712078172424
1944 11.691146188612164
1945 11.852278397185676
1946 11.152850287998664
1947 11.255520400394763
1948 11.772940106447537
1949 10.20727003823014
1950 10.573846997907859
1951 11.63299771669169
1952 11.98114617820982
1953 11.813441579474198
1954 10.778772752936892
1955 8.74949307125452
1956 10.060649412519421
1957 9.38163236449075
1958 10.599259408527871
1959 11.570463258246203
1960 10.813948877827253
1961 11.773566243868473
1962 10.593330783241363
1963 11.94828119802352
1964 11.957198615628656
1965 10.357787445968862
1966 11.809846937593244
1967 11.521550473210208
1968 11.885171121626179
1969 11.797185641088477
1970 11.648353385377238
1971 9.828906103528638
1972 11.502629969531139
1973 12.313807429791181
1974 12.889386808906648
1975 12.54049994079213
1976 13.123867687508458
1977 12.746834561714886
1978 12.042049279375298
1979 12.584976258104467
1980 12.93083642736986
1981 12.90238458024266
1982 12.740003212135568
1983 14.03596839013172
1984 12.897845835719195
1985 12.358925048725375
1986 10.90025302775292
1987 12.393043946687664
1988 13.34624418454029
1989 13.08024527171289
1990 13.490831728011635
1991 13.318719087419156
1992 11.5902970111575
1993 11.814072301399666
1994 12.251799249170798
1995 12.56637801252952
1996 12.559618797471831
1997 12.286087939261876
1998 12.42729499060143
1999 14.529099821078674
2000 13.890792177706912
2001 13.519837394618984
2002 13.411464758805392
2003 15.279549279431764
2004 11.729115158490348
2005 13.020478106743663
2006 12.880087510340843
2007 12.550232313096043
2008 13.003084389864474
2009 13.714107773673017
2010 13.339558518066616
2011 12.340957877018303
2012 14.7524069720351
2013 12.68526265751778
2014 13.43063192135136
2015 11.410734961574788
2016 12.02717775124542
2017 11.585538276348437
2018 12.50763283670752
2019 12.499939764504475
2020 10.969451822444563
2021 11.319200540225294
2022 11.856000962364423
2023 12.177733184707256
2024 13.208912037209101
2025 13.198135652606204
2026 12.778714436631178
2027 13.436624297072484
2028 12.680497036950548
2029 13.461616663212666
2030 12.243193888990787
2031 12.295571575679977
2032 11.845669047639007
2033 12.274536211318752
2034 11.68509019711621
2035 12.092849092585054
2036 13.711833466544357
2037 11.948500194716598
2038 12.354093596659732
2039 13.10782091201311
2040 13.283689496373428
2041 12.878406295923055
2042 12.74815940431086
2043 12.345563783069297
2044 12.542214572056917
2045 13.194995043813375
2046 12.144333012792359
2047 12.244833513207858
2048 12.819289520620663
2049 11.30376931822183
2050 11.79691412219372
2051 12.875599841439218
2052 11.32214042566139
2053 10.824924874557832
2054 12.308042853220334
2055 12.986626076927571
2056 12.670378918726223
2057 13.08162620794787
2058 11.763683831375916
2059 12.49173406360283
2060 11.73825809144286
2061 11.999514124507217
2062 11.906168315401642
2063 13.313364288790916
2064 13.07537990635224
2065 12.435767792305809
2066 12.344084450450005
2067 12.410600867838383
2068 13.476516174229982
2069 12.274223792495787
2070 13.104472183141663
2071 12.3376112328863
2072 11.579572020352131
2073 11.622048964944897
2074 12.255363503043654
2075 12.309489639578503
2076 11.311550568219928
2077 13.133469593589785
2078 12.662510867629626
2079 13.532900741908293
2080 13.65250339756224
2081 13.088098183093893
2082 13.42152902428827
2083 12.86205957344953
2084 13.078773543986896
2085 13.018367353349944
2086 13.038809535034765
2087 11.782996368151794
2088 13.099707420755069
2089 12.485681328383786
2090 12.244105140449042
2091 12.451293828636382
2092 11.84316357786676
2093 11.944376984834998
2094 10.58273417011845
2095 11.900215295791082
2096 13.23983385298822
2097 11.473149040452613
2098 12.366892162753969
2099 12.388621349097685
2100 11.78715822147308
2101 11.124000584937463
2102 12.180171106450482
2103 11.746066328925
2104 11.373906250470416
2105 9.893181257453717
2106 10.189293922917706
2107 10.374089818902092
2108 11.638842395363376
2109 12.042594367180337
2110 11.612848668379419
2111 10.792955706964738
2112 12.45478582032016
2113 12.725995292607111
2114 11.888677315898152
2115 11.470362902812658
2116 11.22754932250989
2117 11.306022967859112
2118 11.301730373265288
2119 11.231255550431085
2120 11.776221034020177
2121 10.286279071061209
2122 11.628870794200212
2123 11.424581760357274
2124 12.52061328714515
2125 12.206250723923835
2126 11.52417775807742
2127 11.68914887631673
2128 12.182708802137334
2129 12.90665144074939
2130 12.777519455524349
2131 13.980711975633042
2132 12.126903727982025
2133 12.057404250102111
2134 12.508630926904702
2135 12.011820599797263
2136 12.437567250991602
2137 12.055308365361695
2138 12.630154447906127
2139 12.366298481056742
2140 11.781685622230707
2141 12.82671194257997
2142 12.258997108425902
2143 11.64732751997685
2144 10.148556638874387
2145 11.003299463130464
2146 11.368708065992125
2147 11.254500488019
2148 10.94109188747258
2149 10.8478139728079
2150 9.886439667341737
2151 8.878945448523453
2152 10.209253496609898
2153 12.571760245136558
2154 11.850379677079076
2155 12.023947024111209
2156 11.881235301789472
2157 11.82232307700561
2158 12.75873208601911
2159 11.090245280329917
2160 10.967079203152187
2161 10.87320356887704
2162 12.14260725603052
2163 12.200998579340077
2164 12.382868022044585
2165 12.889214621710895
2166 12.20723213672566
2167 12.427213692584454
2168 12.395450375692013
2169 12.474926440435496
2170 12.817882600375416
2171 11.032330314947913
2172 11.661942822463914
2173 12.210275102246992
2174 10.8182679562353
2175 11.268894171297624
2176 12.21464772600805
2177 12.357543640617731
2178 11.782779910148038
2179 11.847735307446534
2180 10.878362967883229
2181 10.7007915914198
2182 10.406301328497722
2183 11.560487089093872
2184 10.74753180397087
2185 11.00804402744265
2186 10.998339714291545
2187 12.918558352677247
2188 11.529458824357494
2189 12.533627491800509
2190 12.640180117739046
2191 12.40330583288973
2192 12.833842427536469
2193 11.387866687956205
2194 12.12632204039719
2195 12.003143723494812
2196 12.654392385740678
2197 12.272159269652892
2198 12.206767607409649
2199 12.829960534859637
2200 13.369896961236693
2201 12.885855007025567
2202 12.284732834395381
2203 12.65038393606609
2204 12.492698807892705
2205 12.715415535938694
2206 12.587276391268437
2207 12.50371702840731
2208 12.956973253897198
2209 12.80563592621141
2210 13.02245332882072
2211 12.56694420573272
2212 12.32631172179633
2213 11.919085978341034
2214 11.644978596532974
2215 12.240451514949115
2216 11.060796641447533
2217 10.978519460366291
2218 10.82624231497187
2219 11.542819462603413
2220 11.163445808966735
2221 11.59687189268395
2222 11.76438418571853
2223 10.988158567098868
2224 11.144189267968763
2225 11.586740657878499
2226 12.582784117325932
2227 13.348042421582017
2228 12.994279691749865
2229 12.209376734232187
2230 12.314132248250145
2231 13.181707804865482
2232 11.267043567368836
2233 12.108887937281445
2234 12.298299757889138
2235 12.213384597025547
2236 12.879329765607084
2237 13.094826608671871
2238 13.092308162082148
2239 12.787047425317285
2240 12.950534884274543
2241 13.59244707668071
2242 13.512443912809811
2243 12.281179960577688
2244 12.95964197441439
2245 11.91201601084061
2246 11.389305038082592
2247 12.260074974316941
2248 12.819040272894117
2249 12.809644319243521
2250 12.817978960126723
2251 11.740092555630135
2252 12.507188338996638
2253 12.590441800858786
2254 12.650027542989331
2255 10.977514394752545
2256 11.255977073229607
2257 11.77040551692033
2258 12.67834285738019
2259 10.071061307560123
2260 10.903491347675004
2261 10.590115958237359
2262 9.92259421514116
2263 12.415700203810784
2264 12.277371121311793
2265 12.333004218156272
2266 12.2177817115334
2267 12.992166262013045
2268 12.63736984026196
2269 12.631800148770589
2270 11.770328508978945
2271 12.473587841276757
2272 12.876523711474045
2273 13.113050061031444
2274 11.533276197910475
2275 12.104637973798253
2276 11.63460419955842
2277 12.15668169672949
2278 11.374781310945622
2279 11.535343579425975
2280 11.52840708016203
2281 11.333462354495227
2282 12.88648400692525
2283 13.0629702482024
2284 12.149170756359162
2285 12.997004774625104
2286 11.198911036004548
2287 12.041879264953515
2288 10.626649110159565
2289 11.69326364023257
2290 11.379969082879219
2291 11.578468718804363
2292 11.839634401762613
2293 12.23102628792006
2294 10.872938461043844
2295 10.290039508180755
2296 10.372655545220084
2297 11.889416027698285
2298 10.68926979461597
2299 11.524392119295692
2300 12.197114165460482
2301 11.090835396252157
2302 12.096124367970415
2303 12.21139790467768
2304 11.203448337358326
2305 9.65190550449049
2306 12.299674271902617
2307 10.440804297061748
2308 11.731869151991594
2309 10.921310723070494
2310 11.361958437398108
2311 11.59545735433374
2312 11.536173194385052
2313 11.115574147391
2314 11.163805756239677
2315 11.395511418006432
2316 10.355410827270706
2317 9.458524798323035
2318 11.402720665186749
2319 11.37108821066538
2320 10.946292089015952
2321 10.537276327171254
2322 11.51111130971561
2323 10.202081039266814
2324 11.14220462509452
2325 7.827655384102957
2326 9.033714014442921
2327 9.599087271852751
2328 9.217452654592076
2329 9.933676665071317
2330 11.095485127017861
2331 10.594539477073633
2332 10.521528902532422
2333 11.572971664843726
2334 10.731962342445378
2335 11.549048593155849
2336 12.451038734154867
2337 11.379129913535662
2338 10.295057149162947
2339 10.741809601165585
2340 11.116515272246795
2341 11.602670461881
2342 10.642999966555765
2343 11.691282495091775
2344 12.479213691970422
2345 11.75239185639809
2346 11.246397115406431
2347 11.377510977405045
2348 12.814941718200085
2349 11.458080439557282
2350 10.134367598691389
2351 8.461244246881959
2352 10.497862021049642
2353 11.314717556627805
2354 9.30862084504352
2355 9.63155052545239
2356 11.940313705848398
2357 12.113505315391123
2358 11.951611564602382
2359 10.297555751150897
2360 10.586437916562877
2361 10.96780285916712
2362 10.678401780433672
2363 11.036018458026408
2364 11.361924545508836
2365 11.456035389325354
2366 9.838239490912155
2367 12.375569689900319
2368 10.313863255072484
2369 10.515110940317761
2370 11.456316830405498
2371 11.171646494608446
2372 11.676767881715747
2373 9.857252815979265
2374 11.07403279536927
2375 8.971595319171334
2376 9.611901683665405
2377 10.373783502282658
2378 9.960149528504836
2379 10.350468996490996
2380 9.114769475201728
2381 10.276300867752889
2382 10.063225029230486
2383 9.716953336052667
2384 8.89481091011905
2385 8.863492613309418
2386 9.833674693020004
2387 9.08381530813976
2388 11.306318040938484
2389 10.36078647412654
2390 10.043495936945233
2391 12.333071663085374
2392 10.692619958028326
2393 11.921740173970553
2394 11.287108763142163
2395 11.04751718658456
2396 10.709201479228378
2397 12.08990825060009
2398 11.404646451123714
2399 9.72637374456719
2400 10.56878358610751
2401 10.079769263202051
2402 9.558931906500876
2403 9.765057540389607
2404 10.104839862989596
2405 10.78523324883377
2406 11.058211316965101
2407 8.699072524345361
2408 10.43281705841318
2409 10.812782938069098
2410 11.677528824605199
2411 10.81952661885508
2412 10.543222357086057
2413 10.808315921143077
2414 10.5155708637649
2415 10.974684619588865
2416 10.981833593277491
2417 11.58855090689034
2418 11.51430258556763
2419 10.698314161599372
2420 10.291499367812861
2421 10.190185215386546
2422 10.933420940269915
2423 10.839378442505508
2424 12.024228645821255
2425 10.624259344016194
2426 10.803759682293336
2427 9.114427963447547
2428 11.239453066759703
2429 9.628108769825364
2430 9.301898381567788
2431 10.387252965604663
2432 10.138459297223664
2433 9.522927376237964
2434 9.30296379829898
2435 10.825446789549483
2436 11.945301707609852
2437 12.22332075709429
2438 12.267250829747782
2439 11.816235367440447
2440 12.134176405602116
2441 11.676475085244517
2442 11.939096289321876
2443 11.229805252411891
2444 11.834633785331574
2445 9.818757218546898
2446 12.380575956714765
2447 11.940825695266106
2448 12.376760200300485
2449 11.576667882069291
2450 11.08112015911647
2451 11.771285568464208
2452 11.723578486119088
2453 12.253175508240384
2454 12.505658065643406
2455 12.111882369381549
2456 12.241205754203387
2457 12.460660589723798
2458 13.97501821423319
2459 11.91523146353143
2460 11.640909308546586
2461 12.193935106993855
2462 12.743176066348623
2463 10.964470559075078
2464 10.980341672952521
2465 12.280895556624053
2466 11.046339528688558
2467 12.05249991005032
2468 12.527306801231587
2469 11.299167652232455
2470 12.420288162084313
2471 11.63918759169092
2472 11.673361182784834
2473 11.500293398362302
2474 11.765717314364768
2475 12.114201575157086
2476 11.420640653021035
2477 11.437997170776141
2478 12.40803619696009
2479 11.881352119437516
2480 11.240185983008473
2481 10.664300328022392
2482 11.81511666859423
2483 11.473724880405337
2484 12.349309379888263
2485 11.862846666137688
2486 12.115650412514732
2487 11.347965250608336
2488 11.53742053790449
2489 12.820900636005303
2490 12.499845974150638
2491 11.211854324173576
2492 11.70776792276302
2493 11.154922828837195
2494 10.108103630390033
2495 10.791837880302946
2496 13.130259492842363
2497 11.902124661717203
2498 12.087182283538827
2499 12.474457618374855
2500 13.573376152472097
2501 11.42896624612239
2502 10.307944861638584
2503 10.76544105034391
2504 10.52959175543087
2505 11.193973001295843
2506 12.532326681240663
2507 10.402939273551398
2508 11.598805688742665
2509 11.730046233650551
2510 11.917808476804213
2511 11.902164074990266
2512 11.21047772202212
2513 12.112736936162452
2514 11.474796565763521
2515 11.918323736481106
2516 12.108004549090118
2517 12.036894384692841
2518 12.515619112217411
2519 12.030743318395754
2520 11.907674484689098
2521 12.63007695643674
2522 13.38564003378575
2523 12.602668781056432
2524 12.133365053646864
2525 12.622379245917976
2526 12.630155832597177
2527 13.536461641936583
2528 13.751575632823428
2529 12.025204699893992
2530 12.650140075995782
2531 12.284533671506482
2532 12.113702785619605
2533 11.982294814172372
2534 12.200544631558216
2535 12.240735741554248
2536 12.762732306661038
2537 12.389877546691602
2538 11.839843239137448
2539 11.812936985681416
2540 12.095654124585046
2541 12.431176657928525
2542 11.768057464953865
2543 10.428558947899942
2544 11.219996438255892
2545 11.372206961730358
2546 12.044292820322488
2547 11.472590281669577
2548 11.019309943140003
2549 10.89864903076704
2550 11.369362422409848
2551 10.349624556665333
2552 10.789841300922212
2553 11.285998379173623
2554 12.242787518327235
2555 11.12602121057999
2556 12.345373839369676
2557 10.891064640127667
2558 11.82817675821635
2559 11.971665130268544
2560 11.500245009492522
2561 11.35146192289528
2562 12.004741097821663
2563 12.371835660799073
2564 11.716028355438787
2565 11.696014114518032
2566 11.778358848255671
2567 10.377046736065461
2568 9.97435278255354
2569 12.532420729048122
2570 11.16359311257802
2571 12.386956849482434
2572 10.321208307813242
2573 11.653360370531113
2574 12.810775705297901
2575 12.3597739682337
2576 12.362152112737368
2577 12.930622772249912
2578 12.221820744298007
2579 12.634791179668603
2580 12.901053033064096
2581 12.297785640225168
2582 12.849878617007262
2583 13.339428606278435
2584 12.851225829320818
2585 12.12425609592285
2586 12.511577066596136
2587 12.176881472740439
2588 13.213532026713452
2589 13.14631604003151
2590 13.93862450785356
2591 14.22016719950796
2592 13.85781822889708
2593 13.249017402694191
2594 13.637846854299692
2595 13.226969184675383
2596 13.364163777700027
2597 12.05204434476972
2598 12.691181623131595
2599 12.182257237986509
2600 13.501588600448923
2601 13.244659502514864
2602 12.562882043418314
2603 11.283250364291105
2604 11.387709454389627
2605 12.766626834268182
2606 10.94629499669673
2607 12.66605043213975
2608 12.783515576062728
2609 13.29176654932494
2610 11.797770651019043
2611 12.822720771506024
2612 13.498442420742368
2613 11.850986382490113
2614 12.937848841349973
2615 12.711712441805297
2616 12.182667144379598
2617 12.066692585603631
2618 11.730924477599027
2619 11.58519773358202
2620 11.699883336782358
2621 10.921967757815647
2622 12.283730874438584
2623 11.075603331244576
2624 12.2834524061949
2625 12.900820816895635
2626 12.814419329199636
2627 10.866977171403946
2628 10.718889343037558
2629 11.301389593784359
2630 11.276651289370738
2631 10.464760120338864
2632 10.979248488857396
2633 9.559924619930822
2634 11.094024701843033
2635 10.65794109429449
2636 10.597049150752623
2637 10.904128294277335
2638 11.037441434435102
2639 11.406728576221198
2640 11.401271061564167
2641 12.298590636481102
2642 10.298225561681544
2643 10.198006077524306
2644 8.946144164744892
2645 9.996227833155634
2646 9.925953587150643
2647 10.08192097479974
2648 10.323046141851341
2649 10.251299295167671
2650 8.541912681569624
2651 10.326557599604664
2652 8.929829912864166
2653 9.089681162437193
2654 8.896194945382433
2655 9.998574824897672
2656 11.285617611424016
2657 12.333192239261656
2658 12.004688381360328
2659 11.263067672532815
2660 11.767293176725993
2661 11.860249062253652
2662 12.353889243366808
2663 12.94499535340646
2664 12.433135010034936
2665 12.984786220667832
2666 11.990151868659614
2667 12.270936842071844
2668 11.053131769259476
2669 12.982100277982589
2670 11.222711958864894
2671 11.69161048205595
2672 12.32564441152621
2673 11.10536999639271
2674 11.433815387573855
2675 11.817732717971106
2676 9.923312373431948
2677 11.141898918965655
2678 11.434954060214512
2679 11.26014936487364
2680 11.441684428299924
2681 10.73586235800924
2682 11.910058416933394
2683 11.596101898305458
2684 11.111944851683694
2685 11.551132173347288
2686 11.379105253662098
2687 9.940966050086633
2688 11.180495744747034
2689 11.75717048769292
2690 11.30044143976147
2691 11.49290286785862
2692 11.114908803823187
2693 11.660252920979854
2694 11.115569665532217
2695 9.972660980189518
2696 11.026561985224308
2697 11.37183822346801
2698 11.3300770309019
2699 11.301007723546732
2700 10.714694631750056
2701 11.030989574474475
2702 12.064968446327905
2703 11.241900679531579
2704 11.441511391658132
2705 11.234607355364682
2706 11.9012370376671
2707 12.233039310121013
2708 13.173282499821111
2709 12.382680742228152
2710 11.32488322937716
2711 10.173419619646936
2712 10.925081652305217
2713 12.154581574331338
2714 11.795464983125802
2715 11.187708154821818
2716 11.776895230176178
2717 11.38158118072524
2718 12.24918892678284
2719 11.562224008600147
2720 11.837382159283546
2721 11.061643850669462
2722 11.694530711388662
2723 10.965712752099968
2724 12.714189181380378
2725 12.17863494383868
2726 11.480377193462985
2727 12.472119262662131
2728 12.368691715084132
2729 12.269059572132422
2730 11.18163451118854
2731 10.645542035733854
2732 12.462836668558488
2733 12.712049668399848
2734 11.318038481417847
2735 11.332861937881473
2736 9.843887591734557
2737 10.188346863844904
2738 11.535742528438604
2739 12.744393344119075
2740 12.919543687836136
2741 11.97668205613628
2742 12.929019536832095
2743 10.979495903979258
2744 12.830755978179296
2745 12.098084528110624
2746 11.06125274585828
2747 12.878214895929831
2748 11.522869736148063
2749 12.426445752775745
2750 12.823966055616548
2751 12.570533780925832
2752 13.15336260039467
2753 12.354683326360368
2754 12.021706323602714
2755 12.653784875789563
2756 12.72129639293259
2757 13.065491096385289
2758 12.402378750074929
2759 13.135323335164127
2760 12.902593314093334
2761 12.8260181050573
2762 12.407452009217897
2763 12.570667055834452
2764 11.448779247591217
2765 12.738987210319262
2766 12.45942770242208
2767 12.803536197958508
2768 13.33152706159239
2769 13.247210596902022
2770 11.699225056085137
2771 12.108600644100303
2772 12.4168383979035
2773 14.155348256157016
2774 12.565396747450995
2775 12.864421841398272
2776 12.975384849298946
2777 11.804613728521241
2778 13.141239038691145
2779 12.498235766858183
2780 12.416761416333541
2781 13.157085868036328
2782 11.809385851239835
2783 11.399620734013977
2784 13.323051990794447
2785 12.377177346098685
2786 12.155743884572294
2787 12.189745805138298
2788 13.28489758665675
2789 13.1243509119196
2790 12.413492517727178
2791 12.183056776954036
2792 12.999051056253501
2793 13.317765547947022
2794 13.217686453468282
2795 13.008254455060962
2796 13.110179669438866
2797 12.601681572133787
2798 12.495378044549195
2799 12.094923825791161
2800 12.46700074457844
2801 12.769092336735515
2802 10.98461593998838
2803 11.409004017650945
2804 12.286908295550626
2805 12.60544991331816
2806 12.149184665844446
2807 12.062093144870078
2808 11.534695838459102
2809 11.514971518041229
2810 11.131742778927666
2811 11.530469565776933
2812 11.599454268674352
2813 12.42133937930085
2814 11.807908409368478
2815 11.349011915451769
2816 12.515347841240049
2817 12.071007699628323
2818 11.587157443917077
2819 12.12433978374374
2820 12.202083523175215
2821 10.997972134194516
2822 11.312440453947081
2823 10.353491363635154
2824 10.281389541095939
2825 9.991031951838576
2826 9.056181638349106
2827 11.904710743231112
2828 11.627989160049141
2829 12.210169030851603
2830 10.523326513993222
2831 11.544285412699962
2832 11.687118778905457
2833 12.731501492326048
2834 12.051578873143232
2835 11.068623167323489
2836 12.86342439938789
2837 11.680848437548642
2838 11.620629349440723
2839 9.746520543010798
2840 11.673329929596921
2841 12.060108131442826
2842 10.866162350413685
2843 11.300902980206693
2844 11.450582922745024
2845 10.745319014581396
2846 11.457970324094038
2847 11.96487043030964
2848 11.188056288819212
2849 11.139673106059613
2850 11.721964392098668
2851 10.88152959379823
2852 11.89761316440199
2853 10.830105821722663
2854 10.736718728400636
2855 11.3065263743376
2856 10.962590261718569
2857 11.663794593322711
2858 11.782603968585988
2859 10.515918591800544
2860 10.472660727111561
2861 10.494837527025071
2862 10.421109002052578
2863 10.786586977283447
2864 11.305856143838088
2865 11.129669993153243
2866 11.449426184262565
2867 10.836294858952884
2868 11.204768536011136
2869 12.741499407699596
2870 10.686012596667497
2871 11.114165691547615
2872 11.40204020183502
2873 10.947913482310092
2874 11.185114724770944
2875 13.791877557021396
2876 12.960416938057586
2877 12.513582457406168
2878 12.319401965305017
2879 11.274388440585053
2880 13.514968586507562
2881 11.950481968565523
2882 11.879376477281166
2883 12.865549553626026
2884 12.05236351665667
2885 11.703711886440463
2886 12.635690656655681
2887 11.596915138663356
2888 11.829078355945397
2889 11.162356102441644
2890 11.590103262444021
2891 12.294005213547221
2892 11.878529324679757
2893 11.675253968967692
2894 12.508636954963329
2895 11.725270007378077
2896 11.861349925239548
2897 10.631537308158446
2898 11.8800173221167
2899 11.61504582015682
2900 11.945371984262254
2901 12.14550703162737
2902 11.702970591088118
2903 12.60306053073298
2904 12.673305011708221
2905 11.65420317346277
2906 11.302640360682766
2907 10.999312282496748
2908 12.649739096505307
2909 11.892508522723531
2910 12.465408317960451
2911 11.63511984494635
2912 12.535867653191861
2913 12.590211710101586
2914 13.354705685165552
2915 11.714466663160369
2916 10.648682682720269
2917 10.766232579067943
2918 10.176893869193757
2919 10.307383655056984
2920 11.778698041563864
2921 11.677938075636511
2922 10.846048567274813
2923 12.419320624196176
2924 11.801652527718128
2925 12.689172463396607
2926 12.762160356659432
2927 12.575653171453908
2928 13.728181379863617
2929 13.455917943562907
2930 13.90903920736667
2931 13.006865776712699
2932 13.320664261072249
2933 13.161351804092051
2934 13.174835515829736
2935 14.244107773686025
2936 13.021353960790016
2937 13.18595545698213
2938 13.242419539818355
2939 13.929612030136536
2940 13.233879509834772
2941 12.746507380688453
2942 14.434117426332355
2943 13.336613026837034
2944 13.36662058625597
2945 13.004540770044363
2946 12.994285795780957
2947 12.845631384563239
2948 14.497427292096758
2949 11.848430542554542
2950 13.46858938294797
2951 14.22137974780125
2952 12.705766039457448
2953 13.337842805872612
2954 13.944922404602531
2955 13.473324239340783
2956 12.274721390432887
2957 13.472121862031837
2958 12.966592432307797
2959 13.597920075857742
2960 13.097805703929915
2961 12.234004279972462
2962 12.727925740371097
2963 11.614471120039097
2964 11.466150583405478
2965 12.841601190882363
2966 12.814551420545037
2967 12.576696089255757
2968 13.25379736764242
2969 12.961790319514892
2970 12.804394161576912
2971 11.442305738134682
2972 12.985920429358455
2973 12.656633637009653
2974 12.583903606381861
2975 12.796912046602916
2976 12.788640670182522
2977 12.658498426824558
2978 12.698988507459136
2979 12.33342755584475
2980 12.587854642418131
2981 12.210252316280016
2982 12.816275888456243
2983 12.15255211796174
2984 12.17661160622139
2985 12.876794244455745
2986 11.270196383917305
2987 12.287646253771287
2988 12.634628242123297
2989 11.973095828747727
2990 11.691413625286456
2991 11.376213824222845
2992 11.900193867748925
2993 12.389932377887833
2994 12.08622034037796
2995 10.457374206855988
2996 12.292710107727784
2997 11.188376420559724
2998 13.058349313330348
2999 12.361236186506568
3000 11.457810009654697
3001 11.436324018146935
3002 11.163792151495288
3003 12.17242536790443
3004 12.744131412954948
3005 12.44520420101586
3006 12.022449751425121
3007 12.4661233630061
3008 12.401837809809491
3009 10.96769291364323
3010 12.198591731733721
3011 10.614043029256614
3012 12.50730366740762
3013 10.900737150906256
3014 12.721932587793713
3015 12.409759491859338
3016 12.683711272243528
3017 12.948691618944363
3018 12.720493097164653
3019 12.387255743397303
3020 13.115838837758742
3021 13.675222657562793
3022 12.556693856581814
3023 12.402177111147873
3024 12.668125180857475
3025 12.234406920770198
3026 11.994675367067686
3027 13.051473968984451
3028 13.058717883036884
3029 14.25463500445189
3030 14.337361898753986
3031 14.162378833334127
3032 13.364469188250672
3033 13.18389244731093
3034 13.263360010913075
3035 13.115895483384387
3036 12.329155129092648
3037 13.855070557431647
3038 13.701589200032753
3039 12.416531230572213
3040 12.579029590798413
3041 13.38994808377932
3042 13.306621023213372
3043 12.29579700159557
3044 13.061322579125141
3045 13.251749279072492
3046 12.298562078090237
3047 12.913281260994193
3048 13.064496969941949
3049 13.042075095617003
3050 13.296524765765888
3051 13.320592642421962
3052 13.724972478567064
3053 14.055214987366428
3054 13.859359070188068
3055 12.878159208376687
3056 13.020410729009209
3057 12.865570812409414
3058 13.816872848543698
3059 13.888372526351297
3060 11.970529975218977
3061 12.841010319670668
3062 13.655739380845723
3063 13.767879040504301
3064 13.613790555283217
3065 13.229923208281816
3066 13.711889537928144
3067 13.515016501159586
3068 13.13619150578364
3069 12.808585671009576
3070 12.911120903707053
3071 12.421499941149698
3072 10.900811031164013
3073 12.284950643401142
3074 11.869038966997204
3075 10.291980012703284
3076 10.370920949967404
3077 12.171995735622204
3078 12.267424631489554
3079 12.512602199813733
3080 13.026580566746135
3081 11.503148883575621
3082 11.635469366103614
3083 12.725822956087786
3084 11.360144099550798
3085 13.094073411017419
3086 12.134651136442477
3087 12.7524399682368
3088 11.837101481095276
3089 11.75437960235127
3090 12.401310718297548
3091 12.333676128748694
3092 12.567746947066933
3093 11.682707249419849
3094 12.307897823647401
3095 11.930318598242145
3096 12.488782762234358
3097 11.735871340468533
3098 12.247736027864313
3099 12.495017743481831
3100 12.4666694498183
3101 12.37765343306131
3102 12.402035322946654
3103 12.358423280980634
3104 13.613084029353978
3105 12.788619727369463
3106 13.458646338131642
3107 12.663143699440845
3108 12.89172595559021
3109 12.641414229070723
3110 12.22830730711329
3111 12.289036594311064
3112 13.47268001343466
3113 13.098616495475031
3114 12.892879521481598
3115 13.03759127058883
3116 13.007313883203942
3117 12.740630763682413
3118 13.09009462886627
3119 12.32790906553548
3120 11.604545679432995
3121 11.744712318351638
3122 11.874232694488187
3123 12.946954224308252
3124 12.446132425151855
3125 13.041483572720157
3126 13.549712275811219
3127 12.709252390392633
3128 13.11257357828644
3129 11.683466079902924
3130 12.800752508458988
3131 12.496306903542546
3132 12.372335357406724
3133 12.930936033941904
3134 13.138091634770483
3135 12.80131002255114
3136 12.60470837435491
3137 13.105566168837317
3138 12.778588198616461
3139 13.42520945295065
3140 13.838900304225408
3141 13.617396177370564
3142 12.659109939215739
3143 13.043090364368116
3144 12.579603345348692
3145 12.089572917254392
3146 12.631990900976593
3147 12.419797248722809
3148 13.421403623537778
3149 13.87925957488741
3150 11.994081725782166
3151 12.831384140126417
3152 12.963224302621308
3153 14.478221347172301
3154 14.937735448691978
3155 14.281981019739828
3156 13.742741663064773
3157 13.681342491288405
3158 13.764865378247247
3159 13.147583515886677
3160 12.531660519816075
3161 12.70901046850776
3162 12.822893181402591
3163 13.214688999762435
3164 13.020428456821072
3165 13.197635449140636
3166 13.32988030474418
3167 12.784804140940127
3168 13.825139080211413
3169 12.998436455762912
3170 12.452170060724399
3171 12.375889038333636
3172 12.803884449148667
3173 11.62448420211187
3174 12.672909049656067
3175 12.078419270891617
3176 12.795481545681977
3177 14.204701698659681
3178 12.11141239419349
3179 12.778844567190392
3180 12.66186829074148
3181 12.333467223422844
3182 13.099404485897168
3183 12.897417866993639
3184 12.504915194831279
3185 14.325039729678924
3186 13.28451597826055
3187 13.789608107905632
3188 13.330689090052319
3189 13.567373411688465
3190 13.22465364726228
3191 13.539111248752075
3192 13.144688615563386
3193 13.352184904546315
3194 13.27188052653446
3195 12.213566435032114
3196 11.9252361367975
3197 12.729821162380127
3198 12.366182124130217
3199 12.504594992539474
3200 12.727273326467085
3201 11.83712176798998
3202 13.470296048690592
3203 12.116451043905686
3204 12.839690079917204
3205 13.375051102871108
3206 11.587678764207903
3207 12.79717843410674
3208 12.158227812915392
3209 12.87706419142158
3210 12.759313458356395
3211 12.918454173178581
3212 12.541281188787632
3213 11.449732201390177
3214 11.260267549659888
3215 12.218630059305685
3216 11.144048886487713
3217 12.048062469215834
3218 13.79225094776617
3219 12.694487345180976
3220 12.606674948222981
3221 12.744161776923844
3222 12.23853411211765
3223 13.191445434129266
3224 11.795249112399
3225 11.442645593193603
3226 11.198958170664124
3227 11.337540405477421
3228 12.716426623824411
3229 12.730180657268676
3230 12.334082947078723
3231 13.421481114791312
3232 13.596715097668772
3233 11.806953877154395
3234 11.914386070787298
3235 12.882670416602146
3236 12.247132198799273
3237 12.563534075425224
3238 11.391798560841314
3239 10.755547850633379
3240 11.879951896960987
3241 13.229686295531447
3242 13.366348143807325
3243 12.527118990254408
3244 11.816229725695989
3245 12.159527690526398
3246 11.414488168103418
3247 12.696718999973417
3248 12.548837193820233
3249 13.407724001934662
3250 12.44578828527692
3251 13.449430737559409
3252 14.184566306961125
3253 13.732443174741123
3254 12.615960299078312
3255 13.40567891133252
3256 13.83908804750171
3257 12.751874674050018
3258 14.006291671727983
3259 12.815170756857471
3260 12.362587834523868
3261 12.983044310294716
3262 12.269607499616887
3263 13.024785502421068
3264 12.102683447900413
3265 13.207317641684538
3266 12.388434653304383
3267 13.181978736381355
3268 13.961496640294712
3269 12.01973868049583
3270 13.212425745009758
3271 13.030278738792225
3272 12.75931043842538
3273 13.069978291292584
3274 11.76001626934945
3275 11.128386541810798
3276 11.131462331230859
3277 12.896779511498034
3278 12.683529345434527
3279 13.142131918257586
3280 11.414758847363409
3281 11.742171986487993
3282 12.768929287469255
3283 11.448082515763472
3284 11.856624327950273
3285 11.222436448205157
3286 11.73254936515286
3287 12.334838923288904
3288 11.546759683648375
3289 12.330148292262939
3290 12.193758118708423
3291 11.913159788547924
3292 12.308950939086257
3293 12.153004633621146
3294 11.987846095655307
3295 11.74392950331922
3296 11.782038296517241
3297 12.383532682508795
3298 12.243124737032769
3299 11.683559290190022
3300 11.998375016119844
3301 13.978434697658612
3302 11.226033971527464
3303 12.275291166874343
3304 11.423055562172115
3305 12.387454544862024
3306 12.785954878099684
3307 12.339971928127577
3308 11.56673027958603
3309 12.365870972228858
3310 11.162083100639355
3311 12.154703243625853
3312 11.227593842895317
3313 13.499562749493451
3314 11.614154004453555
3315 12.402285834019048
3316 12.558182559792776
3317 12.33172449302625
3318 12.929300253361008
3319 12.659824007268284
3320 13.598545629938414
3321 13.663203938351886
3322 13.914234190419636
3323 12.679592800522162
3324 12.44593764454823
3325 13.654548263202695
3326 11.915978952936745
3327 12.797364232370349
3328 12.727366360840309
3329 12.577666476019587
3330 13.90701865820596
3331 13.444782508125513
3332 11.393043773299354
3333 13.599053871739523
3334 12.894448175122804
3335 13.137474906456118
3336 12.178735695288161
3337 12.199024271422694
3338 10.88368866086332
3339 11.003589958181458
3340 11.031067838536627
3341 13.266344229711576
3342 11.84955759605589
3343 12.507233769455366
3344 12.175191389832472
3345 11.394119298963608
3346 11.78867957172254
3347 12.182444661541878
3348 11.522131183638534
3349 11.93399079683201
3350 12.643656407145176
3351 13.109063561732487
3352 12.87237589788502
3353 12.069171502822655
3354 12.292298710317086
3355 11.642654099644213
3356 11.79919672078163
3357 12.565857198118291
3358 10.763620820099844
3359 11.924531864728614
3360 12.107783068181092
3361 12.520961642462566
3362 11.323623177283324
3363 10.449598766754743
3364 12.447187340513276
3365 10.520172357860748
3366 11.208840879191525
3367 11.666582186875585
3368 13.329041500215277
3369 13.96298124610001
3370 13.252839527973906
3371 13.174879443549584
3372 10.986917442948306
3373 10.873554219992943
3374 11.105208527362695
3375 12.35753164403063
3376 11.31987078036912
3377 11.727162280113824
3378 12.320544161112766
3379 11.139804907620933
3380 12.619307929715092
3381 12.913655548478395
3382 12.453252514211743
3383 13.28795259778009
3384 13.983553158136601
3385 12.955579017648136
3386 13.159400119733332
3387 12.727082680294155
3388 13.004204597483707
3389 12.686960997734566
3390 12.808361690203625
3391 12.940441691013447
3392 12.205415395554564
3393 12.402630200433745
3394 12.503812746036997
3395 12.730991887887901
3396 13.68681746479014
3397 12.776512879615094
3398 13.265116015638494
3399 12.727105982836664
3400 13.09889282014945
3401 13.23206014588761
3402 12.203814062803536
3403 11.329125700279713
3404 13.26351463712698
3405 11.390050313437659
3406 13.919595195322236
3407 12.824192174981514
3408 12.609125690027913
3409 12.648459094500003
3410 12.54043279591512
3411 14.019211480228059
3412 12.53925443145759
3413 13.164234593761442
3414 13.339355104697265
3415 13.626392663069263
3416 12.674400115798603
3417 13.319449857743805
3418 12.901453145234806
3419 13.219807514399845
3420 13.924663956490193
3421 13.637116373374507
3422 14.014465941245515
3423 13.337699686318038
3424 13.335613163459865
3425 13.378393624763516
3426 13.818020859593032
3427 12.964190781215368
3428 12.822503991859387
3429 13.142274215122654
3430 12.517071525993451
3431 11.700596765934193
3432 13.025585667424332
3433 11.499533765016784
3434 12.126762953745573
3435 11.408462550957985
3436 12.40830529961103
3437 11.926399353071405
3438 12.455501754008909
3439 12.647923160554098
3440 13.306793583766273
3441 13.575503819735662
3442 12.223553402802871
3443 14.141124448729212
3444 13.773908420964204
3445 13.050527361919002
3446 14.456165107741382
3447 13.654312447133528
3448 13.162065559021679
3449 13.062009063928862
3450 13.729646029985185
3451 13.625081333306886
3452 13.689575744815812
3453 13.551379265327776
3454 12.327683426796593
3455 12.669430798012286
3456 13.653500886958536
3457 14.260614716393302
3458 14.532992674512903
3459 14.14742903812336
3460 13.527726000998358
3461 13.405044822063637
3462 13.948644874633843
3463 14.07661232747195
3464 14.315761640022746
3465 13.894008454880561
3466 12.899274647157085
3467 13.385527711602123
3468 13.040317775156883
3469 13.899925380814096
3470 13.719091212374446
3471 13.433635970829183
3472 12.770017835805646
3473 14.440016208650443
3474 12.9292878142331
3475 13.058691989890542
3476 12.61424071601483
3477 14.091894838105242
3478 13.634981129113308
3479 13.408794368451764
3480 12.973754339677845
3481 14.62863136517958
3482 13.490370075984417
3483 12.939324301308373
3484 13.738197400541472
3485 13.512802971958148
3486 13.133090729065806
3487 12.787280402217226
3488 11.898919040857729
3489 13.275583214315287
3490 14.013730338511836
3491 13.754451801021366
3492 11.68861546601968
3493 11.935697043703401
3494 12.689582204713696
3495 12.253798130202988
3496 12.515290804268915
3497 11.839407313566866
3498 10.961304143389285
3499 12.010902813625687
3500 13.142634990449606
3501 12.61538391460784
3502 12.151603546198622
3503 12.692975240980568
3504 12.146772492418487
3505 12.143873036326895
3506 12.944298974922962
3507 12.337785814247654
3508 12.25443171777075
3509 12.164474712529975
3510 12.304445047029327
3511 12.507681177334469
3512 13.77174769273698
3513 13.100836296878683
3514 13.597393050205794
3515 13.694307239138372
3516 13.460436688916804
3517 13.233008807961244
3518 12.917320695847701
3519 12.18689354498478
3520 13.03093621357971
3521 13.172766909514479
3522 13.25558332273377
3523 13.846360579154203
3524 14.01254040750479
3525 14.259076577740204
3526 12.698816713852478
3527 11.80487382303928
3528 13.418465731449642
3529 14.447120588490096
3530 14.00795020552879
3531 14.154168735190114
3532 13.251654549424469
3533 12.785356036720634
3534 13.78523933587559
3535 12.774613761544327
3536 12.1644636860256
3537 11.944469934061901
3538 13.26723499862492
3539 12.22713993981433
3540 12.235588815082483
3541 10.550257637097662
3542 11.299852558093022
3543 11.688959715207282
3544 11.955028524905591
3545 10.550943352639433
3546 12.040195149332769
3547 12.824205710760182
3548 12.587831987113265
3549 13.91343484688418
3550 13.075173905159787
3551 12.927258408059805
3552 12.727589778192948
3553 13.908567212139396
3554 13.715262586729397
3555 13.667784025217117
3556 12.60177711718825
3557 13.342954765805697
3558 11.933688310543232
3559 12.43506053399139
3560 13.170381363407962
3561 13.547383940630027
3562 13.210127285239542
3563 12.749015545945317
3564 13.183213279987566
3565 12.43355343076369
3566 12.298299353420116
3567 12.228809738070044
3568 12.237684922034727
3569 14.425825615439836
3570 13.901164443827177
3571 12.857614735500439
3572 12.664071266413984
3573 15.014025641707608
3574 14.532590465044667
3575 14.317585685824529
3576 12.55277236530575
3577 13.51573493226669
3578 13.408831322061893
3579 12.991994372439033
3580 12.911171261870882
3581 14.591584386004197
3582 15.34011528369926
3583 15.617729620837377
3584 14.845901846136439
3585 13.431120862735662
3586 13.603758645308798
3587 13.343774287339523
3588 15.015462724109335
3589 14.94190082637499
3590 13.359458921527317
3591 14.924492223848574
3592 15.682934535589832
3593 14.547763704520172
3594 14.11338568947316
3595 14.227505005613438
3596 11.98785223717673
3597 15.693907350517847
3598 15.085684847866752
3599 13.990774015730537
3600 12.750723337042897
3601 13.910686231813804
3602 14.822853486418419
3603 13.38985835176509
3604 14.269438715848748
3605 13.897240647684082
3606 12.570913773787046
3607 13.301095434466195
3608 13.677901958404952
3609 13.256949126417238
3610 12.770563761933854
3611 12.766802596988628
3612 11.805665004407674
3613 13.331715783332474
3614 12.91147777925866
3615 13.748909052959036
3616 13.509426635390009
3617 13.316812924176826
3618 13.575796205892791
3619 14.240739474009922
3620 14.154660377215968
3621 12.88696359779567
3622 13.68097669160167
3623 15.15275528310628
3624 13.332056186113784
3625 14.749273365602368
3626 14.543055828373012
3627 13.84027824701204
3628 15.698242190562734
3629 13.389411498368455
3630 14.668053589759953
3631 10.840991071109842
3632 13.553153186758623
3633 13.335445735706918
3634 12.540002700102487
3635 12.156950626627133
3636 12.207010736858894
3637 12.740753910509527
3638 13.519435674753064
3639 12.72936323384859
3640 13.247505697383644
3641 12.837911253885288
3642 12.805468687561875
3643 13.78849944683269
3644 10.345335497060068
3645 11.276971677003102
3646 12.13210823663968
3647 12.847765349000092
3648 13.787740317611224
3649 12.801881801503564
3650 11.359000110818144
3651 12.022408773862217
3652 14.407127867564537
3653 14.232421180913015
3654 14.043250487438767
3655 12.449476807664153
3656 13.184964061662955
3657 14.810337656050942
3658 11.587193714033761
3659 12.225081565166008
3660 12.587035242106479
3661 15.529577252984069
3662 13.97422684334247
3663 16.276629769054423
3664 15.477018698122071
3665 15.192962911616648
3666 15.41411986524394
3667 16.68861439040486
3668 17.022314479008088
3669 15.720768816255132
3670 15.874046491016115
3671 16.542924944698044
3672 16.404068323227875
3673 16.268112793245965
3674 16.62848600578223
3675 14.21183442196519
3676 13.456064873797569
3677 13.007138203714826
3678 13.85680632552294
3679 12.930616013916373
3680 14.468322169553966
3681 12.710488343060922
3682 12.922769819689325
3683 12.90743284685169
3684 13.252879103729086
3685 13.948055293997959
3686 12.898244042879213
3687 11.777304122163342
3688 13.239668474456987
3689 14.13259433706462
3690 14.175751508111292
3691 15.237229018522227
3692 14.305916127563227
3693 14.534402550439669
3694 14.16093963000124
3695 14.29811816700643
3696 16.141347450347965
3697 13.880105579205624
3698 13.94777620147893
3699 11.324251140703883
3700 11.60375921635782
3701 14.043654016987693
3702 12.459268534394639
3703 11.28120026121256
3704 10.840920234840413
3705 11.28048379077161
3706 13.536221717173454
3707 13.610969511735902
3708 13.682818858306499
3709 11.747435003551477
3710 12.924952686100262
3711 13.36522518061237
3712 13.518899727580044
3713 14.30648089373462
3714 14.465836325295253
3715 14.169565962808564
3716 13.44737705609265
3717 13.344761365956193
3718 12.366044555056583
3719 13.946226913302517
3720 13.076513190857627
3721 13.542655123283614
3722 11.531799611564024
3723 13.557894903529126
3724 13.337206855965567
3725 14.200831847420726
3726 12.409098654453482
3727 12.08406007178991
3728 13.89348034467002
3729 13.160096908260764
3730 13.226331649112582
3731 15.263639884404277
3732 14.31397112880883
3733 12.545495772649115
3734 12.49968332265067
3735 13.738240023454845
3736 11.31623158656086
3737 11.776371683559695
3738 12.83393363645491
3739 14.373692777903772
3740 13.119973182771355
3741 12.712036513261232
3742 11.3958792129932
3743 12.93090205433753
3744 13.8227770946313
3745 14.128808318129261
3746 13.01698077909071
3747 12.88730134934398
3748 13.060249751274831
3749 13.070844077514423
3750 13.383275891296325
3751 11.793243013435193
3752 14.224729984610654
3753 14.456319930604451
3754 12.67452747266395
3755 12.753552470448687
3756 13.782645684712795
3757 14.452503356458367
3758 16.648910283716994
3759 13.257699471707987
3760 15.04016643523465
3761 18.330761406253007
3762 16.588864343693363
3763 16.54248036340078
3764 14.352379837849856
3765 15.059834869819587
3766 17.987870502236547
3767 18.571109092924182
3768 18.446918018578604
3769 17.05157908329979
3770 15.833687454911267
3771 16.40796987943919
3772 14.066439131345529
3773 15.46630155545694
3774 13.783924234981598
3775 13.107000656089795
3776 15.410982102495208
3777 14.181447612118328
3778 12.892206761145594
3779 13.624500615759057
3780 12.840234878627506
3781 14.312941404988722
3782 13.156618354567643
3783 15.629673968804713
3784 14.40289644558914
3785 14.22043133817953
3786 13.48566771668033
3787 11.59659291855826
3788 14.376875194758327
3789 11.060496615805697
3790 14.18028739681416
3791 11.076818788555249
3792 11.142071893906083
3793 12.630239429878278
3794 11.644308644826294
3795 11.77735413466161
3796 13.75749726600855
3797 11.751781056059679
3798 13.310124632082124
3799 14.153582976039948
3800 14.925742765880393
3801 14.764493039867025
3802 12.766813732711876
3803 13.865370383587067
3804 12.084495661564242
3805 9.353755604176596
3806 11.734094460024563
3807 11.511008234086033
3808 13.139597056585467
3809 12.91795060937806
3810 13.38603220103727
3811 13.292730382245667
3812 13.273006925748456
3813 13.589883531941021
3814 13.498285981507333
3815 13.377155482506865
3816 14.200048223280932
3817 13.354748237666218
3818 13.113387326776092
3819 12.873272267744598
3820 12.964901681008092
3821 13.803645943261618
3822 13.32206335038363
3823 13.676706916580063
3824 12.877325037291062
3825 13.01136102897916
3826 14.13682370263706
3827 12.4931700307951
3828 13.53931424544769
3829 12.891161487182243
3830 14.394449938076349
3831 13.850820552937448
3832 14.512153201882818
3833 14.17996765025525
3834 14.627508546903103
3835 14.172794476768571
3836 13.28973236205036
3837 13.922227222789456
3838 13.025692077879068
3839 12.916556162022841
3840 13.348143811060076
3841 13.075576369702688
3842 14.056914076344404
3843 12.222462414322496
3844 12.29026712561257
3845 11.629388003729972
3846 13.060995328055457
3847 11.181227315779486
3848 12.505594594822812
3849 11.64545234322583
3850 11.580513552280491
3851 13.251708404615798
3852 13.513823747386663
3853 13.00637295842283
3854 12.327828659477246
3855 12.646199877833963
3856 12.41941044942414
3857 11.919446086816931
3858 10.764728904253756
3859 12.606066287990496
3860 12.090122554968966
3861 12.87512096874235
3862 12.828258575339497
3863 12.769903457027409
3864 14.383403332579302
3865 13.91693148817814
3866 14.105001920845018
3867 12.776076102427485
3868 13.868323755166662
3869 13.530206014076457
3870 13.90104917186608
3871 13.381069808526808
3872 13.905523782500719
3873 12.512538437213285
3874 13.308698090036536
3875 13.393349538736906
3876 13.874531958693797
3877 12.632183609863956
3878 11.769290806514267
3879 12.95792548824952
3880 13.869628316112594
3881 14.538141592128483
3882 13.05146414028218
3883 14.007161674548499
3884 13.732040047783988
3885 13.038738845971706
3886 12.590177274620736
3887 12.526424160028933
3888 11.759304609045538
3889 11.105700617180116
3890 10.823711988688808
3891 13.035452178384402
3892 12.486117761432943
3893 11.965589339859509
3894 12.106031743372961
3895 14.313740675279567
3896 15.625782823752523
3897 14.465192762529364
3898 14.463213697019182
3899 13.408370801033682
3900 14.104425815605417
3901 12.088654327224509
3902 12.227701787850366
3903 12.416271282959407
3904 13.166354091971188
3905 12.420503512205945
3906 12.414981576858782
3907 13.71399326825668
3908 13.070737288446425
3909 13.161709561025875
3910 14.665963683544573
3911 13.194928623309343
3912 13.829178121699984
3913 14.06811365177917
3914 12.468701408700845
3915 12.73758246428242
3916 12.112089817659337
3917 12.176541086285546
3918 10.942508048089238
3919 11.266828220169803
3920 11.947603282307282
3921 13.611765537594282
3922 12.838841542187774
3923 14.112408928010272
3924 13.72460049835452
3925 14.368962605195183
3926 13.746012569805098
3927 11.864620798569135
3928 11.949761200251203
3929 12.42308087534592
3930 13.17077425257728
3931 12.75628392533759
3932 12.791252833038548
3933 12.727697756691303
3934 13.112892602858688
3935 10.574769280553795
3936 11.774966175979335
3937 11.324586869072382
3938 12.028078222210727
3939 11.981788274051068
3940 13.310088725264348
3941 11.21432289355105
3942 10.853716350832581
3943 11.31702922592839
3944 10.259135616097883
3945 11.55853548006333
3946 12.367191069051156
3947 12.423413815729162
3948 12.429345311414606
3949 12.701623342500708
3950 14.083902802773851
3951 14.100286225898467
3952 14.538767931135704
3953 14.160902863184756
3954 13.276017103294501
3955 15.706889897419519
3956 17.07366133154153
3957 15.835863671414605
3958 17.084240777147464
3959 14.782153622414762
3960 13.397699355352332
3961 16.67967650477327
3962 15.532231436901878
3963 12.945825839202309
3964 14.280395199950188
3965 11.737561738431639
3966 11.341445367326665
3967 12.079410005903394
3968 12.328060074641087
3969 12.29535199158993
3970 12.215474233085713
3971 13.298486393553393
3972 13.64998173594435
3973 12.893093917688569
3974 12.87059426099154
3975 14.114433014607819
3976 15.441024782831162
3977 14.706723447144693
3978 13.065315760269497
3979 14.12095338245172
3980 14.920820764869788
3981 14.077309260324641
3982 15.079996488658388
3983 14.822585720744588
3984 14.870392202555218
3985 15.862037020854904
3986 14.660002292359511
3987 14.296300081614584
3988 13.417387129302083
3989 13.908652211103158
3990 12.462762032254515
3991 13.134094388171327
3992 12.942116868742705
3993 12.162692281556486
3994 13.587667192850057
3995 12.968591857920009
3996 14.118701002331735
3997 13.298353072227796
3998 14.25416399909905
3999 14.492407534235804
4000 14.066185993268487
4001 16.445371315401445
