0 14.164849609917082
1 10.754044304833759
2 9.073455088871139
3 11.495909548330296
4 10.879114553591316
5 10.11358739495839
6 12.920706681924166
7 11.136809170416095
8 8.75344187581304
9 7.199699957956862
10 5.3423564954894385
11 4.597323046089495
12 5.009812963958723
13 6.931503790871142
14 2.9982289381426117
15 3.0004774619108003
16 2.9403812067910033
17 3.1033469264697358
18 2.902966176802795
19 3.3761302507959896
20 2.7126517485742268
21 2.7477223672483126
22 3.192942345428868
23 2.549240428823252
24 2.6524695573584296
25 3.1729168713585714
26 3.0021195030081813
27 3.1279622166564605
28 2.9020555595911017
29 3.2779814265834926
30 2.6368856764313544
31 2.570737700523907
32 3.040847565053011
33 2.5844654019052347
34 2.6373643905784396
35 2.838104702282698
36 2.8160858781131486
37 2.7473995734310277
38 3.9595745187576066
39 3.0306596958257956
40 2.6326513460318135
41 2.5523681071688413
42 2.557236690749699
43 2.7209299494926964
44 2.903703970772407
45 2.6488584839522415
46 2.6146080196067945
47 3.0379107277892325
48 2.679712424728956
49 3.1492302724990293
50 5.0695162144689006
51 3.1357145205344255
52 2.805919361934547
53 2.5077491388616058
54 2.718300661623959
55 3.160146388033735
56 2.660826413272122
57 2.8740777987738038
58 3.202354071432167
59 2.7959137461944077
60 3.00482457441308
61 2.8991799677674766
62 3.7867975479251896
63 2.580422726127927
64 2.7662943451783626
65 2.7384355620374463
66 2.5657665887473056
67 2.524006276001696
68 2.833137225050491
69 3.4340190100888286
70 2.654451943137817
71 2.6159311907398153
72 2.817815794566995
73 2.7818733454284104
74 3.024094891298752
75 2.602247207203648
76 2.876191029251583
77 2.6354609169946257
78 2.790564303193008
79 2.489702063205588
80 2.8538735936528523
81 3.2035634841870277
82 2.847200334841351
83 3.083391013711319
84 3.287987736832541
85 2.7435750226380162
86 3.0122305737100605
87 2.8533546262829343
88 3.424215105773921
89 2.5919492437318046
90 2.8825490913355356
91 2.5675754061599614
92 2.6472224691554147
93 2.6533570695325808
94 2.6278282563007767
95 3.148997511942681
96 2.6841577731496264
97 2.515167242012541
98 2.7643635916616667
99 3.564216288365761
100 2.554409863729099
101 2.6935993916157464
102 3.2586240394532466
103 2.5982048633600656
104 2.710095513558176
105 2.6175253332577424
106 3.0203456832499995
107 2.6346219119098913
108 2.471498126178638
109 2.4344310238412006
110 3.0422183290307787
111 2.5594031332523794
112 2.5041044249426245
113 3.0240052897739544
114 2.852656810578499
115 2.746295503468664
116 3.224239026331266
117 2.648728234098339
118 2.6535224536346775
119 3.4671156345571745
120 2.867854069326937
121 2.6808911131850914
122 2.6478860201048717
123 2.4665548680144607
124 3.2836455954667434
125 3.017933622623077
126 2.9285956965635123
127 2.7763679308335556
128 2.5999409372627227
129 3.253224731688061
130 2.536526972586738
131 2.8166096334029995
132 2.6851132448351516
133 3.32756362315764
134 2.600412632406995
135 2.819076390903424
136 5.250662162657855
137 2.7058565712079314
138 2.5809412414828383
139 3.540768108335158
140 2.7365170382296298
141 2.543665052648322
142 2.6906944736999483
143 2.745131025125513
144 2.8480236988621668
145 2.839017326238309
146 3.9838750165052
147 2.7116221015301503
148 2.9328667785883566
149 2.660481449251074
150 2.748081779220716
151 3.401876307520576
152 2.5636674116736438
153 2.9158439205039532
154 2.534501924064051
155 2.555957013565254
156 2.6885748815732264
157 2.685190282013553
158 3.2904463092536496
159 2.9406520950827426
160 2.617724898799445
161 2.8428956595818047
162 2.826353889595547
163 3.0722471784083094
164 2.574657157529956
165 2.9494816659000684
166 3.073249348335345
167 2.958121658735032
168 2.9159588904201867
169 2.7024846525290296
170 2.867656249473129
171 2.8176988397917326
172 2.5143378470328157
173 2.623193678419096
174 2.7101709730035717
175 2.706473706454674
176 3.1104490420858775
177 3.0097297577686506
178 2.662067926012397
179 2.6438925716977573
180 5.404793562007474
181 4.8350947850282875
182 2.636900692221139
183 6.163207785175471
184 2.5563637305988607
185 3.2279204712787735
186 2.7128174531217017
187 2.5868148162019486
188 3.12592202317141
189 2.7409024324388827
190 3.3126088409520404
191 2.6966465035701477
192 2.7068422992861625
193 2.6833510693657288
194 2.7216611053624105
195 2.8085697642222205
196 3.3609631865487946
197 2.981742184748369
198 2.7344037799858634
199 2.9177732155080998
200 2.9644720521633214
201 3.5725681039534005
202 4.422043978145805
203 5.243780469771306
204 2.85890058821328
205 2.766846685170911
206 2.624262781308042
207 3.04384896207468
208 2.924945209221472
209 2.6470737149416403
210 2.6933850278292524
211 2.9214522108085648
212 2.780777285474627
213 3.0376072019653306
214 3.1674817973098723
215 3.7287274191761286
216 2.605161861436833
217 2.951196666029742
218 4.040710936967896
219 4.907699390627008
220 5.665821859973179
221 5.658758754166769
222 5.795369344010303
223 5.028685452217704
224 5.484168613129013
225 5.229753441334565
226 5.717071133889503
227 4.762032312854273
228 8.421395935181842
229 5.479114281020506
230 5.923299093510809
231 5.876652563637764
232 4.494314322628845
233 2.6227566138034066
234 2.7629020350064533
235 2.7685959969950624
236 2.889987378480182
237 3.7152153402493693
238 3.6804463033062755
239 2.998078824416758
240 3.689021623141428
241 3.7006544934451386
242 3.2789833414703926
243 3.3785436293892372
244 3.197976602056164
245 3.6238910244708573
246 3.212941291875272
247 3.5301374111607364
248 3.6709502575614614
249 3.289412233216844
250 3.283586418926828
251 3.5595800769456782
252 3.391533724675671
253 3.6391271311762274
254 3.6599528827685286
255 3.744439279223558
256 3.841463393085622
257 3.588273086884557
258 3.155960329093208
259 2.6122734527971057
260 2.6004263572408823
261 3.4584543275079223
262 2.601821886732
263 2.7370036383035163
264 2.7578229577881705
265 2.8916786160572805
266 2.614837711476762
267 2.668455144462394
268 2.5858166595299927
269 3.1641663230938506
270 2.8348098088310083
271 2.9296750288861797
272 3.2541699135403843
273 3.5591599354098795
274 2.862401527547536
275 3.3746817316516715
276 2.5448288248132958
277 3.2615801914404137
278 2.687512418218397
279 3.322426544149802
280 3.3173066980526627
281 2.892064125771108
282 2.617518765768259
283 3.03306029877844
284 2.5861760174976802
285 3.122624788270533
286 3.141064761955506
287 3.3064699177054226
288 2.710933809898837
289 3.2529143706560806
290 3.4267897258252034
291 3.3548270666237507
292 3.141214361876423
293 2.8527362914966043
294 2.5402357896479777
295 2.7840314266391326
296 2.6687912142792807
297 2.9514647868200004
298 2.5979355911947395
299 2.7632939262328735
300 3.0313238357850505
301 4.63819657351544
302 3.6411000574455654
303 2.798090163275775
304 2.572042943100473
305 2.880602744411579
306 2.6910757221354213
307 3.187558703554085
308 2.7011496135350694
309 2.6688888014888024
310 3.035205609637562
311 2.9188180498832037
312 2.669077815014306
313 2.5775875496344476
314 2.9794755896700984
315 2.590400833008606
316 2.7479310276823283
317 3.4073150510766754
318 3.759527432796948
319 2.6703042006442335
320 3.276233656703758
321 2.936739591321677
322 3.208348072001328
323 2.4654896470763847
324 2.737646751898603
325 3.128368961384416
326 3.3717672537549155
327 3.1889435298937814
328 2.6142440654440753
329 2.603581286102478
330 3.042400266082468
331 3.6834294560089607
332 3.0386432654519515
333 2.879414151795039
334 2.7305752259299916
335 2.5228610821051918
336 2.5456072189911905
337 2.8323523411772715
338 2.88772245586052
339 2.5293783903477967
340 2.585068133600465
341 2.528340812020323
342 2.594647019917064
343 2.4791471430150893
344 2.5033728822257992
345 2.579676231651521
346 2.5230471562234698
347 2.4879835612398686
348 2.506603776816842
349 2.5474084444240703
350 6.71401537359409
351 5.318648620717198
352 3.6057453093139893
353 2.605856053139715
354 3.471291360142175
355 3.5286395495181435
356 3.6789321614798034
357 3.284718850485139
358 3.2553208078543263
359 3.6746113131776217
360 2.8230822704740293
361 2.727787268027511
362 2.7347240803977266
363 2.6956152425691524
364 2.8445771089227314
365 2.7893567170191016
366 7.110594444917395
367 2.6544693692830643
368 2.735091678959723
369 2.768910308125265
370 5.578175612379616
371 5.33671835357309
372 3.055865960642237
373 2.680829246678566
374 3.156212868171835
375 3.240706577740437
376 5.20995869465131
377 5.352075787153601
378 4.87590851332089
379 3.351996705068539
380 2.628498180919688
381 2.906930419027916
382 2.609698905390148
383 2.800057430773405
384 2.649730862184346
385 2.8991698151638614
386 2.5760113044652866
387 2.806226438431528
388 3.0085296679518447
389 2.8828165203148384
390 3.019567016999115
391 2.5798253924501413
392 2.7259375022415973
393 2.824913387088749
394 5.163128883319125
395 3.102230315189774
396 3.0047548434673055
397 2.8837766773049034
398 2.846452494420399
399 2.6483492622271663
400 3.288648728800614
401 3.209606929260194
402 3.169307372221395
403 2.857451901173489
404 3.4285654223194593
405 3.0666391096648065
406 3.0295331863653874
407 2.7302297209068915
408 2.778426438557008
409 2.600414690839689
410 3.5591164827723705
411 2.5097540396770164
412 3.2407564259827177
413 5.421319121137379
414 5.461504880720983
415 5.434987879996207
416 5.788729980279694
417 3.3487164320988523
418 2.689281156011288
419 2.7894538558199575
420 4.020691423502968
421 4.88070016559612
422 3.823328961941162
423 7.958842228505216
424 8.264578310351784
425 5.164606179426868
426 9.831999089033017
427 10.404676306855393
428 12.886096879416213
429 7.382371807703513
430 9.9924865030832
431 6.693596825650851
432 12.915332782637796
433 8.535529162245963
434 5.280141232946793
435 5.577108976780327
436 5.352712384591969
437 5.71825147460031
438 6.274096260074795
439 5.968463819937134
440 11.113406570788518
441 13.434957714179085
442 15.197640074185841
443 10.31430462237553
444 5.889919146647097
445 3.9253380918314495
446 2.849341620996495
447 3.691196299007025
448 3.153086914316679
449 2.5335065269863772
450 3.628302068502622
451 4.581817003673112
452 4.662264652317841
453 5.794270121550722
454 6.388043867695194
455 6.238959989446695
456 4.731403994115332
457 7.426386368814251
458 7.369418985255344
459 4.5000236219003025
460 5.2868428160076615
461 3.235048746631344
462 3.0800952958639685
463 2.61631507964838
464 3.4949117092191857
465 2.802236074774471
466 3.3271305544664846
467 3.0062566060124656
468 3.0904827817356297
469 2.6644673938663463
470 2.7532194938287553
471 3.7081836564549624
472 4.05098812830982
473 4.604617112419176
474 4.604328839396156
475 3.6756105250625177
476 4.266776848248614
477 4.704262743925714
478 4.909177285008047
479 3.49335057337045
480 5.721477555668743
481 4.720401929781396
482 2.525856764680865
483 3.6563835216217835
484 2.9538622276562996
485 3.2008010848626602
486 3.4221910837529754
487 3.1951558648752028
488 3.3532705101220763
489 3.1832293388196344
490 3.1210092394192013
491 3.562233003171254
492 2.9791176594499102
493 3.268819336850788
494 2.9698877304410303
495 3.207244838403075
496 8.701943475014467
497 7.782160790954528
498 16.808617337996978
499 12.5865147754704
500 12.223157877300201
501 13.840686832101232
502 11.254979986159313
503 10.407401507447021
504 9.370656622452648
505 8.399400333801745
506 7.402635796516383
507 6.804744242649596
508 5.333373944388461
509 7.70527189038923
510 5.07767511890006
511 6.32185232734912
512 6.449472426494696
513 8.45222622265316
514 5.827886597368577
515 7.32779600766152
516 8.019444309876866
517 6.543099665670945
518 6.0123495256505715
519 4.958763225088615
520 7.150821132975366
521 6.225015229357845
522 7.111740021504334
523 6.768898626810554
524 7.040960149750667
525 8.534873356567394
526 6.596137931237968
527 8.868605330620163
528 8.204539830835484
529 10.769982476821975
530 7.757101000780962
531 8.531301904318658
532 12.580874831526565
533 10.253651609489681
534 5.845006572374889
535 5.497233551082077
536 8.041497142569463
537 9.119489237475818
538 7.769019158315587
539 6.639871103577986
540 6.6228082093088565
541 11.259792458774907
542 7.048874599484498
543 9.480133028827362
544 9.841409232793268
545 9.801962385391937
546 11.488957411675663
547 10.676060410303455
548 9.651210560821879
549 9.547901562289574
550 10.660444312079967
551 9.730475293163632
552 11.5529065588413
553 10.1484102249278
554 10.294398500974253
555 7.9846837264341755
556 8.785990314284332
557 10.021883801697705
558 10.40105101666768
559 9.176242386773959
560 11.15751910646573
561 10.195987145124983
562 9.773058736604069
563 9.549912195891377
564 9.190265809741252
565 6.359776331972788
566 7.925114056752541
567 6.792059060712332
568 7.652562835948875
569 9.087425736120958
570 7.6027741018218045
571 6.663216812368727
572 8.95979034382991
573 7.703070495338898
574 9.543834733688959
575 11.185363556946195
576 9.333342910090824
577 8.324950939871535
578 8.016405232419663
579 8.470553159070828
580 11.241619739304245
581 8.06474125446907
582 7.644406034204798
583 5.812114076474994
584 8.424737839873453
585 7.030475847899737
586 8.207783756061788
587 10.055698208841456
588 9.654602667893027
589 6.640635542393347
590 8.547798092006436
591 9.6554758232215
592 7.848101337456051
593 10.043320297081557
594 7.995268553045416
595 6.280056483031527
596 6.496846523913029
597 8.12066320050577
598 7.597735758944175
599 8.943392345260198
600 9.487104415025964
601 8.75647812710414
602 10.843050715363391
603 9.790119661685521
604 9.765209670000493
605 10.329407296251741
606 10.693832410059686
607 11.714825693579781
608 11.75242986973612
609 8.527151941488409
610 8.678046043670264
611 9.9443214388308
612 9.647232768364162
613 8.435199830250182
614 9.670780598518222
615 9.56697024036988
616 7.546778486709836
617 7.253268635417954
618 7.515973490939074
619 7.2436306085662645
620 9.406762333077953
621 7.960065318087818
622 6.128714088374822
623 8.5198318196244
624 11.013562299605736
625 9.177878271345259
626 7.911303268502819
627 7.019440483989985
628 10.101241484229213
629 11.39092388676371
630 7.793221429469772
631 7.882327111235348
632 7.491183678640264
633 10.346860740586152
634 8.175608149968543
635 8.313273961529667
636 8.952314656249667
637 8.06002137515553
638 7.960269666351809
639 7.966140552861572
640 7.829348045190928
641 8.156268994777266
642 7.393110757728045
643 6.8510320463523
644 7.9067225971590815
645 7.889328799402225
646 8.632668107717064
647 6.832094471785923
648 6.864329229542126
649 7.392126526425961
650 6.368672848223191
651 6.64798781333607
652 4.9204341822472415
653 5.180783450858394
654 4.859076670782671
655 10.330095033237837
656 9.590994304390374
657 10.58921069062934
658 11.321591722509506
659 11.581336994108456
660 10.393397815238435
661 10.089200584570806
662 9.871207830700424
663 9.57430468695766
664 11.083046282993092
665 9.835711555598227
666 11.328835444252647
667 9.746258967088483
668 7.317417021537618
669 5.00500351714475
670 5.494449862300536
671 3.5074904118633214
672 5.094799265704996
673 5.137540828648322
674 5.745925991378769
675 5.353704189948359
676 6.293260357779627
677 3.971303703279488
678 5.742430986163631
679 6.7239106050871795
680 4.388883930059203
681 4.4282303443108715
682 4.104817309019221
683 5.7652167607251
684 7.3120634072943425
685 7.855032725421038
686 5.205221116855818
687 4.959990567387684
688 6.093706932693218
689 4.600276289236967
690 4.957950414839301
691 5.113811016593173
692 4.69049079620864
693 5.706130382142515
694 8.745635963380368
695 8.899842389372253
696 9.47002601741068
697 5.374391311323842
698 6.33987548346743
699 7.680933993290239
700 8.79964063691021
701 9.367769697402426
702 9.45769132827591
703 8.30097278832328
704 10.388676406521553
705 10.038701218724981
706 9.292347525807282
707 9.911505102890644
708 10.770909398120345
709 9.167232054412716
710 11.291818745762757
711 10.147824047823208
712 8.6903922984763
713 6.2605589834636115
714 6.134100538510496
715 5.225109899216846
716 7.020332234894703
717 7.975681596385704
718 5.915069189884719
719 7.417734837025132
720 4.802050360502802
721 5.421613748888188
722 4.859645434034214
723 4.970446545143223
724 5.61317110354883
725 5.150463784238825
726 5.009321081643768
727 4.426085887543475
728 4.504803276215253
729 3.819969993995981
730 5.442854811985972
731 6.325711203656219
732 6.132276359802978
733 2.653465924373768
734 2.673860209706956
735 4.67485686483096
736 5.774090850222876
737 5.681332451522404
738 4.81050954773679
739 5.305014602400061
740 2.8591279763863033
741 2.581568926383109
742 2.580200371467244
743 3.3276074018030086
744 2.580551867054431
745 2.6802664655712922
746 2.5787989010400993
747 2.612149762638303
748 3.0698796897992633
749 3.0426727767478114
750 2.9120214906627564
751 3.354862582146133
752 2.6227888334120384
753 2.8751714214213306
754 3.225583544319841
755 2.4933736132236035
756 2.759953606261208
757 2.715526590177698
758 2.581881797659961
759 2.6786108875077947
760 2.5216536603246746
761 2.562588196970305
762 3.2238995248577815
763 2.6788080810313657
764 3.470913637139485
765 2.963429884596631
766 2.8617415808921782
767 2.473221995410524
768 2.6931877891359
769 2.8122168108431986
770 2.5663213325504666
771 2.6618104696347555
772 2.6090061920829584
773 3.2283457232430774
774 3.0899637290536437
775 3.080300431917917
776 2.6715969656157577
777 2.778441108156365
778 2.468535498003124
779 2.8157534619181352
780 3.2697869803678192
781 4.3244551962265305
782 3.244328039872174
783 3.4030226347150245
784 3.2987809286618313
785 2.750794847234615
786 2.755031531529691
787 2.5748759987837206
788 2.9109266293730514
789 3.213209286782467
790 2.6613965210512593
791 2.834992554692722
792 3.485429348440678
793 2.6465139819048282
794 2.9224622240148665
795 3.1182630927473594
796 2.9109775317331783
797 3.061063650436801
798 2.6307088771231526
799 2.6478060998436574
800 2.949641364078941
801 2.5832801483988237
802 2.746391771815744
803 3.0183565369632697
804 2.8843806541149553
805 2.845955377410854
806 3.1030418681533365
807 2.6052595431851375
808 2.5576612058938704
809 3.24647898187254
810 3.543702586888574
811 3.693123936950226
812 3.6984589888539703
813 3.090250254010372
814 2.6702537527574695
815 2.5448932506947277
816 2.5474929375239426
817 2.5141591553918503
818 2.5257014536505693
819 2.7966143337784066
820 3.1988591296894704
821 2.723866157039361
822 2.5245416949881236
823 2.4867466937260785
824 3.0790541021319577
825 3.2154870578360364
826 4.204350473911496
827 2.376785781410783
828 2.7684630052710375
829 3.0363010834175226
830 5.243790520787087
831 6.132381429421698
832 5.2033971438481945
833 4.953117433331756
834 5.870752457413448
835 6.381647220936443
836 5.227226572881373
837 5.361306457153295
838 8.046740481279592
839 8.294827298328391
840 12.206907701625259
841 10.975625946759827
842 9.377929013315146
843 7.786100455868568
844 6.256147273758467
845 5.431458858994253
846 4.125308246730211
847 5.2678493903522146
848 5.631778748683373
849 5.636353850182516
850 5.546573362180114
851 2.8512098583515573
852 2.5418780170934916
853 3.601240386687159
854 2.805236719930786
855 2.751769156380237
856 2.7100268443600073
857 2.827208310578399
858 3.3096695009536856
859 2.7705234779409
860 2.5471634596435484
861 2.7902463064872745
862 2.6451592170956046
863 2.8584462513881688
864 2.561103389306505
865 2.6749994412770075
866 2.733352701756326
867 2.582471051575765
868 2.7501849458427294
869 2.580216633782385
870 2.907471160365012
871 3.4036560473754305
872 2.793725782468692
873 2.812234823694844
874 2.6244535604841883
875 3.0356613921774565
876 2.634575230579419
877 2.9827348712262913
878 2.559147707811138
879 2.670558879247034
880 2.620678070510687
881 2.8844853465436433
882 2.638987773700817
883 2.8945639226325257
884 2.942387686172217
885 2.5649242260556755
886 2.8388756224289327
887 2.692161983433342
888 2.8890740454953465
889 2.676812488909346
890 2.4945637149179523
891 2.7561100546015833
892 3.3388799742495388
893 2.9973670223682567
894 2.9321407590662454
895 3.0157293740046502
896 3.760083202700832
897 3.0379178807363334
898 2.742341479840239
899 2.9125468885106316
900 2.7799140988284736
901 2.9314485548444424
902 2.6223727857540724
903 2.699087492302332
904 2.6422086051613762
905 2.6861243416105482
906 2.7607060731953568
907 2.6544636646300948
908 2.7914499869839258
909 2.5145586589068682
910 2.8952287897868065
911 2.6862705150157518
912 2.8231462985951006
913 2.8173952970525655
914 2.607829959305354
915 2.540837283568585
916 2.533066667014317
917 3.3169721780064094
918 3.0847261853258243
919 2.6550113029856792
920 2.5777633174534555
921 2.6929923420851165
922 3.071655807553152
923 2.9057611242559567
924 3.007689716966914
925 2.5665404264819993
926 3.1677940963187257
927 2.792668255798502
928 2.893630779412411
929 2.6649728850290457
930 2.739029591937679
931 3.275951936477845
932 2.8645666303992083
933 3.2344534358910084
934 2.8951342447159827
935 2.8464950377009024
936 2.638770266724141
937 2.620043866329582
938 3.4354228290057027
939 3.0424057014810204
940 4.038783413169745
941 5.123971607773067
942 4.3101525597166
943 4.387069097785812
944 4.440307548116572
945 4.874548898024873
946 2.778247965619092
947 2.691221834102005
948 2.941754414283009
949 2.500774542516094
950 6.1902043396749695
951 4.37435545022579
952 4.442720342791942
953 5.071076625600088
954 5.769019457250155
955 5.799419221555472
956 4.032992827837981
957 2.711337372577134
958 4.739782718234195
959 4.825308919088767
960 5.097929068672199
961 4.610673280159999
962 4.31557372415966
963 4.946397454390327
964 6.282049190744707
965 8.337265090584959
966 4.698557754654069
967 7.048237599959063
968 7.659192773904033
969 6.537277819621817
970 5.772767794066321
971 5.530374066771805
972 3.6119316202008083
973 6.1495447282477675
974 6.041228731748065
975 5.736699622217042
976 5.687734172187797
977 5.3670472251424926
978 5.918440470847585
979 7.0911878778205875
980 4.7958092998870105
981 4.419741059401623
982 4.9642876428206035
983 5.094056427112272
984 4.273528853500307
985 3.1000271689240515
986 2.97700369721648
987 2.9677693168528996
988 3.133373446216041
989 2.7607715153279138
990 2.684838711745394
991 3.124097627539596
992 4.3165964010129985
993 4.6381866744742455
994 3.01587647612251
995 4.590938379955276
996 4.767226071673151
997 5.478891839523454
998 6.1599602549384755
999 6.751577274985886
1000 5.233197307760289
1001 4.909303588905025
1002 4.402562089933727
1003 3.299617217551817
1004 4.047128119727393
1005 3.4961256776669942
1006 3.170297658535489
1007 4.406852544443418
1008 2.763050894793693
1009 4.653230675482445
1010 4.696090349828766
1011 8.475847371009438
1012 7.1067004144494215
1013 5.917814400062842
1014 5.565725528966036
1015 5.464235661031371
1016 6.03504425564301
1017 6.385736114682574
1018 5.663491703595077
1019 5.743644202458139
1020 6.444953121137282
1021 5.970858125339643
1022 5.743441875108986
1023 5.893089934169816
1024 6.196241913239435
1025 6.343703874215715
1026 5.262018845857437
1027 5.452070379391571
1028 7.088107853090328
1029 5.776965531801702
1030 5.858772884952857
1031 6.428598063746503
1032 6.274817590507174
1033 5.777968368927107
1034 6.746949406293472
1035 5.832771506730768
1036 5.611934741132866
1037 5.88626227520067
1038 6.707199382272338
1039 5.807795051115123
1040 7.12577158608494
1041 6.308024395748098
1042 7.022350934011942
1043 6.348563725518147
1044 5.7456097739239524
1045 6.02453650323012
1046 6.371571020071443
1047 5.287606175292996
1048 6.648483038069533
1049 6.967148974626164
1050 6.519479476897311
1051 5.507305296212599
1052 6.366893458510934
1053 10.193221387114885
1054 8.607912760072207
1055 7.712677588202115
1056 5.978950827687594
1057 7.27943614243913
1058 6.322119384026211
1059 6.302620798943385
1060 6.832078452033964
1061 7.989029041636358
1062 7.421368044578356
1063 6.385069019313586
1064 9.017881483744066
1065 7.806746127834728
1066 7.877990478820868
1067 8.285007678386927
1068 7.920753481697224
1069 8.92582364066401
1070 8.608855925700984
1071 8.61993153715492
1072 9.09670312404893
1073 8.823523973520977
1074 8.402781383706053
1075 8.683802494476414
1076 9.23133142525064
1077 9.404277230480039
1078 10.060676375796739
1079 7.963185339167629
1080 8.323139406250297
1081 8.699588633845574
1082 8.791382661992174
1083 8.957000964160738
1084 7.249431778421042
1085 6.860869025529835
1086 7.637989826685579
1087 6.9085158119713626
1088 6.960811339040945
1089 9.722605884672111
1090 9.727763949550614
1091 7.218974823700149
1092 8.336562281091517
1093 8.433385040045584
1094 7.90416060680068
1095 7.076966630301916
1096 7.418930080221996
1097 7.1371167182209705
1098 7.109438759589625
1099 5.854644527185253
1100 8.468239780816734
1101 9.640829822708211
1102 7.730821641729761
1103 8.663630771922184
1104 9.858980307015099
1105 8.401447181562522
1106 7.995990491714951
1107 7.995709693718058
1108 5.374615828449585
1109 7.116067730374661
1110 8.832964172869648
1111 6.377349514626561
1112 6.419045322063516
1113 6.682135994956738
1114 6.959054435440678
1115 6.053027138901354
1116 6.634512965509197
1117 6.856133450905078
1118 6.767716739652071
1119 6.645372970141127
1120 6.594072422048217
1121 7.893841949435721
1122 8.060797209964516
1123 6.321206449692304
1124 7.052652060067782
1125 7.400961221076861
1126 7.42229149983028
1127 9.117621570946914
1128 8.767221136084041
1129 7.303599865766866
1130 5.512830873974279
1131 8.026843522855724
1132 9.684432169231556
1133 11.268057599709367
1134 11.445393542935628
1135 6.550065716596894
1136 4.19315747724241
1137 5.119808645849755
1138 6.8775155693895975
1139 5.685933206788957
1140 6.157239558251005
1141 8.390456602566383
1142 6.448020353056066
1143 8.966824602103758
1144 8.997811209813484
1145 8.628906957336305
1146 7.139401724839234
1147 8.104312199872359
1148 5.482984866285661
1149 5.199168740085476
1150 5.1680869902174384
1151 6.334465238887999
1152 6.118190163057831
1153 7.059029823193146
1154 6.881064810524741
1155 6.556385209227318
1156 6.367000270926351
1157 6.376554133288077
1158 6.84413931964914
1159 6.402446207332559
1160 6.434417668386632
1161 8.576406816039587
1162 6.136608408262857
1163 7.183429981102204
1164 6.747157810917083
1165 6.322502097380493
1166 7.373344513245216
1167 5.399796278611725
1168 7.828076095125696
1169 7.074358989674866
1170 6.502062416950368
1171 8.916154726466837
1172 7.497443280036637
1173 6.960134444638042
1174 9.89068668137829
1175 11.43295835162433
1176 9.814188499466107
1177 7.496748311825662
1178 8.360780571456532
1179 8.346972308170562
1180 7.117232731750403
1181 7.457215394371796
1182 7.894993306231785
1183 9.056262640379227
1184 7.617041143029932
1185 8.221907820018979
1186 7.370528262917177
1187 9.09558513233512
1188 7.886663074039161
1189 9.473302751940611
1190 6.0720838516231685
1191 7.147700562259922
1192 6.3090251944754545
1193 5.405600145253255
1194 7.6850563790843625
1195 5.851514702753602
1196 6.398903084220388
1197 6.596707770457589
1198 8.100184793136975
1199 11.651132789779242
1200 10.824716203809173
1201 9.475795138773938
1202 10.547372015055574
1203 9.901542979752028
1204 7.392530283039272
1205 8.400296632436843
1206 7.455814383516811
1207 8.290912353970622
1208 7.234741441688642
1209 8.035849587629967
1210 6.873196673343671
1211 7.745239901293505
1212 7.821882033260124
1213 8.095829524327284
1214 8.208509001377235
1215 7.872437077038574
1216 8.566568426064713
1217 6.845516014964408
1218 7.275739106378656
1219 7.22651286934148
1220 7.437461577914021
1221 7.270331315124109
1222 6.9886535456663355
1223 8.308549916879588
1224 7.930204312361456
1225 9.478756981171925
1226 6.474889317575851
1227 4.721306566992598
1228 7.852663468753844
1229 7.684364450816134
1230 7.695751421097831
1231 5.414589997588672
1232 5.473479777079518
1233 5.682726300590687
1234 4.6583946665296905
1235 5.549666759216881
1236 5.309357633513981
1237 4.761384922809154
1238 4.877047659403127
1239 3.2068519019869783
1240 3.6101627091352007
1241 3.0206816807220624
1242 3.681378163115047
1243 2.7836403949336335
1244 3.0162015767074335
1245 2.6591826446729216
1246 2.521815846190303
1247 2.795378851423762
1248 2.8205844181616024
1249 2.5757040408755634
1250 2.5854827607282673
1251 3.4763351773547675
1252 3.6508513724991722
1253 3.389543575303357
1254 3.45496254090843
1255 3.3199823608866033
1256 5.805050651078265
1257 3.1380421700438945
1258 2.5212616151232066
1259 2.6447355153397485
1260 3.1885325524119046
1261 3.071885553910813
1262 2.5423283612052106
1263 2.6105255270214367
1264 2.889199060776811
1265 2.7864635464184637
1266 3.4494442593329677
1267 3.6813824474326537
1268 3.6345701842445526
1269 2.7555260379390982
1270 2.875132924608337
1271 2.5557802386388313
1272 3.2689795760983804
1273 2.6916283329883814
1274 2.6586336754104223
1275 2.6428866672487823
1276 2.6009159206236525
1277 2.782669465304458
1278 2.8983347285342775
1279 2.648647315522148
1280 2.811313811826167
1281 2.667520770754016
1282 2.6240963235961527
1283 2.7538550482887008
1284 3.575983079524845
1285 3.4367724310075203
1286 3.7006935047115754
1287 3.468236875238649
1288 2.8393303842089432
1289 2.872267697391874
1290 5.203128855378972
1291 2.6872397266826256
1292 2.699459873012165
1293 3.391241596371063
1294 6.081722288639804
1295 2.9334926913421153
1296 3.3324531015038645
1297 3.1138513015239737
1298 5.145635815960595
1299 6.309540208135297
1300 5.050828264356504
1301 9.209256375889025
1302 7.139926611369732
1303 5.05023107322599
1304 5.734081739035727
1305 4.522449396883442
1306 5.059253290743557
1307 5.458630142940786
1308 5.425391384932131
1309 5.580556930589771
1310 5.4967241384607854
1311 5.626546294354586
1312 5.51315921224484
1313 5.770582597568035
1314 7.178271086232942
1315 5.295296592878864
1316 5.429037362725396
1317 6.042443994879216
1318 6.310860569681602
1319 5.825779173262742
1320 6.405567620387221
1321 6.043182619842842
1322 5.213450739160577
1323 6.888754489978149
1324 6.490649187627935
1325 6.268686162629821
1326 6.3221054240112435
1327 7.929397592646207
1328 7.343952328084447
1329 5.893847929610071
1330 6.481883861074602
1331 7.457193671703858
1332 8.306122480004198
1333 7.574059127844936
1334 4.9912201567358325
1335 5.5146920127418
1336 9.130745019257976
1337 5.707446565255931
1338 6.146583921630891
1339 5.432485895047457
1340 7.6969261132491
1341 8.435445554914608
1342 6.624532780363947
1343 7.133741843295272
1344 6.234203215151715
1345 6.296549609217552
1346 7.004506584397552
1347 7.6993256059087765
1348 5.546640642057731
1349 9.481142636743787
1350 11.55296397344287
1351 8.98392287228775
1352 6.792568573338505
1353 6.92020237466981
1354 5.532895286851009
1355 5.459850528476579
1356 7.329478303318134
1357 6.778024849491301
1358 5.976815846091602
1359 5.557637829018319
1360 4.7862783317869075
1361 4.974819122248356
1362 5.312361810021788
1363 4.97781531185561
1364 5.5002994447583005
1365 2.843480211557753
1366 5.656928753713768
1367 3.950860148206967
1368 3.301226374851239
1369 3.2187564405706444
1370 5.158344711238628
1371 4.7479717002226876
1372 5.460834954948392
1373 6.053694799168759
1374 7.606279478173581
1375 6.774083877621179
1376 8.298657453126676
1377 9.107967054241824
1378 7.596829678694232
1379 7.863018731747306
1380 8.09862903663238
1381 6.394830547770586
1382 8.330065825115652
1383 5.53997386155493
1384 9.000138950040391
1385 10.408632148640521
1386 10.807027282966665
1387 10.858047195132047
1388 8.338204556966991
1389 8.111063953045301
1390 8.161672764873495
1391 9.630278379356133
1392 9.403786547520003
1393 8.273776980464593
1394 8.331408675248635
1395 8.476709790988895
1396 7.105569459464157
1397 8.04532034474186
1398 8.58531432263654
1399 8.325938497356658
1400 7.613618138071615
1401 7.810397929998455
1402 9.744819246109193
1403 13.1095124057001
1404 11.64391079779566
1405 11.349015097617439
1406 13.164829353360588
1407 15.400499693261553
1408 14.337006397590562
1409 16.813807581950154
1410 18.097152919359758
1411 18.12969326502611
1412 16.62194532295514
1413 17.139587375122353
1414 16.40776271262794
1415 16.18069732361176
1416 19.63943945634667
1417 16.810622719800342
1418 19.554158462836874
1419 19.974078399978616
1420 21.31947168207447
1421 19.92075148294846
1422 15.909953765802753
1423 15.638282910893913
1424 17.92002850223737
1425 18.360783536145004
1426 17.278879777043713
1427 18.07526887162622
1428 20.181903535121435
1429 21.510619031440235
1430 17.243627015337193
1431 17.409611538451333
1432 18.40754675819302
1433 17.269671181101153
1434 16.103247120829472
1435 18.607951579647814
1436 18.894271178451767
1437 21.420037179838285
1438 18.497276064295367
1439 16.268973693272276
1440 18.53404529847036
1441 16.438129308221896
1442 14.609688564901573
1443 16.592780973841467
1444 17.749054672431896
1445 15.362842738328489
1446 17.047560477418514
1447 18.720659543712404
1448 18.970779630240873
1449 19.01858304294785
1450 19.088900316159418
1451 17.318116169032272
1452 14.636787670706783
1453 15.977232065355937
1454 18.85005545667318
1455 18.267443531033464
1456 18.39870901977568
1457 17.52639697287915
1458 19.071280558523146
1459 15.283094865984243
1460 13.51505516128963
1461 13.226145968715418
1462 11.668553532295446
1463 13.97739039839923
1464 12.485319400440867
1465 11.554323876551017
1466 13.061613879302893
1467 11.749079559253525
1468 12.118843543524106
1469 14.043681531047477
1470 14.902781522282945
1471 13.997514511132087
1472 15.663960110423817
1473 13.397443646863072
1474 12.488877841271336
1475 13.104770836370047
1476 11.841859695813788
1477 16.137722408309173
1478 11.942357024962966
1479 12.438238218488822
1480 12.990051752216589
1481 9.914693918896884
1482 13.221995250512627
1483 12.68441244699609
1484 9.56919959457166
1485 11.377662907859094
1486 11.461511436643875
1487 13.465935837459813
1488 12.340287851473793
1489 14.141208484705142
1490 13.885316538023165
1491 13.11105934012482
1492 12.957804395930717
1493 12.23587036467001
1494 13.787870248674013
1495 14.80848400086715
1496 13.461663936572393
1497 13.611465094287796
1498 14.599260588752859
1499 11.541089627346237
1500 14.462072094074804
1501 14.212997260555088
1502 14.842887839786425
1503 16.964561845656856
1504 16.187920974129554
1505 12.379912554999233
1506 15.381023835185186
1507 16.008759192589572
1508 14.46154737622062
1509 11.741707859105233
1510 13.838272312683424
1511 13.114650888926333
1512 14.14047109733933
1513 13.708923968293824
1514 16.29454671636089
1515 15.254182143092155
1516 17.117316993303113
1517 15.125005632587852
1518 14.262638599308973
1519 14.8947835624177
1520 13.994103546924928
1521 17.39547495891989
1522 14.206303541243527
1523 12.781257647747722
1524 13.21721116421661
1525 15.001901537747456
1526 14.428414206977987
1527 13.13605980531742
1528 12.559020244211464
1529 16.879941259435867
1530 13.787933558659073
1531 13.0945995813475
1532 15.446154709492777
1533 13.921392459612063
1534 13.972495751018426
1535 17.03278792278869
1536 12.291310510005912
1537 14.543562559224748
1538 14.004540778426222
1539 14.83677674405189
1540 14.5328976886342
1541 13.620983327482323
1542 13.794814845548292
1543 16.390547520242436
1544 14.081694286667615
1545 14.853440404151462
1546 14.891045764714905
1547 17.4387387635091
1548 16.524587387637947
1549 15.92143139801974
1550 19.192202978310238
1551 15.079282222129123
1552 17.11028530117172
1553 16.062136592475973
1554 15.572933776373427
1555 15.628995660402252
1556 17.38414943287527
1557 18.240464820796745
1558 18.402156158042885
1559 17.81288954523773
1560 18.892473840801873
1561 16.40063759527357
1562 16.547183759994553
1563 19.36193879846884
1564 19.927996938891532
1565 20.311596793172683
1566 19.585485510341222
1567 19.15055164405209
1568 19.107622909620652
1569 21.32954998917067
1570 19.16761472330163
1571 16.077507458939632
1572 19.305311076897315
1573 21.903425310839456
1574 19.383555742943404
1575 19.192559989031828
1576 19.63035345015194
1577 19.006417167113604
1578 20.785688907606264
1579 20.148079991423263
1580 22.036675565934477
1581 20.6699859836878
1582 17.979006126865656
1583 20.23746457907192
1584 20.443218488279296
1585 19.64487259161401
1586 19.485476344050888
1587 21.8747737424485
1588 19.419408768633005
1589 21.026430582154124
1590 22.01360081378464
1591 20.927536024930063
1592 21.02883075208161
1593 19.037999389434408
1594 24.31932747563632
1595 24.165001633099017
1596 26.556798225674935
1597 19.47117307713525
1598 23.71492176645479
1599 22.401181596178283
1600 18.45073954659597
1601 17.057554409496177
1602 18.863172815456522
1603 17.292276477877856
1604 16.039277623242782
1605 20.337595100056177
1606 22.119976969392113
1607 19.771397027384097
1608 22.36461383311427
1609 21.149464357560262
1610 20.367584040975846
1611 20.08922604647589
1612 19.504043185451643
1613 20.235915100731116
1614 20.85779919924283
1615 18.98159722026314
1616 20.93635575530504
1617 23.316033124030195
1618 23.764190795142813
1619 19.47688156264784
1620 20.31512862964657
1621 23.062976786892747
1622 20.995360219599316
1623 19.939828667246854
1624 21.210823037214528
1625 20.917294758414677
1626 20.757249045341325
1627 20.00970159656128
1628 19.88033629994625
1629 17.91155826539815
1630 21.935450867331756
1631 20.51805494359176
1632 21.49354575874944
1633 22.75275119768166
1634 20.299107199300515
1635 19.852078064809156
1636 20.034113561010475
1637 17.122683674288652
1638 17.981547932172276
1639 21.307698396993707
1640 19.683779412590813
1641 22.487540920795382
1642 22.40134706752075
1643 23.891018107691984
1644 19.367630221656995
1645 17.370399870106883
1646 20.2756916639572
1647 19.57710313395273
1648 15.978433305618854
1649 20.196019145188174
1650 17.790420768699818
1651 19.88631643133799
1652 16.594740986679216
1653 19.123284227749842
1654 18.26737458468693
1655 16.00670221602638
1656 16.94734484700576
1657 15.395628976441525
1658 15.297488719617192
1659 15.451651455513916
1660 14.955013707805039
1661 19.89649241542477
1662 15.201769516692915
1663 17.917300149371837
1664 19.195859098694275
1665 18.049960971951883
1666 14.821682146801404
1667 14.167546747772587
1668 13.925590414739553
1669 15.932239758164025
1670 15.104693446756844
1671 15.888073735574793
1672 16.69529053349883
1673 14.472324908909599
1674 13.76722950071614
1675 14.684577559786023
1676 14.595910667559547
1677 14.784716030745994
1678 15.699385280069151
1679 14.714966539715748
1680 15.811414067286766
1681 14.231077637392866
1682 16.252107565590137
1683 15.569390381021236
1684 15.689457027944377
1685 17.07413311399141
1686 15.057088351920013
1687 16.098583734810372
1688 15.488642487118103
1689 16.46277928329201
1690 16.763895854503456
1691 13.577170601931869
1692 15.831487853158853
1693 16.460201151513292
1694 20.251496551220395
1695 17.219408259886126
1696 16.381412213830224
1697 18.789952843055925
1698 16.341224241679097
1699 15.242442534547799
1700 12.079856731565368
1701 15.117391447622145
1702 14.622384184683241
1703 13.870614451996596
1704 13.498493188704222
1705 10.643442004475693
1706 14.361020168950882
1707 14.158395663940064
1708 12.68905093372607
1709 14.873978653820648
1710 12.188871188894284
1711 13.19640342473902
1712 17.45460253741587
1713 13.22409927491071
1714 16.643206827111456
1715 14.303527598387674
1716 11.693558687572294
1717 11.5648226227709
1718 12.99595441824078
1719 11.48840521891088
1720 18.538305194307302
1721 17.29545736519291
1722 17.884633997756648
1723 15.862907075272394
1724 14.963107186015304
1725 17.831055441882796
1726 20.378311149956073
1727 17.75290331824163
1728 18.448684855084036
1729 19.13420472357789
1730 20.608926896206867
1731 19.883944675912527
1732 16.486021687972087
1733 18.566046072792137
1734 16.763648831568855
1735 17.742746472303175
1736 18.057893125926327
1737 14.84257055388705
1738 14.45228407631142
1739 17.28965824414318
1740 17.406706286887196
1741 17.78370897370635
1742 18.62757650054761
1743 15.287741474638363
1744 14.684539388960259
1745 16.19177649003897
1746 18.673288818892132
1747 21.63329650661513
1748 20.838394698187177
1749 15.180854498295123
1750 17.591500072443107
1751 15.839843983171477
1752 12.576717088385523
1753 16.875731951358482
1754 12.58022134631729
1755 11.287890712124867
1756 14.572816616045008
1757 13.857103022341526
1758 13.191591075523371
1759 14.439511123794643
1760 12.830995385799572
1761 12.4838204725244
1762 11.843444162960822
1763 12.2987510133883
1764 13.97109974196528
1765 14.360166315058883
1766 14.278352711446223
1767 13.024583167093702
1768 13.861401724896808
1769 10.529045252831937
1770 12.832878446992387
1771 12.3658984203506
1772 12.49268783077101
1773 12.390031144519192
1774 13.65384316370532
1775 14.138792271168324
1776 12.320019508819392
1777 13.095622898013586
1778 15.784525480971624
1779 14.788611113853142
1780 14.365983744370961
1781 12.523315150864928
1782 12.018985212280093
1783 12.279169018121621
1784 17.446337756589227
1785 15.911715816140852
1786 17.081837651652407
1787 15.316112204288961
1788 14.834434669251513
1789 16.69940347385515
1790 17.98206950145052
1791 17.688063890985056
1792 15.932362166641584
1793 16.764024402324637
1794 16.48353879210947
1795 16.89665839291482
1796 17.40559018873422
1797 16.711007108262702
1798 14.243065729382517
1799 14.023205813829989
1800 13.859013240748025
1801 15.638141673390002
1802 16.653547193642343
1803 14.405694368333995
1804 15.29391379453537
1805 16.078046125448296
1806 21.30596059979773
1807 21.242116635497087
1808 21.555056039363578
1809 19.42854794599926
1810 18.289320586586864
1811 19.96441518720548
1812 20.00050459126184
1813 17.1978543938486
1814 18.79038197647654
1815 18.73280636742847
1816 17.484394704737152
1817 17.090442014798043
1818 16.246723319826593
1819 18.281321577552646
1820 17.176356407300172
1821 15.752835452952793
1822 17.39543178889822
1823 18.48877865146991
1824 15.50252709078867
1825 17.790614939845405
1826 19.113063984226823
1827 17.818614192001935
1828 20.710425152801744
1829 20.098383180908485
1830 19.7551086710136
1831 18.10913278130668
1832 17.359908302875116
1833 14.84625329508708
1834 17.048932390456702
1835 17.83730981207391
1836 13.746753198656947
1837 15.653136700127858
1838 13.164199031771714
1839 12.914190986392335
1840 11.357590365528445
1841 11.489622719784428
1842 11.764526319652216
1843 9.757620741899618
1844 11.843994930166284
1845 11.131196476530805
1846 9.90963607967628
1847 8.684135020774608
1848 11.286983927102705
1849 9.20167826197646
1850 8.960877030237523
1851 13.07959998205012
1852 12.74467474018521
1853 14.64192906438223
1854 13.256259844931668
1855 11.999893598340353
1856 10.895802735811417
1857 13.869681898566803
1858 14.363248303182768
1859 11.606625536900971
1860 12.772134390717664
1861 14.556382124030176
1862 14.798927088537395
1863 18.064259060833205
1864 16.10655096038396
1865 14.477929066259064
1866 14.63781626064677
1867 11.8107028933558
1868 13.730904402929601
1869 10.375541784496045
1870 13.810071126548676
1871 11.500033918847848
1872 12.122887189823198
1873 15.120566419810405
1874 14.999216330135205
1875 15.08159529527332
1876 15.830366337023449
1877 15.520507551379017
1878 10.83332882487384
1879 13.035177235337091
1880 10.194440688450754
1881 10.548059928956658
1882 10.788965284572518
1883 11.510534110717106
1884 10.04816787600228
1885 8.817833783490325
1886 11.804321974559967
1887 9.66612866990425
1888 9.845095685864969
1889 9.703530890518179
1890 12.432812011290407
1891 10.651622318691764
1892 13.99856013517692
1893 11.22288746933896
1894 13.8912002393153
1895 16.27828041724122
1896 16.628708662958836
1897 15.382797844118258
1898 19.871801770732667
1899 17.28731263058839
1900 16.319437267569366
1901 18.625414932279746
1902 17.90138555029939
1903 21.04337077738222
1904 18.332537573957236
1905 16.058697925625108
1906 12.30887808465135
1907 16.091315264672247
1908 13.24751077324011
1909 13.993024956075532
1910 13.296689456536265
1911 12.958529845555407
1912 15.960460061539996
1913 16.18277354240032
1914 17.989573580285253
1915 17.250574579462764
1916 16.10095795571583
1917 15.312937568885769
1918 16.317460586456097
1919 16.202363713931916
1920 16.985005595219093
1921 18.209168447398195
1922 16.71979538573344
1923 15.401871463763293
1924 19.163876287300912
1925 19.704388647078222
1926 19.069925364455134
1927 14.295478035993243
1928 19.51156257312661
1929 19.41052638602503
1930 15.58355998078891
1931 18.42356795888013
1932 15.360516968015313
1933 20.254492482174882
1934 21.317821429740714
1935 19.322119476998797
1936 21.518934648513557
1937 21.079592001874044
1938 15.687371218794235
1939 17.46703410877994
1940 19.326861085724815
1941 15.822268678442796
1942 17.710385174606035
1943 18.71455591863962
1944 18.0897373549425
1945 15.794176371790195
1946 18.44957145478562
1947 16.275009970573628
1948 18.102591018270495
1949 18.86570901419555
1950 18.389290766521096
1951 19.533268448204062
1952 18.770671106700743
1953 19.12647580289718
1954 17.71751454921893
1955 18.34034456771787
1956 19.05225455115671
1957 18.873903147537273
1958 13.802289713219176
1959 17.522050757379915
1960 19.943262438251153
1961 20.933887812244716
1962 15.482208104229485
1963 15.2664717469646
1964 15.215033057833814
1965 13.334907228072021
1966 11.330921826352283
1967 13.283164418666349
1968 12.758828853807636
1969 14.775381704703264
1970 15.064683810770468
1971 15.577656756025858
1972 16.006683651080984
1973 17.247798040966924
1974 19.056866845057886
1975 20.83011025929405
1976 21.197075423717866
1977 22.22440281824249
1978 21.958073300193888
1979 21.114138097640307
1980 22.882976572549513
1981 23.27512896876437
1982 23.20216041200582
1983 24.45617885371248
1984 25.716096952934127
1985 24.522821469327496
1986 21.46584146609422
1987 23.99273940359556
1988 28.314700177220292
1989 25.988249921950775
1990 24.148484912963543
1991 24.11614051300206
1992 24.191322885134415
1993 24.049371513292208
1994 22.50538011888924
1995 23.130358251562022
1996 23.031054815337477
1997 27.9469640949442
1998 25.015004590022603
1999 24.05544078894963
2000 26.057151388842016
2001 23.3036170381197
2002 26.22575716239092
2003 26.803103747889462
2004 24.144132337372344
2005 24.944649779737603
2006 22.990887763765127
2007 22.210735286615154
2008 20.57526119321687
2009 21.81466092588496
2010 17.344318824870985
2011 21.425610435167563
2012 18.05980388547696
2013 18.437691292045706
2014 17.78394548594817
2015 21.282931271851705
2016 23.690375037713608
2017 23.49428571623317
2018 23.17677862222189
2019 18.822562836517132
2020 15.872111997395312
2021 15.361137587423721
2022 20.388397681574045
2023 19.882436853343854
2024 22.263802855679117
2025 22.385350667200598
2026 23.88325175792879
2027 22.616296076320683
2028 20.461730958762256
2029 20.283256595079752
2030 20.770783294323092
2031 18.373544418377662
2032 18.464257678335105
2033 17.67132547645656
2034 22.293227056970842
2035 20.162007180083183
2036 20.868256029451224
2037 21.19679945664565
2038 22.513632538925044
2039 21.297727568999417
2040 20.977311917263055
2041 19.555492292825814
2042 25.652101901962038
2043 27.655488727108782
2044 26.180189488703892
2045 24.80177430696928
2046 23.4956111988083
2047 25.537165420409867
2048 25.15091266573391
2049 22.236751073327635
2050 21.09270710218499
2051 20.45023600129376
2052 22.984011904292867
2053 21.254299281596907
2054 22.97730337258914
2055 21.429749106801292
2056 22.908941328879894
2057 22.393088974357717
2058 24.7826328143739
2059 22.159254209453664
2060 21.122399417811703
2061 21.055377631387802
2062 18.250819662170862
2063 20.19871616227144
2064 21.35886862534043
2065 22.604472961290963
2066 18.826458252130905
2067 19.569464578066345
2068 19.70985635861114
2069 19.844674444203203
2070 19.29999157667683
2071 21.39875130249579
2072 20.45122891258798
2073 19.110035109238463
2074 21.044436561983378
2075 22.30024162757086
2076 22.15640047840425
2077 21.61943364300601
2078 22.426992667608225
2079 23.553990685499063
2080 22.809745895529755
2081 23.251364834471207
2082 20.951643126882548
2083 21.177193512458732
2084 21.75571507998255
2085 20.82636465317196
2086 21.790105754567367
2087 20.531378134783075
2088 18.38938579104272
2089 20.56229590788953
2090 22.144217611735275
2091 21.080297923363947
2092 22.99415940996595
2093 21.403281593912418
2094 21.05354371197676
2095 20.948757455620168
2096 21.82458878368231
2097 20.944394271881805
2098 20.48495542328531
2099 21.40683409894105
2100 21.1404055496074
2101 20.380720202792936
2102 19.877705658322203
2103 21.104819550764667
2104 20.627336918539367
2105 20.295527571321657
2106 21.035841572450984
2107 21.196896493220855
2108 20.79771281842874
2109 17.434025265463426
2110 19.886051713287618
2111 20.426281245376703
2112 21.564033182373205
2113 20.076924985879714
2114 18.403507536567147
2115 17.007318323846018
2116 19.405151128853284
2117 18.850891905875006
2118 16.577294678157113
2119 16.618837861196795
2120 18.248083046932468
2121 19.752957810589503
2122 20.229735210835504
2123 19.521840248758576
2124 18.849437481005864
2125 19.261481568425104
2126 15.058254308557014
2127 18.008512308504667
2128 17.96238148148679
2129 18.3593382805504
2130 20.070875486202798
2131 20.49718832464889
2132 19.425922249090743
2133 20.275081006285706
2134 20.11258044963868
2135 20.546698041882106
2136 17.21220536034701
2137 18.558881798145627
2138 18.11119151922006
2139 14.93891456021295
2140 16.325688304092168
2141 16.365241410169425
2142 17.654355017657583
2143 17.86561675208802
2144 18.416658110682498
2145 17.69241876009811
2146 18.306987324013917
2147 19.2456718178934
2148 18.127910126276063
2149 23.306345501673047
2150 22.070269810662452
2151 18.220299800749235
2152 16.542972454067606
2153 15.352437522474641
2154 14.45249816039839
2155 15.079373929515272
2156 12.570149585984442
2157 14.504659158096631
2158 14.156405419070172
2159 13.877715207017586
2160 15.846710665210617
2161 14.179634342187557
2162 13.651269693534836
2163 16.01328386690519
2164 16.155125097691393
2165 17.37228625390401
2166 16.482921071472987
2167 14.40999540446778
2168 16.455258986217743
2169 18.79994320134781
2170 14.027892305572193
2171 15.006245378615233
2172 14.236555179370356
2173 16.287202699584782
2174 17.145786249884566
2175 16.79658065439925
2176 16.548725057587205
2177 20.972733742975105
2178 20.350004882665328
2179 20.52149582755675
2180 18.62782127839568
2181 18.445973979316086
2182 16.697629822440565
2183 16.827131814971906
2184 18.6155679954389
2185 18.230235054400524
2186 19.738381410930902
2187 17.874502332299844
2188 19.223233791778775
2189 18.194921434552075
2190 18.669076025667557
2191 19.31339256161079
2192 14.641580577121907
2193 16.027785434925725
2194 19.662631198996117
2195 20.845717800534604
2196 17.60846863725192
2197 18.531631397585883
2198 20.564820292900777
2199 18.52643148919401
2200 23.91371502792716
2201 23.444107776927765
2202 24.02116419471481
2203 23.82505222388037
2204 23.711074007922214
2205 23.479906587498405
2206 20.851133599950877
2207 18.140521747192228
2208 22.301404178802606
2209 19.569904943245717
2210 16.7330249294952
2211 16.76948541897251
2212 18.337165842664593
2213 14.936642303538235
2214 13.14519499415518
2215 10.053003467021568
2216 10.132742938093333
2217 12.07196905779868
2218 10.765483016942111
2219 14.705258533706594
2220 13.918106739605832
2221 13.451316603762777
2222 13.10082898646057
2223 13.75959007794924
2224 11.37830541239403
2225 13.161663083792018
2226 15.15880725819282
2227 18.246692131526974
2228 16.328203615617205
2229 16.464417517098344
2230 15.377074630284172
2231 14.128188126710597
2232 13.329304445269056
2233 14.049644293578087
2234 14.339007032909734
2235 17.60121146125048
2236 14.576571699302516
2237 17.860880279038014
2238 15.905975599111654
2239 14.14176602009389
2240 15.622120058031818
2241 14.978993274795961
2242 15.18296146721132
2243 15.823368853881963
2244 13.439473786954585
2245 16.473573105932584
2246 17.9614963536022
2247 18.24068433908536
2248 18.842827971426598
2249 20.52199222166635
2250 20.49088881479617
2251 20.93741572146759
2252 19.708238426156893
2253 20.018778875193988
2254 20.0168992642572
2255 16.717257576315323
2256 15.66684903752904
2257 21.30557099149075
2258 19.527743250815824
2259 19.566474770451197
2260 21.86557673589138
2261 18.11321938760155
2262 19.10573054139407
2263 21.147962236073703
2264 21.399454935423343
2265 18.64135065318108
2266 18.830324480824316
2267 21.372550646198828
2268 18.289247437893717
2269 17.780421526346856
2270 15.610578856114426
2271 16.431675080942107
2272 16.911339509812095
2273 15.178635046588875
2274 13.423938034933968
2275 13.604732480238981
2276 13.66988458413218
2277 16.402193492555035
2278 14.499856497956364
2279 17.248837473476573
2280 13.677678607046905
2281 15.558309836101621
2282 17.30094665769195
2283 17.535212215971733
2284 17.199662406449267
2285 16.400086267477533
2286 19.713577162435712
2287 17.940928449564215
2288 20.282251165898582
2289 19.38800120014068
2290 21.82509469258948
2291 21.351506980012736
2292 20.53749560279735
2293 18.796987364828997
2294 22.168688698284274
2295 18.808460345779586
2296 18.968671268146018
2297 17.842576885746162
2298 21.816986719632066
2299 24.858753656831983
2300 18.044397631808593
2301 17.373028551849092
2302 18.01568735082541
2303 18.71737043570328
2304 18.467262841988557
2305 15.259745974746169
2306 18.746575841475916
2307 17.970893608296905
2308 15.818086538906115
2309 17.07058452193497
2310 18.477157516104235
2311 17.714086932738805
2312 18.85443252984308
2313 16.467136669659478
2314 17.08827066313651
2315 17.447670949288003
2316 19.482492001206825
2317 14.96330614541605
2318 20.17168060397534
2319 19.747434710590504
2320 14.17185232887755
2321 14.481190339158106
2322 16.157812275903957
2323 16.70944661035328
2324 13.95034945689968
2325 20.124914667516897
2326 14.7322672705857
2327 14.875436706500908
2328 14.59127543563627
2329 13.170720012105289
2330 14.897828929468702
2331 19.06647779394765
2332 13.412903664185915
2333 12.330259638371786
2334 13.08633109891035
2335 12.541364749833447
2336 12.484343802396191
2337 11.170294827748592
2338 10.849642024873093
2339 11.513539235481552
2340 13.86328035230263
2341 12.709318785342994
2342 11.602036810593662
2343 14.391060109486876
2344 14.496897315143533
2345 14.362455543711004
2346 12.572628700629204
2347 13.534056326160433
2348 14.80327033537106
2349 13.619245790166294
2350 12.00357047775876
2351 13.466330559711075
2352 16.291400782974627
2353 14.462153690079584
2354 15.100986789720931
2355 14.936895051210827
2356 15.579818122500093
2357 15.806953644440405
2358 14.469236537406218
2359 14.754488325512863
2360 11.920741550499597
2361 16.03722728071501
2362 16.68206494162396
2363 17.082417324811125
2364 17.24975068214793
2365 17.34528592096117
2366 18.751913244021193
2367 17.23882215162734
2368 19.544140213243978
2369 17.853202676463848
2370 20.719880179865946
2371 17.860976512227484
2372 16.926797068185977
2373 19.012712520903314
2374 18.617010395145595
2375 18.091151136868962
2376 16.606827246098117
2377 13.032726900119803
2378 18.26165622549554
2379 18.341021034998604
2380 20.10097705573377
2381 18.98517698304537
2382 18.51915576403228
2383 19.020516120414648
2384 12.288203838258912
2385 13.40866416769408
2386 12.75964982440324
2387 13.66536111253843
2388 13.68114296929274
2389 14.359695821744587
2390 16.662531200520945
2391 17.349523990490418
2392 16.963498773551695
2393 17.48027691191926
2394 15.941160274481119
2395 16.55845179208558
2396 16.205984859888638
2397 14.379195081868637
2398 15.38504475921611
2399 13.308624133072163
2400 15.737029441872943
2401 12.739318675534669
2402 16.7952823716261
2403 13.15989037419044
2404 12.967135127129078
2405 14.398761304989208
2406 14.687158555706088
2407 13.40925963529597
2408 16.285742835255355
2409 16.08443155723428
2410 14.49637703277785
2411 15.819832375913695
2412 13.140055136021843
2413 18.13448026448927
2414 16.37695696388699
2415 15.830746180673376
2416 14.059161586157643
2417 16.841650680502124
2418 19.65640872360541
2419 17.827086191005762
2420 14.26125001251944
2421 16.574178787257047
2422 15.957586861026098
2423 13.814316872367886
2424 17.316323254150564
2425 15.873255786528167
2426 16.556820858223663
2427 14.15239043063604
2428 17.07873621908444
2429 16.198457236405723
2430 15.068158479201267
2431 17.692582090330113
2432 16.821102347884484
2433 17.49222810297166
2434 18.48454085184725
2435 17.27389967527535
2436 20.71170951982862
2437 20.984845007650964
2438 19.79610268778968
2439 21.198431128697457
2440 20.44076511242788
2441 18.71651887063054
2442 19.48076752171582
2443 19.446589987214505
2444 18.15653390878858
2445 19.167333089257394
2446 16.43494347823003
2447 16.168618289328144
2448 17.122521718218405
2449 19.01020688582323
2450 18.751481924510692
2451 20.397043496884393
2452 22.254615802179295
2453 21.7572841639464
2454 24.64326686387889
2455 24.93717024570557
2456 23.66863358550942
2457 22.725326915240544
2458 23.329071819156994
2459 22.754443662779575
2460 21.518499379646066
2461 19.805687811664193
2462 23.734425603437238
2463 21.605784635838944
2464 21.51688617584794
2465 22.920407708622164
2466 23.916738956242245
2467 24.539308912002284
2468 27.843561985382266
2469 26.232447558691433
2470 24.976584448427815
2471 23.33792426423554
2472 23.540628246911666
2473 24.202838133794778
2474 25.14131367852765
2475 22.745780423459372
2476 21.148012921935276
2477 24.710897284920264
2478 24.647703223388877
2479 21.689988777155083
2480 22.35993433210855
2481 22.42786137807945
2482 22.799802880357408
2483 21.004758968885593
2484 18.143875215535573
2485 17.10906304189075
2486 21.64588645580995
2487 17.5813918186619
2488 18.85619411485815
2489 19.032040014727894
2490 22.8908700862792
2491 21.612133755604667
2492 20.252450484539626
2493 21.8544748066985
2494 16.78824007872736
2495 18.57482831437771
2496 20.570082863144144
2497 19.289643204921692
2498 20.502850975416763
2499 17.6452627679692
2500 20.871209176627282
2501 17.483965059306048
2502 18.705902847004182
2503 15.08381248486022
2504 15.063893470783334
2505 19.660442839068104
2506 17.183282954964334
2507 21.869355498922026
2508 20.50247799793733
2509 22.02397081085003
2510 23.008700408576182
2511 23.36798583760311
2512 24.434769460497368
2513 26.413352319299403
2514 28.568058082136638
2515 23.98356705155468
2516 26.138374195982195
2517 22.362147769310685
2518 22.836922176309226
2519 21.248827274198163
2520 22.135805182729005
2521 22.27893761182276
2522 20.324142258304967
2523 21.297474300523895
2524 20.999184408430413
2525 21.79472966466977
2526 21.495687557070532
2527 22.221711970735207
2528 22.831094113040976
2529 24.82506307701943
2530 25.816031155308625
2531 25.510084892081654
2532 24.113839847026327
2533 20.461130303776812
2534 23.215231488578578
2535 22.599029074144376
2536 21.287553597906207
2537 18.932930946338928
2538 17.99894360710435
2539 17.384157787921186
2540 18.41556580518925
2541 20.82421927156719
2542 23.057384385771844
2543 22.423684775068704
2544 20.469069581833413
2545 22.762099941369506
2546 21.8275126065439
2547 21.688520238480756
2548 20.823996482530216
2549 16.493972932281135
2550 17.814546938224357
2551 19.0689663219306
2552 19.282157749032166
2553 22.134713424783623
2554 23.93188979609961
2555 21.652349979918405
2556 23.22708025564607
2557 20.78817665445839
2558 23.369444563358375
2559 24.771205660047595
2560 25.175597056700397
2561 24.704175216291773
2562 25.499922404213596
2563 22.90848127002642
2564 22.915781328041582
2565 24.88073749718936
2566 20.141253894992918
2567 20.772571831550326
2568 19.27514450648757
2569 22.940993550413094
2570 19.363036677096087
2571 19.303640183202887
2572 21.83405089387552
2573 20.966621189080694
2574 21.164997307129372
2575 20.392101781188302
2576 18.126588098026264
2577 20.8580654138905
2578 17.393234254452377
2579 20.476947130414935
2580 16.648419110006003
2581 15.864434722630635
2582 17.832416272284526
2583 17.773324272992433
2584 14.987313072636514
2585 19.13961575257067
2586 16.32327132265584
2587 15.593085688701898
2588 18.58822494609786
2589 18.49676568539357
2590 19.244437509209487
2591 20.316955695801617
2592 21.448308954978764
2593 20.70660690745342
2594 19.63454775545202
2595 20.12486385952575
2596 21.133046227482144
2597 19.295923699272187
2598 23.311688285185557
2599 21.10028720533733
2600 18.985101079224755
2601 18.320842911266002
2602 18.693640153130115
2603 18.930907890445248
2604 19.228735726906365
2605 21.6447262403668
2606 17.47323900274425
2607 17.562458722377773
2608 18.70522675124725
2609 18.687088433818136
2610 17.766979569899085
2611 15.605207137497164
2612 17.664530413833404
2613 17.69500815230666
2614 18.47310112216168
2615 17.636035290781248
2616 18.81032339318175
2617 15.221084035200347
2618 17.175569196886332
2619 18.6569971841689
2620 18.26388617009396
2621 14.97560578888472
2622 12.762153122033641
2623 12.160087319237247
2624 12.865112011004925
2625 12.304287790384583
2626 13.595630221756421
2627 11.120473627668256
2628 12.782200395403459
2629 12.497615272645792
2630 11.887765283426852
2631 12.288169958253906
2632 13.29351015142725
2633 14.529723274562798
2634 12.604527328693093
2635 12.833654525135895
2636 15.113322685071406
2637 15.171585133975439
2638 17.878942558545315
2639 15.803999970374045
2640 15.689228738146737
2641 17.484597484135254
2642 15.987152406686723
2643 15.832018659111228
2644 15.199635474402514
2645 15.034185631444743
2646 14.647394422239284
2647 15.398530405157857
2648 13.710606411495842
2649 14.473563275075426
2650 13.625849528915948
2651 12.231871170543966
2652 13.828118521804946
2653 11.34830207903537
2654 12.168838258712476
2655 12.016856519610295
2656 15.310796792042307
2657 15.518086003534396
2658 14.633533587037919
2659 13.142907397954906
2660 13.540848898038305
2661 11.17121756547688
2662 11.707705036448441
2663 11.210732792533532
2664 13.007860215636715
2665 12.447811708856955
2666 13.789856024884616
2667 12.850726929287477
2668 18.507775249607004
2669 14.762322677594646
2670 11.84381007429674
2671 12.956468439950303
2672 17.141380573968668
2673 19.066048747787242
2674 18.45029832378597
2675 22.204669663417913
2676 18.892560431575053
2677 23.369911841251554
2678 17.39552756979059
2679 15.15907571184382
2680 16.996819344377705
2681 20.29770045105199
2682 16.683880302215655
2683 18.233322982889966
2684 20.017885272579342
2685 16.132495029036992
2686 17.427067742892753
2687 17.042433131678834
2688 12.439890278030703
2689 11.297356619287099
2690 13.219268621740675
2691 12.21037603213323
2692 12.573953255319037
2693 13.075204001825073
2694 13.276074441597018
2695 13.521760448532783
2696 15.779387767699196
2697 13.468132865204531
2698 14.509036213836746
2699 14.46459416642876
2700 19.166361341448113
2701 19.027815296216506
2702 16.6652569484288
2703 16.59001129141247
2704 16.51273500613534
2705 16.92373835016683
2706 18.318161131595584
2707 16.133536320306334
2708 17.623720445870173
2709 19.336977861611423
2710 15.809391785131954
2711 20.38273547007506
2712 16.745912469406324
2713 18.86797513576633
2714 17.322857260130263
2715 17.52362149708099
2716 18.515561925663306
2717 20.14221929927766
2718 21.305248336580693
2719 23.656483060074837
2720 23.735646895376142
2721 20.543832806141264
2722 19.108265809202354
2723 19.768458732378015
2724 23.585188887785147
2725 24.138369318412632
2726 20.62780994893696
2727 20.93046358137834
2728 19.845676191655674
2729 18.417973274789976
2730 18.30142794765281
2731 18.107216211012872
2732 18.405375422333286
2733 15.56649743474516
2734 12.497401892838814
2735 13.351446516332057
2736 11.896555418775934
2737 9.97103604688302
2738 13.071960437269489
2739 15.393207996786973
2740 15.557517475290066
2741 18.033571444948706
2742 17.794232244605972
2743 15.940336452749534
2744 18.527259953994893
2745 14.181493179517355
2746 15.289261368650237
2747 19.04715142686836
2748 14.503287100580366
2749 16.174505180232543
2750 13.355883631871334
2751 14.008914953964107
2752 13.831303234802695
2753 15.120585727756525
2754 13.761853252519202
2755 14.638683996410661
2756 13.585546488070579
2757 18.079987179154976
2758 14.661105818217184
2759 16.106976776128835
2760 16.762617827386947
2761 14.523466036926058
2762 14.441617489728463
2763 13.390192777858484
2764 15.66587778359012
2765 12.531635306922938
2766 11.997312552309063
2767 11.91536265907941
2768 8.998164434467302
2769 7.458492138533004
2770 7.226826604760504
2771 8.857320453528146
2772 7.169633830791091
2773 7.95914352544924
2774 7.6345056350048885
2775 7.536732543138881
2776 6.409113546841491
2777 8.366545856694458
2778 7.488672723657109
2779 7.360402776029219
2780 8.412654925394083
2781 9.527757910327027
2782 11.83685727320864
2783 9.639016422256539
2784 8.490284136903194
2785 9.382844963128493
2786 8.752880944879646
2787 9.210935554665207
2788 10.35680102163654
2789 10.684564205667083
2790 13.824651502526802
2791 12.010799708685008
2792 12.911473577955089
2793 12.45038233599839
2794 12.64555942225635
2795 12.804547999522237
2796 10.980118621436038
2797 10.605748503454782
2798 12.681012341982836
2799 12.340531124575167
2800 12.607794888463271
2801 12.779555731560942
2802 9.768647803731719
2803 9.56106220521413
2804 11.81015078430111
2805 10.777455464355434
2806 11.37750025629271
2807 9.473368744477375
2808 7.546856008666943
2809 6.231713783079359
2810 6.761371969803346
2811 9.189933441718798
2812 11.453833523872445
2813 11.465631076298784
2814 11.298307873044793
2815 10.188679604533366
2816 10.71207761599999
2817 9.974227080653565
2818 12.088910394102243
2819 12.22204890629314
2820 14.28696217606544
2821 11.206731343477038
2822 10.421056329566428
2823 9.432263356954925
2824 9.867559340622797
2825 10.99803101482346
2826 11.913458335221518
2827 11.026315126209271
2828 12.998363236431517
2829 15.668402833204347
2830 11.412712755079529
2831 11.091771505603676
2832 12.0731066991122
2833 12.132030732321232
2834 11.121393118942954
2835 16.96129730535299
2836 13.75878719507734
2837 15.110440290943318
2838 15.984874043141103
2839 16.27974579736996
2840 12.777715056185803
2841 14.663741098678829
2842 12.896691561475365
2843 16.01555466414817
2844 15.75440122037499
2845 15.138318424544844
2846 11.442255420706978
2847 9.964531627775607
2848 10.267219156271254
2849 12.96241282255362
2850 11.462548681461005
2851 13.088051100064748
2852 16.52609750900126
2853 16.10106001265901
2854 14.066480507173656
2855 13.892944577709955
2856 13.071045956310401
2857 10.51792376586491
2858 9.996255913319807
2859 10.093225498541853
2860 12.95688181676734
2861 10.122848330795566
2862 12.596002411913867
2863 11.570059778166913
2864 13.914200256482887
2865 16.042775355886178
2866 12.839880580168547
2867 14.93261023636152
2868 14.515182485561066
2869 20.15901661639185
2870 16.27692438583495
2871 12.95182318454501
2872 17.5665566328592
2873 17.247360032612185
2874 17.999878674165284
2875 19.143469164087776
2876 18.02679021682038
2877 18.785190630817564
2878 20.55392024065357
2879 17.49120519992928
2880 16.382761178746495
2881 17.205574755238725
2882 16.452621631651482
2883 20.567915422652767
2884 16.20239885564608
2885 16.446552519874352
2886 16.95055961986097
2887 18.983567296307882
2888 15.25865689278009
2889 17.485660370470605
2890 15.173638391686067
2891 17.721381014107685
2892 18.432092309291782
2893 16.29618578969299
2894 18.30875092625857
2895 16.394598037993916
2896 20.078828474270598
2897 21.58928431587687
2898 15.785418767731944
2899 14.025601784267137
2900 17.637468210387837
2901 17.24976298974925
2902 20.70836589863027
2903 19.7427895577937
2904 20.67699286520824
2905 19.84574905431308
2906 22.972217548233274
2907 24.71313878945784
2908 24.980136822037284
2909 22.352448436942062
2910 23.01307178171318
2911 19.620506397522814
2912 19.145314216100125
2913 20.32981365292996
2914 19.509435486401692
2915 17.856129411813654
2916 19.94638451105777
2917 17.98381602221364
2918 16.297577306614468
2919 19.315049014976804
2920 17.56360374350417
2921 18.60439099170973
2922 18.82806944575049
2923 19.314138250717125
2924 20.927236611264817
2925 19.295636205652066
2926 23.36924535379389
2927 23.767834311859453
2928 21.873543666647876
2929 21.503664158776118
2930 25.398369529808356
2931 21.72848107012803
2932 22.117357100558245
2933 24.159283701530107
2934 23.917914351627484
2935 22.441160842736544
2936 21.48732759271057
2937 23.66465125211653
2938 26.18219191652282
2939 26.350434967969957
2940 23.974983316330587
2941 26.33902711431649
2942 25.5810111990248
2943 24.76141269795313
2944 24.458358395777253
2945 24.26452985307018
2946 22.514455465890993
2947 23.845097781473303
2948 22.55292127457111
2949 20.158895047879458
2950 21.31074281798833
2951 19.952891815320804
2952 18.408311620374846
2953 18.2460633393461
2954 20.5953045116143
2955 21.021604648833712
2956 22.459656577403017
2957 21.685258678805518
2958 21.25237168692843
2959 22.86570185475282
2960 23.578551811676977
2961 23.873101797650893
2962 24.555733700971814
2963 22.146957136098916
2964 24.652581815507737
2965 22.327317873182988
2966 23.167259417623644
2967 22.943692713871968
2968 22.215052395110664
2969 22.032166633885975
2970 22.22869148703625
2971 19.528163675682116
2972 24.890691398070903
2973 24.035965449620733
2974 20.578166308701327
2975 21.78561443962318
2976 22.126235114190827
2977 18.962221089014427
2978 19.518113654563454
2979 17.41196789833302
2980 19.014326892288846
2981 19.11559744948789
2982 22.315952679648237
2983 20.65741840145774
2984 22.243746072897274
2985 22.183822405317795
2986 22.108160683443145
2987 22.844445296844267
2988 21.070139149560593
2989 17.80014947550344
2990 17.80442556781732
2991 20.173184178129866
2992 22.898580689071867
2993 21.411991718344268
2994 20.886496742322
2995 19.47755243799137
2996 20.844976803041437
2997 20.191578688552443
2998 24.641280149177636
2999 23.330926285205972
3000 21.071489802169776
3001 17.246549599458323
3002 15.925783329309432
3003 15.777538971834327
3004 18.101262736834435
3005 17.720984168612716
3006 16.870543015113252
3007 17.227795882895435
3008 23.52253371877015
3009 23.72828351994989
3010 19.20972494044811
3011 18.20935165173026
3012 19.012501270462394
3013 18.22034041739094
3014 20.880691694811567
3015 18.199965599113302
3016 22.45631911132872
3017 23.479208066540966
3018 23.970986670796645
3019 25.69916321516723
3020 23.09008212756092
3021 23.894512494439162
3022 25.375903993517575
3023 27.67458339476167
3024 24.84778303122625
3025 29.705813766247708
3026 30.626591663836734
3027 29.564622829592953
3028 28.093458222412202
3029 27.57056784802292
3030 24.5132058750206
3031 27.773306317926455
3032 27.14549542449827
3033 24.605645221452367
3034 24.73501871053378
3035 22.96736323819179
3036 26.062810336954794
3037 26.014834673678312
3038 27.716813721723124
3039 26.921967112642733
3040 27.417776997145083
3041 25.687779452651014
3042 27.804561264180965
3043 27.675523496893597
3044 26.40216990870465
3045 29.307898720549357
3046 28.713184864797274
3047 27.302946280039205
3048 25.32673127533463
3049 27.68079080521527
3050 31.580347724629192
3051 29.3339590307897
3052 32.65816638109345
3053 31.45389384820538
3054 29.905105253060384
3055 27.89815594174874
3056 29.015357090912442
3057 27.566454064685058
3058 28.42601441046063
3059 28.242340055832692
3060 28.202783257107235
3061 27.676664347624943
3062 26.077482319927533
3063 27.3264704063586
3064 28.89052953877369
3065 31.042103827597717
3066 25.960470338919198
3067 27.14485028571321
3068 25.697916877484825
3069 26.667307996337296
3070 26.69070642799281
3071 27.216570479582884
3072 26.116011190515554
3073 26.353568198969818
3074 29.799333801605933
3075 26.43424558483454
3076 27.9780225405945
3077 26.28151254357104
3078 26.760461294421656
3079 24.857408834192732
3080 26.455396829072996
3081 27.022106181351166
3082 24.161122631051956
3083 25.784425667578915
3084 24.771006097488385
3085 25.679701602367587
3086 23.826707070904042
3087 26.59864857004246
3088 28.34945369968081
3089 28.650438199085894
3090 27.025614292612815
3091 25.89388754863001
3092 24.998173902668604
3093 27.78666968707524
3094 30.651648210677834
3095 30.527099662433283
3096 30.31811060169467
3097 27.270774538452727
3098 23.113912685831018
3099 25.643214936826553
3100 23.078709711241466
3101 25.9811585714367
3102 24.526355257065873
3103 28.1461367919861
3104 30.462378868243285
3105 29.422112871901316
3106 31.175391279737287
3107 30.93111356746755
3108 29.659070473406654
3109 30.432120319651002
3110 28.480038749369513
3111 29.123210977487222
3112 29.98910595722966
3113 29.16777431093269
3114 25.739237255542484
3115 26.358378602032452
3116 28.024327246426626
3117 23.7639784451676
3118 22.807047252869076
3119 20.330282487085427
3120 22.880494208035586
3121 23.260731769246874
3122 22.173731391138887
3123 22.83848416831856
3124 23.66566647679066
3125 21.756274119659068
3126 20.67904924889619
3127 20.271022640379385
3128 20.158391002303343
3129 21.37641412808551
3130 18.167585932375623
3131 20.49497842162912
3132 21.969768569208806
3133 22.938012234308687
3134 19.88585751410222
3135 23.398495415726735
3136 22.80182383353426
3137 22.949436803618823
3138 22.113841812473385
3139 21.13178445194969
3140 19.68933654907648
3141 23.255365552702475
3142 20.151714204182355
3143 20.274849639527154
3144 20.968372887030668
3145 15.045420783953846
3146 16.733440157020787
3147 16.52548769223679
3148 18.53320952509081
3149 17.34173475623565
3150 15.641481271829935
3151 18.155862709672654
3152 15.373306078286587
3153 15.321188343665643
3154 19.05348269625442
3155 18.111205783183394
3156 15.003302546193606
3157 17.105853985230944
3158 16.15705123058809
3159 15.83910642617806
3160 18.466705915134618
3161 22.133289968075374
3162 18.571358436610456
3163 18.005002970061657
3164 19.676673813851618
3165 17.80858605068536
3166 20.888536325530872
3167 18.638006576644337
3168 20.037549741727307
3169 21.2333468682227
3170 15.103550419633779
3171 18.82202491431332
3172 14.277966014251449
3173 15.013349367640956
3174 14.910170105873629
3175 14.416111659793208
3176 19.307568681776978
3177 22.434142884968363
3178 21.5776748928415
3179 27.66472504535043
3180 27.906283017254456
3181 24.321365741166296
3182 20.868510749445214
3183 22.707218860912004
3184 22.982076915846907
3185 22.273059975894792
3186 20.219900988932697
3187 20.723794875058537
3188 20.761069127376096
3189 21.372235588559107
3190 25.658811060298518
3191 23.349490580523074
3192 21.094647795926893
3193 21.483513795667285
3194 21.912664379559057
3195 21.97871049654851
3196 20.856382554917346
3197 23.77645524750156
3198 23.740495964018518
3199 22.369567581929832
3200 24.392206186113363
3201 21.60930530679711
3202 21.043985795742724
3203 22.836775492585872
3204 23.274181727071753
3205 21.2111644829174
3206 23.720286916763737
3207 23.770014223152202
3208 23.118097099347935
3209 21.106999077601206
3210 24.850952100910483
3211 23.447459119880786
3212 23.674182773105045
3213 22.596202844157805
3214 21.856466898148593
3215 22.00529211500982
3216 24.514887568952826
3217 24.59964488038465
3218 20.24507327476611
3219 28.72650384723214
3220 26.019832719622006
3221 22.927410564787525
3222 21.90485929658715
3223 23.87538787085826
3224 20.338306945439207
3225 21.2004855737332
3226 25.548742814759688
3227 26.015273749037856
3228 27.814089045086273
3229 26.222260404873765
3230 25.39997975338469
3231 25.178028002807633
3232 26.839372941952142
3233 25.481102210780584
3234 24.652215217453605
3235 27.513683113252075
3236 26.77304329913933
3237 27.488014929944686
3238 28.388813928684463
3239 27.365594421182333
3240 28.14733766854146
3241 28.740653749065476
3242 27.38571931126689
3243 26.644887970817937
3244 25.906924242195316
3245 24.86614898610646
3246 22.185737585500046
3247 24.558801913286494
3248 26.230449077678223
3249 25.946090743772146
3250 25.17181876818436
3251 24.98453752005417
3252 22.405362341585885
3253 22.19017659650501
3254 20.648790750487915
3255 22.935710157599768
3256 22.41308494622573
3257 23.043652154892087
3258 27.04178596557741
3259 25.751657701069384
3260 24.371150583523796
3261 23.578489577927865
3262 23.33143790937257
3263 23.280121528597704
3264 22.309831792864163
3265 25.456882232211633
3266 25.161858833677503
3267 24.251225357906904
3268 26.600378169533847
3269 26.03815707405083
3270 25.481838828946614
3271 23.426907909818844
3272 23.353777875373027
3273 21.522523460133907
3274 23.277911771738296
3275 23.00546278961212
3276 22.517395680400334
3277 22.780619976526978
3278 24.647821948909314
3279 25.211561832010695
3280 23.499049651389182
3281 22.81399384757394
3282 22.891174644905398
3283 20.46933308918849
3284 23.814079198439572
3285 27.120196659085337
3286 25.632257394079506
3287 25.719881712255894
3288 26.04349184839876
3289 28.300228499715235
3290 29.899961667448
3291 28.71643926553606
3292 28.184905330924988
3293 27.107089863951977
3294 27.66374921190183
3295 26.494918212938643
3296 26.37531300343369
3297 26.276827463757165
3298 26.683372882244495
3299 24.75781174851995
3300 25.101954577938837
3301 25.460118824276623
3302 25.97608320493153
3303 25.559648355862432
3304 25.680468230095666
3305 27.195169488235774
3306 25.955759087348603
3307 28.43204222657937
3308 27.005458108697447
3309 24.575082493252733
3310 27.558861698237223
3311 26.003284613199806
3312 27.183421962585225
3313 30.10216681169417
3314 28.117440884945797
3315 30.104140494839267
3316 27.956560532706614
3317 27.463313934447232
3318 27.192419798894015
3319 28.749052372768688
3320 29.522067427256335
3321 25.239057752732077
3322 25.18747306006812
3323 27.41764721125961
3324 27.428063836989608
3325 25.871038132975997
3326 23.2963918350282
3327 25.203774515518994
3328 26.759298195183106
3329 25.556117115926387
3330 26.513218344938778
3331 26.618272081295263
3332 26.944542023361585
3333 28.948121024500765
3334 27.040169270286345
3335 25.207565307110332
3336 26.360318903463515
3337 29.353542454264236
3338 28.050625913549066
3339 27.57130158881448
3340 25.675028560931544
3341 28.157155591729754
3342 26.348962466115747
3343 29.19580832664998
3344 27.03258896611697
3345 26.95697339391126
3346 28.283293184244794
3347 27.48738502507117
3348 27.625877378315717
3349 26.500549609030962
3350 26.039826552229425
3351 26.827504216891718
3352 25.3960415024258
3353 25.491152680572227
3354 25.993589409213627
3355 24.505524439685075
3356 25.225748422853027
3357 24.89833511926919
3358 24.228470422040903
3359 28.518745992627508
3360 27.16895053840491
3361 25.00103936908277
3362 23.75160147541887
3363 23.44049875334235
3364 23.69270454282422
3365 25.02814698374406
3366 25.69654228390657
3367 23.15100226481579
3368 25.339341368394734
3369 25.104458976285624
3370 23.334637555598366
3371 24.239970785698244
3372 22.30767655773599
3373 25.430008800293965
3374 23.542659916882915
3375 25.71027308838086
3376 25.556256588751694
3377 27.04515459464799
3378 25.17434473524991
3379 24.62619131621354
3380 25.04509847026639
3381 25.836366037645263
3382 28.02409604212808
3383 29.940462151722095
3384 31.0242549384429
3385 30.273354031236238
3386 29.95977454886345
3387 30.819921712958262
3388 29.71282253995909
3389 29.499881214279302
3390 28.28871640618482
3391 26.346202937472277
3392 29.756687451556797
3393 29.621632372470778
3394 27.734025462256163
3395 27.75674609481616
3396 29.045232726046397
3397 29.57865381083293
3398 29.368608137016807
3399 26.625925625094645
3400 27.528757654075797
3401 26.04977338942075
3402 24.714530070763594
3403 26.82203280654244
3404 24.792895361137216
3405 23.76947157757738
3406 21.79727827759198
3407 22.123851185016587
3408 22.722629101042795
3409 23.773725743562675
3410 23.444388985477005
3411 24.273666948483573
3412 25.39304646734752
3413 29.61889131989117
3414 26.587340983172943
3415 27.20856875916406
3416 27.187445910284335
3417 28.07088954161594
3418 25.667566986754746
3419 28.925598188566926
3420 25.536205897624775
3421 26.881676939133495
3422 27.498677162067185
3423 24.81837901684991
3424 24.67490395069887
3425 26.809900514219226
3426 28.54282137472589
3427 25.277814725694213
3428 24.811377485508746
3429 29.063091351510714
3430 28.06021518127311
3431 28.99824081331067
3432 28.086675521531944
3433 27.058737575807374
3434 30.816867660630884
3435 28.438864401079183
3436 30.357026684685263
3437 31.984957453976023
3438 31.686698419995675
3439 29.92384513279988
3440 30.365837650238593
3441 30.942454074623228
3442 31.68173554709555
3443 30.191733125748456
3444 29.554552236981735
3445 29.4359013889381
3446 31.082442904904767
3447 33.523318256022726
3448 30.77636709694501
3449 29.378669080926798
3450 32.47654467022432
3451 31.35645752706888
3452 30.896254195862525
3453 30.76987149623176
3454 32.023086930823595
3455 30.417363398880685
3456 30.805112876890256
3457 32.23120995973009
3458 32.70814988243382
3459 33.252047929976996
3460 32.843455210047246
3461 32.518140183742545
3462 31.356017524756577
3463 29.742553073554728
3464 28.422071476395587
3465 27.447945221864586
3466 30.406204627899204
3467 30.037022675734246
3468 30.791796143623657
3469 30.435663273156983
3470 26.647990691569493
3471 28.335540735685345
3472 26.74711575203808
3473 26.60519389603525
3474 29.229332832139043
3475 27.41575133014096
3476 25.705180094456004
3477 25.39750393931788
3478 25.41588373515453
3479 24.54458764307117
3480 27.20766905844558
3481 26.721737680181693
3482 26.948511774364576
3483 22.534208061230363
3484 25.17927495620319
3485 24.34164469551231
3486 22.361681520840516
3487 21.939436706990495
3488 20.77058489751617
3489 20.622281636010275
3490 20.558991421554325
3491 22.421089924601027
3492 21.976932735786004
3493 22.020271470063058
3494 21.669563680359087
3495 21.03636258140088
3496 24.157829365896156
3497 22.489780472787057
3498 17.98988092888933
3499 23.773516684870085
3500 22.798733417534066
3501 24.147471646534974
3502 23.024494435811548
3503 22.478098158570997
3504 22.288252344978446
3505 19.73252662524652
3506 19.154981894967392
3507 20.88570878331164
3508 20.99100611426889
3509 21.79818800606897
3510 21.47285092178007
3511 22.133598988850288
3512 25.468287529592487
3513 24.450229074415596
3514 27.367491557782284
3515 24.907270385274426
3516 25.808887203605362
3517 26.80918811882278
3518 23.4409843998458
3519 21.163459640169766
3520 23.985372021215902
3521 24.73865594295473
3522 22.768630955300143
3523 19.347565783784408
3524 21.956767972314417
3525 22.764060695013242
3526 24.346743221617206
3527 24.22748543179746
3528 22.268307324521327
3529 23.92017685694072
3530 22.40924109097179
3531 22.816378519286978
3532 19.132109500853502
3533 22.13574731289537
3534 19.606569790484194
3535 18.793995399753996
3536 19.2508279274203
3537 17.925889177261087
3538 19.45731479329765
3539 20.05149028599194
3540 18.786125600857137
3541 19.88017476233745
3542 21.78711745664695
3543 20.408594729818436
3544 17.411080903974778
3545 19.647524785896774
3546 19.699149554491182
3547 19.6679710447195
3548 20.807961310890484
3549 20.088399416110725
3550 18.498058196564003
3551 19.05294464821909
3552 20.414977622375947
3553 20.71295580862829
3554 21.102788661125693
3555 20.976142074394335
3556 19.68616398539224
3557 21.361846380833835
3558 19.006627416305086
3559 19.95807219199362
3560 20.256559286447953
3561 21.608254481006785
3562 22.32398709566557
3563 21.936378274178086
3564 21.4579811094357
3565 22.185960628336876
3566 24.00491753648332
3567 23.786287796157858
3568 26.55499882520844
3569 28.373470135584714
3570 29.4287381343471
3571 26.956816911835304
3572 28.051853754324185
3573 27.521664133601814
3574 25.647486438162264
3575 28.02822556022476
3576 25.728113637037158
3577 28.0002386757648
3578 25.2158526740687
3579 24.98323656077407
3580 24.922484880984605
3581 27.417492484332968
3582 23.319617344316693
3583 26.34758639312785
3584 25.662039920003945
3585 27.078380081601793
3586 26.228471638361984
3587 25.31997732960084
3588 23.836863706503294
3589 23.74118230721504
3590 24.5933741950953
3591 26.885824003641044
3592 23.606566842117598
3593 22.858981493524038
3594 23.430006965119915
3595 20.159868799645828
3596 24.592064607568666
3597 28.028034531884405
3598 27.542804589452558
3599 25.823127828089934
3600 24.860956937707932
3601 26.233838597817208
3602 22.1626163864761
3603 27.043848131941203
3604 24.151280467015955
3605 21.96245328072259
3606 20.584841771939146
3607 21.11774319310121
3608 19.661565315822816
3609 21.57111074341013
3610 21.505068934993226
3611 21.598896021994566
3612 23.67873051140209
3613 23.666381788247634
3614 18.703968280808095
3615 20.861126408001784
3616 20.16722630975679
3617 21.988010318284942
3618 24.333948359970666
3619 22.76553597854778
3620 25.743246710592633
3621 24.94317340077805
3622 25.68792874745703
3623 26.025377191131714
3624 24.404774558651333
3625 25.551574659822165
3626 24.044180945974084
3627 25.37770048457546
3628 25.697243345501686
3629 23.78439062955119
3630 25.18738625729172
3631 20.08476988186203
3632 22.74089576399936
3633 23.254134762862485
3634 27.460269229680772
3635 28.76846561953181
3636 25.25354800874653
3637 24.98402918546779
3638 29.775669243684824
3639 28.940700786888858
3640 28.21214100910085
3641 26.53101238287607
3642 27.57089001812694
3643 31.14866234007957
3644 26.377819984137588
3645 27.398630113982378
3646 27.84778091399976
3647 25.133433090796135
3648 30.806079056263616
3649 29.511675407708132
3650 28.56872334884331
3651 29.57290931655176
3652 30.38481557805542
3653 28.321412088459844
3654 30.628750263590828
3655 31.335460238755715
3656 32.436027225267324
3657 34.23189656456864
3658 33.29325960935172
3659 33.74428104563432
3660 34.161541371737904
3661 35.246908599743776
3662 31.754332558609022
3663 29.748861930608562
3664 31.768553225125814
3665 32.01506076647928
3666 32.503190621301876
3667 31.726406026263163
3668 30.36906519325706
3669 33.39274005003698
3670 30.070640031952927
3671 33.09782769502084
3672 28.906101228080043
3673 30.487157269731085
3674 30.75635699805336
3675 27.104989656392494
3676 28.96375189177179
3677 26.916248512233924
3678 28.265121521081294
3679 27.578386062138957
3680 29.883308020556132
3681 31.01712456800809
3682 27.31144083469574
3683 26.028402152156165
3684 30.386879935236788
3685 28.746557455240026
3686 27.88817050167932
3687 29.085715004059615
3688 28.929714250680576
3689 29.79548478932016
3690 30.609930435844834
3691 29.865615409363087
3692 31.77131683631988
3693 28.599134720848618
3694 27.128395854911407
3695 25.869044785944865
3696 32.00979784977182
3697 29.014784676390235
3698 29.636574850033583
3699 28.404822171351693
3700 28.163130279302933
3701 29.42926991372858
3702 29.42562465360672
3703 28.860665453871057
3704 27.681162970927772
3705 25.07627673144688
3706 25.957818957727298
3707 29.91437046669558
3708 28.370314889746894
3709 25.0762801255674
3710 28.28267137846361
3711 27.687690125981174
3712 25.33606813873612
3713 26.320071862711615
3714 26.00356907359999
3715 25.490528972732243
3716 24.602882142543383
3717 26.289636254013356
3718 24.017065523407904
3719 25.165617956393035
3720 26.114200665670165
3721 24.48208359602592
3722 26.66295888508326
3723 24.515908370285352
3724 24.492987787589236
3725 20.835557823028456
3726 23.423661516282287
3727 25.877409149799263
3728 26.425923983241702
3729 26.250720815764964
3730 25.50736990954128
3731 26.865272574718684
3732 29.61910160260632
3733 28.262248676031355
3734 27.758025830675173
3735 27.128240647376547
3736 30.171977976799912
3737 28.606910734569606
3738 30.61543456528603
3739 31.868302436961468
3740 30.03242034990473
3741 28.18542240911117
3742 30.099570117505056
3743 30.742541166366685
3744 31.047456629820058
3745 29.28249473632353
3746 29.850907597993654
3747 28.38193174894276
3748 27.33890183588161
3749 27.96890143431913
3750 28.11820185570498
3751 27.845971155807728
3752 29.516924100105353
3753 27.40506763702631
3754 28.391414124573778
3755 29.15641991300699
3756 29.062486699794288
3757 29.35478786079414
3758 27.480742741672472
3759 28.233882930675264
3760 28.967452607509788
3761 29.124439478695326
3762 28.910173487636385
3763 28.18204789148943
3764 28.428230017149843
3765 27.503572316582094
3766 27.857887221748523
3767 30.177136993767657
3768 27.821639246251124
3769 30.276814441898463
3770 29.731796435791722
3771 25.828289180253613
3772 27.77001187300737
3773 29.156408184014445
3774 27.643681215626934
3775 26.480788407416775
3776 29.616103436537774
3777 27.97189630331567
3778 25.298682400139445
3779 29.328924666213986
3780 26.37538920258465
3781 27.65465964552584
3782 29.275494290788174
3783 28.47815163807987
3784 24.762045542722667
3785 24.43602652425963
3786 26.839603261731163
3787 27.128108682313012
3788 29.16417808474623
3789 26.991775006743563
3790 29.545130870282875
3791 28.7427876081412
3792 26.055804618341146
3793 26.111938089874755
3794 28.14480295637896
3795 29.265462990703107
3796 29.708687086960133
3797 29.952032363077915
3798 30.337678152071252
3799 30.264877180741905
3800 29.572269711175455
3801 25.5917587170246
3802 24.323856179988567
3803 26.137065047016286
3804 25.538041335888398
3805 25.276687769895233
3806 26.604979564113005
3807 26.736742387009247
3808 23.64482028350422
3809 23.89262595957493
3810 26.501838490464934
3811 25.284058044582558
3812 24.73062110815149
3813 25.97299041652438
3814 26.686397606496907
3815 27.397021449675258
3816 27.564919789748625
3817 26.80521714048556
3818 25.144766170183562
3819 26.783851951278873
3820 28.223774096917683
3821 26.801454464346694
3822 26.65481607900909
3823 22.537930396719975
3824 22.277710969751453
3825 22.669486661197386
3826 23.770838942306405
3827 25.542943842165958
3828 24.737597749321935
3829 24.85012267557194
3830 27.18426602970963
3831 25.91479637518115
3832 24.962667808707398
3833 25.918481725743167
3834 26.001377826746438
3835 25.85685555018281
3836 27.922023319123902
3837 26.27831936744773
3838 28.473081733857995
3839 28.128034340712453
3840 28.43883151136955
3841 27.490619026338994
3842 27.05242328172929
3843 24.15066131672149
3844 25.42598821499344
3845 24.457830558258493
3846 24.670664384214827
3847 24.596498281649453
3848 24.44967327837564
3849 24.389860553101883
3850 25.661725546663103
3851 26.26805222306185
3852 25.17453799696447
3853 25.945148113754644
3854 26.711468536327526
3855 24.959355547789965
3856 26.507224974033072
3857 25.399534197043497
3858 24.771248588651023
3859 25.585253725240236
3860 25.75712551706364
3861 24.535153199693443
3862 25.886546095061505
3863 26.06579419941295
3864 27.25220881663053
3865 25.509779987531683
3866 28.37312519296
3867 25.60499039444056
3868 26.493976423077104
3869 27.91903078583111
3870 26.821707946195076
3871 26.852835660747218
3872 26.501129284329533
3873 27.02480810828908
3874 25.530815758350784
3875 25.044369780325443
3876 27.60094838229741
3877 27.7168475132335
3878 26.920790314431304
3879 25.430288344716445
3880 28.269416122155683
3881 29.120567236606323
3882 29.48069603531928
3883 25.407984704962924
3884 27.261070536347702
3885 27.39035536821016
3886 28.682241953232918
3887 28.917749852958362
3888 27.817150907872694
3889 28.519110069943665
3890 28.6618586011727
3891 27.294172649265473
3892 26.456366424370124
3893 26.86151632703154
3894 27.513883834623876
3895 26.523948099606827
3896 30.05134120264931
3897 28.874031103907782
3898 29.240822940106067
3899 28.2951793370936
3900 27.533608607780653
3901 28.406719162320954
3902 27.561642195523177
3903 27.3790074795939
3904 28.47310599114149
3905 28.382555795315017
3906 28.628978883880748
3907 26.169022700685687
3908 27.7054734034543
3909 29.40060004508249
3910 29.66026843936661
3911 30.098359658040348
3912 27.94204365289796
3913 27.132460650884862
3914 27.11720313698255
3915 26.50985152350862
3916 26.859699791021775
3917 26.669563124704432
3918 27.738006479626808
3919 27.006322593347914
3920 27.406148496109395
3921 29.01902951222231
3922 29.07706926707989
3923 28.61250291592978
3924 27.716833376049163
3925 26.812814570448847
3926 28.391998088056578
3927 25.047645920264415
3928 24.8465045460369
3929 27.176909617269356
3930 26.23057505435011
3931 28.56125923180371
3932 27.280877170164658
3933 25.265258590490358
3934 26.526444305705407
3935 26.190283858783264
3936 26.365640079362105
3937 27.4457864638053
3938 23.232658886586194
3939 25.59873249832292
3940 24.42047582583085
3941 27.211886765447783
3942 27.946965656478564
3943 27.854292507607003
3944 26.367591408829156
3945 25.631605328709202
3946 25.105734350256355
3947 27.632242238714255
3948 26.2540550663122
3949 26.86693664113607
3950 28.50636101498614
3951 25.980743133336624
3952 24.710066639881948
3953 26.114987278964723
3954 27.004986581248684
3955 28.639206335217448
3956 28.539410962429667
3957 28.404344713052097
3958 27.346214559134186
3959 27.72560248419562
3960 26.61543217527706
3961 26.69043798219675
3962 25.419482296010667
3963 26.274002123670677
3964 26.99003647136495
3965 24.83681143114107
3966 26.617204882520323
3967 26.05523967813499
3968 27.33620719933535
3969 27.037233325505834
3970 24.15168964978341
3971 26.790979999475237
3972 26.554342885782244
3973 24.21983753858636
3974 25.95403997895707
3975 29.23992873954234
3976 30.521060572404068
3977 28.14846156500523
3978 29.055962794208266
3979 29.81558963502927
3980 26.539633258968173
3981 27.90330225980491
3982 28.13143759728155
3983 26.63489074593002
3984 26.66864020692727
3985 27.347852084826812
3986 28.18189967410626
3987 28.22431724524041
3988 28.677617407969308
3989 28.196757978066582
3990 28.04119443975186
3991 28.87419892312457
3992 27.064932154598672
3993 29.28373324238565
3994 27.66215138164978
3995 28.532347758672913
3996 26.676022512786147
3997 28.640503599439825
3998 27.421676745968064
3999 28.240016798387952
4000 28.8067624834813
4001 14.164864233292109
