0 10.908352484920231
1 14.001988630095598
2 13.645584223994586
3 14.760589496038579
4 15.369561994887244
5 15.016949644285194
6 14.767881162783572
7 15.281497939021053
8 14.652681417054957
9 8.740553706719128
10 5.608021094811555
11 4.674418159711786
12 3.9611112850231174
13 7.766425534950423
14 8.892134610515676
15 8.595980541140552
16 7.538403536008447
17 6.06748211946756
18 6.456605823974968
19 5.872261921435503
20 4.721436487246899
21 5.4999912406184635
22 5.206998251902778
23 5.086970370981765
24 4.951605256247385
25 5.3407138614629845
26 5.3827845202085784
27 5.239520167740643
28 4.962807700202815
29 5.298317249984733
30 5.229856661703971
31 5.771785406041748
32 4.761272046002065
33 5.276733299810682
34 6.051255833451787
35 5.69401450642641
36 4.982121602588675
37 5.38334920759218
38 3.205916983951554
39 3.3001933243581134
40 3.655835901739595
41 3.5532054362425134
42 5.542201401339384
43 5.790195803057897
44 6.1271626304073035
45 5.732260016216976
46 5.216347307255526
47 4.734774670179442
48 4.712326224208685
49 5.02363068631913
50 6.702390518973423
51 4.9434748194725335
52 5.090314380258665
53 5.071541658725309
54 5.772434803962822
55 4.965309926145098
56 5.492922477190088
57 5.243389167239662
58 5.7413630554525605
59 5.418317406235348
60 5.612021263453268
61 5.383306955678096
62 6.7580089645885995
63 8.321650915047261
64 7.2458339429753735
65 7.556053669818489
66 8.21004875104001
67 7.846312599341058
68 6.6385117592262475
69 9.404313081827823
70 7.034697432854548
71 6.985262935776458
72 6.304993313477811
73 7.953973637324978
74 8.697582131459528
75 8.028565288943028
76 6.3531191430262615
77 7.553007417451001
78 5.493965234770441
79 5.237806978175968
80 5.782087064613502
81 6.405353081388449
82 5.152795196031039
83 4.911505112561869
84 6.477085327045033
85 5.280945345467106
86 6.181328937641972
87 5.4199782494295885
88 6.136344444753752
89 5.268519187794444
90 5.00813650137892
91 5.054144039565497
92 5.58701306283588
93 6.4002877241087015
94 6.357518248598494
95 6.992662979426053
96 5.514548516285752
97 7.687234473232023
98 5.264295343990845
99 5.477461077206566
100 4.909457681390926
101 6.208537519064929
102 7.086060874624119
103 5.869684639800367
104 6.102605042578619
105 5.940986332421307
106 5.256805125860982
107 6.009314496877007
108 6.925620898676931
109 5.67302666376093
110 5.223615068065988
111 5.632090398573619
112 7.449788468401128
113 5.6242888702508855
114 7.071009163712503
115 5.506036596177411
116 7.628575317149689
117 8.657035367766486
118 6.980863142017537
119 7.384411061952538
120 9.086076932497997
121 6.006355674874323
122 5.2809610389526105
123 7.081465583235266
124 5.934866658797633
125 7.616053286351908
126 8.168057959595464
127 8.38992032637497
128 7.364252447353829
129 5.234715626894354
130 7.025286913786862
131 4.603618611793243
132 6.054751319357839
133 5.3458163700844175
134 6.635746864078123
135 7.2323533937778945
136 7.038658443745079
137 5.455856202622942
138 5.966225657372534
139 4.061740777352799
140 5.685250137996975
141 7.152278622429774
142 7.661938429399975
143 8.112889455328572
144 6.585663803927397
145 6.928132973935648
146 9.820534674235825
147 9.913560491532898
148 10.306250933630675
149 7.284122281269481
150 7.802542565598648
151 7.549259378249821
152 6.242246296856408
153 7.742425182007119
154 10.25622382618894
155 9.722420540740437
156 10.35687151424664
157 10.387564820975523
158 9.241904843490497
159 7.646721198940593
160 7.325791223387158
161 9.735773699266161
162 9.760126816598174
163 9.695513009579397
164 9.858147592695676
165 9.58218728415084
166 10.941552275558793
167 9.058947742905556
168 10.375964591906458
169 10.87106688344691
170 10.512576692907517
171 14.01675731506117
172 10.600324916972772
173 12.974803816708196
174 10.10822302214428
175 8.257072007180547
176 9.419809270333966
177 9.824273011160708
178 9.190658732020708
179 7.669627735407406
180 9.811651089125867
181 7.5659915797137245
182 7.3024690351983645
183 5.568689088910968
184 6.443412987142668
185 5.7113966417301025
186 5.628751150768516
187 6.529744104277627
188 5.923989731952645
189 6.211292470942463
190 7.682959489323682
191 9.231092507872567
192 7.393636645857117
193 5.07145530476801
194 4.95434014848036
195 5.26905607742508
196 5.002979119512202
197 5.218350846684808
198 7.066581034929528
199 5.716547867295392
200 4.207282032485724
201 5.900844187330062
202 6.118372105152035
203 6.873681558594294
204 7.904602295863116
205 7.47771813720204
206 6.851202026492225
207 7.604046459725153
208 6.302928451750705
209 6.398915826999371
210 7.305870865463113
211 5.686120153703843
212 8.533657594583715
213 8.140674530033701
214 5.663925741349243
215 8.290725568579669
216 6.099925354423526
217 5.395010871490337
218 8.379775031445735
219 6.93537386623253
220 8.236948456566598
221 8.381114961473907
222 9.344542337788624
223 11.157674585850996
224 10.381502030613525
225 10.807255453873333
226 11.36677746945303
227 12.908252198259536
228 15.115879367459177
229 10.401272580416462
230 9.658773618138289
231 7.652141772475489
232 5.264301730057619
233 5.9300202290543
234 4.987832845575666
235 5.406461695986132
236 3.3434608939749366
237 2.814807972297695
238 3.5384539912706727
239 3.396064156698059
240 3.1993483185061677
241 3.4896956858225017
242 3.2463313602318857
243 3.4783576996973125
244 3.067984399831204
245 5.1335910255588155
246 3.328096050988607
247 3.5877010114253873
248 3.399982109023369
249 3.4229593120104447
250 3.0209218196042187
251 3.288970822710481
252 3.4735053822961675
253 2.6844925709078975
254 2.580465915824653
255 2.9238438478154327
256 4.6145860261927325
257 5.0659467109545595
258 4.963197365453322
259 6.988860378987396
260 7.728173673966892
261 9.240274660562896
262 8.127616170046156
263 8.116016910228602
264 9.417904599550965
265 8.625325641535625
266 5.5233771442451065
267 6.2009865106417
268 7.425491726504748
269 6.696197412956735
270 6.483805062373772
271 5.801230820123997
272 6.49662797572417
273 9.118424248843557
274 7.643073932740658
275 7.860231687516485
276 7.6791079205796064
277 9.553117598396762
278 7.212650626642411
279 8.468392867176767
280 7.657469149395278
281 10.12605974369801
282 6.948856322673225
283 8.279217406252283
284 9.152242100743099
285 7.661235336511736
286 9.076843603256986
287 10.745975720325903
288 8.227328960134576
289 10.249802095243055
290 9.881944049973878
291 10.11033585938564
292 8.934795313852248
293 7.298975831602704
294 6.830117884196024
295 8.2210603311361
296 8.36300937423334
297 8.418749721243602
298 9.04714935896652
299 10.029697969707202
300 8.505049054399436
301 12.421868605664077
302 14.160922168618647
303 10.636679503736419
304 10.99759364978765
305 9.857527574296014
306 11.601702046591154
307 11.44561040907943
308 9.406773163242017
309 8.807438967668569
310 9.20152712876925
311 10.597299372998968
312 7.788948903406963
313 7.17395480581432
314 6.068739501699207
315 6.398501854320995
316 10.056880310979517
317 7.975559623578691
318 9.83268602868012
319 6.0579906998945905
320 5.425577528491752
321 5.791953349598543
322 5.992289530054596
323 5.161130161276825
324 6.305754345536206
325 5.222689076430507
326 5.772496476941127
327 5.747141107126306
328 5.915551118949543
329 5.621565146746463
330 5.356571881197507
331 7.106445607844817
332 5.064937047541398
333 3.544678705077909
334 3.5580755883179718
335 3.6817913911505005
336 3.8050251721108777
337 3.750484019061516
338 3.655356793193435
339 5.5129357962121395
340 7.13060355972426
341 7.908493339964919
342 5.937581641609291
343 6.184177967245389
344 8.065882543916818
345 6.114812241774299
346 6.0959646360084045
347 7.344809771024157
348 7.7213343816065345
349 8.176736098801799
350 7.8776420753357055
351 6.290003634703255
352 7.214377483287535
353 11.343107250523675
354 7.464468531054248
355 5.069679205564521
356 8.575777069739186
357 10.524193622501413
358 9.444189948939687
359 9.400585097266049
360 9.722518014696382
361 11.401897417812913
362 12.330309741298429
363 10.80137656869816
364 12.580050582241638
365 12.307040130249856
366 12.966194884248958
367 9.551595709218722
368 10.804812316465199
369 10.492328240981914
370 12.27356846198963
371 12.048705216555089
372 10.229674831230918
373 10.866033950041587
374 11.44542780085446
375 11.747621623515148
376 10.426779757944685
377 10.39730192817355
378 8.460370053438838
379 7.7047357326525425
380 6.794294007087756
381 5.13580062538063
382 5.7911874545025475
383 6.589062037429221
384 5.802118876190224
385 5.038299085839785
386 3.562687564452154
387 3.5315467052527403
388 3.403179450547896
389 3.8455161555192627
390 3.7023938850976092
391 5.898798119021791
392 5.407980691864899
393 5.860557717355338
394 8.149409324918608
395 8.032232214475842
396 10.026949521431265
397 8.959111960890558
398 10.483808252862692
399 8.77012804605622
400 5.770848550267486
401 6.2924825017793715
402 3.4969291833241245
403 3.757493834754197
404 2.749902993454733
405 2.556297484912294
406 5.392256286522852
407 5.567216695255054
408 3.34770630865315
409 3.711920345594194
410 3.1972647659597753
411 3.4842116113620056
412 3.4536665833962106
413 4.1531412662820815
414 6.0193897766938065
415 5.404174751577689
416 6.654774842042866
417 5.709713977395183
418 8.951751548847094
419 10.69929858302756
420 10.793970802509756
421 11.941019201185924
422 13.314967029058085
423 17.93563123776423
424 14.612064125629015
425 13.287906437113426
426 13.858795037674634
427 12.69795104924531
428 14.519717921415637
429 14.80453821845126
430 10.239723715560858
431 10.248939730558874
432 11.505464062606325
433 7.667860209113881
434 5.044093240966616
435 6.866960380586853
436 5.384080329081274
437 2.732489992005394
438 3.1168386717038277
439 3.6181989090455433
440 5.593233346482077
441 6.387466924837152
442 4.929302433496114
443 6.238897969061094
444 6.740763013762776
445 5.690723765762282
446 8.926837869370432
447 9.064051005982957
448 9.160569878138512
449 7.994440448931187
450 9.849829820897575
451 7.563437200211654
452 8.595746401188926
453 8.557625611408975
454 8.957067526437111
455 7.678629109700495
456 10.488454719964537
457 9.53350291597133
458 7.523859848790492
459 8.181913010579892
460 6.81386581409353
461 5.247828707058952
462 7.384177399565652
463 7.525315850713795
464 8.431970939608144
465 9.927129442137572
466 9.89244361659094
467 6.31839106819565
468 4.637237837719202
469 3.0627361740345656
470 3.5929376850310955
471 3.39037375311355
472 2.7522804143606177
473 2.8261093656907303
474 3.8803544148089917
475 3.6088733696719704
476 3.803626755543737
477 5.399986912751841
478 6.012906443098051
479 5.693405559018004
480 3.1818916673190474
481 5.410417506102203
482 6.934857694438246
483 4.5773524272187185
484 7.200283233160506
485 5.531550944654192
486 4.581217863922354
487 4.065560213842447
488 5.143406435501614
489 4.7606567439518015
490 5.340863152515424
491 3.397531884549964
492 6.156740352658781
493 6.397710326943576
494 4.466884538798271
495 5.726580149377974
496 6.224384854853522
497 10.850850328306404
498 11.291027271781921
499 7.884301556779171
500 5.218276992212906
501 7.146168520539481
502 2.8583608988229936
503 3.193435751669843
504 2.6521143943144843
505 2.549656610746757
506 2.5877161545016354
507 2.639406484300051
508 2.5296965430030487
509 3.162125936589466
510 3.227606630582909
511 2.923265693038572
512 2.858435184311304
513 2.646150807510584
514 2.6940617322675604
515 2.779176427037125
516 2.9241302292736258
517 3.050314418914008
518 2.609312925867564
519 2.8290718225398206
520 2.7689766491279038
521 3.0752984955607836
522 2.566502145167105
523 2.652752173378514
524 2.6216533732201097
525 2.8145746699167793
526 3.1504740457253857
527 3.130863551749471
528 2.4514965715014587
529 2.916108841351902
530 2.5085554925552
531 2.681888706213496
532 3.3009591409228074
533 2.5413687260769353
534 2.7014320867939956
535 2.6646272409410625
536 2.709383005664523
537 3.188056450599423
538 3.0421205758958934
539 2.75102291156577
540 3.324858698092296
541 3.4601718079417467
542 2.727395098366296
543 3.3589884425155563
544 3.5159487841375863
545 3.658532861889446
546 3.6989530847320635
547 3.6106548750978313
548 3.2058871541400826
549 3.153512240362126
550 3.6977322779019404
551 3.5871260110891714
552 6.175480864918934
553 3.781010917434011
554 3.0876768817411633
555 3.1499100500940234
556 2.999309480174129
557 3.614182928265827
558 2.878260820641308
559 3.016303251124318
560 3.8379867751970282
561 3.805228619532637
562 3.462008397654134
563 3.5156527750669793
564 2.5277925485463335
565 2.8436053641980235
566 2.529351590873726
567 2.7748236137940285
568 2.8407031728200023
569 3.0339358982963294
570 3.17852957504973
571 2.9108913045064373
572 2.7417859353669
573 2.598907334420339
574 2.7075752471879877
575 2.9748806333597284
576 2.7952874089474515
577 2.6790352679291525
578 2.710016463125427
579 2.6085206483515964
580 3.047729800719766
581 2.6390775398314745
582 2.618251297913449
583 2.8335574395257126
584 3.4909153996457185
585 2.679673268918835
586 3.4287328182193098
587 3.602681549814451
588 3.1977161719208542
589 2.6906710698795746
590 3.5331581378443606
591 3.6466333069995738
592 3.120955891289406
593 2.6829258232312214
594 3.458502949455478
595 2.613609387395073
596 3.008137182155251
597 3.032926690761103
598 2.996421690516798
599 2.8161782276572187
600 2.5923144082291913
601 2.5977938820608677
602 3.114373189406719
603 2.7178975203579676
604 2.64794547769035
605 3.6462123038487624
606 3.18813544141104
607 3.1907697190256195
608 3.35827289017298
609 2.582557457199064
610 2.825224689311811
611 3.2777329681741616
612 3.6380601912235466
613 3.468619634817067
614 3.0567830343224096
615 2.8745423909826617
616 2.9890649365612503
617 2.777908099096233
618 2.7629366518843477
619 2.854334088645434
620 3.61500541550566
621 2.5727998543606847
622 2.807157644737938
623 3.050029495378543
624 2.9209939827408733
625 2.847926918847743
626 2.5971517249935316
627 2.878428606930941
628 2.8036976143146886
629 3.6762880997718304
630 2.7468707368457803
631 2.96166127781805
632 3.048302137475778
633 5.713950596649074
634 2.8163894173210715
635 3.39270516098291
636 3.5140728639875602
637 3.459699280747537
638 2.853592568806158
639 2.9742654999685523
640 2.614180212535507
641 3.1654470849381604
642 2.5566798585030117
643 3.358254922977176
644 2.7204305936300233
645 2.6030278882642564
646 3.0142068285873616
647 3.244818883241406
648 2.7558076553510866
649 2.6749781895493916
650 2.7146028703860954
651 2.6535583541956913
652 2.6404359576120684
653 2.9245912891785433
654 2.7112785780399045
655 2.7220000767359127
656 2.67686441696209
657 2.7767980256808364
658 3.2724028936895566
659 3.441288059300496
660 3.315588352016186
661 3.2012818310824773
662 3.778434146122524
663 3.113096407828694
664 3.891541417553354
665 3.0712141607032875
666 2.838618903357206
667 2.4997336518891093
668 2.537059623515498
669 2.9188956359231635
670 3.158296251341298
671 3.680637302779634
672 3.0063039792158692
673 2.8217333181024338
674 2.7589360359194472
675 2.9790739369277586
676 2.864897605573314
677 3.391860975499124
678 3.0437588477126205
679 2.822323552097335
680 3.1868305602736315
681 3.3941123285112433
682 3.0505986035970523
683 2.5778595015999417
684 2.5693358689127463
685 2.5925262564946774
686 2.536751178478158
687 2.535127030907484
688 2.6233439373702008
689 3.2669632689352452
690 2.5197118176607183
691 2.472523860999912
692 3.2164805620649757
693 2.5410280006677115
694 2.479769633289109
695 2.7641256137290036
696 3.171914516385451
697 2.4855309104684946
698 2.6554794741069925
699 2.778354313832265
700 2.691230702280911
701 3.0187696176417025
702 2.907440733390781
703 2.680253462122655
704 2.820182813863556
705 2.768910714543594
706 2.549339213312753
707 2.6770430350815175
708 2.7761955226425745
709 2.6823510149179146
710 3.7784326101202814
711 2.6569928907368507
712 2.6267174981498305
713 2.6486884376005477
714 4.671008648479427
715 3.076092375721921
716 3.8837545759885437
717 2.9004720814025267
718 2.8357662243319326
719 2.4526987425881766
720 2.8722676267365475
721 3.6111553600463524
722 3.605246343357936
723 3.854849749274595
724 2.824900423980316
725 3.44231132218344
726 3.6109901879321975
727 3.313987958356341
728 3.7611059826794877
729 3.2950503547785632
730 3.1453533487225434
731 2.5059462944163995
732 4.312506848326643
733 5.757279504629997
734 5.871057316122759
735 5.615754995842157
736 2.9253255460239553
737 4.675838580149856
738 6.084973235124627
739 5.440503338652064
740 5.449121722506969
741 5.799457903161485
742 6.070718889228763
743 3.8210461493264183
744 4.97727419208659
745 6.88886417899178
746 5.645882408299954
747 3.660372917070218
748 4.230697512646854
749 3.900748796035788
750 4.921172797454051
751 5.584563474760114
752 4.322907084270034
753 5.030270919026663
754 5.254816236687729
755 4.57797340067438
756 4.790336036444238
757 5.931494537947546
758 5.655683161238043
759 3.680742183151376
760 3.179398704415377
761 5.35405062968414
762 4.848514653653135
763 5.855060325988781
764 2.936359427320478
765 3.287512027855097
766 5.928683967526092
767 4.930857538078519
768 5.1082409799695
769 5.738590950897963
770 4.47271142842691
771 4.16857373479865
772 4.086284798670244
773 5.468945119706558
774 7.2455531635875
775 6.651568404337651
776 4.802851209699458
777 4.383358940217478
778 4.886470995984646
779 4.5225495124360995
780 5.469675196858746
781 4.886403229102093
782 4.879378201472111
783 7.498732890400467
784 6.0127486211255
785 6.267020051017346
786 7.060138187519431
787 6.0635280109154825
788 5.735181220201849
789 4.918621870882973
790 6.18466613978759
791 5.159505264170694
792 5.694488839378623
793 4.87956546803217
794 4.8633505225394575
795 4.93310717705434
796 4.824033798805731
797 4.979712391406703
798 5.997632572418941
799 5.6221380515075845
800 3.7170100419648033
801 6.426060127640724
802 5.5677918367399855
803 6.059455529616128
804 5.370271045516467
805 5.512433315441245
806 5.103660788941511
807 5.739923942680293
808 5.112720871162646
809 4.971403691730165
810 5.445976225859506
811 8.242194875962028
812 7.579533491854848
813 6.863444823660739
814 6.3101764147744195
815 4.7137643334635335
816 5.14321274835888
817 4.890650795847463
818 7.135692362566036
819 6.18133356390957
820 6.407147873442844
821 6.810658240984849
822 5.056075530757222
823 4.649765054018834
824 5.26096555079518
825 6.391544186264998
826 4.5805533224065895
827 4.803347846775042
828 5.6236552248648275
829 5.1666308125621425
830 5.0099161344361285
831 2.684572668760664
832 2.8284421756688465
833 2.484088954539872
834 2.5662270598552377
835 2.5971327391964136
836 2.6135367448035405
837 2.9463969129106515
838 2.5794956992005735
839 2.6853314515973183
840 2.5378031997328194
841 2.5438612657252726
842 5.476498516256109
843 6.164493786406719
844 5.0523642207793005
845 5.658650877611883
846 5.900858869210829
847 4.855126427404308
848 4.527684016248972
849 6.090036419042892
850 9.045153463655797
851 10.1647981643736
852 6.76812831942939
853 4.35115136284416
854 5.861571446662486
855 9.597558935235561
856 5.977305611486061
857 5.556157311609492
858 6.883917422708858
859 6.5485703479711495
860 5.426090816976569
861 5.890762088871635
862 6.22205425574424
863 5.409131935704386
864 5.775347661910007
865 5.881936331747172
866 5.156250964134672
867 5.178552290054
868 5.514181197695827
869 5.117991296607323
870 5.3160090724356674
871 5.335090889846893
872 5.033819225258598
873 6.034349060239988
874 5.208670451264706
875 5.968012043817146
876 5.172969454693576
877 4.551611348653904
878 5.18655927058657
879 5.6424371863151865
880 4.890064740835604
881 5.611515270552181
882 4.496147303486656
883 6.373681374282694
884 4.82449172194136
885 5.177322932985707
886 5.851446499661717
887 5.356746415021949
888 5.451875337819634
889 4.654835976114758
890 4.701521541158595
891 2.9257069807647587
892 2.69118195728623
893 2.6971367796015153
894 3.103258481832011
895 3.344732903523247
896 4.199154818195113
897 2.851938096519495
898 3.747453588156605
899 2.6561211526808726
900 3.485247333796748
901 3.6679904768442997
902 2.866647715338679
903 4.079491694707647
904 4.391472915489741
905 2.9648376451312917
906 2.613400907560802
907 2.990441891482709
908 3.6328126339922804
909 5.313514117364541
910 2.772150615843246
911 2.8731934270721524
912 2.866504878454428
913 2.790233200885986
914 4.761766525543382
915 4.629591379789177
916 3.3660818547256204
917 4.693277811207304
918 2.7379209037052137
919 3.6506830143911486
920 3.299685936523537
921 2.962485590522041
922 3.1195940873713193
923 2.826129747126109
924 2.878534153797341
925 3.1772272540761253
926 2.8379494902140814
927 3.045699864031827
928 3.2318789486992907
929 2.967799234578222
930 2.8610920497840175
931 2.956718153170049
932 2.8022658972635317
933 2.7898538057629265
934 3.0666851719445103
935 2.8226403173901504
936 3.263469027493294
937 4.329457548147528
938 3.096165260267487
939 3.3566114311926882
940 2.550687698991332
941 2.6247542981774794
942 2.6545216332508357
943 2.5142130408988272
944 2.624892992147985
945 3.2773193635551165
946 3.1386834449746206
947 2.640697113251051
948 3.1226141600515174
949 3.320693213938759
950 2.6737403530640855
951 2.616855570723125
952 2.903484932423504
953 4.511055934135379
954 4.909504686690735
955 5.189239264225788
956 5.5702763574872325
957 5.2605198580854955
958 5.181035310255742
959 4.944144104446639
960 4.857282331763645
961 3.1337051229003205
962 4.884971481760771
963 4.4395323273365195
964 5.7782521059494
965 4.884008010832894
966 6.6917425795941785
967 2.8669187874363495
968 2.7640413572626414
969 2.8854106395354444
970 2.715365609701123
971 3.152912929031648
972 3.6684081799340973
973 3.619119887246658
974 2.91142611032498
975 2.6884466429912757
976 2.791396734186486
977 6.066191870570175
978 3.273782311424372
979 3.5713932319243114
980 3.647939213756387
981 3.7473530282125953
982 3.517465425400164
983 3.255790157031883
984 3.1374095752379487
985 3.3593559783453157
986 3.3337461387958434
987 3.071993075863723
988 3.7868471382928237
989 5.246643927371251
990 7.183499837957572
991 3.306017913810398
992 3.5305142976319632
993 3.348980891766278
994 3.5569395860048743
995 2.935697508146116
996 2.647335208036397
997 3.0605410871724117
998 2.5454904451729403
999 3.0185803185165074
1000 3.372182693659555
1001 3.724896741426732
1002 3.2491563661026235
1003 3.3158312912729477
1004 3.323938718843058
1005 3.619689386022178
1006 3.751535813436292
1007 3.3123360974404816
1008 3.598370229993337
1009 3.6493963918332746
1010 3.721137154803377
1011 2.6786582656961175
1012 2.575773670307338
1013 2.664264619592548
1014 2.951968099696734
1015 2.6661454421311994
1016 2.6072390584331346
1017 2.5181076992280036
1018 3.045204421076331
1019 2.8726301373916985
1020 2.5763939524812645
1021 2.5530717758991077
1022 2.508089507802109
1023 2.8144679985428525
1024 2.6128348104189048
1025 2.6018935729246295
1026 2.650402386920534
1027 2.733345889221166
1028 3.049936348675009
1029 3.0104073582915354
1030 2.7166042521544074
1031 2.889569224956076
1032 2.726368437814741
1033 2.665085649958992
1034 2.9986782712739513
1035 2.548542049321768
1036 2.749198371735833
1037 3.030694744420515
1038 2.709505236743525
1039 2.846582990694246
1040 2.481972137310802
1041 2.791482450906409
1042 3.3236244690560808
1043 2.627827951454759
1044 2.867097086986856
1045 2.8191360015877147
1046 2.7044675687343456
1047 2.5529906725268
1048 2.623905119216097
1049 2.8183283760461233
1050 3.1302933074948807
1051 2.7518295325251674
1052 5.377259139555829
1053 5.4906689721061674
1054 6.925907101933445
1055 4.733133142908097
1056 2.8162038978994914
1057 2.949457711770663
1058 2.919163236796326
1059 2.834478908867885
1060 2.796598427651907
1061 2.6073161507140594
1062 2.6080200171285286
1063 2.5657436680506
1064 2.6379250744623493
1065 2.634446274814128
1066 2.8871279221014503
1067 5.869203269753549
1068 3.4944138029150427
1069 5.067032104181479
1070 2.662524211088938
1071 5.284475750866615
1072 6.040747649804117
1073 6.526662178285244
1074 5.863588119159951
1075 7.414402967566359
1076 6.2151219191108344
1077 5.941268085287389
1078 8.072714791279472
1079 5.113253448410202
1080 5.526867647904937
1081 7.0175626347976365
1082 4.792845593939503
1083 5.262727581696548
1084 3.1874199871764866
1085 2.974033404877653
1086 3.285717349992981
1087 2.5201382765883142
1088 2.8483420791965264
1089 3.320979189296279
1090 2.8511214154893527
1091 2.768420840018957
1092 2.7779379836492315
1093 2.6023369219806023
1094 3.1757354903487474
1095 2.7500672946012017
1096 2.58570180432242
1097 2.8441273042333433
1098 2.6059599442173775
1099 2.654461918564921
1100 2.791689817541585
1101 2.927837794727392
1102 3.2229229172392793
1103 2.6337187487775675
1104 2.9499424841559576
1105 2.7638135459544033
1106 2.8281097691121744
1107 2.5546239668133612
1108 2.833112516109179
1109 2.5405264845087476
1110 3.1843707099313243
1111 2.7758301035325426
1112 2.6861183227313714
1113 2.632291961604335
1114 3.1358589098496923
1115 2.853844622176487
1116 2.52869490425964
1117 2.7202974297121054
1118 2.8738758544533165
1119 2.5526713332686923
1120 2.706727431548977
1121 3.4577200924784792
1122 3.3598526309307926
1123 3.4161213878282743
1124 3.170082432974752
1125 2.7875816025425575
1126 2.6964505053527996
1127 2.7138083890284714
1128 6.646820967922772
1129 5.162224539372143
1130 5.817670254121161
1131 5.153661068810067
1132 5.567591885249741
1133 6.702645052662387
1134 5.846000873644872
1135 2.6819663881717686
1136 3.8979832682567315
1137 2.6483439281096923
1138 5.487812161353719
1139 4.971189624421486
1140 5.420349817586198
1141 4.5197077273559145
1142 6.09518388203553
1143 5.121914231575347
1144 5.557264704082446
1145 2.6865954509923062
1146 2.8495850635139264
1147 2.7807658681616667
1148 2.6920065634761783
1149 2.9752368854535516
1150 3.0254118331668716
1151 2.5107246948581348
1152 2.8882229383216065
1153 2.7821001054537478
1154 3.1932767086036105
1155 2.6792084148390636
1156 2.759368382212243
1157 2.7071404790624265
1158 2.79385736683751
1159 2.9988978398409225
1160 2.7254704474981684
1161 2.594504236929033
1162 2.6463498293913714
1163 2.780846348113984
1164 2.6843434656014598
1165 2.6000495421772185
1166 3.0779568972824554
1167 2.611601939074678
1168 2.8747890887622884
1169 2.7726201304483786
1170 3.079803572012044
1171 6.236867251795933
1172 3.4661926841529955
1173 5.015643964140478
1174 2.7713988204739417
1175 5.54587361065099
1176 4.6735643924696575
1177 4.890174941229219
1178 3.2508712225466985
1179 3.072696021887215
1180 2.7817333663159114
1181 2.509139790657711
1182 3.681492220988916
1183 2.94449815758925
1184 2.7760521467085706
1185 3.2761269148805825
1186 2.5182395980652954
1187 3.081725219479691
1188 2.552497620779412
1189 2.6037910329999816
1190 2.46897167220919
1191 3.070990537213366
1192 2.7043980558793623
1193 2.5570086919982047
1194 3.1069405705393716
1195 2.6230922051500674
1196 2.5244351181045896
1197 2.8278502057076507
1198 2.6616744113585336
1199 3.50887032874292
1200 3.2409078936872553
1201 3.466939611946866
1202 3.6414394860818455
1203 3.4017280832056724
1204 2.7786016375148077
1205 2.9447045960172233
1206 3.047639324973566
1207 3.459081433037466
1208 3.0554220938836765
1209 3.4857998137871395
1210 2.7241608675461495
1211 3.4293391951990135
1212 2.5607095256840195
1213 3.1336720237641944
1214 2.924449310891425
1215 2.873625775244164
1216 3.2155653968794438
1217 2.642205561436158
1218 2.6589896671118125
1219 2.911736108501245
1220 3.2159238332234077
1221 2.64517180840454
1222 2.753385238840641
1223 3.6044321746831183
1224 2.9955197298993905
1225 2.9072947220349326
1226 2.672478509170303
1227 2.72152384315489
1228 2.762613606470949
1229 2.723139497116351
1230 2.835262834052571
1231 3.1082291034136844
1232 3.3199167753661123
1233 3.213292734387465
1234 3.4884391376707495
1235 3.2456765121985565
1236 3.4180959896177843
1237 3.6784023598483646
1238 3.458642494841996
1239 3.499189726423543
1240 4.987861300359585
1241 4.430056437875027
1242 3.979583991087359
1243 5.7155215197582185
1244 7.679047314251338
1245 10.333931143108355
1246 9.503648616877866
1247 9.997941767708323
1248 5.573498528664687
1249 8.157882949114299
1250 7.4156518181812
1251 6.143277294025696
1252 5.660251116362806
1253 5.683995364631906
1254 9.132387454689928
1255 8.470462216823861
1256 5.673740595018117
1257 5.328009793884359
1258 6.159844819632299
1259 6.662395462563675
1260 8.551185214348179
1261 8.19340502305896
1262 8.603477207282527
1263 7.444732346704445
1264 7.6549935774617275
1265 6.663946521148173
1266 11.522690828167027
1267 9.40209911714178
1268 7.766748047811846
1269 9.12355585145045
1270 6.4499611074804
1271 5.486945906280618
1272 8.403678847227093
1273 7.273644915352377
1274 8.227354564236794
1275 5.748023526382345
1276 6.616784480906487
1277 6.103205640008089
1278 5.561461455566612
1279 7.770386587617375
1280 7.323548535378834
1281 8.195227019615658
1282 5.112012324050407
1283 5.369605558036298
1284 8.375791617169106
1285 7.977254565848482
1286 8.91425707106865
1287 6.622083339583988
1288 6.727709170648262
1289 5.033759717266905
1290 5.493076970008685
1291 5.341444606477515
1292 4.8798960108733125
1293 5.760734447974651
1294 4.958348055753955
1295 6.228699827262804
1296 6.678031869472497
1297 5.282656451904238
1298 7.902100448476943
1299 4.722524711267494
1300 4.636447962949552
1301 7.050468579676422
1302 6.015855927750073
1303 4.797298864442954
1304 5.106339812791894
1305 3.5516764122800497
1306 4.273795401785551
1307 2.5121651370028033
1308 3.4914800296296256
1309 2.880656882722213
1310 2.581594338277092
1311 2.805796105340342
1312 2.8594583918908216
1313 3.740649273049276
1314 3.390096329080463
1315 3.4903198113588707
1316 2.761695456067251
1317 3.655874457378133
1318 2.5613849767923083
1319 2.5692890772421135
1320 3.0816471218801658
1321 2.4770829937851095
1322 2.8116549989323745
1323 2.682886627009793
1324 2.5769094565821917
1325 2.866814735170901
1326 2.8628849007338415
1327 2.9796702188423496
1328 2.7240675805503765
1329 2.656868882697391
1330 2.6003529408910877
1331 2.55907048845356
1332 2.651090599947525
1333 2.9415059648150406
1334 2.6412904123032654
1335 2.6640797198119817
1336 3.3948793156778865
1337 2.91736951364631
1338 2.9016678911252956
1339 2.5963510695610945
1340 2.6938482260107066
1341 2.6112599625323125
1342 2.6395499915176677
1343 2.5580654225570676
1344 2.638884751849638
1345 2.784266370381357
1346 2.591680279527381
1347 2.6347122875154816
1348 2.5660013634944105
1349 2.8375750518193645
1350 5.394711161068315
1351 2.6807898180358802
1352 2.9653185565554554
1353 2.7308882093551947
1354 3.2312334701893173
1355 2.9039354912930704
1356 2.903593417880963
1357 2.6937842542474346
1358 2.6730378545935265
1359 2.6497690706429875
1360 2.9444456641566834
1361 2.9590617528069783
1362 2.9818238625763245
1363 2.719177685868453
1364 5.364141970209371
1365 3.5007577618672743
1366 2.7751389103641215
1367 4.698956084537269
1368 4.802236503907613
1369 4.722546185844448
1370 2.7490951941718484
1371 2.729697836902834
1372 2.7131577734781325
1373 2.667903386150239
1374 3.1051369980581596
1375 2.990095775437965
1376 3.6870376028089122
1377 3.031825093449826
1378 3.2501799515598218
1379 3.1448720321971693
1380 3.4463204839295134
1381 3.099491385313023
1382 2.8287273640426847
1383 3.2787735141584866
1384 2.745120892816213
1385 5.854923585546936
1386 5.652393407479334
1387 5.86938178074705
1388 3.427699783925772
1389 2.8656278136085147
1390 3.4630128521179477
1391 3.5032331129913588
1392 3.581119923945682
1393 3.1820893799942134
1394 3.295049399672876
1395 3.7474493164569322
1396 3.6309001935077885
1397 3.5300909900577278
1398 3.643103142474063
1399 3.0700975210163297
1400 2.6399099485029063
1401 2.8951205682768553
1402 3.3959897199228295
1403 7.813098965713945
1404 5.3871793015506375
1405 6.333156642556554
1406 7.331482486665128
1407 10.156809235206874
1408 7.937589635632403
1409 8.675687823114323
1410 11.81697849234337
1411 11.658955880033565
1412 11.46490966901208
1413 11.322785203359338
1414 9.535494066950895
1415 9.26743692858938
1416 8.651179249552028
1417 6.304723478058614
1418 8.124745176669592
1419 10.793260881521155
1420 8.012372434749457
1421 6.398050025237027
1422 5.899799614558677
1423 6.406922493046865
1424 7.540507853079302
1425 7.805693040244826
1426 10.220200204550006
1427 9.282129222678925
1428 9.62238810093083
1429 8.994191181323457
1430 9.08357030255929
1431 10.086200846497793
1432 6.826490994195154
1433 6.202188872696756
1434 6.434198327990241
1435 8.022167097389973
1436 10.460215058459964
1437 11.95164999860802
1438 6.295823892094114
1439 9.921904781575197
1440 14.125177294135353
1441 11.10619764964428
1442 9.085655394511592
1443 8.540617389298761
1444 7.124156268686061
1445 5.9800957364043335
1446 7.926002970962976
1447 5.895512559011591
1448 7.190138264100006
1449 7.382948919159117
1450 5.379732937627454
1451 5.805969829654538
1452 5.474209981142408
1453 5.449134830505677
1454 8.13962119606597
1455 7.8675070700542
1456 8.732412315124975
1457 7.272481665932134
1458 8.391986355358064
1459 7.155444860915567
1460 8.449362891744045
1461 6.1188072323858425
1462 4.909189229102632
1463 8.031647830502001
1464 9.677296291958267
1465 7.420460706531133
1466 8.223685604371816
1467 8.997629984110887
1468 9.526620800299012
1469 10.997637320615755
1470 10.448205975746461
1471 9.18227177162812
1472 11.295018518846451
1473 6.031135903533145
1474 6.496556801351172
1475 6.253080668493109
1476 6.0151813855859615
1477 8.476556235237934
1478 7.02053439005633
1479 11.299866400276146
1480 9.91818050741411
1481 6.456589438487843
1482 7.013082246218918
1483 7.627771815257434
1484 8.287200360390237
1485 6.449866588076652
1486 7.512167636621909
1487 10.411334135413863
1488 9.608251059620688
1489 10.992411639564974
1490 10.250949787553377
1491 10.455442514493551
1492 9.684633586296806
1493 9.538506044538279
1494 11.950534192138674
1495 13.617052170401767
1496 12.550654039712095
1497 11.691089358908389
1498 11.58310653485393
1499 9.251141316375248
1500 11.439654828313804
1501 11.714043526124206
1502 12.478489823424967
1503 11.95360002694372
1504 12.218930862784498
1505 9.629234551170097
1506 11.49851078223047
1507 10.9611811765778
1508 11.628827287980712
1509 9.38999008568483
1510 12.324099044090454
1511 11.016584915936747
1512 12.363711731251966
1513 12.207116451953137
1514 12.739574108105218
1515 10.977737813801879
1516 14.61394756661114
1517 11.72377476376631
1518 7.7485186121638945
1519 8.587290416044658
1520 8.515931922151667
1521 12.437595035916102
1522 9.592224501928733
1523 7.753774650569347
1524 8.033551210775936
1525 12.041308893744741
1526 9.791777211820287
1527 9.828203711245804
1528 9.991318865182114
1529 11.290123739316634
1530 11.256395605896573
1531 8.71416954719522
1532 9.217358456946775
1533 8.24974440152372
1534 7.9309624604282885
1535 9.247740189619815
1536 8.187257042555995
1537 7.191435575251416
1538 4.359134967289797
1539 7.5764145887127565
1540 8.553624022618822
1541 8.998092320347672
1542 8.110008085650259
1543 9.963697281139835
1544 9.261009411267294
1545 10.08495776552177
1546 9.375294488867429
1547 10.677510057292801
1548 10.261933503404977
1549 10.280858507192775
1550 12.878832059471863
1551 11.773437532402857
1552 12.421387317411854
1553 11.46342863285496
1554 10.656783537580148
1555 11.347024032925557
1556 11.882498509499145
1557 13.206455472028239
1558 13.556694833974808
1559 11.626535506895552
1560 12.222445514925923
1561 11.823893516214042
1562 11.844503386665787
1563 12.35571754931675
1564 13.7859820951764
1565 14.004902313122054
1566 12.065699634463908
1567 13.13126773812436
1568 11.911996091550991
1569 13.433684653890486
1570 13.873054482039654
1571 11.886620963761665
1572 14.025266674317113
1573 15.614510372522743
1574 13.733472963481994
1575 13.039666418127238
1576 14.27963642566131
1577 13.70963998879788
1578 14.997230928800548
1579 15.741150320110359
1580 14.747355321865102
1581 15.885266054959214
1582 11.883174068917281
1583 13.746550267270784
1584 13.53821033646562
1585 12.542557079238204
1586 14.166615209999568
1587 17.824333290120023
1588 15.237566145745566
1589 14.771265135803857
1590 14.099591149322025
1591 13.928286314067837
1592 15.555996027724792
1593 13.284020083594028
1594 13.97411576510957
1595 12.782463868164283
1596 14.219921284551843
1597 12.852283022881133
1598 13.744385637116727
1599 12.2201467031381
1600 10.895903629894242
1601 10.750918903484465
1602 12.979627506693598
1603 12.504102792262344
1604 12.167357097651497
1605 12.122879348770532
1606 14.409143955818873
1607 10.625574398823566
1608 12.410626114170283
1609 12.6486716987518
1610 12.547914605614034
1611 10.320033788851557
1612 15.373124715532695
1613 13.688487100203377
1614 12.782974340129213
1615 13.506280758294857
1616 11.225720070765671
1617 12.667106709709037
1618 13.384440818168027
1619 11.420997125819914
1620 12.285097783546364
1621 14.935276766430206
1622 14.484702461094303
1623 14.374702981818235
1624 14.318620936091945
1625 11.668278238987591
1626 13.501655170502582
1627 14.710862992812388
1628 16.39440845721899
1629 16.077662048524587
1630 16.166125308232246
1631 15.668602226061676
1632 16.70726258817857
1633 17.100635824151368
1634 14.944104473897582
1635 14.532158904812215
1636 15.310929319805883
1637 15.104502827339614
1638 15.295921411659826
1639 14.583953387372764
1640 14.480510617841015
1641 16.67558658127546
1642 14.745651210454664
1643 15.486244080443091
1644 13.72900863769247
1645 13.201560914778897
1646 14.803197196284081
1647 14.208937664442692
1648 14.737675663415619
1649 13.211337645708815
1650 13.768792872713217
1651 12.463161939729945
1652 12.40112651519481
1653 14.109324339894618
1654 12.960126200344693
1655 10.174146702784887
1656 11.709888924093509
1657 10.830942797285491
1658 12.614762423437197
1659 11.987359278966355
1660 8.859216094293602
1661 13.186929589080517
1662 11.162752857794729
1663 11.874548863954692
1664 13.09607789848919
1665 12.77352699833279
1666 11.539587788484575
1667 11.45358416489415
1668 10.058132446949676
1669 13.934266961525825
1670 13.061624665672435
1671 13.326331669152294
1672 12.057366773426876
1673 10.958252933926458
1674 8.576813324605373
1675 10.232803069891585
1676 12.470490706027192
1677 11.70364540432712
1678 11.99604364330701
1679 12.695076677740975
1680 12.770420122998255
1681 12.870632590969429
1682 13.138961712187342
1683 11.267636802561757
1684 12.380110158969831
1685 11.985170198782868
1686 11.558287669943253
1687 12.322921172034974
1688 11.541995755973906
1689 13.616086575638985
1690 12.418757209580251
1691 11.328029818705339
1692 12.02352994274093
1693 12.263407094834642
1694 14.264706524740022
1695 12.979801259510849
1696 9.419766464416254
1697 13.0964067987687
1698 12.465252452860197
1699 13.138970691773807
1700 9.783965007719928
1701 10.612170444941214
1702 11.218474592941337
1703 10.36002758199266
1704 11.690793591952671
1705 6.341908329557253
1706 11.594592319053026
1707 10.754554895960075
1708 8.808590777789437
1709 8.692432487081462
1710 6.620063627001474
1711 8.017025111679141
1712 9.190284946332953
1713 6.774649741717461
1714 10.524156056545376
1715 11.390116121741054
1716 8.270079712676356
1717 6.728576920537076
1718 8.547261469897123
1719 7.297006120221784
1720 13.748784492339896
1721 12.255223921275576
1722 12.445894248778417
1723 13.03189013909387
1724 11.93084558040522
1725 11.507093075144848
1726 12.902427724109142
1727 12.277761525714766
1728 9.912605117224324
1729 9.56225600905164
1730 12.767536580529192
1731 13.005460375741103
1732 11.753970180950514
1733 12.022392286174664
1734 11.32054076167118
1735 13.533053068472706
1736 12.85598857958597
1737 12.0205679689873
1738 11.516016838110465
1739 10.825848322166136
1740 10.531702582804611
1741 11.264819221384355
1742 13.693771649830422
1743 14.537573708768463
1744 14.687530147549074
1745 13.876195341291389
1746 14.975702071557755
1747 15.351487849501599
1748 13.426205206906506
1749 9.788650686236329
1750 9.76551245325919
1751 8.730235365748182
1752 10.08646743765261
1753 8.99489112809399
1754 8.13778393247226
1755 8.083544862739808
1756 7.956889065452297
1757 8.222751096172221
1758 9.089212802260068
1759 10.960860401686396
1760 10.663797535343008
1761 11.135647699290102
1762 10.072417662799188
1763 10.862222220326768
1764 11.820922877113766
1765 10.390058338049561
1766 12.956771939062511
1767 10.82228762187293
1768 11.684119066786673
1769 10.663281653251245
1770 8.413915273350755
1771 7.467540949336222
1772 6.4628139128355215
1773 7.850009423517898
1774 5.622742061198407
1775 5.668905777083847
1776 5.732821595425409
1777 5.693573761780635
1778 8.503661494884648
1779 7.526650811793896
1780 6.767851836551141
1781 6.320210009236725
1782 8.231320386171548
1783 7.511202775973368
1784 11.144686877722034
1785 7.21177996522148
1786 8.499270914204686
1787 9.40534653377837
1788 10.507626537186182
1789 10.526738283696918
1790 10.799727364455714
1791 11.141005328858189
1792 11.641214013386996
1793 12.675515052039884
1794 12.510238302204428
1795 14.254910493626394
1796 13.138315791360078
1797 12.675926110016386
1798 11.373470021406069
1799 12.081804911572931
1800 9.038610848062852
1801 9.476241356369002
1802 10.493213952955722
1803 9.459024422568989
1804 10.079847363727053
1805 10.040927488648261
1806 11.78347223477646
1807 9.881052994314407
1808 10.145489781921158
1809 10.963996801103308
1810 9.023675812262569
1811 10.45047916113338
1812 11.031932205746433
1813 8.66625322122832
1814 10.510259350192092
1815 10.656954729065806
1816 11.811027674404718
1817 9.303393601332495
1818 8.00595986782219
1819 9.585491899218068
1820 9.36643490952901
1821 9.245913944243167
1822 11.080505013235394
1823 11.986678718445711
1824 8.51322200399042
1825 9.589174148595534
1826 10.212445836945813
1827 9.84753560556252
1828 12.385833934912617
1829 11.924995285645391
1830 12.311721190199505
1831 10.254349075706573
1832 10.887180343055144
1833 7.495844298710508
1834 7.606764998524596
1835 8.377684474227555
1836 7.7486357719527925
1837 5.734092194100868
1838 5.393907037001881
1839 8.237398235615233
1840 7.707826768137266
1841 7.747375649574846
1842 6.481548806877156
1843 5.298829489958273
1844 6.804718966992476
1845 7.0854645904512354
1846 6.959438786297607
1847 5.887926012054657
1848 8.31765411757165
1849 7.235102142689586
1850 7.165428805782556
1851 7.9625138767220855
1852 6.966360934270079
1853 8.528523411466026
1854 11.094675815448573
1855 4.6196742497034275
1856 5.4802726950698135
1857 8.49027462267104
1858 9.316448637059443
1859 9.13789329022861
1860 7.153470383774036
1861 10.969396327195847
1862 10.910078885140225
1863 9.720171475095738
1864 9.119578961643057
1865 7.143831969050515
1866 8.623071579814074
1867 7.2087735722111
1868 8.042561948277495
1869 5.2199250875783
1870 3.655560999450762
1871 3.483823288722388
1872 7.0524289435564125
1873 8.683558485523534
1874 2.9287462201466417
1875 2.9008121534592335
1876 3.5530458176789086
1877 3.3850351971419133
1878 2.9709118275159296
1879 2.9364120564873764
1880 2.775987861297526
1881 3.222608288007074
1882 3.245729727735172
1883 2.9015638084055118
1884 3.549861029692033
1885 3.166871508714295
1886 2.9440112365020026
1887 2.619514187361139
1888 2.923326115218471
1889 3.0760648071771413
1890 5.772359140566309
1891 5.926824027606674
1892 5.933060568438228
1893 3.6543897619818178
1894 5.581723411244667
1895 10.709681490909658
1896 7.520210898871663
1897 5.51929675170385
1898 8.131805519923947
1899 3.4256736023967016
1900 6.046081191840527
1901 5.94021830559151
1902 8.243533356503967
1903 8.892481698015807
1904 8.85698539451446
1905 6.386980305830593
1906 5.795963305374053
1907 5.861385528763571
1908 4.956497862132366
1909 5.231009087744856
1910 5.858137121065339
1911 6.582262325793873
1912 5.438597782279986
1913 7.1172497947688305
1914 7.010953585624362
1915 6.319559098093386
1916 6.139461561074147
1917 7.184256807143693
1918 7.795574416263455
1919 7.354111878747991
1920 6.9783806915664455
1921 9.038902855860252
1922 8.760086445060207
1923 9.103298332663941
1924 10.517449276282871
1925 11.09332415239727
1926 9.848906078348394
1927 7.735457282531667
1928 12.927586869583214
1929 11.285492339749927
1930 10.310910513900117
1931 10.852731730905305
1932 8.654821874768635
1933 10.757797263630346
1934 11.502040450882959
1935 10.796964023412801
1936 15.010618490835705
1937 11.10415592948341
1938 7.306222551776731
1939 9.0159000293174
1940 8.9887995874692
1941 6.714679239641977
1942 8.66102668984577
1943 9.575719815841424
1944 8.579873952585805
1945 7.1127135677143905
1946 9.407946165820904
1947 7.47541408022424
1948 9.581086670921728
1949 8.338974891071313
1950 9.155706708335662
1951 10.17514867920678
1952 12.110533398477676
1953 11.198794976941711
1954 11.907519110665174
1955 9.606383413668466
1956 9.167269567668207
1957 9.597270768040673
1958 8.828778604990905
1959 8.032576310683504
1960 7.44545717331171
1961 12.249112288965874
1962 11.370988945407404
1963 10.922798606615654
1964 10.213275356713176
1965 9.913772217049713
1966 9.540240361930692
1967 9.462888442821573
1968 10.657293875001255
1969 12.066441997765216
1970 11.242444115169068
1971 10.250892382674106
1972 11.013915124386688
1973 12.82274384199917
1974 16.09787576079757
1975 17.543930074575485
1976 18.11783568199962
1977 18.24105919916693
1978 18.77296740366919
1979 18.182592510028663
1980 19.70785793155149
1981 19.453564082254903
1982 20.097938579013324
1983 21.206321370467734
1984 22.521332320921143
1985 21.129563994453278
1986 17.070606980715212
1987 18.089345928408445
1988 23.215423840168942
1989 18.810488591602695
1990 20.442125104966443
1991 20.316971482825064
1992 21.769828150172316
1993 20.273559921355112
1994 19.524981365200283
1995 19.641617906677716
1996 19.505942514936322
1997 20.214864412884012
1998 21.474848287028298
1999 23.195023494675457
2000 21.46973732754484
2001 18.383260975358887
2002 20.944442200637162
2003 19.76087271002702
2004 18.60752491525272
2005 19.34208896641552
2006 17.489351816615066
2007 16.328774793533608
2008 16.318985071600206
2009 18.038231767499266
2010 15.053463069190252
2011 14.755875400806538
2012 15.078075356748014
2013 14.027098705351309
2014 11.99348006623702
2015 17.85998266760192
2016 17.782388456253308
2017 17.90341955185659
2018 16.945776138880618
2019 15.379195661113538
2020 11.687543586462661
2021 13.586062701365867
2022 15.941731937278368
2023 16.11255853701489
2024 15.503100418795228
2025 15.398330434489761
2026 19.23946317022953
2027 15.742086669577736
2028 16.74125422201512
2029 16.185681349000475
2030 16.551343964743012
2031 14.459202385378005
2032 14.218786356946701
2033 14.89582704643354
2034 17.28832679414301
2035 15.205844786292701
2036 18.19547813246836
2037 17.54308459563269
2038 17.906522912799655
2039 18.58011966112979
2040 17.80400736672122
2041 16.373218973882665
2042 19.983735702187055
2043 21.455530106188952
2044 19.590765789230563
2045 18.875294064688756
2046 16.432392860810037
2047 18.34014738932882
2048 18.43064766303566
2049 15.988149254474155
2050 16.86534820396671
2051 15.371158507648
2052 15.460957486805787
2053 16.158439033204257
2054 19.305961626119007
2055 17.739643766233097
2056 18.460403966979708
2057 19.01725736874313
2058 21.013782593575492
2059 19.58336043085709
2060 18.632593186931725
2061 17.715134571072056
2062 14.47535246899269
2063 16.55005784361852
2064 17.80760776489879
2065 18.19858701867709
2066 14.811153280314276
2067 16.83050884599851
2068 15.922595834778653
2069 15.227707948694528
2070 15.898688743216898
2071 16.140250139059006
2072 14.881590288153316
2073 12.933178948918703
2074 14.94786801469836
2075 14.809300106804477
2076 13.676422724665038
2077 16.585263078209906
2078 17.408076323973866
2079 17.404105038099207
2080 16.323601605427687
2081 17.11966957994649
2082 15.117121701954451
2083 15.229326563253224
2084 16.398099411417885
2085 16.524832393934663
2086 16.632513392135706
2087 13.192559938423651
2088 13.574056494421898
2089 16.115467582735786
2090 15.653966794808959
2091 15.63839186876703
2092 16.998708506728963
2093 15.10624350476932
2094 14.732124174418805
2095 15.243455710811991
2096 16.0270695286212
2097 14.06682011018001
2098 14.232118787090478
2099 14.8462101713388
2100 15.001685466831656
2101 13.967772164222128
2102 13.297760877925898
2103 14.370331896491672
2104 13.501456499213555
2105 13.508792379353944
2106 14.295678846821728
2107 13.777526151177476
2108 13.35397679872789
2109 12.551369132085178
2110 12.75860401924329
2111 12.49850370170512
2112 16.66441862605996
2113 13.017227008469325
2114 10.971340893685985
2115 11.224589186734644
2116 13.668824187015439
2117 12.606391778333684
2118 10.073354855995747
2119 10.384379534859912
2120 12.15382261423137
2121 12.227757817470323
2122 13.971526549046741
2123 13.814084833341171
2124 14.037716495628286
2125 14.022670344616495
2126 10.906874649692686
2127 15.381204326044939
2128 12.964769824452862
2129 12.057024608646215
2130 13.980555952312178
2131 14.171551483711335
2132 14.016504748188703
2133 12.723391457689312
2134 14.622581661453816
2135 12.976408499472026
2136 13.41551428447119
2137 12.473392487642654
2138 12.307269844729674
2139 10.300931502211736
2140 10.158052902630196
2141 11.723770848512787
2142 13.030004585367351
2143 12.133530629229487
2144 13.285565524170133
2145 13.098944779624599
2146 12.225704890426037
2147 11.284308623443259
2148 10.959382913031474
2149 15.433631936686359
2150 14.8152345938641
2151 8.77743733296136
2152 10.76038213242789
2153 10.686376735049949
2154 10.377496728717436
2155 13.083492990777872
2156 9.422924804991544
2157 11.339772662486487
2158 10.366212311368722
2159 10.514880870052384
2160 12.518881492990719
2161 11.746739749472605
2162 11.068604209177614
2163 12.578024615161992
2164 13.590211360882858
2165 13.76257058329236
2166 11.868620645135124
2167 11.429361046180754
2168 14.05912951437903
2169 15.867080684571492
2170 9.160066412641378
2171 11.768505748582013
2172 10.244984167039899
2173 12.698553559368966
2174 13.976236749673628
2175 13.447996530952082
2176 13.682732361424303
2177 17.662940876701036
2178 16.443284828606604
2179 16.638494046088084
2180 14.336962523706369
2181 14.976793913674937
2182 13.054123615143524
2183 13.85799320406566
2184 15.092629291059888
2185 14.869801244582403
2186 16.232773355490835
2187 15.279324659234561
2188 15.506140703437534
2189 15.88249435475547
2190 16.75242583679344
2191 15.03885330638362
2192 12.268595068605393
2193 13.920621077288027
2194 16.018236181192755
2195 17.480956000018523
2196 14.968482351391968
2197 15.844774260377505
2198 17.43193742859027
2199 15.85483300589589
2200 17.369235926000524
2201 20.20432090156213
2202 18.39814963507388
2203 18.874705826608132
2204 17.848634933121733
2205 18.592022844384115
2206 16.537269646919285
2207 11.926068629465899
2208 17.179924839597653
2209 14.598566281561864
2210 12.1018477952433
2211 14.1266546878046
2212 15.37544420397696
2213 13.059511619888786
2214 8.884037842870942
2215 8.216729269021329
2216 6.7560424045606124
2217 6.786101103839946
2218 7.634123005742617
2219 8.282829500018964
2220 8.762203819334632
2221 9.037637590771402
2222 7.129470127957803
2223 8.110334955301225
2224 7.346476651601521
2225 7.847632604031888
2226 10.725631914640584
2227 13.95124690859512
2228 10.651576826541625
2229 11.70053625355309
2230 10.56322019434018
2231 10.801692918978047
2232 9.566016677770602
2233 10.303698050607322
2234 10.479058779468215
2235 12.773707123973578
2236 10.626786961980802
2237 14.414272574266347
2238 12.12780913567169
2239 10.061308858227447
2240 11.930763963030373
2241 10.000805706983234
2242 10.816499315832402
2243 12.144998565335847
2244 10.668144401360497
2245 13.024759650362675
2246 15.015080767914371
2247 14.807733467786546
2248 15.285868731699322
2249 17.553592667153033
2250 16.96321028924886
2251 17.47694079814629
2252 16.989007222416003
2253 17.100429975849163
2254 17.420271872273705
2255 13.91794445426907
2256 14.14112324128945
2257 15.07944543228709
2258 16.15890024862126
2259 15.975026664796006
2260 18.951830847718046
2261 14.943598548422427
2262 16.034587911101237
2263 19.631397940502257
2264 17.674470292462352
2265 15.57651345188069
2266 13.462894048649979
2267 15.205866969746468
2268 12.55629852932728
2269 14.753348461916447
2270 13.295738002325828
2271 13.694426778424152
2272 13.595711036936313
2273 13.214381464309172
2274 11.932747624210748
2275 10.392221852894393
2276 12.473545111637891
2277 11.693915084745173
2278 9.132613765451755
2279 13.045531633685092
2280 10.331913189898547
2281 13.3814866755374
2282 14.54642105216332
2283 16.70558291740963
2284 15.46179023050105
2285 14.400786671344974
2286 14.954901876944309
2287 14.347511381745488
2288 15.907073754036407
2289 14.533775104134797
2290 17.623507486638456
2291 17.193164946049578
2292 15.111099463100597
2293 16.27053083748681
2294 16.35154195461463
2295 15.431870992760036
2296 13.14856180891431
2297 13.78708144907895
2298 14.61342244862061
2299 14.96435944261936
2300 15.044709852420059
2301 15.952103176930658
2302 14.476435546322676
2303 14.846488260080093
2304 13.477492852964371
2305 12.724580146747016
2306 14.933043914195306
2307 10.604309648049108
2308 10.828643767731773
2309 14.105366547269437
2310 13.158952105350954
2311 13.460746777296515
2312 13.09182949958123
2313 10.649061554165273
2314 9.348208154840165
2315 12.17693780035626
2316 14.628615043727372
2317 8.774034887207248
2318 14.250378375898269
2319 12.537201120486996
2320 11.177094944746143
2321 10.95146913540753
2322 11.497584030995657
2323 11.9431604532979
2324 11.466558095182528
2325 9.67724288279772
2326 7.4260915756631
2327 7.860001551704832
2328 7.273281681754041
2329 8.604676451202778
2330 8.577667088295916
2331 9.549916931757798
2332 6.911701414919305
2333 5.308901778339095
2334 9.788306816125907
2335 9.323268412251918
2336 5.427386480735598
2337 5.78417734825119
2338 4.758088225158756
2339 5.523120352568971
2340 8.01076379743164
2341 6.904635442553965
2342 7.458986321273224
2343 9.123532638502883
2344 8.426516572285042
2345 7.614926527026103
2346 7.4580948411149315
2347 7.735410987082963
2348 10.26713347058922
2349 7.766559686189479
2350 7.716869545146872
2351 7.866599888456676
2352 9.13437075732401
2353 8.135739208698128
2354 9.248255601199688
2355 8.908345700537978
2356 10.742780214758154
2357 11.235529363341588
2358 9.107839576158797
2359 8.515224202340374
2360 6.91558640471891
2361 8.977105185137942
2362 10.791858896915906
2363 11.018830774525407
2364 8.392950580993519
2365 10.70421996110213
2366 13.71941895225015
2367 9.844297382630037
2368 11.278640443293433
2369 12.245943495515693
2370 11.303129420721827
2371 10.860711815342952
2372 16.31949326514007
2373 10.72704638669189
2374 10.832224461574544
2375 8.061251038801142
2376 9.862260888907599
2377 5.739116820605725
2378 8.34063547691262
2379 10.508142854359436
2380 12.689898959965916
2381 12.05063077993154
2382 9.12197048901595
2383 7.58988918821716
2384 9.751695332569415
2385 9.59114397101741
2386 9.014156146933525
2387 8.218866463353912
2388 7.570710479782264
2389 7.431764669838353
2390 8.629445234839492
2391 10.58636380383124
2392 12.07828466830608
2393 12.116957335066674
2394 8.903730151858204
2395 9.038476555495098
2396 7.94189033125606
2397 5.69998190252448
2398 8.8121519114518
2399 6.59473676780379
2400 7.8095651307736675
2401 6.713302203846297
2402 6.846591372030688
2403 9.86976848373296
2404 9.184670616898348
2405 7.811126083882516
2406 9.122353310386133
2407 11.150260875441754
2408 12.488356625982027
2409 13.832319519091179
2410 11.804702190827241
2411 13.349863617619253
2412 9.186848450771603
2413 15.410549933682123
2414 12.952138211625496
2415 8.482893036977979
2416 8.152220085464135
2417 11.937097209622118
2418 13.78255515805187
2419 13.687262024422795
2420 10.181046556441782
2421 12.709842651378604
2422 13.04797285250571
2423 10.907452665269302
2424 12.54711694322007
2425 12.075526950120004
2426 11.379753637082471
2427 10.173379193759228
2428 11.354810087298587
2429 13.178123849068465
2430 11.850970475391303
2431 12.72443243761511
2432 14.05085609755036
2433 15.549035490197934
2434 14.174967311923046
2435 13.338464606142585
2436 15.733868921758207
2437 14.929180756545406
2438 14.161350817504571
2439 13.690522262388273
2440 14.306119287218719
2441 12.562331345917695
2442 13.285071496626033
2443 14.732118791522863
2444 15.110289650243176
2445 14.086636948913439
2446 11.745189015057626
2447 12.158280105433292
2448 13.835939722218573
2449 13.616944761043204
2450 13.937548844244008
2451 15.06364665620322
2452 17.58044026783756
2453 15.89949571848818
2454 18.416842878086083
2455 19.158413661439717
2456 16.32776244569834
2457 18.41180073167481
2458 16.90859585780151
2459 16.511429195087352
2460 16.141013257768492
2461 15.705205874551844
2462 15.726371932256786
2463 15.489538874010208
2464 15.09813767505652
2465 16.362818639581135
2466 18.19154894264798
2467 17.880843229956476
2468 18.74085024277948
2469 20.500241292212888
2470 20.128013245979442
2471 19.681234708062394
2472 18.234589215552614
2473 18.10966746429445
2474 17.41231604791828
2475 18.300922158193327
2476 14.483603941455561
2477 16.590587159954076
2478 18.333973582063706
2479 15.433030128146129
2480 15.467066366217113
2481 16.011897239378158
2482 14.627628619216084
2483 15.367883411380356
2484 14.025295567300777
2485 12.302801047485373
2486 14.577186341135242
2487 12.137643566285718
2488 13.550466957749283
2489 14.015969182452576
2490 16.223048293088027
2491 16.202045500860407
2492 13.839025119891696
2493 14.258871037655748
2494 13.52251931470201
2495 15.482830028348927
2496 17.478581819599178
2497 15.4402781664058
2498 16.496906320082836
2499 14.589159907211082
2500 15.860509228898175
2501 14.597033211259426
2502 14.99126992646933
2503 12.899349044227769
2504 12.389303961690494
2505 14.498760682069626
2506 13.03154429842498
2507 15.423801598438844
2508 15.152884189234804
2509 18.077073336435028
2510 16.569571319544686
2511 19.14089439040428
2512 18.193606175109654
2513 19.26912736572894
2514 18.477874259890697
2515 15.975064653867221
2516 18.11414370798777
2517 16.83704140921574
2518 17.192828774528778
2519 15.367952288478277
2520 15.878626249838904
2521 18.095515712147687
2522 14.840208253659084
2523 17.451242498464456
2524 17.00468984705671
2525 18.073744008854227
2526 17.376990119350147
2527 18.334855411942712
2528 19.114142664174217
2529 21.07398958076187
2530 22.354010755288865
2531 21.998054772263416
2532 20.26939761320199
2533 15.243838982945293
2534 18.387459852351054
2535 18.210153971428323
2536 18.40572035495223
2537 15.92106881105087
2538 14.701474620114974
2539 13.688962692967197
2540 15.196814392259439
2541 16.442907627848527
2542 17.52095692246653
2543 14.79428399666643
2544 16.92705286105119
2545 19.645917099702867
2546 18.511190908859252
2547 16.122722492573743
2548 15.101117555404342
2549 12.896653779960149
2550 13.471598503346307
2551 13.843865291656213
2552 14.423682236488544
2553 15.467618253166984
2554 17.48672902670093
2555 16.70131843360649
2556 18.05652216319736
2557 16.841736951759845
2558 19.909066977604407
2559 21.732764034109017
2560 21.40322540775735
2561 21.059083780789773
2562 21.549818680996516
2563 19.691806347524334
2564 19.26635740890798
2565 20.923518881169834
2566 16.966073526403665
2567 17.267171335589985
2568 16.667396238172724
2569 18.80768063415118
2570 15.512171405273318
2571 16.292726092243107
2572 18.685960955782
2573 17.797537539456417
2574 17.568898524943013
2575 17.373460634127074
2576 15.201431603928384
2577 17.823919126638117
2578 15.155804780631799
2579 18.298404948279064
2580 13.543293913412237
2581 12.78321491154897
2582 15.75369709725986
2583 14.935955256182414
2584 12.478257260786814
2585 16.289018768960382
2586 12.952836609287477
2587 13.049309431960506
2588 16.054404608024537
2589 16.473463383290017
2590 16.337008078562526
2591 18.064197635015827
2592 19.30299340534426
2593 18.419049965115843
2594 14.977194759373504
2595 14.992544393166769
2596 18.00812063728004
2597 16.01880147482428
2598 20.125175750916103
2599 18.293602621297353
2600 15.411437289911131
2601 16.143855205835862
2602 15.507299293598601
2603 16.122794173236265
2604 16.285015127044304
2605 17.375672252269215
2606 12.03969330964271
2607 13.459412040964041
2608 13.37190824393791
2609 14.765773106173532
2610 13.84171498075546
2611 12.40267384305023
2612 14.097381089074165
2613 13.604947246323745
2614 13.485092018616674
2615 13.809031321303497
2616 16.52662949258847
2617 11.685244644472572
2618 13.703042026680809
2619 14.807712655963181
2620 15.112335906724468
2621 12.010909830233267
2622 10.691520285346122
2623 10.275254698334164
2624 11.039621622409774
2625 10.33025410357486
2626 11.025112867546955
2627 9.641880905461615
2628 10.703505244301935
2629 8.428217954878377
2630 7.604302982291471
2631 8.699721770652905
2632 9.300500409520383
2633 10.217471701427048
2634 8.165710560894313
2635 9.40673684955344
2636 9.44149875155672
2637 11.49817881141245
2638 14.431504182833484
2639 14.896733894757373
2640 12.019399484370023
2641 13.122837828792411
2642 8.576064319277956
2643 8.81189195164846
2644 8.933535787008662
2645 11.162725310134158
2646 9.83084347510663
2647 9.121533933276174
2648 8.57463406188188
2649 9.962857700799267
2650 5.578625049813418
2651 5.512089971886026
2652 4.656975265324944
2653 3.4642108453560674
2654 3.90074955393864
2655 4.526371815840094
2656 7.654342646671392
2657 7.759650183990392
2658 10.987730114991566
2659 8.182619992414146
2660 9.192754827460806
2661 7.278523502277679
2662 12.742433692562667
2663 5.296793715965096
2664 9.605110307623558
2665 9.337065837936015
2666 12.926091025492324
2667 10.391899903287262
2668 11.59968535858218
2669 9.902130184766175
2670 11.207888076679465
2671 9.473359510945443
2672 9.886138512244651
2673 12.053381655846618
2674 12.079711753741863
2675 15.273144001039432
2676 14.494244045036918
2677 13.265797800861655
2678 9.478631154641384
2679 8.19859941626474
2680 7.62913770131221
2681 12.295234284778374
2682 11.207832343553834
2683 11.362964087215103
2684 12.572082112684495
2685 9.402794691650058
2686 9.835484942462505
2687 9.729246516756596
2688 5.642467471987371
2689 5.567161520583715
2690 8.929215735228402
2691 7.699180196150283
2692 8.399067813742011
2693 7.251276165001747
2694 7.352974960413792
2695 8.287814805455772
2696 10.14317505781381
2697 7.679091797815808
2698 10.452201608132812
2699 8.916035494228632
2700 14.723498997400744
2701 15.860596301112842
2702 11.566311274175582
2703 11.567974050492273
2704 5.400103267113188
2705 10.428074435773608
2706 9.337522131960089
2707 9.939861334250505
2708 9.886314466160064
2709 9.978350520999308
2710 9.01928797853501
2711 13.451897896317528
2712 10.405299375051184
2713 12.355101502209116
2714 12.119417429733199
2715 14.417960283673269
2716 13.909987330049198
2717 15.748219800634613
2718 16.563222575265232
2719 16.625991651476372
2720 17.771117639555047
2721 15.39293374894758
2722 14.910439691746236
2723 16.654707097482472
2724 19.816588677660157
2725 21.034509263351115
2726 17.4334574869909
2727 18.409573598853147
2728 16.036735217061302
2729 14.268864610143675
2730 12.067277276272497
2731 11.993329612123178
2732 11.782479212031092
2733 11.746622276211443
2734 9.049764841646144
2735 9.017964613312387
2736 6.771166467299196
2737 6.319973391472262
2738 6.387810717057655
2739 10.099646911041745
2740 10.45879693606046
2741 11.70237439194823
2742 11.342810199240141
2743 11.76880429426224
2744 11.650838122890727
2745 6.309252402975116
2746 9.686848999202782
2747 11.712847537623023
2748 9.05378513201757
2749 9.776736812906146
2750 6.983476682786105
2751 7.130186021913946
2752 8.499647306240501
2753 11.48036442779699
2754 9.906258901350949
2755 10.041768017609396
2756 10.041801683848933
2757 13.52091823789407
2758 10.769968666309014
2759 12.629257191421098
2760 13.11119505241807
2761 10.657967756132528
2762 7.422683667910457
2763 9.103338794278196
2764 12.224967613381121
2765 8.465514267947455
2766 8.271671654832678
2767 7.1541394468120085
2768 3.2781402521237006
2769 3.140626167507616
2770 2.8349318168883495
2771 3.616335313200719
2772 3.3020517169477768
2773 3.6701216080443673
2774 3.6802998553329473
2775 3.0236500359355394
2776 2.6904301035100993
2777 3.4154258277175322
2778 3.716867687681606
2779 3.165886415856312
2780 3.794057771626627
2781 3.7159835770241796
2782 3.683679619421408
2783 3.8420366012654297
2784 3.810007797596743
2785 3.969745042433546
2786 3.9132722170377434
2787 3.685217405044008
2788 6.253994583329421
2789 5.906706543413456
2790 8.70393634395862
2791 8.24031188125154
2792 11.280331125205599
2793 9.77624561275292
2794 11.352089341026177
2795 9.485679373377073
2796 9.566809820597442
2797 5.648695136437998
2798 6.877182455662919
2799 9.257452309145384
2800 7.350373341742473
2801 7.561309201954386
2802 3.580813976649866
2803 3.3577267340974983
2804 3.237516105715326
2805 6.922443726199593
2806 3.657551673433788
2807 8.684721809463088
2808 7.29832081343897
2809 4.601273535211428
2810 3.346534550356156
2811 3.2451317133597772
2812 2.7788614650386796
2813 2.942709863229441
2814 2.975725550808554
2815 6.039933145924502
2816 3.255899771520284
2817 3.4653730381715198
2818 3.7790145328222824
2819 3.406186465521294
2820 4.964373978938806
2821 3.403251875434885
2822 3.6704319513289643
2823 2.839895362541585
2824 2.9374897185572757
2825 3.3131154812254846
2826 3.083802231501109
2827 3.649746562781413
2828 6.333699851236706
2829 7.287386621450989
2830 5.98392324043986
2831 5.259756373003083
2832 5.749771135905451
2833 6.005539379182033
2834 4.866320936987526
2835 10.40345795804808
2836 8.283247720794787
2837 8.23490229166072
2838 8.875548003486552
2839 7.7332601417946885
2840 6.599381319587523
2841 7.397023323176115
2842 6.989525639453122
2843 10.15826794473623
2844 11.729133614549871
2845 8.108929590972386
2846 5.241518891337118
2847 3.1062735612028494
2848 3.562162568832761
2849 4.437366865717906
2850 5.37895743894607
2851 6.006900194883076
2852 6.112011452092563
2853 5.036565006998269
2854 4.535883786062408
2855 6.008569551623332
2856 6.758703767999328
2857 2.87432409419435
2858 3.511303757901101
2859 3.0475972932035904
2860 3.822461045885674
2861 3.617338174340306
2862 5.4591015078582705
2863 8.81652272194209
2864 9.118671334172202
2865 10.816291647723725
2866 10.113284876521252
2867 10.532072813188934
2868 11.133958349751586
2869 12.152914603075935
2870 10.472753271419634
2871 6.380608557976221
2872 12.305191835771057
2873 8.919487400466135
2874 11.493573190912214
2875 10.957441819959968
2876 10.465203085588726
2877 11.726429123966001
2878 13.269373398961624
2879 12.702949934712864
2880 8.582426275337884
2881 10.633062319261578
2882 8.23730486709123
2883 12.22091484254612
2884 10.356632524462155
2885 8.359576408206769
2886 9.694672660635451
2887 9.054004313652943
2888 8.582635873183673
2889 9.697831103855318
2890 8.23741087522844
2891 10.160050144977179
2892 10.326228576132989
2893 9.013418778278242
2894 10.389915634857276
2895 9.965351060659378
2896 10.645253386918592
2897 10.083331646663432
2898 8.736822696927874
2899 7.783624881139795
2900 8.608622520219942
2901 10.580550223828256
2902 9.476401751945657
2903 12.660703272039413
2904 11.916921618388235
2905 10.922200196064727
2906 13.625246718218856
2907 14.39413110059663
2908 14.043498959483207
2909 12.958257339489519
2910 14.728536008867415
2911 11.048299382042604
2912 10.989581163669023
2913 10.731654012714479
2914 11.112929254368021
2915 10.795211548212958
2916 12.84660229992695
2917 9.921932745436612
2918 8.900560572768944
2919 9.677809673333002
2920 8.486955513709017
2921 11.030193415011034
2922 11.035308738855976
2923 12.881671055976181
2924 12.814398078611447
2925 14.065031347473893
2926 17.993818517313027
2927 17.691597840219845
2928 17.265049524577478
2929 17.1018186538621
2930 20.141351249508162
2931 17.72748391936904
2932 17.838940015360137
2933 20.180527979331433
2934 20.48516219101256
2935 19.355342011839433
2936 18.22426140312977
2937 18.207194951645018
2938 18.296581786224476
2939 18.9479867126795
2940 18.04302877464541
2941 17.89573920224799
2942 17.387290621169758
2943 17.43273763293694
2944 18.12516466393807
2945 16.317567889713743
2946 16.593179487716622
2947 17.770961210567023
2948 18.743966889972743
2949 16.84991735049907
2950 19.222791544214207
2951 17.312363804252996
2952 14.570237774817517
2953 15.748247248412696
2954 16.199280382352068
2955 18.37920404796682
2956 18.430746872372133
2957 17.799844148276897
2958 16.710973227632717
2959 18.4941532313466
2960 18.418083368049484
2961 17.81098118345239
2962 20.588923116780766
2963 18.49701909751491
2964 19.775740288731136
2965 17.355131333234084
2966 18.215029546152458
2967 17.637703520317732
2968 17.893851129703222
2969 18.13794859385155
2970 18.37636694981527
2971 16.44835075659164
2972 19.031466926008488
2973 20.325561142126997
2974 15.441090057913168
2975 17.77910576982178
2976 18.62787180901269
2977 15.619475767300292
2978 16.50682039213374
2979 13.50953357120272
2980 15.189868611717472
2981 14.43791707293587
2982 17.70040280029262
2983 15.633710390003335
2984 16.169739833288904
2985 16.81235126688113
2986 16.082672321449213
2987 15.5377864228279
2988 15.520460328720699
2989 14.545281577271908
2990 12.703181283032015
2991 15.463425186547749
2992 17.823756343905497
2993 15.678656034969709
2994 16.767889067808273
2995 15.926914157683488
2996 16.498764387442733
2997 14.102507508485584
2998 18.560236033387437
2999 18.789575075519664
3000 18.170641290478077
3001 13.3023345482759
3002 12.421727813716624
3003 11.500878066270719
3004 12.985630033340136
3005 13.802925744107974
3006 14.080778930427662
3007 11.828024531677928
3008 16.456655676143843
3009 14.400867654835679
3010 14.348314894250526
3011 13.325720719940032
3012 14.169486468804584
3013 13.878215032024453
3014 16.97151095972501
3015 15.127426823200237
3016 15.753042479384652
3017 17.140833186638368
3018 17.546336337859554
3019 17.08176352748089
3020 17.147677375487653
3021 16.645729160078528
3022 16.345654493352693
3023 17.930025260981648
3024 15.37138656417932
3025 18.252165216799405
3026 17.464692047754657
3027 20.75486975511168
3028 16.950975599272663
3029 20.004110255898258
3030 18.881194218675322
3031 17.98447459102823
3032 17.74541518451566
3033 13.801377196548248
3034 13.167936279885476
3035 12.429132688160136
3036 14.75867475851444
3037 16.087908820993565
3038 15.458716083132806
3039 13.79693832634079
3040 16.924006047826218
3041 15.349098957867813
3042 18.715135538976288
3043 15.799229004798079
3044 14.438045326723207
3045 21.056161306840607
3046 16.449092036737543
3047 17.27465995584196
3048 16.249706568020493
3049 17.51847141878768
3050 21.077384560927662
3051 18.24454847342269
3052 22.198809367513938
3053 20.731538436121003
3054 19.0818681301408
3055 19.148432032046692
3056 20.884528972787315
3057 19.184549345520878
3058 20.265265005600558
3059 20.982152614148422
3060 20.004262595227367
3061 19.69282433793333
3062 21.92334948155304
3063 17.799570522487443
3064 15.599275242232611
3065 16.15221357622682
3066 14.086608632900763
3067 15.716538142525279
3068 13.236355107094566
3069 15.605022205263742
3070 16.422246088629542
3071 15.346478621267602
3072 15.289069736649758
3073 18.155666747591617
3074 19.13972748230605
3075 15.202671456538502
3076 16.12900427917259
3077 15.012570872477275
3078 15.236419764919301
3079 14.396315523746713
3080 12.337312616815531
3081 13.777711999351034
3082 15.136174563504749
3083 16.7807701965291
3084 13.676080762039364
3085 15.55041465270308
3086 14.980067894022895
3087 11.646380806181448
3088 15.291774812714374
3089 13.750570464130336
3090 17.465831889018332
3091 15.51040939322246
3092 15.261003292795689
3093 15.756647961626104
3094 16.138050904130942
3095 13.067153095248948
3096 14.10909346028066
3097 15.341461173623605
3098 12.733043107893778
3099 14.712340849736368
3100 12.168674638120882
3101 13.222638781377002
3102 12.191416427212525
3103 16.551874020552464
3104 17.86597667981254
3105 16.45128973819368
3106 16.399268171590947
3107 18.6276712716778
3108 16.292913545444918
3109 17.546981703085972
3110 16.47430231504806
3111 16.160540779908427
3112 14.762976907574068
3113 15.48509499318517
3114 14.296935080134288
3115 17.28063979094836
3116 16.546151897304586
3117 15.802045419148088
3118 14.647514474044538
3119 12.400450151088327
3120 13.825348508336964
3121 14.919596150535561
3122 13.939245065640636
3123 14.076795403406226
3124 13.397806230690941
3125 13.992618895863375
3126 12.093385494194784
3127 12.3803724001836
3128 12.20893762214894
3129 11.829051314405726
3130 12.661731681572578
3131 13.389736737610193
3132 11.902501069309599
3133 12.879646552907072
3134 10.908770116760838
3135 15.547602190714116
3136 12.352468294045117
3137 13.234422252397225
3138 13.375421619199555
3139 13.789836716388502
3140 13.651496950224306
3141 14.084871499504318
3142 11.482404858781383
3143 13.063157467015097
3144 12.020566723837959
3145 9.507644803565116
3146 10.044089332124885
3147 8.989769340334293
3148 8.825416312193573
3149 11.041287861356526
3150 8.185098620587212
3151 8.41569529843523
3152 8.054158470104063
3153 7.678962534135052
3154 10.350702729924
3155 9.68469070594874
3156 8.87527591760404
3157 8.788247315670182
3158 9.16854617592903
3159 8.441393511393828
3160 10.190660954418925
3161 10.791775834510325
3162 10.729053060199687
3163 11.05611238277387
3164 11.868059976185657
3165 10.8781258117495
3166 11.746187761515571
3167 10.613821907236037
3168 13.120425815651473
3169 12.587910308121488
3170 8.312241229307793
3171 8.84344585939148
3172 8.242308315176524
3173 8.961752234691398
3174 10.359440680028245
3175 8.901397176740165
3176 12.822797057724982
3177 13.532398917151736
3178 14.601375993973862
3179 15.96263661712717
3180 13.666274985932017
3181 16.121326568585474
3182 14.918752240120984
3183 15.649294607531173
3184 15.92051468616373
3185 16.44566206019726
3186 15.385502651312548
3187 12.322369189290772
3188 12.647850798889067
3189 13.407861218333224
3190 17.220274102027467
3191 17.492240167216423
3192 14.500161531589521
3193 14.598213548767786
3194 14.870742656682529
3195 15.423192236523441
3196 13.853022917341265
3197 15.99253575499895
3198 15.358890785463238
3199 16.629116857850946
3200 19.167727285711507
3201 13.929127287245612
3202 14.974753620550342
3203 16.789342341856372
3204 16.440918499707692
3205 17.075428367146642
3206 16.505533560031857
3207 18.74779220034027
3208 16.75297245108359
3209 15.448912551095328
3210 18.605316327059043
3211 16.923253459753838
3212 18.11921850746948
3213 17.59972920747146
3214 16.74090738970651
3215 15.546851696552626
3216 18.451226303083757
3217 18.43802688104559
3218 13.97701935401865
3219 20.44024821703874
3220 17.152581225494668
3221 17.02050435664943
3222 17.10262049212943
3223 16.94923974948017
3224 13.438192539953075
3225 17.605731736860857
3226 20.239841577266787
3227 20.996070412780856
3228 21.39466941797549
3229 20.727034020753827
3230 18.363100871935114
3231 19.707103186509205
3232 19.932307411067757
3233 21.21937422409748
3234 19.526852434698814
3235 20.045014440998518
3236 20.54989176314709
3237 19.798494533604227
3238 22.013931693262506
3239 21.030841011176964
3240 21.47561950042378
3241 22.481920212905223
3242 20.57823723601649
3243 19.866287002258524
3244 18.319864673120755
3245 19.476235409848098
3246 16.414416359489806
3247 19.111734708805546
3248 20.95765468136123
3249 21.822280825492793
3250 21.121431396413822
3251 20.50785927777547
3252 18.87226191595223
3253 17.19874403808394
3254 15.986899951689164
3255 17.503324288753554
3256 18.041846774830603
3257 19.046984137156425
3258 22.52380814601494
3259 21.6316237966674
3260 20.419639046570364
3261 19.374802475052658
3262 19.089946362603843
3263 18.280774211891377
3264 15.806907540531855
3265 19.780144286135748
3266 20.06437783199788
3267 18.909452931497754
3268 20.550010238906058
3269 20.23722640472852
3270 19.81174769349166
3271 18.41758833887825
3272 18.360808806380714
3273 17.553850012184867
3274 17.919350254252226
3275 16.82371340834546
3276 16.94151667087454
3277 18.039623931554985
3278 19.902074464262416
3279 19.96181935544459
3280 15.760138792411613
3281 18.7832441658861
3282 17.205992261129
3283 14.988351398430824
3284 17.691322501752097
3285 16.207071483857458
3286 15.811788665913067
3287 14.112349656148686
3288 15.177253201721596
3289 15.842288930319393
3290 14.824298699970118
3291 16.504169757789573
3292 16.22202191997591
3293 16.87713891546448
3294 15.663713897306195
3295 13.207288481513803
3296 14.035313198509973
3297 16.42937711681016
3298 15.995091465280277
3299 15.870083724285275
3300 16.996975277717137
3301 17.824796912195666
3302 19.2102440410566
3303 14.403847992477443
3304 18.282140348995203
3305 19.833929771589588
3306 18.263716896451793
3307 20.928370349210518
3308 18.906100568722376
3309 15.842129253079829
3310 17.825443917288897
3311 17.89187045746788
3312 17.784415359733654
3313 20.061553799972238
3314 21.233450589387942
3315 18.92742406303972
3316 18.698997887265765
3317 17.998403318502472
3318 18.83541205117285
3319 19.85822002490139
3320 17.87466747259901
3321 16.2622020394958
3322 16.27980934837739
3323 19.742325333645645
3324 16.6123394958718
3325 17.088663837215368
3326 16.231273749780964
3327 15.57561014230162
3328 15.830429074517582
3329 15.782995148229903
3330 16.264079428045935
3331 17.794096314094954
3332 16.378243194101813
3333 18.576633706050817
3334 17.080784344319778
3335 18.054380773354602
3336 18.260306941250136
3337 19.264026868624946
3338 17.521899983141548
3339 16.8961294585483
3340 17.071206052400115
3341 18.679772247137876
3342 14.602037405018834
3343 16.544687596009663
3344 15.131792809162045
3345 15.682078346976294
3346 16.275143859603073
3347 15.318122706619986
3348 14.418783714333603
3349 13.937769319870249
3350 13.42645476835164
3351 16.305777113811608
3352 14.592997861459994
3353 14.01418026332181
3354 13.920449325723082
3355 15.505984058220367
3356 16.24503651960964
3357 18.107055817712634
3358 14.941247734250814
3359 21.013354321452763
3360 17.532384299400512
3361 18.43598260332795
3362 17.392982518810996
3363 17.51360607676264
3364 19.49885676737063
3365 18.55809374499397
3366 19.89647838996899
3367 18.80313910683659
3368 22.55626372504313
3369 21.570888688938787
3370 20.179517135819278
3371 18.82894995494074
3372 17.028337747535037
3373 19.73245385170967
3374 17.78024329020167
3375 18.79620150733151
3376 19.287900358781517
3377 19.962208960546235
3378 20.0344454031644
3379 18.584731450843755
3380 19.528327668172892
3381 22.672538384817646
3382 24.002930501300177
3383 26.116164456108223
3384 27.184594824240158
3385 26.360472570997736
3386 25.609764615206874
3387 26.220029121110677
3388 25.853673640991826
3389 25.310426065456664
3390 22.18717771209453
3391 23.163441224543053
3392 25.56327393800339
3393 25.740360611092417
3394 24.102349888627312
3395 24.335242616170515
3396 25.852812338340545
3397 25.770721184821628
3398 25.213946629205616
3399 23.680333501558895
3400 23.927681671018725
3401 22.486496814247136
3402 21.134624718900792
3403 23.762852030260408
3404 21.578160484337424
3405 20.446436955758667
3406 18.923592683781294
3407 18.515361298393312
3408 18.78916589677416
3409 20.168835793650565
3410 20.06133607524745
3411 21.477329650993806
3412 21.567190546072528
3413 25.744799222596455
3414 23.008211974593998
3415 23.74410485764733
3416 24.08062473469107
3417 24.714633372693868
3418 21.885305013922434
3419 25.556453167601052
3420 22.050972539377014
3421 23.320278762015672
3422 23.780600824427484
3423 20.801261317965903
3424 21.01203677582409
3425 22.422496254188303
3426 24.62885887652901
3427 21.65109436814398
3428 21.03758989505563
3429 25.593824028994796
3430 24.184573418100356
3431 24.94879021418245
3432 23.31598129992157
3433 22.77663278586879
3434 24.519738998393485
3435 23.636814140032936
3436 24.951031364453065
3437 26.773816858817057
3438 26.19766645310117
3439 24.72323174551696
3440 24.763203742236655
3441 23.899899299954054
3442 25.20993778128921
3443 23.01180246103132
3444 22.664330379239573
3445 23.658210302141416
3446 25.216910393922166
3447 27.075992172702808
3448 23.444410933052925
3449 23.876339578583224
3450 25.261462021575515
3451 24.552297785800356
3452 24.91109745583713
3453 23.763298278147243
3454 25.129094098877783
3455 23.83190314194392
3456 25.14462192896859
3457 25.941007625625293
3458 26.65089512914616
3459 25.390197292673157
3460 25.878918820870695
3461 25.456974028619264
3462 25.029223679604307
3463 25.61975427669156
3464 24.386555173372184
3465 23.29471262941104
3466 26.36817421660767
3467 25.957350135245363
3468 25.958979144780464
3469 25.29325223465726
3470 24.441613423337085
3471 24.89205123988954
3472 23.68508576165119
3473 23.317652272631893
3474 26.047492176556986
3475 24.581673323473602
3476 23.35283440230781
3477 22.634624218781138
3478 23.147582184658905
3479 21.79162724518778
3480 24.409725051013414
3481 23.34941524974249
3482 22.68473069755787
3483 19.540264494639185
3484 21.31104145285397
3485 20.116615879090766
3486 19.53613525677296
3487 18.65868977288332
3488 19.27715736960358
3489 17.637943556153328
3490 17.580003729898873
3491 19.079582762085376
3492 16.890324773295298
3493 18.160349854364174
3494 14.174426682277922
3495 14.702523485493126
3496 17.595813171555687
3497 18.55950944285264
3498 14.8325887065653
3499 17.120009253312247
3500 19.642697765809945
3501 20.745483713273423
3502 20.12212414641169
3503 19.40119889532821
3504 18.712150633706088
3505 16.65357371260477
3506 16.330452571562464
3507 18.110868235291708
3508 17.80010176957537
3509 18.926292863634586
3510 18.55833915588648
3511 19.378961338521922
3512 21.255340178612112
3513 20.540827431290584
3514 23.59069317590781
3515 22.216553417074444
3516 21.446289292348766
3517 23.00855612576955
3518 20.83674591204983
3519 18.690761380921597
3520 20.585141279891303
3521 20.682996035981848
3522 20.26018006594136
3523 17.397886225026085
3524 19.63151506155665
3525 19.609613576736436
3526 21.46327499684577
3527 21.83649833470306
3528 19.320585016435565
3529 20.45882124017672
3530 19.446083429533957
3531 19.964257115951515
3532 16.056354094328025
3533 18.87697844928676
3534 16.865121782527
3535 16.025499538117852
3536 15.902622829876435
3537 14.879020620643631
3538 16.4551074615841
3539 17.328054097457784
3540 16.33668921744816
3541 17.12080956078315
3542 18.937029263470418
3543 16.85387447532111
3544 13.90777136823924
3545 16.346030216422275
3546 16.996540169350766
3547 16.625274675486576
3548 18.87560936160784
3549 17.3347921707035
3550 16.125361893631077
3551 16.26576031854417
3552 16.804279974671417
3553 17.75551037239001
3554 17.366617479769005
3555 17.48508955232695
3556 16.846386372288027
3557 18.385588849193095
3558 15.74326749300295
3559 12.044751185681504
3560 13.720848227326309
3561 18.4324816017801
3562 19.28178231117452
3563 16.586350556141625
3564 17.56989338920529
3565 17.24837779971885
3566 18.61320417932416
3567 18.533951732629937
3568 20.81833005923112
3569 20.05862100434895
3570 22.852006174914585
3571 24.222412453733227
3572 25.644152837437783
3573 24.776893950560858
3574 20.959062990400454
3575 25.85843978848582
3576 23.130880428501726
3577 26.000852518749525
3578 24.924191615244357
3579 22.701621131517236
3580 24.953845514165614
3581 21.32029694706568
3582 20.1987285679976
3583 21.93236625795036
3584 20.71227606186965
3585 21.432293900595344
3586 21.62475287486273
3587 21.433396973196235
3588 21.584277271280776
3589 22.480154500342987
3590 21.449038700075363
3591 22.790712208219027
3592 21.84228709084589
3593 22.957053783873782
3594 18.655751968724278
3595 18.24916570250103
3596 22.468960329936863
3597 23.849296776599303
3598 24.11919052296783
3599 21.155353653365804
3600 20.196892227039335
3601 19.442712163309434
3602 17.91431823072359
3603 18.28893381539321
3604 17.37873697123081
3605 18.472042348120564
3606 17.867853200221315
3607 19.57963338319783
3608 20.810918319436034
3609 23.08652925842555
3610 22.632679740102912
3611 19.12393568720398
3612 20.238388749775986
3613 20.97794189082474
3614 16.324430607212754
3615 18.474055826430526
3616 18.426379539990926
3617 23.081714242182986
3618 23.80251736658458
3619 22.260074621523817
3620 25.19325592218274
3621 20.639676802198654
3622 23.539600395372585
3623 24.903812873821938
3624 22.29330686585287
3625 22.008918839507217
3626 23.275283035281497
3627 22.858677346322
3628 21.35973596552782
3629 19.267362140990752
3630 19.461177568242444
3631 14.371704162341183
3632 18.830691436378522
3633 20.18456063295887
3634 22.412729220255727
3635 21.616611466107532
3636 21.673382204182236
3637 20.581153936001506
3638 22.88730143914246
3639 23.64515627671931
3640 22.140079213789274
3641 23.853071807031213
3642 23.74122650269219
3643 25.69570786628891
3644 20.796689022635814
3645 20.825192166656052
3646 22.615536399618538
3647 19.88350171171662
3648 23.718583511593305
3649 23.53202493769917
3650 23.083513155806827
3651 20.461993438922228
3652 23.197804096813204
3653 20.50813690770238
3654 22.969114391044293
3655 22.61182999761856
3656 23.631780912533344
3657 23.96553570281359
3658 21.652158734115176
3659 18.994475859431635
3660 24.239866190502212
3661 25.605014039573625
3662 23.475630621586095
3663 22.82159503801954
3664 24.211577034741826
3665 24.044378367809887
3666 23.815691155836433
3667 24.89109694464243
3668 23.72610977937747
3669 23.038300561749566
3670 23.833566324416775
3671 25.709262355399588
3672 22.471061986351355
3673 24.129599183505903
3674 23.84511676474182
3675 19.25490736819078
3676 20.87197342312906
3677 20.494473226331504
3678 20.53201871056589
3679 19.32350910242213
3680 20.884410362260013
3681 22.767049728203595
3682 21.62079705695138
3683 21.41164464877878
3684 23.068993998049574
3685 20.14601895593722
3686 19.085164388059297
3687 19.312226672918346
3688 20.538694483529813
3689 21.220828071566856
3690 22.553413653966906
3691 20.49160091016349
3692 23.569060668225447
3693 21.9614836564423
3694 21.535817250195514
3695 18.67424667861305
3696 24.578409562985186
3697 21.23225266377824
3698 21.27048464009326
3699 21.510215725139204
3700 21.07429991031528
3701 23.050176753430303
3702 24.61733030023677
3703 23.70878415852204
3704 24.228850992459396
3705 20.860125376692388
3706 23.59492504362866
3707 26.409700004611032
3708 25.955698167249
3709 22.572069098097092
3710 25.219920142983895
3711 24.005927528875585
3712 21.876927764321113
3713 22.63766227285711
3714 23.132161832619442
3715 22.2373460883619
3716 22.47535965998609
3717 23.918338778104566
3718 22.829535024138025
3719 22.87326534610934
3720 23.538531198692645
3721 20.163585010374813
3722 21.31477345735832
3723 20.815324373011542
3724 19.775514688346963
3725 18.621649784709685
3726 19.05255676893819
3727 18.85015610672514
3728 22.96531659393963
3729 23.17546911811563
3730 21.131723882398877
3731 22.525744502255012
3732 25.125674606819302
3733 25.152382801126244
3734 24.727440749054413
3735 24.7645449505109
3736 27.73978153052002
3737 25.35151793241762
3738 27.12873392111411
3739 28.691940340928625
3740 26.543723579281206
3741 23.58151725236475
3742 25.894244324891517
3743 27.100215110404474
3744 28.04824402712917
3745 23.240439052342555
3746 26.222341430663896
3747 23.817767122480674
3748 23.499287903926138
3749 24.10529526895844
3750 23.558088823401807
3751 23.646417619623655
3752 25.46545337224939
3753 22.42418873413395
3754 24.75590658877576
3755 26.581349708899715
3756 25.083462265417417
3757 25.642968643070514
3758 22.297083462682366
3759 24.192364012131964
3760 25.691900982639485
3761 26.985422719317864
3762 24.52812629395556
3763 25.45744436066758
3764 26.02489428285099
3765 25.080251738885316
3766 25.99864510952794
3767 27.749884878384147
3768 26.332451637721988
3769 27.821668769156002
3770 25.744964589450998
3771 22.1782004540159
3772 25.609872897130106
3773 23.83068987393341
3774 22.87392391708152
3775 23.81456853212645
3776 26.61057734778199
3777 24.820320860750744
3778 23.170833321751985
3779 27.026834388889515
3780 23.789675832162178
3781 25.52231527839618
3782 26.890752655879908
3783 26.125443734084104
3784 22.404787384981674
3785 23.481153732304445
3786 23.763866609709357
3787 23.67478915559718
3788 26.70204570600059
3789 24.146707595287783
3790 26.414399930837533
3791 25.75415516561831
3792 23.35807225242477
3793 23.59570973662123
3794 24.788552117023915
3795 26.70708836243479
3796 26.099403660535597
3797 27.002941406079735
3798 26.815975249918083
3799 27.589073210716034
3800 26.5450304938216
3801 22.102643129153495
3802 21.682730418983983
3803 22.797865495587633
3804 22.33987360782939
3805 22.304662948625836
3806 23.040753208538412
3807 24.136570938667855
3808 21.131020599791018
3809 21.157359515618264
3810 23.454687984801645
3811 23.207855078429684
3812 22.333189572245054
3813 23.407966137008366
3814 22.911844024912902
3815 24.269963366556265
3816 24.678392806438076
3817 24.513221858110487
3818 22.38158224633702
3819 23.12465880476444
3820 24.899411007270263
3821 23.95384165556374
3822 23.51150069249742
3823 19.047219000448077
3824 19.89037352298133
3825 20.014755806273715
3826 20.746597660798503
3827 22.112348520436715
3828 22.17904572136099
3829 21.834063841243122
3830 24.179422691591153
3831 23.48324636304251
3832 22.231518021482096
3833 22.901122857764026
3834 23.98717143300906
3835 23.241929978353483
3836 24.692628451945954
3837 23.47449958107083
3838 24.993494293408546
3839 24.85294453715287
3840 25.90825472620274
3841 24.309531176059455
3842 23.768719200770562
3843 21.443109343513953
3844 21.779110627314612
3845 21.402418791078656
3846 21.587127452120352
3847 21.69176836577913
3848 21.478645788159202
3849 21.975701065980164
3850 22.477955934579015
3851 23.484864581091482
3852 22.89912315289195
3853 23.039740579191836
3854 23.658301179315117
3855 22.25884923820684
3856 23.67358914050968
3857 22.864871044484964
3858 22.18437141647384
3859 23.149748732322514
3860 22.765135476666284
3861 20.486741950342708
3862 22.07831190338884
3863 21.095568647372165
3864 22.00772158437622
3865 21.996211316992298
3866 22.475180036085305
3867 21.327676896049987
3868 19.721325072364422
3869 20.127879185243287
3870 20.31029149990623
3871 21.966765739871416
3872 21.85321692571726
3873 22.51182629376089
3874 21.14169241656848
3875 20.80797979474426
3876 23.248425592091564
3877 23.41840323701762
3878 21.941761114680247
3879 21.092883292669498
3880 23.919737655068655
3881 25.896515813945072
3882 23.51581083651581
3883 22.810129332421248
3884 24.690780006470945
3885 24.832517900753444
3886 25.114420817201598
3887 26.049943067024245
3888 24.83984472512152
3889 25.268802527499926
3890 25.407138872840427
3891 24.190143287742295
3892 23.389500078500394
3893 23.75713258106172
3894 24.438378694328332
3895 23.295775423493964
3896 26.769559065814416
3897 25.23888108543716
3898 25.66677873171173
3899 24.82139703832339
3900 24.362566842205858
3901 24.945645885017058
3902 23.81844188318658
3903 23.815271719714346
3904 25.003158093863863
3905 25.05537800269539
3906 25.347632851139437
3907 22.781492142011476
3908 24.365450650406277
3909 25.960810828692033
3910 25.94211039485607
3911 26.5702350041834
3912 23.90235886875988
3913 23.74049564445312
3914 23.810687150841265
3915 23.336404032951297
3916 23.644077690208146
3917 23.078649249292706
3918 24.081228785357037
3919 23.89661019666007
3920 24.687297195444188
3921 25.695797976851594
3922 25.906260975547713
3923 25.731902786985117
3924 24.846480292927257
3925 24.45017209257436
3926 25.19001806945322
3927 21.8741819750103
3928 22.050422295159052
3929 23.944196727168087
3930 21.703588576229716
3931 25.682017099421987
3932 22.937486349142915
3933 20.435056034588364
3934 19.815965224232137
3935 19.19222663767624
3936 21.754276338824823
3937 22.42151452631281
3938 19.494364036489188
3939 20.066818213108565
3940 17.42592811186216
3941 22.19325170222515
3942 22.758410730907425
3943 22.5412457475422
3944 21.15245714730432
3945 20.050260728468224
3946 19.05937777365348
3947 21.116704055349306
3948 21.653147517161734
3949 21.90333354818851
3950 23.584350459503572
3951 21.04491358664337
3952 19.761926943693396
3953 21.412105602938507
3954 22.213123363743872
3955 24.025083775655663
3956 23.438218703238924
3957 23.683971051057707
3958 23.253646616327458
3959 22.361660829258966
3960 21.703618723785382
3961 22.58982878398816
3962 21.71130591338999
3963 21.241782131900376
3964 24.439317230078615
3965 21.44694042731126
3966 23.689978956003916
3967 23.33651942493515
3968 24.515060137109014
3969 23.75937299825974
3970 20.951786993468055
3971 23.377930840920435
3972 23.307959138809075
3973 21.545916784208707
3974 23.199980192768596
3975 24.471076480461193
3976 25.734608635558814
3977 22.552194465722536
3978 24.045429780816804
3979 25.001553892016904
3980 21.103855978355696
3981 21.278285538440947
3982 23.658461259544065
3983 21.040301036350495
3984 21.026438437517875
3985 23.63384369941832
3986 24.023413349010813
3987 24.24186609406209
3988 24.896206544414692
3989 24.58711615922534
3990 24.17930174886719
3991 24.70158380133666
3992 23.52611218823893
3993 24.101561587064765
3994 23.074059111187633
3995 24.35859392151562
3996 22.15709891509718
3997 24.93975554982164
3998 23.885624463257656
3999 24.65266895774452
4000 24.914419753583083
4001 10.908351374608769
