0 22.805034186219327
1 20.807886885191593
2 19.794639000315044
3 21.0432551580436
4 20.73780718546056
5 19.11861170417652
6 22.32167839709732
7 17.041959187614
8 14.02320196697926
9 12.029212909044329
10 10.837855679390424
11 8.22155688019118
12 10.252494700539946
13 9.666722874191509
14 10.905068708982334
15 11.85858154299636
16 11.880142766051208
17 11.871144427412865
18 12.150087528434895
19 11.083785520589576
20 11.467499374479456
21 12.149701007885398
22 11.63148568619703
23 11.26162381532851
24 11.745749285019691
25 12.007327841883994
26 11.887536486067718
27 11.74107149001532
28 11.755138795423932
29 11.448184946852594
30 12.030689101805539
31 12.319784297544894
32 11.62817871999977
33 11.383483566665001
34 12.605499966673257
35 11.790593061281102
36 11.998317902100975
37 11.711273861347633
38 12.188750214763653
39 10.460701145873081
40 11.657888681577342
41 11.601821725521523
42 11.971622220273007
43 10.928301272299223
44 12.176873817520182
45 11.143988476558247
46 10.894236789632643
47 11.566262902799481
48 11.689246266119545
49 11.1390567137755
50 11.653485327857766
51 11.771734482655763
52 11.864610226383387
53 11.205798913952938
54 11.010045322328724
55 11.172683383259972
56 11.655481437976002
57 12.341165816760402
58 12.663298484880292
59 12.188369627053833
60 12.640192389232658
61 11.860613926377516
62 11.781153962200877
63 12.441582393281243
64 11.792355370897777
65 12.350933713391472
66 12.598864780696795
67 11.508260566000635
68 11.787294527854463
69 12.104389035027198
70 12.835856840915692
71 12.205690201963911
72 11.992183155219834
73 12.619247316202364
74 12.76474614388268
75 13.088483603054195
76 12.787493989797024
77 12.718268502026563
78 12.73035849966252
79 12.259810141919248
80 12.76061980844644
81 12.187869817607497
82 12.29879946052369
83 12.41792130900245
84 12.557266402019433
85 11.46706221329384
86 12.068713399966189
87 11.681844661273052
88 12.660584205178406
89 12.27715438017687
90 12.1745279670117
91 11.52220170207565
92 11.828162314692802
93 12.809876234184893
94 11.69842039169066
95 12.180439116924578
96 12.597799070657269
97 12.79974154736006
98 12.24743701888361
99 12.618737364963586
100 12.086357784866538
101 11.786450563675206
102 12.916436571956366
103 12.825771258270603
104 12.581189994264781
105 12.49400424526503
106 12.266549516002044
107 12.088458215867092
108 12.168092683460236
109 12.447702446170899
110 12.149398573885897
111 12.160302696225543
112 12.045160459133324
113 11.62494543713596
114 12.251064538160524
115 12.118972191240637
116 10.834483983068727
117 11.83998136731966
118 12.027550276450462
119 11.899090614580837
120 12.075787064012824
121 11.7439440735672
122 10.794439033544682
123 11.067954974581065
124 9.94273051623625
125 11.239370059286513
126 11.581682510955696
127 12.549716241435352
128 11.853677280732244
129 12.081644286046487
130 12.366157511742891
131 12.678118565445843
132 12.15269235916754
133 12.245595091833986
134 12.142331536147076
135 11.76470232112396
136 12.183122166201857
137 11.516951781818674
138 11.95321265120683
139 13.080709843871551
140 12.08871828086443
141 12.598221721443212
142 11.984879419823837
143 12.43095713949911
144 11.999726299473627
145 12.795869536584483
146 12.49262756490386
147 12.490931067115904
148 11.206779956514744
149 11.859581766715158
150 11.611304281280969
151 10.796919804199886
152 11.282818518690485
153 11.631173605647371
154 11.719079583257026
155 12.359298207380755
156 11.307139127761152
157 11.859743589103385
158 12.392040143219495
159 12.934293627127603
160 12.50228517204239
161 12.88036741680449
162 13.198964502122113
163 12.621844562840216
164 13.100351083317909
165 12.248811185614265
166 12.780346756113474
167 12.294311943768749
168 11.560174865456402
169 11.897036921592814
170 11.913568760328022
171 10.420645605870963
172 11.350311596061582
173 11.532067866836368
174 11.921431432005917
175 9.5957722132997
176 12.447722699225066
177 11.902366442510864
178 10.799977370627722
179 11.68163924086429
180 11.504521556724592
181 12.674463748702896
182 12.462212351152552
183 13.17674610023069
184 12.54055386526851
185 12.6100061774495
186 11.49063126652105
187 12.38935932027618
188 12.511091988929739
189 11.19765533905332
190 11.986703860197508
191 12.438610530977117
192 11.816288274465357
193 12.218025270853223
194 13.042674159621807
195 11.7092439620154
196 11.966864022019495
197 11.21295345904429
198 10.43127680496926
199 10.334848497200692
200 10.60142513584745
201 8.548202774782439
202 9.426793634117214
203 9.964964483175924
204 10.279808046651103
205 9.426553129175762
206 10.179059994890054
207 11.459663505940915
208 12.976122598527043
209 12.03532308965196
210 11.965383182806374
211 12.001655573639638
212 12.272766024609867
213 13.185776364409685
214 12.724183591902806
215 12.77326205949197
216 12.256213365655974
217 12.211556619434356
218 12.125238874151146
219 13.542293400110815
220 14.890248640098907
221 15.648340115451658
222 15.201806714147107
223 14.185037582934044
224 14.26430792038157
225 14.065799097821335
226 15.24858462930369
227 14.970407642429018
228 17.96719771025229
229 15.493579925726095
230 14.969191564469213
231 13.834143725202955
232 11.595250630831016
233 11.8974955805621
234 10.342178372183648
235 11.019912995690236
236 8.822992038772922
237 9.981512973903033
238 9.798718099251323
239 10.38834298719537
240 9.587494885462709
241 9.874924189102419
242 9.722802235467231
243 9.510800957630517
244 9.493090221672956
245 10.843305336508324
246 10.037508216105717
247 9.833406070695839
248 10.08249339252343
249 8.996880395521227
250 9.980647432965915
251 9.905381101760812
252 9.429696647158083
253 9.587279721194253
254 9.351116577470158
255 9.618685521437184
256 9.66021332641553
257 9.327819194664633
258 10.040315150981877
259 12.37347247997852
260 11.9140624122059
261 11.841377185296514
262 12.237343270316282
263 11.946632047082296
264 11.290384704685952
265 12.514105531045454
266 12.356388568354538
267 12.042447090375763
268 12.943522715050682
269 12.85228933254766
270 12.903292300345848
271 12.31543005789919
272 12.084026192448642
273 11.83818805697014
274 12.28302843606377
275 12.400539068443111
276 12.386877028982559
277 12.38333264403219
278 11.176394926394725
279 12.741987915888137
280 11.826865462346385
281 12.104448408492088
282 12.271377872806415
283 11.384320785507118
284 11.68049564812661
285 11.255414617931095
286 10.329000973100106
287 12.501781733125105
288 12.215574643351403
289 12.05950675746582
290 12.369874254976285
291 11.935996456029493
292 12.752128956132458
293 13.050795373292086
294 12.896531530801727
295 12.619202259925073
296 12.480867187132342
297 13.137597745437342
298 12.054983272786579
299 11.87214042384371
300 12.162201100081147
301 12.191337280274483
302 12.337170550588466
303 12.264128976928015
304 12.303245503988167
305 12.926152477895238
306 12.817454313849083
307 12.833265389432507
308 12.893567503061082
309 12.519394418251641
310 11.960204147081773
311 12.59175467652575
312 12.934237613159965
313 12.532276095771445
314 13.065974156254326
315 12.402646509346736
316 12.634259227299717
317 11.435550631540126
318 14.293434439263661
319 12.85963079121282
320 13.390357924359183
321 12.935712356212136
322 13.106074731938685
323 12.956724682059951
324 12.95959649900571
325 13.378177206985784
326 13.433389764737656
327 13.031601263860628
328 12.851109057825433
329 12.7280209387266
330 12.964661413705102
331 13.462607553603831
332 12.738762071076192
333 12.86179773742914
334 12.876263941440005
335 12.264947679723134
336 12.181265466659521
337 12.745982399002516
338 13.163166387457679
339 11.818347631069138
340 12.423505603473448
341 12.838045032377051
342 11.81350226028517
343 11.666014924847477
344 12.106795971838947
345 12.057178146493206
346 12.10525661595344
347 12.684828389249317
348 11.827608178807523
349 11.493042026412168
350 9.702988490548854
351 9.713198747595099
352 8.604847543315545
353 11.574698070042096
354 10.039044218355313
355 8.729571949192412
356 8.602790703537508
357 10.80908092201779
358 10.72614654203108
359 9.970007226114713
360 10.73876262917735
361 11.595412631903008
362 12.387547536071752
363 11.019827481977682
364 12.943953463796204
365 13.11392224507525
366 17.649314828774102
367 12.28239366177704
368 12.30774614241928
369 13.522283864536828
370 14.84925171345737
371 14.148232131028884
372 12.206989178740601
373 12.448533965173791
374 12.907607184052297
375 12.494011135838404
376 14.239059362419562
377 14.099963934887528
378 13.243908478463563
379 13.304863675642991
380 12.87606027418766
381 12.592553399106185
382 13.419286450267053
383 13.191798527331686
384 12.249819055709278
385 12.611470402926109
386 12.82186482832553
387 12.236219031961406
388 12.475935491495697
389 12.689348558883172
390 10.93180551713149
391 12.287032840017845
392 11.91340135550761
393 12.956713281588257
394 13.438111062142326
395 12.637991202719858
396 11.639481239559622
397 13.294474044045039
398 12.832056980390426
399 13.200767023402925
400 9.202022456572283
401 10.450264253922866
402 8.886582794125419
403 10.996774860401516
404 9.427921769557306
405 9.63864227445231
406 13.007310826242394
407 13.060663234472317
408 10.960912843134086
409 10.626517493024286
410 9.678151052932273
411 9.722875862740196
412 9.309896879027384
413 8.137779431024622
414 8.350281714982609
415 8.857767956480716
416 10.040354720458085
417 8.717017837553062
418 11.87558289597898
419 11.603076264747891
420 10.110495724699241
421 12.592466251403847
422 12.755994708351235
423 17.439912188729387
424 18.489533753529738
425 14.651451810852205
426 17.773031951116874
427 16.69427991897345
428 15.945203783681784
429 14.027584401549975
430 13.243773410926284
431 12.358333327998126
432 9.30835845718216
433 9.739618840681263
434 10.355692992182531
435 10.164715692286494
436 10.826469585652518
437 8.305729695234753
438 8.950151192356827
439 8.160994671803703
440 11.887219157051648
441 5.786250036920534
442 9.80850673474686
443 7.295000280603977
444 9.036563476664142
445 9.829243987341245
446 8.43516978637731
447 11.25038693155291
448 9.742450342049416
449 10.264191351179953
450 9.263719083430551
451 10.540141529242513
452 11.147755233674673
453 11.826411743352018
454 11.184814119256759
455 11.918198206306535
456 10.980953754912932
457 12.610104184852851
458 11.937955329816797
459 10.229932586805882
460 11.24286644709991
461 9.934305828708052
462 9.671734526696987
463 9.86079326046363
464 13.148701125365287
465 9.927917130486996
466 9.63511108287307
467 11.553969706514996
468 10.602053722803872
469 11.127941297919053
470 10.240870315256473
471 9.82999277070188
472 10.893152669005117
473 10.103905187286527
474 10.09188579717447
475 11.185046666426707
476 12.274329787159454
477 12.309980190024966
478 11.66113406037391
479 10.427004021003617
480 10.292995336561622
481 12.187379107473648
482 10.324567673764909
483 10.227254519504351
484 11.283579507447008
485 9.931743085447792
486 10.745266697815932
487 10.83392585525329
488 10.6715738915086
489 10.322947343264282
490 10.999661348854673
491 10.802945526973879
492 12.984234637420052
493 11.632687275684104
494 12.041160116226433
495 12.535620264170964
496 12.138688138946005
497 13.082667657947301
498 20.934628457399466
499 17.722792801798693
500 15.59234726149
501 15.438411001853192
502 15.91982514232738
503 9.781839427411876
504 10.500078599910717
505 10.884677971987495
506 8.351822164024291
507 10.586766473034286
508 9.943476859896858
509 8.325586018417146
510 10.549817467078041
511 10.813822513771706
512 10.506981657589462
513 11.636396458015428
514 10.451129588719603
515 10.551744774476512
516 12.04358352028362
517 10.553534592786809
518 9.052805063438404
519 10.92610434111819
520 10.513401103731892
521 11.335987486297148
522 9.276049250566485
523 8.910981225514185
524 8.699199578838755
525 10.619533282158297
526 10.180858220048854
527 9.053310947964224
528 11.63675648262331
529 11.732147303705398
530 9.41916724361192
531 7.707873378820804
532 10.608714582580218
533 8.376531130444663
534 10.558177719388802
535 10.234775888649658
536 11.755889051690843
537 11.418151688192133
538 11.329079316350803
539 11.190389431475738
540 10.823895654673917
541 9.187021238891434
542 6.926922212298981
543 5.480302446471283
544 5.38414882397107
545 5.350509422507668
546 5.298659962811313
547 5.463253922387638
548 5.736130556590342
549 6.3931743577949804
550 7.041980069286065
551 5.213227429025816
552 5.471656974046081
553 5.383266385989263
554 5.029826995730261
555 6.493077125097878
556 5.51982354643344
557 3.4872828669073668
558 5.499677688452351
559 5.514022584492159
560 5.308031114706803
561 6.2009885736948736
562 5.280058145207244
563 5.72976435751462
564 9.126185528724504
565 8.991085652027982
566 8.96942117752431
567 10.44060192068618
568 9.870669569824873
569 9.322568021383013
570 7.665377293388616
571 9.537677951418333
572 9.660299233172653
573 10.399563540690503
574 9.886670891301952
575 7.586344966059313
576 9.027766726709931
577 11.410059470340492
578 11.364140837488728
579 9.963308654820013
580 7.480820783167161
581 7.722937452607341
582 9.284643117429173
583 7.755103018868757
584 7.94628282815076
585 7.67994605840603
586 6.788857535206236
587 6.03557172695599
588 6.33012998739862
589 8.299917834418276
590 5.462511860228852
591 5.844146370145103
592 7.116138518248807
593 5.538518063207495
594 5.938839358867484
595 7.573714307194248
596 8.401327135606028
597 7.996828127057236
598 9.22542329771401
599 10.996329089680259
600 11.236046281420435
601 12.098640431657131
602 10.174766449818563
603 11.468338134025371
604 10.543213023336255
605 9.788843867117908
606 10.028563038209276
607 10.520678553513887
608 10.306660726142095
609 9.375765860649683
610 8.890894336923765
611 8.613500466847007
612 6.502375264863345
613 6.668679632674592
614 8.540091128795323
615 7.945628948538497
616 7.5995677419607
617 8.304430980448327
618 8.15248615881098
619 7.589795288125687
620 7.498298173620673
621 8.377559751949242
622 8.539653598184032
623 8.185118837236702
624 7.893141670912439
625 7.684028942780961
626 7.16827507052022
627 8.032145053636928
628 7.837428361144473
629 8.211855261918446
630 7.309070494456091
631 7.49086930887539
632 7.149772630186662
633 5.787176084353213
634 6.610238715636334
635 5.87312254508681
636 6.623703356721405
637 5.847261834223648
638 7.109360469495459
639 8.261193350150629
640 9.035352870310057
641 6.400440178759546
642 6.354346702007843
643 7.884312136104454
644 7.0923430448665
645 7.409098153777664
646 4.998050923212661
647 6.97550904241672
648 6.521206931299828
649 7.7159071241068835
650 8.036095445425444
651 6.800431530445862
652 7.961220172931266
653 8.648535916475238
654 8.823898342717317
655 5.632268832799253
656 7.094569866110723
657 6.804813306997171
658 8.424007867822763
659 7.293737092544176
660 11.754153696974466
661 9.579587691004011
662 8.78926345256714
663 7.471658937638308
664 7.895501233670532
665 7.929563369955365
666 10.947460768225003
667 11.208278347527333
668 10.46836721519796
669 9.886566370123168
670 10.609149318466159
671 9.898284980115347
672 10.246600862821731
673 10.36990706966473
674 10.9141785885482
675 9.382713402046173
676 9.647883553812763
677 10.132047542146157
678 9.070741987743087
679 9.705161712732995
680 9.883441653796497
681 10.517601440463421
682 9.928803652394715
683 10.354379365707302
684 10.650963293648765
685 10.743539705378243
686 10.098006942955779
687 9.681092277094868
688 9.337317732053362
689 10.830469273116844
690 11.41658350965491
691 10.534972301905492
692 10.711489646744985
693 10.01713257030495
694 11.763881727022493
695 11.592028456644876
696 11.55355673822281
697 11.087529233807908
698 12.399131399561039
699 12.988474884483828
700 12.606763464001055
701 12.542472342054209
702 13.644730221497952
703 13.724456564342276
704 13.679891136083638
705 14.782519731694828
706 14.261250394973205
707 13.799584784412417
708 13.490104050402534
709 13.975795507511137
710 13.3538265393417
711 11.606241104642018
712 11.286423999215849
713 11.543975970757018
714 12.48763872035029
715 10.982938405126607
716 12.976928130432082
717 10.853311658773126
718 12.056040417816911
719 10.812798290289065
720 11.339582241780017
721 12.338180159383134
722 11.681496634421787
723 11.066267670605471
724 12.240898902960975
725 11.343937213557934
726 10.345244783556225
727 10.050530305906525
728 9.817125911172772
729 11.28973579766855
730 11.825769531633123
731 12.173369222538177
732 10.940304706870604
733 11.289272275639847
734 11.488277086941737
735 10.611427730315315
736 10.965631652534901
737 12.024366300070053
738 12.306794460980361
739 12.11061104112728
740 12.354855902590876
741 12.126238060987406
742 12.370189653579176
743 11.029212369906148
744 11.910777346775475
745 10.177449423454584
746 11.931163640282328
747 11.880424985960076
748 12.01774695558815
749 12.201678972125949
750 11.810414249608332
751 12.710078873650016
752 11.885789672721021
753 11.256992184045412
754 12.748057685081845
755 12.811821595275587
756 12.785721099652745
757 12.649545939809244
758 12.476471318020451
759 11.49183576455684
760 11.145703300924989
761 12.756516176117344
762 12.233987712631775
763 12.871882038172215
764 12.204978441518884
765 12.09974148901359
766 11.95120128764299
767 11.460050511939595
768 11.696829624065781
769 10.9576220987407
770 11.805038203658496
771 12.374109333824249
772 12.387694234769505
773 11.544820187818143
774 12.69775971917933
775 11.372702800888057
776 11.264704802296897
777 11.554007440555797
778 12.47728141469734
779 12.350680250579781
780 12.231004051236887
781 11.825284061819282
782 10.768296386166563
783 11.649147361634391
784 13.199464571989072
785 13.005653856760176
786 13.088647882910953
787 12.790544985270639
788 13.364669601861628
789 12.774320773292759
790 12.40394028332093
791 13.024891770163268
792 11.378726169781253
793 11.87928219794191
794 12.10104880972539
795 12.31856583075603
796 12.4748399942742
797 13.057359441696786
798 12.741358727503984
799 12.072084908869368
800 12.443477570292535
801 12.444291661954011
802 12.782732319206188
803 11.602217277662245
804 12.27102393320253
805 12.59006199137753
806 12.394565530468991
807 11.96905348691812
808 12.666690195752514
809 12.206337604356419
810 12.986646726452669
811 13.431941434464658
812 12.662315205286971
813 12.456101665070962
814 12.812707017730066
815 12.262749600887904
816 12.076035216319118
817 12.235528949490057
818 12.108624528354252
819 13.261290792064264
820 13.208694807863376
821 12.00491882830651
822 12.4387779394242
823 12.103099342830276
824 11.95707122435971
825 12.721545864616576
826 12.70559508003978
827 12.7717094184212
828 12.866000476992541
829 12.180226994301975
830 10.058232289322326
831 8.840314438525706
832 10.60397993046381
833 10.90762644717217
834 10.31982593419607
835 11.80909686538208
836 10.86672710835823
837 10.510113407183384
838 9.183409390596584
839 10.671298156681074
840 11.635616486615675
841 12.24165624134111
842 13.012054388475667
843 13.108857541212647
844 12.854753090125302
845 13.112427767400293
846 12.305746061362115
847 11.806203263329376
848 11.982890392358074
849 10.844235251563518
850 13.165028749893182
851 12.275952071368213
852 12.151014558732577
853 12.265618926278075
854 12.55818819293469
855 13.3397523134693
856 12.239085029799941
857 12.350291457847407
858 13.426170420969315
859 12.826882796128931
860 12.402549325683466
861 12.125740290687029
862 12.4439754734152
863 11.985723042868898
864 12.719845215439413
865 12.39338930406727
866 12.335640979036514
867 11.793100625896551
868 11.744886247353644
869 12.414548224573261
870 12.813940482455324
871 13.196785013322565
872 12.43684127630667
873 11.83141056419366
874 11.542886023393406
875 11.296508909360943
876 11.751136348626986
877 11.386429406099195
878 11.698329346018875
879 12.20722715943069
880 11.712464460031464
881 11.539673454386987
882 10.938674486467804
883 12.267076057685907
884 10.506266770677348
885 11.361638799850416
886 11.388061937291445
887 12.454606970889406
888 11.203536660792658
889 11.358931626332291
890 11.784194774543739
891 9.84143401009669
892 9.018056520916389
893 9.42293099397555
894 9.458911989405683
895 9.928182154411124
896 11.380318378895954
897 10.407450797674898
898 10.375826938994887
899 8.94863310178085
900 9.933303832896476
901 10.060923548073513
902 9.812736700270305
903 10.480740390574475
904 10.144630519407
905 10.348291720589923
906 9.94509398296249
907 10.269585815665636
908 10.34264794922458
909 11.364256213749476
910 10.800529319650476
911 10.730467097346096
912 10.705548802171563
913 10.910405841138896
914 12.005411311950029
915 11.461364623309127
916 10.543152234042207
917 11.853738235202353
918 10.564322794392933
919 11.014095693797902
920 10.949831227716674
921 10.409897451785874
922 11.045052877899646
923 10.013617630016764
924 9.929352248502534
925 10.412002614171358
926 10.633164302510226
927 11.349141763916387
928 11.517018392607635
929 11.516315948853487
930 11.342923665937747
931 10.695510991373162
932 10.223069494090323
933 9.652476162828064
934 10.346916357532852
935 9.845438304818344
936 10.6123334568355
937 11.22658678233621
938 10.883113737812513
939 10.493526566054705
940 10.9521589715204
941 11.81987623366162
942 10.327267638355124
943 11.076743356071505
944 10.286169202829043
945 11.117116794042786
946 10.870733174269812
947 10.71036460590657
948 11.05129593471456
949 11.362117990853156
950 11.024093584857757
951 10.116632855364816
952 10.873812106094423
953 13.885185448052264
954 12.903264885441317
955 13.048030934713726
956 12.259795284336137
957 12.285860179493408
958 12.924198285089856
959 12.433497413194239
960 13.293883332023634
961 12.207593815665037
962 12.591546175111826
963 12.383495155550003
964 13.819473601942272
965 13.371172368445517
966 11.595696937505132
967 11.435019417277267
968 13.627561389464354
969 11.391853010649424
970 11.673206522187893
971 10.964341939166816
972 10.683252811489849
973 11.834069193638337
974 11.128719294677193
975 11.36147776273562
976 10.690346792542956
977 12.251690540363406
978 12.302824625357907
979 13.33457805320184
980 12.385002551491057
981 11.25516452393817
982 13.535819231827206
983 12.59776907568363
984 11.773851620798391
985 10.86373024702784
986 10.84371482702481
987 10.231356253566013
988 11.781422263330489
989 12.508032035913262
990 12.714129338729764
991 10.276297855356997
992 9.375263082574243
993 10.435393505566456
994 10.023327820549873
995 11.733694318861414
996 9.46966041858609
997 10.867300666017668
998 9.443053051844583
999 9.135068240859187
1000 10.31412384365812
1001 10.672990289625723
1002 11.841135552698132
1003 10.196298080654932
1004 10.365372020049302
1005 10.141900023896593
1006 9.727251810885678
1007 10.47271292354599
1008 10.413239475258262
1009 10.322452292177918
1010 11.122758308308573
1011 12.078644081844654
1012 11.397647730297711
1013 9.3200163233748
1014 10.715216602695968
1015 9.288400444239745
1016 9.998800836915278
1017 9.831081988997509
1018 9.182678861927323
1019 9.526075039649523
1020 9.815653957011898
1021 8.597381566401973
1022 9.034308516490569
1023 9.37147780075584
1024 8.904464158179461
1025 9.52492775548968
1026 8.731478575729126
1027 10.328196113746321
1028 10.813693027401388
1029 10.68846714059986
1030 10.337263949633723
1031 11.188331276129887
1032 11.324085974316347
1033 10.815750265354017
1034 11.633676492247004
1035 10.129764160546307
1036 10.771112614634713
1037 10.497022229360642
1038 10.75236916784399
1039 11.04159231935052
1040 11.46598635011609
1041 10.116105076478963
1042 11.091570261624458
1043 10.751372111066887
1044 10.31615532962408
1045 11.304999395591606
1046 11.369660600011285
1047 10.571989162008759
1048 10.745253957498925
1049 11.034870069507559
1050 11.241438308949887
1051 10.745029472501441
1052 11.464535436925058
1053 13.016655719503412
1054 12.585118829338429
1055 11.51178204274077
1056 11.640689769509576
1057 11.777219749819311
1058 10.50126644511778
1059 10.427654953298113
1060 11.731068348217498
1061 11.60069531955328
1062 9.906086045970127
1063 10.81187278765119
1064 14.027178909197882
1065 13.014149951706287
1066 13.338236260213003
1067 11.648853899201372
1068 12.23318748938823
1069 12.517581994681464
1070 13.355063570557805
1071 11.80093916553317
1072 12.160296847837113
1073 11.348350699492363
1074 11.92950203584934
1075 11.731306015641117
1076 14.307897090305756
1077 12.614570285225582
1078 12.402979455780889
1079 12.855826452242743
1080 13.973706397331576
1081 13.391520027796387
1082 14.080042807833758
1083 13.116801373253615
1084 10.02908364397373
1085 10.650661481640709
1086 11.463956260901373
1087 11.422528507088504
1088 10.657988361981827
1089 9.67608521787171
1090 9.659394338039835
1091 9.62508439650805
1092 11.198894203910962
1093 12.388203233644608
1094 9.543663966184026
1095 12.3432172607428
1096 13.375263768870543
1097 11.917830193064686
1098 12.121164419439353
1099 11.79621475646624
1100 12.927989524317812
1101 12.7919838289799
1102 12.875894496621932
1103 13.448922642554917
1104 13.763843914997473
1105 12.675375153960196
1106 10.246121265275333
1107 11.871261863065433
1108 11.2899151301343
1109 11.32572071724788
1110 12.541698672949902
1111 12.411333163796737
1112 11.18724093959326
1113 12.389360817470756
1114 9.75370105599054
1115 11.033198523797966
1116 12.524373981235554
1117 12.039988970326482
1118 11.885302292090902
1119 11.446670811170662
1120 11.002801218315064
1121 11.061967062386422
1122 10.288168687158365
1123 11.93768546605954
1124 12.245466835404542
1125 12.503416886755847
1126 11.44387307808215
1127 12.307262379648614
1128 12.328121215418458
1129 12.01913696707204
1130 10.733007078851758
1131 10.227378129777136
1132 12.07985494615115
1133 13.526172548248793
1134 13.492687705946295
1135 11.221926041799664
1136 10.6939506768616
1137 11.614540547657862
1138 10.802789874966445
1139 11.466020448961295
1140 11.349053555457576
1141 11.844452166017408
1142 10.499253283448141
1143 10.809031297195817
1144 7.82555099897971
1145 9.805349337101013
1146 10.42750529883626
1147 12.75157162232055
1148 10.950231196366948
1149 11.65252040217418
1150 11.787538758363587
1151 11.864919015744187
1152 10.980320491248227
1153 13.252229649958059
1154 12.673753188829775
1155 11.479860818001866
1156 11.560711696722032
1157 11.507154209363938
1158 11.407028943196453
1159 11.854196192260003
1160 11.250985296615454
1161 9.341897989894406
1162 10.20904297695371
1163 8.557405934376446
1164 10.927704118873397
1165 10.45509077093949
1166 10.665376030024705
1167 10.920128319519225
1168 10.091742782780493
1169 9.842836409895535
1170 9.245031996034085
1171 9.526765449373547
1172 8.593730240038484
1173 9.415483706106412
1174 10.280839872674642
1175 11.18765160730193
1176 11.402514561982043
1177 11.875346841668701
1178 8.98880686335702
1179 7.674604148575546
1180 8.093457587405036
1181 8.368122514655422
1182 7.433777509388859
1183 10.265371537137415
1184 10.510627711867194
1185 8.531085483767422
1186 9.609546450773848
1187 10.546659112085036
1188 11.041009141993943
1189 9.63039645986213
1190 11.703915896982616
1191 12.04688340027363
1192 12.247209817697826
1193 10.530766762752128
1194 11.706017017405825
1195 11.76428132812819
1196 11.385352911090054
1197 11.276657761871087
1198 9.959840767137146
1199 7.210213233451789
1200 7.595582778200587
1201 8.593008775569313
1202 5.579800891950215
1203 7.955859625675031
1204 8.311261399771059
1205 7.24539716286218
1206 8.395126780225668
1207 7.468725455151949
1208 8.295144700996293
1209 7.53353364382481
1210 7.881025951621764
1211 7.354524832395248
1212 8.788416753624691
1213 9.168757613632021
1214 8.314532275324545
1215 7.691971068257862
1216 8.155988060406287
1217 8.39094587502917
1218 8.155592045910074
1219 7.729658913730748
1220 8.463332851435142
1221 7.778320040422377
1222 8.05270084636699
1223 8.251180834609265
1224 7.987630255794627
1225 7.149307694008266
1226 8.371173400666573
1227 8.649735825581404
1228 7.9062390238957
1229 8.130106892655082
1230 9.20360203593151
1231 8.053491989097294
1232 9.064052442295672
1233 8.202942232437694
1234 8.578992438393254
1235 9.171001805760133
1236 9.979946939794209
1237 9.407069112831673
1238 9.007762894556913
1239 9.755410747948329
1240 9.096857283311644
1241 9.408997624975022
1242 9.564089734665188
1243 9.59193973005777
1244 9.766806421977467
1245 10.770393176258414
1246 10.906664433639628
1247 10.747732405708858
1248 10.483908416000846
1249 10.967379445241898
1250 10.441311992480113
1251 9.571769582478984
1252 10.666539353071986
1253 9.092579241144213
1254 10.557617140890281
1255 12.151082889227405
1256 9.541928140224543
1257 10.429154724076588
1258 12.373926750485678
1259 12.065066330845312
1260 10.745289855002053
1261 12.706761925679315
1262 12.742003968640617
1263 13.054282736389034
1264 13.123369671460692
1265 14.156486299098054
1266 13.955188985303158
1267 13.212827348218376
1268 12.749437047162738
1269 12.763268153765246
1270 13.755649541553092
1271 13.267038679944301
1272 13.977113167342422
1273 13.044171718334287
1274 12.650172902853782
1275 11.790968177652395
1276 13.035821598619679
1277 12.323853512319044
1278 12.736770462842964
1279 11.512544463198
1280 12.83592016841189
1281 12.131032492526113
1282 11.55913758860009
1283 11.937339009521414
1284 12.726986951947959
1285 12.44038502210913
1286 12.648336346544719
1287 13.15814008237117
1288 13.194907841393565
1289 13.237479730321684
1290 14.479208179032307
1291 12.447394015356764
1292 11.96777033462673
1293 12.006365383153742
1294 10.235743659530467
1295 10.438067269159113
1296 10.100351390052959
1297 9.767214163041965
1298 10.080161234461967
1299 10.441885709260632
1300 10.253795390622567
1301 8.539083928508383
1302 9.40702487700005
1303 11.062676786055905
1304 10.58446664481864
1305 10.003713313482116
1306 10.043204364078925
1307 9.688581621518999
1308 10.260221435359293
1309 9.274820742787245
1310 9.81673179782181
1311 9.842618705766144
1312 10.705957216376657
1313 9.911837576096556
1314 11.541365704704255
1315 10.17192470503718
1316 11.156640032518942
1317 11.376144740060145
1318 12.90761984622332
1319 11.02356945322218
1320 11.913531784159067
1321 12.097804833278662
1322 13.089615051347938
1323 12.381611312255949
1324 12.460444970065543
1325 12.112454126860655
1326 12.650629525244673
1327 12.636351873297539
1328 13.45323527500735
1329 12.64456501621002
1330 11.628101043103554
1331 14.224812495120434
1332 14.59834602210661
1333 14.18807211325263
1334 13.070446481122394
1335 12.810094348046668
1336 13.425306210571618
1337 13.14471531133334
1338 14.063900449526557
1339 12.877766011951628
1340 12.663666338725267
1341 12.893107850025405
1342 12.604457222172314
1343 12.251497965626955
1344 12.980851119929426
1345 11.854863975002932
1346 11.828256647891767
1347 12.335772552359566
1348 11.141599681654352
1349 12.177866605513584
1350 13.026897451596717
1351 10.304420530416301
1352 10.202343541214978
1353 11.649426263525422
1354 10.723531684294649
1355 11.128694972451264
1356 9.65724517367829
1357 9.57791080909575
1358 9.720668314969586
1359 11.615568926999565
1360 11.148497753541342
1361 9.71502049591833
1362 10.645383511682313
1363 10.813050914264542
1364 10.651132300853108
1365 10.3374962957511
1366 10.019651598099678
1367 10.885899609886366
1368 10.647283297194743
1369 10.285661269664415
1370 10.31936310658913
1371 11.297931384981514
1372 10.643324693230596
1373 9.696996131074988
1374 10.566776439769715
1375 9.051517034862483
1376 8.08374723110148
1377 7.436574158462085
1378 8.14715872177249
1379 7.371845851481431
1380 8.266072919180914
1381 8.866582968796532
1382 7.729765493826015
1383 10.05330987552075
1384 9.05572223515126
1385 10.158150321694862
1386 12.381817751782918
1387 12.230440318499639
1388 12.718266486557754
1389 13.923534130806598
1390 10.33694882412167
1391 7.115957125361957
1392 8.975575415908915
1393 9.492790306863887
1394 7.657501665266665
1395 8.813548391504671
1396 9.342137466437237
1397 8.592445977151739
1398 9.638525722834931
1399 11.042308774666417
1400 12.826463912492548
1401 12.695770241268788
1402 12.962908520757434
1403 11.795317466382892
1404 9.663862052036214
1405 9.99224925811444
1406 10.427215227820707
1407 8.263700080279017
1408 10.570065540704771
1409 11.041316989908019
1410 14.640221092661632
1411 15.026100984118722
1412 14.269136317797699
1413 15.16162491829419
1414 12.818641061517154
1415 12.430227322209246
1416 15.673726193157961
1417 12.609041550206612
1418 16.69262989066355
1419 17.065215185303433
1420 16.088150942851303
1421 15.51863906949793
1422 12.953188605634633
1423 10.483913002555411
1424 13.197353494579724
1425 13.223662570068916
1426 10.825582836789518
1427 13.126774943693936
1428 14.247619908679086
1429 15.245087172427331
1430 13.914548930059436
1431 12.075429099478272
1432 15.40434209372731
1433 13.967695132194132
1434 14.893265558827881
1435 14.972827595007892
1436 15.98712476310074
1437 16.028588674840837
1438 15.801190765131851
1439 15.24599548342653
1440 16.815484450454665
1441 14.742097802747987
1442 15.103148814226588
1443 16.889021296673928
1444 17.243579001789637
1445 16.07135696037404
1446 17.881665299884773
1447 17.004165048449085
1448 16.919215520076612
1449 16.420239124025965
1450 17.081775242479424
1451 16.079005632353635
1452 14.80635661028375
1453 15.704702493061259
1454 16.027892904885086
1455 16.296601776309558
1456 16.5144469134568
1457 16.69772121501986
1458 15.69664950440287
1459 14.218903531967273
1460 11.461842447343818
1461 12.345673480477402
1462 14.136863810048586
1463 12.372792675962144
1464 14.524711966621972
1465 13.167299134169545
1466 15.957186480229963
1467 11.831483242019667
1468 15.00729839514876
1469 15.470516671429285
1470 14.204616787722289
1471 12.981191916268392
1472 12.546555561671596
1473 12.64418721607955
1474 14.808702728101506
1475 12.525024120803346
1476 11.861355230473228
1477 14.540377528293805
1478 12.56107175670684
1479 13.494809493890472
1480 13.167084466059421
1481 12.233117295344714
1482 10.76185017686047
1483 14.145750867726548
1484 15.000447701398471
1485 15.22371553753075
1486 14.221940078701593
1487 16.861266771743452
1488 14.642367409721233
1489 16.746595010686864
1490 15.646536247926406
1491 17.473079999281467
1492 14.313938674623468
1493 14.536176605211901
1494 16.416854584546645
1495 19.799051647790165
1496 18.419479900975308
1497 17.719283614480318
1498 16.15776221195928
1499 16.43485512944046
1500 18.61748634498836
1501 18.618818269756748
1502 18.045227309582334
1503 14.536050488882287
1504 17.354731579385785
1505 16.85959839022448
1506 16.73359797038803
1507 18.252703370333293
1508 16.899804368462462
1509 15.695154919258725
1510 15.077384958968764
1511 16.689659190965244
1512 19.02453177110236
1513 18.080673611296735
1514 20.130954126030748
1515 16.507607253479534
1516 20.653790486331772
1517 18.37366523215157
1518 16.311984172842138
1519 18.68311850384805
1520 17.46323672178713
1521 18.249633745924175
1522 15.054760346829676
1523 16.89449672648289
1524 15.104103979654482
1525 17.230533868067916
1526 15.690808881890076
1527 15.393941094017045
1528 13.003000514566423
1529 15.748501576966516
1530 14.795747691683623
1531 14.873875778569168
1532 16.839989329360357
1533 16.089136732521485
1534 18.32322337965655
1535 21.024985564201067
1536 14.91035171401171
1537 14.302838433005814
1538 17.327071204186968
1539 16.77448467517281
1540 17.032058143904322
1541 14.45899141680237
1542 16.068136295953817
1543 17.009188403193416
1544 16.168664217799016
1545 18.10957069954069
1546 18.13827347476593
1547 21.156172065409123
1548 18.86684290045901
1549 20.09023872256478
1550 22.67034365400444
1551 20.72383982629838
1552 19.807352073283084
1553 19.34563950598912
1554 18.70201960285061
1555 19.12237372639404
1556 20.104696742848496
1557 22.991260967812934
1558 19.986818507007463
1559 19.993504150558817
1560 19.02693657108783
1561 18.66268809804099
1562 19.888044476014116
1563 19.14375819684262
1564 22.315191198954192
1565 22.367354390669092
1566 20.263181902135095
1567 19.414845196120794
1568 19.59580481603167
1569 23.10432092490543
1570 21.29068544272737
1571 19.3495966679949
1572 21.34730155776734
1573 22.815150090286775
1574 20.435130898412858
1575 19.98065406225357
1576 20.63277683299322
1577 21.41566190346528
1578 19.551841580267357
1579 19.339568314379584
1580 21.26533291579292
1581 17.99142437383648
1582 18.404330743148094
1583 21.534380938133122
1584 19.593683566616154
1585 19.963191120947286
1586 18.71248263343296
1587 20.183704068338717
1588 19.082862127110563
1589 19.450607993775442
1590 20.20920913726916
1591 20.402558773384694
1592 20.397269626181036
1593 17.851993241608593
1594 24.928208761303992
1595 24.83113954538772
1596 25.982614018450047
1597 22.073857747129505
1598 21.350085520019757
1599 21.741585467904287
1600 19.32590105916596
1601 19.55316072199032
1602 18.149084486895813
1603 15.532184668731494
1604 17.13939708561908
1605 19.892762874121495
1606 20.495308106250718
1607 19.63672150823231
1608 24.155153337301375
1609 23.388681821175183
1610 22.721779955799477
1611 24.34247557150825
1612 21.5261275647837
1613 24.020432617715834
1614 24.8395933836063
1615 23.993668053318686
1616 24.499430028583678
1617 23.513760930587097
1618 25.756342947177824
1619 23.329982974836472
1620 23.978425949079856
1621 26.141244623372593
1622 23.986525885080837
1623 23.33425143633334
1624 24.381284466924917
1625 23.78024453764991
1626 21.94448335719052
1627 24.348406228046215
1628 21.8827282020988
1629 21.28149458957203
1630 24.35152791876055
1631 23.68450182213473
1632 23.31272051606592
1633 27.89141061503011
1634 25.198710950186463
1635 25.709752354776203
1636 24.557452922948404
1637 19.985898783356244
1638 21.78532298214979
1639 22.95013940494016
1640 21.619039301176993
1641 22.179939555370378
1642 26.14770035852928
1643 26.073408134960744
1644 23.745302221899156
1645 19.691377423814483
1646 24.66139367520912
1647 23.900866472954586
1648 22.517146188544125
1649 24.114476722705177
1650 21.906540238583844
1651 22.734589769377028
1652 22.00027012288238
1653 23.364164152667684
1654 22.84471716595946
1655 17.56265515250681
1656 17.96243152292763
1657 16.821370449776317
1658 18.009978229908118
1659 17.620982573065035
1660 17.039268032526415
1661 19.01155047054292
1662 18.337251181075292
1663 20.95800621538097
1664 20.11799099544854
1665 21.394246915439766
1666 18.963461455160683
1667 18.36357299677889
1668 18.562946470787402
1669 20.223112525186874
1670 20.1469384012563
1671 16.98527637148199
1672 18.728919507668316
1673 18.289222902587284
1674 18.479591381130923
1675 17.981651544218586
1676 17.7156881157322
1677 18.489660972349274
1678 17.3842830421715
1679 18.176094052055014
1680 15.707746713278565
1681 18.078708961861143
1682 16.886781277626344
1683 16.576278244699036
1684 16.163306345314776
1685 14.79167824303169
1686 16.145453906350344
1687 16.212613737133438
1688 20.068581609438468
1689 17.74260442055153
1690 16.991633237371623
1691 17.80349518010802
1692 16.97700944061746
1693 17.864893773745134
1694 19.877925141742683
1695 19.182159785925194
1696 18.32705590595443
1697 18.712823615059563
1698 16.503780557722795
1699 15.396392946579438
1700 14.367114569660872
1701 13.656858442651654
1702 14.748720873699561
1703 16.705661057037556
1704 16.843691665151418
1705 13.513137466626322
1706 14.61994297501925
1707 16.590291615066377
1708 15.846680822713708
1709 17.81908840660908
1710 15.109713682572796
1711 15.88076198047171
1712 18.170804249126185
1713 15.79798309239568
1714 17.657767757204184
1715 18.310718866736174
1716 13.054644227049808
1717 12.116865323026062
1718 13.377182616503054
1719 11.214505886668473
1720 15.087365721251075
1721 15.06752333552577
1722 16.6300315578632
1723 17.131620594430043
1724 15.874597482171517
1725 18.170719988284024
1726 17.817760527178006
1727 18.63662713523701
1728 18.46851513671937
1729 17.92123288643674
1730 17.547033874436366
1731 17.55285390489009
1732 16.899009924966972
1733 15.236988348416006
1734 14.051634910956636
1735 18.24409532131076
1736 19.129727364061267
1737 15.296442566977266
1738 15.714225568976918
1739 17.010053954495415
1740 19.11251100269448
1741 17.981295118353422
1742 17.918125784098258
1743 18.62059843632275
1744 17.88787328801736
1745 15.74400742126333
1746 16.0342074374822
1747 16.63627986230457
1748 17.339777121516715
1749 14.69383916059805
1750 16.029793179059688
1751 14.70453454363869
1752 11.966602046981786
1753 15.194294673093609
1754 12.806904608472193
1755 13.004901342904855
1756 13.813146893987955
1757 15.668299850030218
1758 14.982126139269395
1759 16.423432520284795
1760 15.646960473463212
1761 15.921339181425719
1762 12.571917172844374
1763 12.359145745938967
1764 14.088678885823429
1765 13.33355615409414
1766 13.675617884206096
1767 13.636669267652847
1768 13.735753348141568
1769 12.344126294084973
1770 10.548349901504094
1771 10.427593535409882
1772 9.417801605736214
1773 10.045708428219832
1774 11.408307551875009
1775 11.700217984642673
1776 11.100890074641665
1777 10.178156094191612
1778 11.97878490991975
1779 12.866280770985448
1780 12.767763135722971
1781 10.961874811109114
1782 12.701392800203578
1783 13.302092542630952
1784 14.088247546236724
1785 13.181384089131159
1786 12.734586105901055
1787 13.061786682571139
1788 14.32779311932641
1789 15.779931326503597
1790 15.251301507161928
1791 14.599728998887016
1792 16.610648769272217
1793 16.4744447709623
1794 15.692037457845322
1795 15.439873954577372
1796 15.939818892654566
1797 14.121975313726459
1798 13.474868918841741
1799 14.823992309806885
1800 15.229003832394438
1801 17.22417409986191
1802 16.826859295938892
1803 12.87092623444697
1804 14.010048508706866
1805 17.417566461526498
1806 19.514150261643795
1807 22.179675884718954
1808 21.80967924393883
1809 18.605340850588142
1810 17.12291253244491
1811 19.7179489352789
1812 17.65595734785002
1813 17.02148041639792
1814 15.575706002100457
1815 16.11307628042089
1816 14.389185697939666
1817 13.625206418551157
1818 14.167978321225828
1819 14.647199403616343
1820 15.482413499500446
1821 15.505646623637523
1822 15.103970395722047
1823 16.066568231959575
1824 15.917782060927195
1825 15.40131196049646
1826 14.784934643114305
1827 15.414246013414813
1828 15.415087446620017
1829 15.750279413565728
1830 14.342979592559825
1831 15.92690803267353
1832 14.21343425917738
1833 13.433159648773191
1834 13.367159890824496
1835 13.950906943757063
1836 10.951399038465794
1837 13.554078653698543
1838 10.70536482680186
1839 11.431139914340406
1840 9.548828636034532
1841 10.500003798712338
1842 8.76895209651598
1843 8.653975250387756
1844 9.581831774704824
1845 10.12494780305889
1846 9.732339316774295
1847 10.827534471212385
1848 10.362157786500442
1849 10.60916951747741
1850 10.259714289177007
1851 11.382317282765221
1852 10.12901612877082
1853 11.900908240016289
1854 8.871658047062102
1855 8.57812800066398
1856 9.030003607364675
1857 10.442203570965345
1858 10.11033418912509
1859 9.066337391690922
1860 11.340064692371893
1861 13.842162788504563
1862 16.135671397246057
1863 18.201672124410067
1864 16.021594987065786
1865 15.75446256306369
1866 16.66573038107199
1867 14.618211364401185
1868 13.209069195341383
1869 10.980871196714284
1870 9.213714037630435
1871 10.208090385726248
1872 9.324679724217651
1873 13.448080344669245
1874 12.955746069052829
1875 12.43567221818531
1876 11.644720809430293
1877 12.46592697155312
1878 10.360009009906971
1879 10.726263259012168
1880 10.350364438047478
1881 10.25210716464343
1882 11.551293839025023
1883 10.746639167083107
1884 9.305775001720333
1885 10.624038496965257
1886 10.42470548642864
1887 11.620033159196314
1888 9.73382146503756
1889 9.01460882573575
1890 11.605618678429133
1891 10.933737161327839
1892 12.388487191074775
1893 10.550692988483517
1894 11.9442900677343
1895 13.335932034341122
1896 14.022709971989569
1897 12.585662648122065
1898 13.10320495094975
1899 12.753272578655592
1900 10.536928812315352
1901 12.74085406712025
1902 11.571110872370888
1903 14.731521247578605
1904 12.573507019480624
1905 11.16318202332218
1906 10.58819111563668
1907 12.323312577621255
1908 9.14146127484663
1909 8.786311955547298
1910 10.241190847728948
1911 11.765898671001937
1912 14.437578309004623
1913 11.994960198861062
1914 14.008322218720146
1915 12.372564012876374
1916 11.178468370702033
1917 13.569976193121379
1918 12.19650673642912
1919 10.962339702418584
1920 13.56276500401623
1921 13.389262176082967
1922 11.639673200660651
1923 12.364521187329423
1924 14.379319374840701
1925 15.948169466216704
1926 14.553288213990243
1927 12.927595189118252
1928 16.353028866725044
1929 14.466383087305731
1930 11.95936487750823
1931 15.132184735262497
1932 13.00401834117437
1933 16.33953129455044
1934 16.540221064242765
1935 15.215440774953695
1936 15.524804869774117
1937 14.544708609132517
1938 12.626177027824085
1939 13.343070783838481
1940 13.948769479060175
1941 12.818834381555625
1942 12.843807703316422
1943 13.159357479377105
1944 14.262061889554843
1945 13.089621599293734
1946 16.07374413086607
1947 13.640792958991753
1948 13.367412447771907
1949 13.865333955899509
1950 14.845337658721341
1951 14.037465480040073
1952 13.052518312521757
1953 12.757373866753698
1954 14.642886814182079
1955 14.52428541516916
1956 15.843569331152574
1957 14.992876518678688
1958 12.302584704252732
1959 12.447349748720296
1960 14.487394251546974
1961 14.477508106049832
1962 12.140410066119236
1963 11.86695734172592
1964 11.052108556015103
1965 12.607247204449187
1966 7.876242079670615
1967 11.058524930109833
1968 10.306997488109324
1969 12.56045243948941
1970 12.776964781645127
1971 12.120967922150564
1972 10.880697220454948
1973 14.129375169877914
1974 15.367745145001239
1975 15.939645541665794
1976 15.705372076090168
1977 17.635585704885834
1978 19.497780623379015
1979 17.805741204354344
1980 17.386889800434947
1981 17.392043799346112
1982 17.20948052118297
1983 19.450306784361075
1984 21.400836891067502
1985 20.70351728748347
1986 19.712434127594477
1987 21.041633157622705
1988 26.619786066448565
1989 22.10547877627129
1990 20.577499910275698
1991 20.475992900395934
1992 21.28374440256258
1993 21.263030984304258
1994 22.90499544774585
1995 23.07991732888576
1996 25.29767796719021
1997 25.170808936463157
1998 21.487920710610517
1999 20.991843818568388
2000 23.432364326198215
2001 20.809780437259207
2002 24.431797629140835
2003 25.489146202163237
2004 23.42618529248408
2005 23.290255478885552
2006 22.19790590819379
2007 19.797271826395885
2008 19.441691957085755
2009 19.941706676625614
2010 16.58992823635317
2011 17.722200439435596
2012 15.164183840401368
2013 15.026877392970562
2014 14.140674981028424
2015 17.042652677818403
2016 17.04822084029954
2017 19.24770520427371
2018 18.661023682444153
2019 16.434284327345793
2020 11.798223158169623
2021 10.828503818455815
2022 15.750794955389042
2023 14.716125836561101
2024 17.592355552430547
2025 16.877707602700163
2026 18.905245632705586
2027 19.345347341190042
2028 20.224469986995732
2029 17.387355828132943
2030 17.904714591301868
2031 15.644452626208462
2032 17.099885784996598
2033 18.07285731749904
2034 20.257561811202997
2035 18.150526243878662
2036 18.35476136379024
2037 21.40666834687594
2038 20.882981484599664
2039 18.810332750851593
2040 17.265375597042365
2041 18.447979499157267
2042 19.89482869970324
2043 21.50462626973662
2044 22.827613569560757
2045 22.552826620431006
2046 21.070586415421403
2047 23.181714087923407
2048 24.289746665781802
2049 20.8252913383283
2050 18.818776174922707
2051 19.767689685967383
2052 21.373921062022283
2053 18.730612751174572
2054 20.249388250385273
2055 19.75933335936516
2056 20.403633322494603
2057 20.064353149544594
2058 19.825718191832827
2059 18.64013713647121
2060 18.50763946163309
2061 19.471013747648747
2062 18.833160690047997
2063 18.276938611033867
2064 17.722196404194122
2065 19.75910049630601
2066 16.51272891139152
2067 18.99248258364354
2068 17.074692555558144
2069 16.800623336855992
2070 17.264079709204047
2071 17.583622850820465
2072 16.843760238412994
2073 17.304221640351553
2074 18.59527927419811
2075 19.741428660414137
2076 18.249534302171238
2077 17.76519131747254
2078 18.84799660468327
2079 19.43633045107247
2080 19.65198198513924
2081 20.42566945347857
2082 20.173715850312462
2083 20.6243543373732
2084 19.847290723924765
2085 19.010124307762705
2086 19.23604069107115
2087 19.628471488268666
2088 17.975414060788403
2089 19.529029918745955
2090 19.57346420963495
2091 19.632241617436023
2092 21.937942348446327
2093 19.530592701909836
2094 19.234315983963445
2095 19.181393864635105
2096 18.57388017025368
2097 19.02301069970576
2098 17.71161396161827
2099 17.795909026237627
2100 18.642734953181073
2101 18.118796353648797
2102 17.404815446489767
2103 18.487615949019933
2104 16.87011952582542
2105 17.699473014275796
2106 17.160661987661662
2107 17.7417886677374
2108 16.015028489464623
2109 14.90545786013979
2110 18.3454374470085
2111 18.904416101576665
2112 18.91615587809412
2113 17.959746301980438
2114 18.280264683900356
2115 17.787395772922444
2116 18.059149293942202
2117 16.80017617569265
2118 16.15602513094532
2119 16.860564135869353
2120 17.559361334550932
2121 17.638432991511394
2122 17.355287864980152
2123 17.82905999872923
2124 17.36204489859985
2125 17.206456771679363
2126 15.048174332105573
2127 15.847414941663759
2128 16.13351000800277
2129 18.03681769416273
2130 19.109450076192946
2131 18.139299236210825
2132 15.216523719832967
2133 16.40121633867038
2134 14.680167167608074
2135 19.72499772738977
2136 14.05778715928644
2137 12.636602351910637
2138 13.553239010436602
2139 11.28748216717998
2140 13.59442640222024
2141 12.927573795206225
2142 15.708818992258914
2143 17.004703561993225
2144 19.097968377200804
2145 17.48337875691116
2146 19.254722124076665
2147 20.753334809740466
2148 19.519138820521988
2149 22.81678999400462
2150 21.607825605029824
2151 22.897723478947004
2152 18.98952222579713
2153 16.674083899640852
2154 12.42523053145468
2155 13.747792658630086
2156 13.953956089210305
2157 15.52576970323781
2158 15.096290957430963
2159 14.233036653474851
2160 16.701979477755167
2161 15.933244899195238
2162 15.723587973850846
2163 16.397654186981775
2164 17.20343412706454
2165 16.463454901577723
2166 14.814287807564
2167 15.266343299398573
2168 18.901080171998725
2169 16.43493317686092
2170 15.529449363917227
2171 16.157829190422653
2172 15.599654154246016
2173 18.092612352412154
2174 16.826275987418565
2175 14.430835511467091
2176 15.539227856635444
2177 19.15990824118134
2178 18.78239505685569
2179 17.29883360195567
2180 16.65484243657336
2181 18.03298010852052
2182 14.602665441962856
2183 14.07603380532395
2184 16.38311374129732
2185 17.15542584711267
2186 16.162567499928812
2187 16.655182800939983
2188 18.477205364081627
2189 15.7614774169318
2190 16.51243661091961
2191 17.780492909813642
2192 12.171759292339845
2193 12.111191475659565
2194 14.084089262760996
2195 13.836469902259578
2196 13.285978944636891
2197 16.897263306553604
2198 19.978268792315824
2199 16.930724134828257
2200 20.665455342945926
2201 23.117460101774057
2202 23.182763897255676
2203 22.99915429532902
2204 22.831002038463314
2205 23.03194742950872
2206 22.108200516163247
2207 19.03120382681962
2208 21.499211458731068
2209 20.0611848845218
2210 19.395510932111602
2211 17.069053467411038
2212 17.621540366140273
2213 14.881922472059044
2214 11.159064869277676
2215 10.229629781071926
2216 11.426494379056633
2217 12.476357863171097
2218 14.225141026663895
2219 12.904057184993459
2220 15.760554473052212
2221 14.777439518591999
2222 12.89956603475172
2223 11.095294338486596
2224 13.64815538422345
2225 14.189708412084023
2226 13.259705420287132
2227 16.047914340544036
2228 13.137025506217958
2229 14.215547135087483
2230 14.081435250044358
2231 14.355226185026167
2232 14.665189802923738
2233 13.969477195051168
2234 12.695055630455656
2235 16.072257036280938
2236 14.637945125600828
2237 17.812018693900534
2238 17.533584174611594
2239 17.512523741223482
2240 16.444892039887673
2241 15.815601133345197
2242 16.003855255384597
2243 18.207398501596884
2244 15.022134053471689
2245 19.254455966440677
2246 19.773593438013197
2247 20.943045214338834
2248 20.626933978559503
2249 17.943992890896855
2250 21.46200763032347
2251 21.769594197379146
2252 21.55619630768449
2253 20.72660368623503
2254 20.05910809322725
2255 19.030744176561996
2256 14.757724033098787
2257 21.771427475367652
2258 18.02384350871598
2259 20.651853928740387
2260 21.206713472132066
2261 21.565707993009603
2262 17.77382628627069
2263 19.905910070255743
2264 19.59158273360513
2265 18.160284612754797
2266 20.282518179487337
2267 20.639384372611747
2268 20.766604715753648
2269 16.74945660466668
2270 16.40080159103379
2271 17.01821737015813
2272 19.06283665574367
2273 17.208592633121434
2274 15.383869992855542
2275 17.127311355695852
2276 15.171592102997186
2277 17.235041846394353
2278 14.435186146936745
2279 16.02088990386585
2280 15.227316550925096
2281 14.756789596446957
2282 15.440846325804372
2283 14.586485621736427
2284 15.774992003330555
2285 14.66708732559028
2286 15.010354253057287
2287 13.512102596911403
2288 17.349813773263953
2289 15.260863723310674
2290 16.15013831811041
2291 15.06589182394529
2292 14.652903555959943
2293 15.199566670115237
2294 16.809839700891853
2295 15.56134556226016
2296 17.025282463520615
2297 15.15802486134699
2298 19.819686331630198
2299 21.6971022510797
2300 13.5572819034148
2301 13.560152231336346
2302 14.414365987238718
2303 13.766509438037964
2304 13.625767698058352
2305 12.51050498290983
2306 17.246001206758383
2307 15.231558180794952
2308 14.024608618623878
2309 15.264881996977051
2310 17.39946418437237
2311 16.216610638726277
2312 16.85941699810923
2313 16.094285331380018
2314 16.755597144050274
2315 17.955132714947425
2316 18.715713094160485
2317 13.969358289395915
2318 16.611438889715167
2319 15.725237480566378
2320 12.201476961634128
2321 13.88427459635606
2322 14.453425419180554
2323 15.507006064223003
2324 13.886729203034895
2325 18.794130119701094
2326 13.64044473846129
2327 12.47650834561266
2328 13.274151239364718
2329 10.17803719550446
2330 11.406770273886591
2331 16.692903520141176
2332 11.685734005272638
2333 12.269455090450618
2334 12.152487331275854
2335 11.604567845563771
2336 10.205034206246824
2337 9.96116715728036
2338 11.153805367915265
2339 11.11344221105186
2340 12.888131551464504
2341 13.564930181161634
2342 11.573742351191234
2343 14.575031363243665
2344 15.345784596126787
2345 13.36281955239295
2346 14.96452299500507
2347 13.235814903660653
2348 13.980521657378269
2349 11.60389793715496
2350 12.030291501622612
2351 11.497576760710938
2352 12.388652695135121
2353 12.960301518883114
2354 12.956836866854161
2355 13.999575094478425
2356 15.284583581726006
2357 16.708994441935815
2358 13.620815535005114
2359 17.226515818035118
2360 15.047067814287633
2361 17.295517821291984
2362 17.588914099350713
2363 16.84707775242935
2364 16.740999829640753
2365 19.18995164492419
2366 20.468295640161898
2367 17.897464176872464
2368 19.823965660639814
2369 18.34093658510279
2370 21.26012891039624
2371 18.725354027451292
2372 17.91858323355193
2373 17.457026767033927
2374 17.201170587143366
2375 19.256648996055095
2376 16.35408101993374
2377 14.724564000981223
2378 18.720801305005057
2379 18.28322706006165
2380 17.058038041066645
2381 18.151446341484355
2382 19.786492569398987
2383 16.76990616919471
2384 15.571354808628202
2385 12.661999756947697
2386 15.278149722652358
2387 13.048889640488387
2388 10.695712790974056
2389 12.093200730169213
2390 15.019487676100747
2391 14.131636023495465
2392 14.788460923512698
2393 14.745286418504339
2394 13.72964430568546
2395 14.335396080652888
2396 14.492596849217216
2397 12.137517529214332
2398 14.590734349074491
2399 13.78022823782053
2400 16.985225087254477
2401 14.466845002433669
2402 16.031897771944116
2403 13.283528112869808
2404 13.228310320644331
2405 11.964622200067435
2406 12.36552592651299
2407 12.217390118120676
2408 15.777050782980028
2409 14.222956545941042
2410 13.474645355484988
2411 14.618027755638215
2412 12.770930131278536
2413 15.19719654612382
2414 13.474362777450821
2415 12.023215459111421
2416 10.717159945359175
2417 14.422545664996507
2418 15.606177224902906
2419 15.476462317480346
2420 13.621092436864485
2421 14.973439511824639
2422 16.58241940855341
2423 13.049087046060826
2424 13.378268651494766
2425 12.864391885225984
2426 13.69601270894518
2427 12.177331385931748
2428 14.53966729498675
2429 12.627742001171196
2430 13.31035412473602
2431 14.62390819722274
2432 15.29438377543199
2433 13.584541051232577
2434 15.20387252195459
2435 14.074473707319706
2436 16.970095967353327
2437 16.98424716542836
2438 17.366648629462397
2439 17.307083397380488
2440 16.159894417052357
2441 15.737459478519893
2442 17.92129768603826
2443 16.070633119695618
2444 15.120421659151818
2445 13.682713651157961
2446 11.795555500374048
2447 13.803143384876819
2448 12.883884432384278
2449 15.242247799888835
2450 16.178287289274564
2451 16.80422182624052
2452 18.086002564005845
2453 17.876311960158485
2454 19.61264090177896
2455 22.821772266878323
2456 19.647461411827827
2457 18.959703305655616
2458 19.69266162038432
2459 19.535120540626234
2460 17.421169020697334
2461 16.361069372899287
2462 21.76439419668317
2463 21.309364530559414
2464 20.58915933057532
2465 19.821492560476997
2466 21.102205435746342
2467 22.819142545660856
2468 27.21250578956677
2469 23.665815538563525
2470 23.189196487068028
2471 21.50407693740874
2472 21.368903995698894
2473 20.619423685983715
2474 23.40713093667493
2475 20.235703123643095
2476 20.316862934911963
2477 23.735066332084934
2478 23.582578325193627
2479 22.375624879569923
2480 23.048172386550853
2481 20.94567813295651
2482 22.54004945900439
2483 18.94918845339008
2484 19.533075805602625
2485 19.43390349643571
2486 22.00306569673764
2487 18.289085696537306
2488 19.136911959533823
2489 18.404441853060533
2490 21.703628682455026
2491 22.79574585186662
2492 22.98948145171834
2493 22.12500318382991
2494 17.557138278978016
2495 19.231980174410985
2496 20.242989915664833
2497 18.288843773057312
2498 19.003170315915796
2499 16.738016959334537
2500 19.399757262218174
2501 16.32501490463052
2502 15.301134993698962
2503 16.270717276700363
2504 13.526989277139904
2505 16.35017413060154
2506 15.212873927167424
2507 18.53443556464226
2508 18.547719192659876
2509 21.6652663389957
2510 23.058511156586654
2511 20.963520154557557
2512 23.98771355352497
2513 24.830606248933634
2514 23.576907223398624
2515 21.35655106599788
2516 22.895984128557107
2517 20.007361738077844
2518 18.668643497415893
2519 16.947806330692455
2520 19.426830977821737
2521 19.45777704698098
2522 20.121253208775503
2523 19.642408722127588
2524 18.89014075482077
2525 20.03553600290369
2526 20.192215526716
2527 22.685910737168697
2528 22.243652098848244
2529 23.431235512278402
2530 23.42943320070339
2531 21.393698200259227
2532 20.195994562574644
2533 18.48254428622765
2534 17.799708698161247
2535 17.42851892408852
2536 18.3438755696216
2537 18.01737931276231
2538 20.57784194664101
2539 19.607601379810628
2540 18.93317315785257
2541 21.31076148517777
2542 23.192555893188988
2543 20.78822337256592
2544 20.76165973901044
2545 21.422714530199517
2546 23.666856587031642
2547 20.92536910091286
2548 18.638817042769663
2549 18.05247452919438
2550 17.050665829633882
2551 20.16115817542824
2552 18.920184258901518
2553 23.167371774049208
2554 24.1238938259035
2555 22.184291077921742
2556 23.25728879758887
2557 23.780979453627058
2558 23.023224665256883
2559 25.38566832430097
2560 23.525869510356053
2561 24.437018158753105
2562 22.00727811393701
2563 20.248828378349693
2564 18.909752423519517
2565 20.050730362377053
2566 18.203208789543382
2567 16.75206151400544
2568 15.03814605568357
2569 17.919282032435834
2570 17.094236657730338
2571 18.263481615699227
2572 18.472665038773048
2573 17.708492225983846
2574 17.748459239703454
2575 17.729728796660694
2576 15.8106005285012
2577 16.27133499492576
2578 14.470984304573387
2579 16.962067256572187
2580 15.201027406303592
2581 15.126379210990773
2582 15.323575623971996
2583 15.918778266610063
2584 14.543258593590522
2585 18.204400046882714
2586 16.76741639227737
2587 16.035527454405077
2588 17.808408796286056
2589 16.577659090766257
2590 15.177159537437896
2591 15.878183480725728
2592 18.410534940260515
2593 19.180292365319946
2594 17.39639278335209
2595 16.41489071593946
2596 18.386658527759067
2597 16.154805657871147
2598 19.091050360245365
2599 18.290138615355435
2600 17.93762692307625
2601 14.62862846031741
2602 16.073469651629946
2603 16.33047726673739
2604 17.76875394017484
2605 16.035638161247114
2606 15.274991205641022
2607 16.70090613377439
2608 16.019895277218648
2609 16.331677821364877
2610 14.94601203134174
2611 14.263760890902724
2612 15.473121895804843
2613 14.52455782749638
2614 13.830298380912433
2615 15.54051397065647
2616 14.043327752605038
2617 13.380455162282132
2618 14.636435591574308
2619 14.943187630022404
2620 12.950974148319839
2621 11.917259986916887
2622 10.558807237340451
2623 9.468616309102206
2624 8.442770512269075
2625 7.916153735422801
2626 7.740404095417548
2627 7.5429861678901045
2628 7.295653848819913
2629 7.765870163623448
2630 8.78794029189982
2631 9.79241771672542
2632 9.86118112001501
2633 11.055176108905739
2634 10.225877800533318
2635 9.6757953344115
2636 13.900687753034628
2637 12.143648938180712
2638 12.945294210275302
2639 14.719002334954876
2640 13.568572431011589
2641 13.613939729416071
2642 13.916356818412565
2643 15.322710718522272
2644 12.82280019520712
2645 10.048090627247376
2646 11.006953319083767
2647 10.991115366440999
2648 12.614030991214518
2649 12.329740536722015
2650 11.28966941518938
2651 13.111167083053216
2652 14.510351366328408
2653 12.22797042650128
2654 12.32392235479705
2655 10.596791559309986
2656 13.410138931751197
2657 13.843925498415166
2658 11.118263688144228
2659 9.918558418373417
2660 13.288848848343925
2661 13.78625176647568
2662 16.602315781624128
2663 15.56842159760267
2664 17.494019125334244
2665 15.045171735601905
2666 18.0320476758429
2667 18.887023770808597
2668 20.49774915175189
2669 18.871563989534287
2670 15.63713092830477
2671 14.701747490124037
2672 17.477636275585194
2673 17.641071937412825
2674 14.611095297383391
2675 15.903744955717464
2676 15.752409739294512
2677 18.086314010913913
2678 16.917032417612834
2679 16.8296207175373
2680 16.935105439933686
2681 19.28442997441035
2682 15.35281408225052
2683 14.974856095122018
2684 15.412769035968637
2685 12.944824855263558
2686 15.702573258246508
2687 12.965318069764127
2688 13.471567254936293
2689 13.015425815016448
2690 11.311658164521923
2691 10.415117767299726
2692 9.66101250423087
2693 13.439935051221843
2694 12.971145957140724
2695 11.200654628697833
2696 12.109978820893614
2697 9.097381793809998
2698 10.544079532887013
2699 11.279284068988986
2700 16.488507671946248
2701 14.413385226193073
2702 14.991345677253452
2703 13.62203206200196
2704 14.810104583640719
2705 12.753090884399498
2706 12.16280758695524
2707 9.837662700389902
2708 9.963933975159835
2709 12.133738140679586
2710 9.900163687694246
2711 12.038282633002618
2712 9.840397092055628
2713 12.113549789808676
2714 12.216125724721234
2715 13.231243652227956
2716 14.258273569175685
2717 15.504112984418665
2718 15.865897757218812
2719 19.059178061762616
2720 20.375299064533134
2721 17.907284224471002
2722 17.48591609825033
2723 16.27066029330468
2724 19.43216875366276
2725 18.512608081286736
2726 18.534717463280828
2727 17.669423719772603
2728 16.396579469465518
2729 14.162940792813002
2730 12.885796140056957
2731 10.792817430880486
2732 10.938087735196076
2733 11.05116527023085
2734 11.009966207069242
2735 11.278009464819855
2736 12.237210793811258
2737 9.686279983826957
2738 13.69944092160128
2739 12.893927491500554
2740 14.229252649715447
2741 14.832133258842745
2742 14.796372040935195
2743 13.059616612925907
2744 13.917606261727643
2745 11.66119397156947
2746 12.846266733730811
2747 13.923528286920623
2748 11.617008426620846
2749 10.263763179158
2750 9.971513429522897
2751 9.187460954864315
2752 9.08139217392228
2753 11.844912911997636
2754 11.79146765519924
2755 12.50577406826311
2756 13.741198122518696
2757 13.961755827416031
2758 13.809586910672296
2759 12.900907118732416
2760 12.625760068589315
2761 12.02832575220051
2762 11.536489103495281
2763 9.119894733832075
2764 11.323329529838194
2765 9.740392250925773
2766 9.754788985011418
2767 9.080762580753746
2768 8.998793614051616
2769 7.948528668228493
2770 8.15495149992485
2771 8.108765986172104
2772 8.719048168836094
2773 8.192130203552486
2774 7.852689149778984
2775 8.327289166585404
2776 7.841077062426706
2777 8.473234965398598
2778 7.9040481779976455
2779 6.528154530792852
2780 5.597095431340783
2781 5.952016123555899
2782 6.828262001853744
2783 7.361068049976899
2784 5.545144270869518
2785 6.906171466919413
2786 5.267996438368421
2787 5.861044167721309
2788 8.300738637208251
2789 8.362630003873235
2790 9.693012582421872
2791 9.791728361037306
2792 12.851645098521965
2793 11.208574840600978
2794 12.060814881638505
2795 11.791254736066586
2796 11.246111616840386
2797 9.435222807714208
2798 8.93182614612099
2799 11.586139568448644
2800 10.298513559732374
2801 10.426147643960206
2802 9.220170953620315
2803 9.291815666677985
2804 9.209468153552672
2805 9.011754324746928
2806 8.458617561784006
2807 7.450343006001781
2808 9.06409037449786
2809 10.747229771439715
2810 9.787934874324506
2811 8.395380037671359
2812 7.673060220531058
2813 6.992873822705639
2814 9.172796243962305
2815 9.990250725490395
2816 9.93286422004203
2817 10.178312314031047
2818 7.7996815392496215
2819 8.369669106529772
2820 11.545349898763883
2821 9.39420649906874
2822 7.8038350717819025
2823 8.068978596734366
2824 8.858788317978597
2825 8.229538573706217
2826 7.892146377168347
2827 9.5750828544706
2828 11.065574580193028
2829 11.683596372977725
2830 9.366953257770684
2831 8.49440464549901
2832 8.537819138915834
2833 9.625060390530882
2834 9.963049779108289
2835 11.399998166738365
2836 10.883472022851898
2837 12.546504706178174
2838 12.98757330660472
2839 11.505879675948727
2840 11.501536534566766
2841 12.08595917575675
2842 12.989889419590307
2843 13.191486715497735
2844 12.424491353671621
2845 9.970981228066373
2846 10.086002658068804
2847 7.928327318305243
2848 9.746251812036101
2849 9.928359048566367
2850 9.607740270475993
2851 12.740694357067166
2852 15.559885023033214
2853 14.712026168726657
2854 16.883708519722536
2855 12.816379724384172
2856 14.753900910475945
2857 14.232537181600046
2858 11.937484852153052
2859 11.268460331482697
2860 9.866828178460038
2861 12.389562803226882
2862 12.812728334121275
2863 11.553197773884992
2864 12.055373083838775
2865 10.880959271749534
2866 10.220438307532284
2867 13.258937994317002
2868 12.537579266654697
2869 13.258440392149739
2870 12.975117581520369
2871 12.302230980236054
2872 14.592531512804223
2873 15.636214492908323
2874 15.960514696663903
2875 15.871768377246484
2876 13.957677986478494
2877 13.696122270988411
2878 13.428594791183619
2879 11.967614614736503
2880 11.473790655235783
2881 12.853829292871081
2882 11.83537371633751
2883 12.930284929082237
2884 12.97275574513839
2885 11.114073867422515
2886 11.442956512930268
2887 11.627523271943945
2888 10.633142467816677
2889 12.523740176622956
2890 11.398280431793287
2891 12.62418127977724
2892 11.502652262543178
2893 11.287759263149024
2894 11.325319328340523
2895 10.673822625090416
2896 12.593991277082813
2897 13.836116086929476
2898 10.14993763796814
2899 8.063183641987841
2900 11.3498646877498
2901 10.525304939407372
2902 13.346094605088231
2903 11.632386411881031
2904 14.532884182200707
2905 13.271784566141825
2906 15.225233358064346
2907 15.762805699049654
2908 16.668528961291127
2909 15.716853067526541
2910 16.744738547973757
2911 14.676471687001191
2912 14.158023654603934
2913 14.480612013408399
2914 12.751412925791636
2915 13.33070270457796
2916 15.372074142019379
2917 13.81273795673838
2918 12.847012002485261
2919 14.639663991876658
2920 12.80231119426218
2921 13.493230510202206
2922 12.669550205668164
2923 12.751602484554361
2924 15.201135546184068
2925 13.114046811696044
2926 16.631679025054595
2927 16.15587443510859
2928 13.847888123941429
2929 13.229878291279563
2930 17.69759975706594
2931 17.386785090479158
2932 17.103605700872
2933 18.36374278920069
2934 18.767468767162203
2935 17.514922918164824
2936 16.732067951420554
2937 19.50732038122711
2938 21.237163264614825
2939 21.246046246313483
2940 18.966048708262097
2941 21.868627749887153
2942 19.794216300405612
2943 19.984580238029107
2944 20.54250195398818
2945 18.699380588170143
2946 16.375047046204145
2947 18.389790236091457
2948 16.164667588983875
2949 16.460319020180105
2950 17.688044126304323
2951 16.961949202615454
2952 14.421448199481114
2953 14.349583627332068
2954 14.897106502515598
2955 15.192159608840953
2956 17.214228586447287
2957 18.60300111673818
2958 16.821275009295086
2959 16.30092090893349
2960 18.641573184840976
2961 19.037413276901404
2962 20.181251222293437
2963 16.861997575361105
2964 18.814929066570123
2965 19.909389870310516
2966 20.824665073007957
2967 19.874585271077965
2968 20.80225552844834
2969 22.674295198669498
2970 21.810030767322452
2971 18.35816052416304
2972 22.63724158706561
2973 21.487186689596086
2974 18.904469528283904
2975 20.44520829018177
2976 18.934748907249197
2977 18.368571898095862
2978 17.34272144534498
2979 17.129213133476483
2980 17.12264063782826
2981 17.629921749849053
2982 20.949430784666745
2983 18.551636186197484
2984 21.776164737213833
2985 19.003115959208447
2986 18.72899321066685
2987 20.221772979902273
2988 18.230080929324885
2989 14.141247554711057
2990 14.403186728089704
2991 15.547828580701298
2992 18.511473313799534
2993 18.291576794983
2994 17.68678838055093
2995 16.930712483484605
2996 16.823368820589238
2997 17.57456108289759
2998 19.058634544369653
2999 20.586694859246414
3000 19.371601457304894
3001 15.28757970701907
3002 13.291791477746031
3003 13.14330444985928
3004 14.821102810087115
3005 15.652141487125329
3006 15.012429252312192
3007 14.978867596250089
3008 20.649092933001178
3009 22.28137920767898
3010 19.453106701331038
3011 15.954923881371787
3012 19.118799409004165
3013 21.04678978362246
3014 22.88625588670053
3015 16.89503825214711
3016 19.995074656130374
3017 21.154541245358327
3018 20.825918956692547
3019 21.675708505423323
3020 19.02618875197854
3021 18.02307264561564
3022 22.23899184960996
3023 22.900999857036616
3024 23.640430213578412
3025 28.612819644742984
3026 29.20056509568736
3027 27.537573522359235
3028 27.864185110816305
3029 27.05307910253976
3030 21.796206565625827
3031 25.932456291367494
3032 23.64398860356709
3033 22.357412590362717
3034 21.546978014848428
3035 21.427361232053382
3036 23.11650557374377
3037 23.788496343581404
3038 23.207679628145364
3039 23.986196397911055
3040 22.90742208156064
3041 23.330712590918044
3042 23.980371056774825
3043 25.04197473167644
3044 25.555755834177994
3045 24.957800553447154
3046 24.691350264806438
3047 23.24295145527825
3048 22.378002848896795
3049 24.74902591954072
3050 27.137865333407994
3051 26.87334151995932
3052 29.701031394184728
3053 27.889854200440933
3054 26.46287743248807
3055 24.01822309898862
3056 25.698280873077906
3057 23.12167345504813
3058 22.363333213573473
3059 22.082834060996607
3060 22.841863636341127
3061 22.751791680180002
3062 22.237743878817916
3063 22.618152718572095
3064 22.167668278389232
3065 25.5977200797027
3066 20.34581325597864
3067 22.620390135005167
3068 20.197981873347626
3069 22.37308897100484
3070 19.803430242548217
3071 21.190273724132204
3072 21.855450879125954
3073 23.05299564476074
3074 26.31863934985598
3075 24.472697515741388
3076 22.775114560825095
3077 22.978404868651257
3078 22.041239016093645
3079 21.93501670264935
3080 22.538792706155046
3081 22.80175932377343
3082 20.16258932545808
3083 20.907895689958032
3084 21.419258836595173
3085 21.362827552926507
3086 19.999360993821703
3087 20.958311881816158
3088 23.59738830598309
3089 23.22313293245092
3090 21.242861127303748
3091 22.300055918399185
3092 22.571580649057047
3093 22.604851985955445
3094 24.4343603956466
3095 26.289670569387415
3096 26.950518342197746
3097 25.544053284655917
3098 18.08636097725872
3099 22.73351668375653
3100 19.830721746711518
3101 23.62747853713439
3102 21.668881163679405
3103 22.1487903743125
3104 26.10992343074769
3105 27.156271402163718
3106 27.364840822181346
3107 24.95063807464943
3108 25.844603356293028
3109 28.136157697145137
3110 25.05146286027737
3111 23.49891293125796
3112 25.293720079333667
3113 24.179393529236386
3114 22.615227733261026
3115 22.274046117154782
3116 24.079183885616455
3117 20.12812351521936
3118 20.870112077516005
3119 16.96605923342195
3120 19.33248089976904
3121 18.152316117989706
3122 16.974222203455305
3123 17.165800759108883
3124 18.789864714878817
3125 19.089487011643545
3126 16.556554457616723
3127 17.570452592521292
3128 14.76969224127797
3129 15.415526816158923
3130 13.395677483583746
3131 14.332000349604579
3132 16.922300061659858
3133 18.287578234139474
3134 17.034396984557976
3135 19.61948715146504
3136 15.886254584384417
3137 17.164702213414543
3138 16.997813346434935
3139 15.877914297508374
3140 15.390588110877516
3141 16.675153320161833
3142 13.345706740499239
3143 14.772701374773858
3144 14.049423627768983
3145 11.234208691401045
3146 11.95460460052217
3147 12.269420677135873
3148 12.738367537228086
3149 11.563673374136453
3150 11.434874703372783
3151 13.400241211387852
3152 9.975220268552858
3153 10.105034923769638
3154 11.164655169007958
3155 11.500942769030912
3156 10.522197701113818
3157 10.827606336785927
3158 9.154458745502868
3159 10.465774375090557
3160 12.206894545860154
3161 15.898770873445672
3162 12.291871241009215
3163 11.81572639831702
3164 12.85082527236161
3165 9.599587191292814
3166 14.846207882446704
3167 12.793002876147952
3168 13.793628878730111
3169 15.989644296592159
3170 9.921373442047768
3171 13.640557071131594
3172 12.812952405790773
3173 11.514878959070428
3174 11.753004658116804
3175 11.928788816713675
3176 16.55211387360408
3177 17.346566761522375
3178 16.62612064222821
3179 22.97324334623214
3180 24.228084000086685
3181 21.018712212835926
3182 17.542169352303528
3183 20.380201604443872
3184 21.534689279358943
3185 18.170234106948236
3186 20.078188171335466
3187 21.07062440103761
3188 22.318261553972402
3189 19.036985294431876
3190 24.244393364068706
3191 21.34634253105654
3192 21.248967856296023
3193 17.912013515684023
3194 19.4506679930543
3195 17.45960415875693
3196 19.955464723243807
3197 19.6245755888158
3198 22.686143238637843
3199 21.247353222116466
3200 23.189293798277777
3201 21.051207885667303
3202 18.97176332916335
3203 21.682599751469983
3204 21.577561153027613
3205 22.665927986016833
3206 21.858143113437404
3207 21.10621472024062
3208 20.37717953573027
3209 19.934218841169113
3210 22.283850661525932
3211 19.52195128349844
3212 22.274213969706402
3213 21.001629820225
3214 19.793055092358127
3215 20.9695964501907
3216 22.81261773474165
3217 20.707248282132028
3218 19.66390494884096
3219 25.51715444922013
3220 23.903121255575034
3221 21.334873560300352
3222 19.31848307449576
3223 21.243471654881414
3224 18.509469533665744
3225 20.071785527336864
3226 21.76807946694457
3227 21.80519896383674
3228 22.930327643456575
3229 21.518710505981147
3230 22.188696385552493
3231 22.70340602418356
3232 22.763437365602393
3233 19.55928555102375
3234 18.866969479204563
3235 22.306882114221793
3236 22.519091779716025
3237 22.72441110235535
3238 24.577474729349767
3239 22.60246407280628
3240 23.653442004917654
3241 23.550450204230046
3242 22.792740901685505
3243 22.93367940703062
3244 21.636403418968097
3245 21.809209133119932
3246 20.351846929170733
3247 21.17628038454125
3248 22.530321905190437
3249 23.425504391122658
3250 23.255974075566325
3251 24.114098260526866
3252 22.017077386986426
3253 21.430476940010166
3254 19.851215189523952
3255 19.6351752320537
3256 22.00771417959663
3257 23.178595764179583
3258 24.795891177024785
3259 26.003318936246053
3260 25.622074339346955
3261 25.456673511349404
3262 22.77901338277869
3263 21.023147724801987
3264 22.03192451323694
3265 22.770285993885647
3266 24.535618796389926
3267 20.961976926773414
3268 23.408707799370347
3269 23.950852368889056
3270 23.56822209718654
3271 22.5833264688679
3272 23.20605075067471
3273 21.611674731252155
3274 21.9084860997652
3275 20.896051289007172
3276 21.873264467428804
3277 23.152227795643732
3278 25.159577168611
3279 22.96570486152321
3280 22.7609662734807
3281 21.84940185650101
3282 21.897623166565996
3283 20.70363351247719
3284 22.702990672927356
3285 26.422349860193428
3286 23.092464988908414
3287 26.00993799409938
3288 24.79034175832757
3289 26.600231602572993
3290 28.53592191264134
3291 26.045825222956566
3292 25.625516610051907
3293 25.70084412538697
3294 27.671555580333763
3295 27.84039670694691
3296 24.496157105732358
3297 24.890122680301133
3298 26.30369092261448
3299 23.37204666519261
3300 24.732180248245466
3301 25.52211987268059
3302 24.583524931405435
3303 24.263409851971
3304 22.22137088478298
3305 23.526389759878988
3306 24.597876195893186
3307 25.42544739384246
3308 26.61219235569233
3309 24.080497669958792
3310 27.810498919848936
3311 25.862294077479437
3312 26.838878123549055
3313 27.579364092760816
3314 28.59202116731975
3315 31.433142299210164
3316 28.758222246204696
3317 30.558338864502414
3318 27.316233553659973
3319 26.303272243795597
3320 27.33928670180195
3321 24.95760061542498
3322 24.45343860709078
3323 24.604869845380847
3324 23.64299471216269
3325 23.4149961579053
3326 22.82208199701723
3327 25.080670269554307
3328 23.113342877830295
3329 21.977412657275163
3330 23.559338951552345
3331 22.754137769007812
3332 23.527180687527252
3333 23.254220182954207
3334 23.062922221467534
3335 22.888161251265746
3336 22.141643147751186
3337 22.990304902965033
3338 23.27705957077456
3339 22.467972389827423
3340 24.119639030971065
3341 25.569435798111424
3342 25.08837227277105
3343 25.059160206965092
3344 24.59061010856678
3345 24.662432257073295
3346 25.507186098920478
3347 24.866694338044713
3348 26.531207128643395
3349 22.910885209257916
3350 24.508603684719194
3351 23.79166677087231
3352 21.768035988974837
3353 22.89594325285136
3354 22.558616435595095
3355 23.193816396419205
3356 21.976128514881648
3357 21.549767521572026
3358 21.042512646320887
3359 24.961413689157492
3360 24.285668244400537
3361 20.184334910099317
3362 19.892133991115497
3363 20.267555388634094
3364 20.4642164212408
3365 20.687668394021394
3366 22.31124748473282
3367 20.439096956929173
3368 21.695458363275446
3369 21.40166802239205
3370 22.072415126059926
3371 23.360616716907018
3372 22.98115767741317
3373 23.83895739880657
3374 23.93041567960058
3375 24.99188443843115
3376 25.199151789181336
3377 26.026589281321197
3378 25.37990642070562
3379 24.866750197667827
3380 22.75122743043007
3381 22.92719942887005
3382 26.105105127909553
3383 25.826819725128352
3384 28.916703786612835
3385 26.702355669667245
3386 28.517941864462394
3387 28.514044349817045
3388 28.21821688089834
3389 26.934735859408963
3390 25.17750122343417
3391 23.082050103717393
3392 26.57018555771337
3393 26.828619529877177
3394 26.14900705130725
3395 26.04409722412804
3396 25.660261460754267
3397 27.011186788083396
3398 25.37796719032968
3399 23.705621937122547
3400 24.059943525294646
3401 23.943867126290073
3402 23.06927908284956
3403 23.843146469188007
3404 23.569063026927335
3405 21.911086350032416
3406 21.788748034663236
3407 21.317102479554457
3408 21.98251924289979
3409 21.59203864066408
3410 20.774218315100885
3411 22.21557987532393
3412 23.295453673869215
3413 24.131142180658713
3414 20.549092809994328
3415 22.117909007863474
3416 22.236362858451393
3417 22.152183589934033
3418 21.40365084507138
3419 22.50310492234969
3420 21.64766024591554
3421 22.637954848089613
3422 23.703269306338523
3423 22.967378697838022
3424 22.25931105330019
3425 21.961276884496794
3426 24.14721183228191
3427 23.25739865543932
3428 24.76252430905027
3429 27.298918128798096
3430 28.10541984289357
3431 27.20658578259498
3432 27.929419488990195
3433 25.981027233851687
3434 27.911144635394006
3435 26.271589330510476
3436 26.84515995511878
3437 27.58374322116141
3438 28.016968063353204
3439 26.688040025309643
3440 26.72857513112525
3441 27.924171130607064
3442 27.681944187882074
3443 28.480545581404492
3444 26.867886555348427
3445 26.007044336330893
3446 26.78788068527181
3447 28.33099780263833
3448 28.080071123799907
3449 27.000358191141824
3450 28.396317187223232
3451 27.05662296506801
3452 26.11897596802593
3453 26.743122271598416
3454 26.652139878925517
3455 25.97887464498462
3456 25.7485897696981
3457 26.227275356561353
3458 27.233906846764633
3459 27.37563034003599
3460 27.234604086424895
3461 25.95402717891074
3462 25.603593077158433
3463 23.45247866787651
3464 22.920093154518668
3465 24.03368323258342
3466 25.503953315274202
3467 24.85103621019103
3468 24.5138121010402
3469 25.185615030443216
3470 22.644458358193525
3471 22.82322583593498
3472 22.963321980458574
3473 21.884417955533355
3474 23.45675698060014
3475 23.13547078138742
3476 22.305881673579925
3477 21.597663660357778
3478 22.37868201212714
3479 21.22402422714752
3480 22.456166603908947
3481 24.12762229482941
3482 24.215328123558454
3483 21.891071150543823
3484 21.74336354371294
3485 21.845360073861826
3486 19.713413405056915
3487 19.69717794864784
3488 19.42678657059472
3489 18.30573346333469
3490 19.09085202473632
3491 19.328634787480752
3492 20.767611903291332
3493 20.262255613687074
3494 19.832588030844832
3495 18.23725201771017
3496 19.937232129328734
3497 19.582662508059677
3498 16.315523213389515
3499 18.501824227538837
3500 18.5496677218812
3501 18.281919140817205
3502 16.96765019528482
3503 16.167699984462715
3504 16.040779705932945
3505 14.633939859344308
3506 15.261032753393138
3507 15.965218219359947
3508 17.588812964955906
3509 14.947846560831156
3510 16.721663132231228
3511 15.778369047640345
3512 18.293426436829243
3513 18.104075993324216
3514 19.28174236584845
3515 19.503549506993508
3516 19.221522272584455
3517 20.44222667338378
3518 18.96552318629103
3519 18.29026220727121
3520 17.440483075374374
3521 18.109042496965454
3522 15.6421931644723
3523 13.803895159888427
3524 16.254809350194794
3525 16.41024555829348
3526 18.804595412245085
3527 17.34917628709188
3528 16.26605996966296
3529 18.732410563043643
3530 16.391316832452805
3531 18.515085889931672
3532 18.398724680367252
3533 19.374722546921095
3534 16.804700618352676
3535 17.158101772787976
3536 16.74101055946226
3537 15.26306443758975
3538 16.487958340171787
3539 15.592109981061949
3540 16.53109723723038
3541 17.0007935559146
3542 17.18960514291991
3543 19.997470620315717
3544 17.30412168930839
3545 19.211266957432873
3546 19.495063887534354
3547 17.86405502335977
3548 19.366540625859948
3549 19.801470943878424
3550 17.459575431531213
3551 17.973669806529195
3552 19.061070516492162
3553 17.010622882689493
3554 19.725574793653237
3555 18.420369996489384
3556 15.774283257745537
3557 16.985317237189435
3558 15.535317066152404
3559 18.122669402205393
3560 17.310955116462093
3561 19.006650944363606
3562 18.123411945179388
3563 16.654881781117197
3564 18.50481257288373
3565 18.279081400157608
3566 21.335389423129698
3567 19.655522042008876
3568 22.53000866026012
3569 25.954206240413708
3570 25.07460012757244
3571 24.412873723933227
3572 24.314510002556826
3573 25.54321898796551
3574 23.18790174117141
3575 24.726003298130152
3576 23.946800337265863
3577 23.371685823123464
3578 20.902726012670506
3579 21.455128631176404
3580 19.711984489091925
3581 22.04768607020838
3582 19.84173040196587
3583 21.08340824660325
3584 21.829917095620246
3585 23.35126138950422
3586 21.903488731889055
3587 19.80023711900737
3588 19.17332605424607
3589 20.28119968439888
3590 19.42656823833565
3591 21.664557037227354
3592 19.723719761756264
3593 21.614307367795487
3594 22.0970575587742
3595 20.035753172085684
3596 20.031896205284816
3597 23.737697794737525
3598 23.030461937417282
3599 19.769121058004583
3600 21.419299104767248
3601 20.88379970411992
3602 19.98956361524445
3603 22.681845818010572
3604 21.283913557891857
3605 19.426672465832013
3606 18.712668723651298
3607 19.92170098331156
3608 18.058678664476776
3609 19.07676211540308
3610 20.154877224329645
3611 19.713206593937272
3612 20.530402162443462
3613 19.476719169845435
3614 17.114459448395575
3615 19.494736314055476
3616 17.557414696146132
3617 17.67552090830498
3618 18.732222817373284
3619 18.928955457336706
3620 21.678207403868875
3621 19.786906543387314
3622 22.0669406892705
3623 21.232273470689037
3624 21.042934887493328
3625 20.91434680704224
3626 21.33763054210875
3627 20.196346448312696
3628 22.289069355037114
3629 21.08827119024504
3630 22.512854443176117
3631 19.6485156946639
3632 18.82559425816292
3633 21.679626685726564
3634 23.837290022585176
3635 25.886350940324224
3636 22.75471258120752
3637 25.357463362393876
3638 28.31418928998516
3639 28.48580019340779
3640 30.927624133990747
3641 28.938976372029416
3642 30.009368585581814
3643 31.039273035938745
3644 27.06336559012632
3645 26.827688587277283
3646 27.306656557556497
3647 25.582914948260765
3648 29.445796235963808
3649 27.784394523171827
3650 27.945362171989654
3651 27.810792091170867
3652 29.163374103212192
3653 26.805697986557977
3654 29.650602208422242
3655 30.54045379821193
3656 30.090883958027874
3657 32.52863986117907
3658 32.105570071235675
3659 33.1159387038045
3660 32.228524999241394
3661 32.852725787594174
3662 31.444081968887367
3663 28.072766586100915
3664 30.134121096380063
3665 30.902736781330677
3666 30.80169612425386
3667 31.328750599711007
3668 28.600494219318296
3669 32.274147720632094
3670 29.352732244791486
3671 30.2092839751871
3672 28.28575543489143
3673 28.32255488471702
3674 28.617303455087285
3675 26.51510367784738
3676 25.398393949663262
3677 26.131063281272088
3678 26.7051561852057
3679 26.320983228899458
3680 27.404132563174144
3681 28.60434218724015
3682 25.561522076918912
3683 25.83822446651788
3684 28.643810243647984
3685 26.77091373792358
3686 26.99162311763104
3687 28.7891149096371
3688 29.301844386824442
3689 28.10233654351177
3690 29.068134618065546
3691 29.161688000420448
3692 30.329971606263484
3693 26.861834073372723
3694 26.387499425098273
3695 26.56533484930195
3696 30.03807236872986
3697 29.47674465112228
3698 30.041506694033462
3699 30.68814525012773
3700 30.53391128910508
3701 31.349735097056413
3702 28.447666000336767
3703 28.472525134375655
3704 27.81611265275906
3705 26.48469862881955
3706 26.211116508913562
3707 31.210853855196056
3708 26.69799289546016
3709 26.38719772777299
3710 29.059816729237255
3711 27.61823656484265
3712 26.303952713439056
3713 26.542966806534345
3714 26.96799824421479
3715 26.143415484523672
3716 27.315637563311743
3717 27.81179658542705
3718 25.76922464284324
3719 25.48226081627419
3720 27.306521274260028
3721 24.45156092604392
3722 26.508396261683743
3723 24.928646591180307
3724 23.975439274015674
3725 22.003425867682083
3726 24.430067628758515
3727 26.275970943845692
3728 26.38690111492146
3729 27.19273026968202
3730 26.610909246418053
3731 26.309049927722484
3732 28.164548884121132
3733 29.439409990152093
3734 29.320714647398162
3735 29.633057289608825
3736 30.629897627405235
3737 29.201979669588074
3738 32.07676333949717
3739 32.510108326615246
3740 31.48352640664015
3741 28.998966598409876
3742 30.788801733861703
3743 31.31811286682911
3744 32.65052042169478
3745 30.651825017565486
3746 29.44467944418678
3747 29.0939475572938
3748 28.355114591849144
3749 30.199416658692154
3750 30.281530805465863
3751 29.690808735694148
3752 30.146424079801086
3753 30.74536020025476
3754 31.656890360500775
3755 31.575143532664004
3756 32.23775903221108
3757 31.97249963543113
3758 31.98339508910594
3759 30.808069660074285
3760 32.243146535137186
3761 33.18380107241104
3762 32.649763034355125
3763 32.07004353424388
3764 31.582481019621543
3765 30.913348978086887
3766 32.45832733837071
3767 33.24566730262995
3768 31.819190205041842
3769 31.793108215827967
3770 31.43341977930882
3771 30.3122413527448
3772 30.84686599239453
3773 31.280207345867193
3774 31.310798838199528
3775 30.69776794778953
3776 34.148048255385525
3777 31.831932573917857
3778 29.721790619891546
3779 30.43244218130734
3780 29.406708510576983
3781 28.804389291178683
3782 31.300739051844957
3783 30.64464955791037
3784 26.51199363340878
3785 27.609460406865217
3786 26.018828350608217
3787 27.092635773849747
3788 28.318422367475343
3789 28.00830893731747
3790 28.09513258474263
3791 27.648249023402343
3792 25.80982126344796
3793 26.246625321001186
3794 27.82722561532464
3795 28.791013731370764
3796 28.686801881016095
3797 27.827137626310375
3798 28.108416141874507
3799 28.924446022841742
3800 27.824076899404677
3801 24.848095526623784
3802 23.12898787649677
3803 25.647194255180626
3804 24.528774641422267
3805 24.930601393405688
3806 25.62875850199446
3807 24.20014718961599
3808 22.371726477434628
3809 22.882215530193523
3810 24.769962267210108
3811 24.813568804221543
3812 24.870605670594834
3813 24.83710608980129
3814 24.208425244340482
3815 26.147879185119717
3816 26.165800127641514
3817 24.448359674704417
3818 23.0288650168091
3819 24.82828566607658
3820 26.137650890908752
3821 26.12780492614705
3822 24.44014700519414
3823 22.315060426845587
3824 22.830914560481435
3825 22.923503260683905
3826 22.278111348465252
3827 24.83632411909966
3828 24.55986846050025
3829 24.431704005659043
3830 25.33270217855867
3831 24.580613696678387
3832 22.85440992109024
3833 24.562631394953932
3834 24.219189903139398
3835 24.005465228251584
3836 24.969086187936295
3837 23.890925659220056
3838 23.477307899008085
3839 24.379168076566657
3840 24.84745982324938
3841 25.962578800764675
3842 24.233649329972437
3843 23.296308958441376
3844 23.93957765428199
3845 22.71139876781125
3846 23.866410380468754
3847 23.36424810759374
3848 22.436778289052658
3849 23.772461389472298
3850 23.615259503504536
3851 23.340637521021083
3852 23.072669528509014
3853 24.439855782979265
3854 24.909747070106803
3855 23.624901883684302
3856 24.94006392365991
3857 22.819655290786763
3858 23.340040495903153
3859 22.95760045050219
3860 23.159560864953722
3861 22.400872590235526
3862 23.365692396429633
3863 23.70658427134448
3864 23.93194519369162
3865 23.422704180243002
3866 24.896040603456196
3867 24.19016607775586
3868 25.539621972174995
3869 25.58290579021009
3870 25.118528942357536
3871 23.72025935264454
3872 25.879078211989015
3873 25.656524707999424
3874 25.185323607484342
3875 25.05931040461433
3876 24.259572480312805
3877 24.651120005081037
3878 24.63769683105993
3879 24.08134056516858
3880 24.491000021864107
3881 25.78996876561399
3882 25.260444012002306
3883 23.514755740141297
3884 24.0659303760425
3885 24.14742083969359
3886 24.73253018385004
3887 25.7105737196763
3888 23.42074979270951
3889 24.535040491264933
3890 24.69354441865186
3891 24.55468209190196
3892 25.081467750652802
3893 24.854732687601484
3894 24.63840516106232
3895 24.385171469955694
3896 27.02370261116779
3897 25.638663289284807
3898 26.38001113561743
3899 25.515298299960595
3900 24.97875022730707
3901 23.7708404800069
3902 25.519668235715237
3903 25.47087296133202
3904 26.317557343880388
3905 24.88304029631385
3906 24.5495751455185
3907 24.998511976834983
3908 25.1051861888133
3909 24.80131936692471
3910 25.077356713676405
3911 26.571295869157225
3912 25.548339385650998
3913 25.615049639121178
3914 24.875611184379604
3915 25.814278155440174
3916 23.9238299148789
3917 24.612109630490384
3918 24.709664041234095
3919 25.09583643931387
3920 24.967860118150803
3921 27.853271945097735
3922 26.621242727482162
3923 25.714002632324043
3924 25.536573594468198
3925 24.939886044913234
3926 25.778872307027513
3927 23.820417871469953
3928 23.59269545229851
3929 25.05453926894559
3930 23.353940584806075
3931 25.126682052256733
3932 24.023972530755238
3933 23.50446152963555
3934 24.144104714953247
3935 25.313350520891593
3936 25.83779544189755
3937 25.128737790661443
3938 24.872342946704336
3939 24.885513452556726
3940 23.398990755669242
3941 24.742964241488902
3942 25.11108385305992
3943 25.75702219005561
3944 25.934758996208224
3945 24.60525044317472
3946 23.89590461463536
3947 25.8900052857647
3948 22.588074294676378
3949 24.32719625339682
3950 24.6485190351286
3951 23.98715751730335
3952 23.79717674961944
3953 24.184990861255024
3954 26.75955043666066
3955 26.955532562198595
3956 27.890924929892705
3957 28.727333379065744
3958 27.573673667352242
3959 28.150642870106232
3960 27.185445649643402
3961 26.225975733262647
3962 25.97155893752004
3963 26.200776356210365
3964 26.26580233780712
3965 25.91185240154094
3966 28.562340732844444
3967 27.940182854854054
3968 25.58856412925107
3969 27.03911574227228
3970 27.131172101538763
3971 26.689818149318622
3972 28.412220421412705
3973 27.862849003902532
3974 27.6194573345664
3975 31.672959936189837
3976 31.491527938770684
3977 29.048203207209163
3978 29.396095292017836
3979 28.755259247912953
3980 26.41537461629959
3981 27.307299501320397
3982 28.06451061448174
3983 27.812055055144963
3984 27.90150702258881
3985 28.6995759739408
3986 29.790874901275373
3987 30.52147974914313
3988 29.902936236680226
3989 29.852306505610276
3990 27.90646917825952
3991 30.12961043715347
3992 28.5340898094383
3993 29.213130539951916
3994 27.920164182120583
3995 27.409847213839313
3996 27.193304016061703
3997 27.657596531320277
3998 27.157455370864383
3999 27.991729446685444
4000 28.486502447616996
4001 22.805034186219327
