0 24.051967194701305
1 24.703441601387105
2 26.497943125470865
3 27.625649933892927
4 29.357997937733934
5 28.54170290236078
6 29.143203069583805
7 27.583175461627736
8 23.564980668793318
9 19.555968879781275
10 21.971325683295646
11 22.326730150668176
12 22.648509846051436
13 21.75791734215362
14 25.849663932155842
15 30.169383842682358
16 35.16776870274576
17 32.593689588573206
18 28.65591685248458
19 34.05252512363867
20 33.20781432652443
21 32.88844004725271
22 28.137999836716897
23 26.930046227025397
24 33.59391245545524
25 29.629576246650895
26 30.046159865734836
27 32.70663438569672
28 33.66341218449553
29 31.279522863152195
30 28.14180496100837
31 26.044614206410373
32 26.627302088165766
33 24.548630353462027
34 26.654307425823948
35 27.018550760599403
36 27.36068711314489
37 25.816000264699504
38 21.976502828402406
39 20.545946923100875
40 21.139143843563968
41 23.648383572174644
42 26.410403861853556
43 26.281624039858134
44 27.342672174891486
45 27.552454787384917
46 27.819710104507102
47 24.469332672707388
48 29.251832938992752
49 29.642691230848218
50 30.987695369713247
51 30.864822731376375
52 29.268257566931055
53 30.961978081713383
54 34.85432621721766
55 31.959610766456535
56 26.096288695090692
57 33.04631532088928
58 35.13017334856419
59 33.34082407782847
60 31.966154712534262
61 27.9201884615376
62 27.66221965188598
63 31.85560841147695
64 28.92281320449906
65 24.58089110066099
66 28.331664817656538
67 30.472289905487436
68 36.533694612049096
69 38.51247441690547
70 33.47040603805259
71 30.51817100825271
72 29.725554863222747
73 29.039185677596244
74 31.83448221186525
75 30.01759171511626
76 26.259897272805343
77 27.337555866469003
78 29.91080507919974
79 27.881108647781222
80 31.079100985178968
81 30.3180800765038
82 24.907076739183587
83 29.295094720712523
84 29.64882374974718
85 24.23023707232364
86 26.69022697582205
87 26.636941391488914
88 24.881796023242117
89 22.941115825995922
90 22.960039238913534
91 23.344359063802052
92 22.60042151194101
93 20.17646984791929
94 24.701608193592044
95 22.59338218360698
96 21.297372872471783
97 19.63091927139029
98 21.696023104655517
99 19.573239142450113
100 18.295754312381096
101 20.748414798923882
102 20.41167568299766
103 23.35968690070857
104 27.612814197446582
105 27.375938966465824
106 24.459822551070108
107 28.00381990569425
108 26.535648674611526
109 20.745252598311858
110 25.278275868499694
111 26.83292704543747
112 25.70683775018901
113 25.143451120959764
114 24.605193220772392
115 25.14947682556902
116 19.294506213277348
117 20.779166524157592
118 23.814983575825476
119 24.102029016176246
120 22.595628047096362
121 23.177297004180126
122 20.714018470189217
123 21.63035572763106
124 20.758144283537636
125 20.926972712640985
126 22.434001319210555
127 19.639335231675467
128 23.257734931274776
129 24.041816165361325
130 21.77436906529101
131 19.87243739212241
132 24.35503291624238
133 21.30502526847447
134 22.60906298598692
135 20.08393961280852
136 20.273713078939195
137 22.649113621338667
138 18.437723306132884
139 13.795774973959777
140 18.271446735609256
141 24.284019163966303
142 24.554900696094744
143 28.183686725725554
144 28.267765275935066
145 27.518997620580322
146 32.053978018923694
147 34.24658981184251
148 31.539100164063218
149 31.44984105377204
150 30.002802576087195
151 32.723996302829704
152 30.467700185264846
153 25.18666273176366
154 21.48155482167382
155 26.052265397238255
156 29.696749414209343
157 31.062807846004993
158 29.22420749473865
159 27.64367021528515
160 20.133697889850314
161 17.981064063164855
162 21.938441261834317
163 22.31276267767291
164 26.55906138875211
165 25.61658910477493
166 27.859155774031727
167 27.57943174985524
168 27.012342494653502
169 25.786825964125978
170 30.71235057432119
171 27.87956242305438
172 26.26198511376265
173 27.97520603161221
174 29.367443254139225
175 27.127022235065564
176 25.81410877996823
177 29.07154720023583
178 22.43872409485141
179 24.840114537202393
180 17.35338037272237
181 12.690805815255514
182 15.350879798807357
183 17.486990836762725
184 17.087505284355764
185 18.494616233835057
186 17.33334406778614
187 17.175604347776915
188 22.38581056981593
189 16.984880360301666
190 25.079948067025004
191 19.84942439491612
192 15.44408283867844
193 16.95102002139906
194 15.840081686522646
195 14.549965617671184
196 16.68232389326105
197 20.119264500604412
198 23.782526451408497
199 25.776928459863104
200 21.288209900324656
201 23.22676732487885
202 28.939379172337205
203 31.73992356375621
204 32.13122663330073
205 22.757838973254962
206 24.919880794232334
207 23.978705906551518
208 21.23574993728627
209 21.635868906118432
210 23.084907482427358
211 26.227455078079736
212 21.24905386643076
213 25.1247844967468
214 25.838493036295816
215 25.808904469778444
216 28.104183957482498
217 25.054906445755776
218 29.048930050156635
219 24.607231678122
220 27.17724592451437
221 32.25494253277008
222 36.68990143933563
223 34.19762040035597
224 34.76778593900783
225 38.40980361856947
226 40.495656400067446
227 38.78654822274714
228 42.765611270898575
229 32.71693804642403
230 34.581071263362624
231 33.16818202613776
232 28.891928390328687
233 31.93132654065785
234 28.541973124266864
235 27.01759442671731
236 22.956473380716822
237 23.4977537798025
238 17.46646961086953
239 17.588197031285087
240 18.904959693338455
241 16.40428995361275
242 18.625515150285697
243 21.590762189842007
244 20.175055271191994
245 20.58825717676952
246 19.483005402027946
247 18.389986200070986
248 17.84553475265721
249 17.15257573182715
250 22.48820613094577
251 20.267333839820722
252 20.263107487640674
253 22.703224736445446
254 19.89574882566627
255 20.119272259776093
256 22.75398794464491
257 22.848159461102668
258 23.939105035456937
259 20.63569360214644
260 19.368016937002746
261 17.17311891533496
262 21.252532115346384
263 22.231058391743485
264 21.77073930849755
265 21.45797945959367
266 22.650178364774266
267 23.05488914633917
268 23.936577733596955
269 24.8996259442611
270 26.3819182393242
271 24.53144257115278
272 23.01264455520831
273 27.094373903577683
274 23.13938373033409
275 27.491923559522085
276 26.029131896400433
277 25.91839562145868
278 24.795639077432902
279 25.819444664167193
280 26.329483999035492
281 30.014562211281888
282 28.572446359861786
283 22.49230162088526
284 24.056486413348207
285 26.737089961675093
286 27.02029855685425
287 28.184370854966517
288 29.712855618332902
289 27.162390254469663
290 20.923249720374972
291 21.74187176782681
292 24.338853252991672
293 24.28777540960778
294 22.655093027148414
295 20.879772079792684
296 19.12839014205182
297 20.696585693545778
298 19.46569992099658
299 18.452070935302462
300 19.736278070344948
301 21.469116860005723
302 21.920469138841558
303 23.87654835664366
304 24.189744949455346
305 23.856762344547942
306 21.30698966763814
307 23.241709390558587
308 24.67520642675151
309 25.353659420651383
310 22.537216321861667
311 22.95630323117659
312 23.830929150215546
313 22.466931377485423
314 23.315854890010968
315 19.51627152179215
316 21.594730302425297
317 22.76029207580117
318 23.8588116055389
319 29.12779782743538
320 24.326101219737215
321 28.32659683715758
322 26.603753804003798
323 27.167949913129494
324 27.935910723035988
325 26.540932849427374
326 28.01397341744962
327 26.763441100723178
328 25.772372984568342
329 27.433535199065606
330 28.266913181702915
331 29.30875711051513
332 23.494600825587224
333 24.07541994041725
334 22.718587817446934
335 23.95753312748108
336 25.533577273090987
337 24.454009289584164
338 24.637317238000332
339 26.55523013831707
340 23.824162615539933
341 24.328231312958202
342 21.732037196314018
343 25.02365902098152
344 25.0218922919795
345 23.986196849802983
346 23.23181497799987
347 24.95841077669602
348 22.50529105325774
349 24.6225133574381
350 19.116163811289862
351 23.225543694002578
352 23.345040841266137
353 21.90652377897554
354 22.706993650821527
355 21.896500963797145
356 21.573891949504446
357 21.667101003830478
358 21.048935027257663
359 22.29603511723741
360 26.785431418957078
361 24.889918706664627
362 29.768864212692108
363 29.8077458409536
364 31.0185945271663
365 31.123667908945478
366 29.8082453634907
367 26.10825608705087
368 24.08294891858842
369 30.807276779214963
370 27.173693356854887
371 29.816583490675423
372 28.88739610131207
373 29.101873084673777
374 25.41134317435322
375 24.225085756661144
376 27.59180584183769
377 21.360789812590866
378 25.18463560603359
379 23.653780388413672
380 18.837268845868074
381 15.482132412100858
382 14.637058740141462
383 16.047248240199284
384 11.213885134874099
385 12.278137009083917
386 13.104742110848054
387 13.016605418584337
388 16.418128700774833
389 14.857044521049586
390 17.80224931607115
391 14.733609564514893
392 15.860174657831156
393 16.406090041073785
394 16.707030388292512
395 15.537049375594156
396 13.461131402749325
397 15.439507570951974
398 12.794757557071295
399 10.969885762301246
400 10.112040658304126
401 8.869192309454814
402 8.452000440545083
403 7.348687067217723
404 6.458917793945803
405 9.330975146209758
406 8.469341121762357
407 10.464449019500977
408 8.446389397597159
409 9.76707276272164
410 9.784158599576005
411 9.023283836385325
412 6.588724221580274
413 9.064893834789716
414 11.478066157660693
415 12.476056991604269
416 15.064501293042468
417 16.410959411018
418 19.29263638870989
419 22.06293840648243
420 25.394453236943743
421 31.062290205300823
422 30.449608438716133
423 26.55006643070088
424 30.025544630213254
425 27.246623091126658
426 30.82457375291337
427 32.02433025393616
428 27.430937754907298
429 26.352796902442364
430 24.79045533964173
431 25.553471552512235
432 22.91569365262462
433 24.596594143677404
434 20.247433552492136
435 20.044188864068392
436 20.890345879019662
437 15.218604734558477
438 15.418166668453795
439 17.273827308160453
440 14.26659464914901
441 13.997719126439021
442 13.360588953688282
443 14.201198786556155
444 13.816399686325521
445 13.701144948417012
446 14.227189148328563
447 13.547472245132223
448 13.126487992697083
449 14.306019250467255
450 15.8489633905123
451 13.809672878699413
452 15.27845368637124
453 13.592044827553107
454 12.881105373593861
455 14.20069822986301
456 14.337543109156025
457 13.787439811519665
458 14.52983741930708
459 13.876829885683694
460 15.61053510863244
461 14.969480601698839
462 13.420925173477679
463 13.977093182039809
464 15.040372207159551
465 14.784827460958466
466 14.554927333882091
467 14.918183764926631
468 14.455250886330179
469 15.128359310350145
470 13.713776267265393
471 13.958433469913489
472 13.886608385210303
473 14.998233466982166
474 14.550351347105469
475 14.48842772105571
476 13.814180300563514
477 14.383175516995847
478 14.109188743416798
479 14.37959059480152
480 14.610837160443682
481 13.388643319361343
482 11.836614699633634
483 12.430460044653756
484 12.524445421670393
485 13.439245371211037
486 11.532998091961632
487 12.171178614714917
488 12.783103191382834
489 11.809951799563866
490 12.820149187923228
491 12.53643603456901
492 11.741822120934213
493 11.566966118680835
494 12.353356707483945
495 12.403158683945346
496 11.793985060768458
497 11.815048792116022
498 12.576813812786805
499 11.464037987705137
500 14.132226555404582
501 15.254272034473543
502 15.213183624150997
503 15.00140575088735
504 14.441070909167887
505 12.210904902022412
506 14.130525507747562
507 12.690725458636898
508 13.57643163848603
509 12.702310612741615
510 11.594682392543334
511 11.936628368174178
512 13.108889988595642
513 12.617515657323612
514 11.475826160618722
515 10.143462804189836
516 11.454802245083176
517 10.781169107518096
518 12.646497790024451
519 14.814952214033077
520 11.635799715297827
521 13.611636242224836
522 14.262290237533374
523 12.171065614721085
524 11.867384359513288
525 9.911376961634705
526 9.711411745337225
527 11.777554539102804
528 10.129061230687416
529 10.52795892190433
530 10.558559839868344
531 10.858293960200708
532 10.724801268624992
533 10.69586609931209
534 10.601669553338871
535 10.860050258907204
536 9.444957658513191
537 10.902346168099546
538 10.722405799022656
539 12.448453731237388
540 11.222668017487635
541 12.86313146044334
542 12.618620413271561
543 14.54900327109269
544 14.066536216200419
545 14.567817992585912
546 13.937551364690876
547 14.489087469189847
548 13.056428251190118
549 13.922628309151468
550 14.815783031627715
551 15.871947511402439
552 14.722210078184201
553 14.666851880043938
554 14.611229846850938
555 12.391798771161202
556 13.309592041144173
557 14.366984968755927
558 12.116558437978668
559 11.464543746378862
560 10.26987944936172
561 14.033483056596538
562 14.180466736449233
563 13.994758954379767
564 14.753900427306004
565 14.817507458500915
566 13.51649757137894
567 12.984720934190424
568 12.673901151084111
569 12.61065146435797
570 11.793029774090876
571 12.20420309207131
572 13.998638142732911
573 12.393800087098551
574 12.277297186998005
575 14.054741710007711
576 12.487972081148259
577 12.217676838125337
578 12.13616301019224
579 13.771239610326285
580 12.12350407607464
581 12.530446729599682
582 13.582161238650514
583 14.017849044281379
584 12.726705366924177
585 13.821104865655407
586 14.085885986859127
587 13.306136608550284
588 14.163552227650403
589 14.359553139486671
590 13.158662633555943
591 13.653098365034069
592 13.736846809289176
593 13.014846047912748
594 12.26863558312938
595 14.015395958618216
596 14.08596972622634
597 13.596035825093963
598 14.607265421981927
599 13.045808265447189
600 13.31897582128995
601 14.145697228086616
602 14.81721351304516
603 13.164622719576316
604 14.679762797730708
605 12.859963743100748
606 12.199215283080099
607 11.246918279611073
608 12.35528096783373
609 12.659947594377822
610 13.451068724787733
611 12.171170473209067
612 12.95073173761788
613 12.685182015500255
614 13.252190458135056
615 14.364136351883065
616 14.50176439864285
617 12.812431815808091
618 12.446745169422918
619 11.767454890512564
620 11.739898810274964
621 12.667564570394843
622 13.77060683764634
623 14.204829728640322
624 12.117397970772076
625 13.983266144625814
626 14.685523661711859
627 16.87832663340253
628 15.901759892072167
629 16.544525712651033
630 14.099465526771507
631 14.513969118056247
632 13.786128028183546
633 13.297833753713865
634 15.486250912116063
635 17.34587669332196
636 14.851876112136301
637 14.868794568243887
638 15.702967790984813
639 12.929548286998424
640 14.550677254284883
641 16.24270632604078
642 15.791570842410346
643 14.19783901741241
644 14.633029430782518
645 15.288681552794598
646 15.700340364983672
647 16.23349902283805
648 14.798598995683353
649 15.369962466996048
650 17.176741658580195
651 15.597700989124549
652 15.593171423204552
653 14.674640722395553
654 14.417611769335045
655 13.570924813576148
656 14.325275081494706
657 18.613444403711323
658 15.702578826003336
659 15.261037575537358
660 14.487189964515434
661 13.137291351208528
662 12.88341556088357
663 13.827828254697348
664 12.97078451397498
665 14.107223931857538
666 12.453467587777176
667 12.840859237278298
668 13.236940104304526
669 14.200734810826999
670 13.902293321588495
671 14.214546884627785
672 12.461208810450914
673 14.022139168357917
674 12.41343678319214
675 13.552743610994362
676 14.456756019683672
677 14.426865501839345
678 15.225142831702334
679 13.796848892383593
680 13.989106110240526
681 14.594638446765783
682 14.394662416695873
683 13.675901335196722
684 14.493551302975671
685 12.470425737053764
686 15.348835458590887
687 14.598595871495805
688 14.89876255079457
689 14.531817621572975
690 13.288555896440396
691 13.728400231053213
692 13.969994588778743
693 13.514443140965358
694 14.332481383739736
695 14.051721412939859
696 13.407580812374064
697 14.011835318790505
698 14.470040937001958
699 11.91274356309506
700 13.031871599602939
701 13.080445425387765
702 12.815670003265204
703 12.539332583126681
704 12.600627938866955
705 12.346695367314403
706 12.493221819195064
707 13.063507675878657
708 12.980949850027274
709 12.340059300450138
710 12.198529984096782
711 11.267964494237194
712 12.439126340631478
713 11.15417791491516
714 10.883318374127382
715 11.480602504325917
716 11.764292661025918
717 11.97376518548389
718 11.937764893292062
719 11.385717413269457
720 12.436881227438509
721 12.225521785587276
722 15.130922497024345
723 14.226161525379794
724 13.81458879142818
725 14.592220441246983
726 14.301194614175904
727 15.929778612167883
728 16.034746665321812
729 15.245430758210432
730 15.026538202018791
731 14.101531792665908
732 13.294405762807276
733 13.719361982451002
734 13.616489959871465
735 13.045988777307384
736 13.069219973383888
737 13.944253406718977
738 14.816508177383062
739 15.174737294710388
740 14.700095908361794
741 13.486524403568696
742 13.806541845319162
743 13.17375783405622
744 14.192177127769522
745 12.998771311126358
746 14.37186622457308
747 14.60549811029052
748 13.871344342952446
749 14.780513636593692
750 13.58469437679105
751 14.079229426696779
752 14.31914083579326
753 13.611384360393487
754 13.103467402155546
755 14.42868289904343
756 15.919323269803801
757 14.889453138647617
758 15.073575120945565
759 14.740479258040779
760 13.24090945275961
761 12.964743397159022
762 13.685390405438525
763 15.237900295826977
764 14.6867042760892
765 14.876146278155186
766 15.859116419060722
767 15.433159212381305
768 15.09028675063179
769 13.880841322810161
770 14.31283675101399
771 15.460110155423457
772 16.26926985579164
773 15.22723555427592
774 14.068646918109879
775 14.341201140212611
776 14.740453573422942
777 15.474519089813088
778 14.398406786310089
779 14.779658996578807
780 13.904231427359395
781 14.668582722115783
782 14.509694001325858
783 13.459244221830042
784 14.306172937299644
785 14.257744684699547
786 14.131407331975737
787 13.419459571664738
788 14.020510049723857
789 12.22674900061904
790 14.128063264072566
791 11.882115762590521
792 12.954990283345426
793 12.376599135430126
794 10.030201431575057
795 9.322105838948207
796 12.66926649998488
797 10.853376962338839
798 10.550981213926715
799 10.407302490316658
800 11.763885295945968
801 11.245010200233715
802 10.244019812653754
803 11.016647919833042
804 10.305922824342403
805 9.514078781144805
806 10.614265493851823
807 12.076794038206982
808 10.830010966958
809 10.85500525146284
810 11.940002383528883
811 12.24840948195141
812 12.607979525533956
813 10.697368567432152
814 10.674188512853245
815 10.457307555073426
816 11.68972280549525
817 10.124872158555217
818 11.336306131239981
819 12.19539465207123
820 11.228276284858659
821 11.103069783657633
822 11.45300410256795
823 10.582804036913384
824 11.066760561227579
825 11.608565369307087
826 11.106419659846233
827 12.610617898542147
828 10.915516071398015
829 10.598764100023391
830 10.381380141090123
831 11.332988771287162
832 10.850248418034582
833 11.161322852596921
834 11.541692530972819
835 11.297791558535646
836 9.598911811111554
837 11.42373965258207
838 13.017293308495002
839 10.905900798259145
840 11.764545808696887
841 10.518438514650649
842 11.348868759650362
843 10.426288141745323
844 11.910875278798962
845 11.53055523579131
846 9.737262606425995
847 10.763483523261963
848 10.450381375095194
849 12.503117897635288
850 11.077796063693027
851 10.335001912703774
852 11.624627739755615
853 10.588991828329746
854 10.36329983318678
855 9.65743933110793
856 10.565800719012575
857 11.544959898928193
858 11.68497343107614
859 11.445464335939336
860 11.902495726848747
861 11.96346829241717
862 12.113326501468428
863 11.900510789876781
864 12.520608783600066
865 11.4504846734502
866 11.319362242218933
867 11.434709231141365
868 13.527806880637991
869 11.426880466047077
870 13.556562060404557
871 12.046157406175881
872 12.795664013954605
873 14.959218950470438
874 13.949141768732765
875 12.844655643982549
876 12.644682280614836
877 11.949195232574196
878 11.214487496803287
879 11.750946814581889
880 11.433547951669166
881 13.270743663278326
882 11.97553761400546
883 12.79672638894735
884 11.690824679135664
885 11.585230833332714
886 10.814230534855895
887 10.573390764441069
888 12.002413351083707
889 11.840577880939348
890 14.722198115049244
891 14.020443786204869
892 15.98676883392332
893 13.819016229672707
894 13.249889383498958
895 15.157314971366764
896 15.529532858588677
897 14.544198231703499
898 14.879108706041416
899 14.624902734703037
900 15.847366331476623
901 14.845177354157789
902 14.504234275344299
903 14.313395745649245
904 14.546497128418576
905 13.934171569506367
906 15.355502877453587
907 15.318365846468634
908 14.182584227644512
909 14.368517873075389
910 14.066124623430133
911 14.105065945449839
912 14.577400522994033
913 13.988289471198847
914 13.013541849133084
915 16.043808231095966
916 14.796717378937661
917 17.211397402209244
918 16.85925064118075
919 14.844014908284397
920 16.1490079142993
921 15.889556465626262
922 15.639186798672137
923 16.902371111921283
924 14.437399798070873
925 15.803789508412708
926 12.467824845130847
927 16.665066213633523
928 13.258796532487757
929 14.074291118209532
930 14.361133039865852
931 15.714589672778825
932 11.051040967675295
933 10.65356135873556
934 10.144050624849687
935 10.011314089766614
936 10.940614665081348
937 11.85391307525923
938 10.622063728229392
939 10.534887200325397
940 8.277982276408553
941 8.54998952779507
942 9.153399144165645
943 10.050521207851784
944 10.395586004057344
945 9.113467704307489
946 10.448940330616397
947 8.404633047234396
948 8.608429973167768
949 9.32450005348904
950 8.290191252963126
951 10.314178059118909
952 9.810280728154675
953 9.985806427405485
954 9.35466152140513
955 10.122776742875407
956 9.210295991954471
957 10.884635254676553
958 9.936287809295246
959 7.479661565913125
960 7.863508520155176
961 8.447834740312366
962 9.767523562957948
963 9.273602772434206
964 10.559775743929379
965 7.422214208120764
966 8.402943065883035
967 5.389195213971136
968 6.196253410925415
969 8.143230790817325
970 9.153705260152359
971 5.7257277759660195
972 10.196164132731209
973 10.03533307125888
974 6.793245159923593
975 9.123140503221595
976 7.9503336716116
977 9.838590524170765
978 5.437871935688531
979 6.823180126613376
980 5.4660172180941675
981 4.749268128855891
982 6.316031181356342
983 9.761384510639719
984 3.4277461613758287
985 4.065194411281637
986 3.512334923470821
987 3.4257659995811967
988 4.156543864404043
989 4.150771925994306
990 6.086398777354793
991 6.425452420035555
992 7.620214781751461
993 7.2059325713887254
994 8.593835868633354
995 10.629434004763416
996 8.263031288440724
997 7.380974298943295
998 6.268488869532164
999 6.213049340559754
1000 6.190616662876688
1001 6.044566081812006
1002 4.98234835873043
1003 6.302631786545956
1004 6.138789684380736
1005 6.375862748049108
1006 6.09745595261488
1007 5.225127360940419
1008 5.808084782686934
1009 6.539281156923795
1010 6.3259587607444185
1011 5.932741723676537
1012 6.346381371496033
1013 6.318371434735466
1014 7.148100165747054
1015 6.424980753082591
1016 6.055050851472394
1017 6.73816252663449
1018 6.48830484079191
1019 6.036035248435508
1020 5.73318037854344
1021 5.368931282035777
1022 5.9098396544595975
1023 6.150448777587909
1024 5.227888232959937
1025 5.55812815570918
1026 6.1366572410228795
1027 5.808132315979164
1028 5.985251656122256
1029 7.165961055618997
1030 6.598625754788482
1031 5.937387297294069
1032 5.314116310981587
1033 5.29673478420772
1034 7.30353949351894
1035 6.335536523409906
1036 8.884238005960944
1037 7.797689152076846
1038 7.8020513393672815
1039 6.626738699887482
1040 6.801814233403371
1041 8.918218200398828
1042 10.517320113512431
1043 7.8223589016881325
1044 6.9400875588069875
1045 7.570843649781924
1046 7.605937739754839
1047 8.046315606293975
1048 9.84773759009066
1049 10.067767210551825
1050 8.651374695997424
1051 9.305227231360469
1052 8.717363402852776
1053 9.062100761945562
1054 7.994923877206647
1055 8.192707569259996
1056 8.69395951446922
1057 8.217030178064459
1058 6.6038765919176905
1059 8.489735417525372
1060 9.170450841726627
1061 9.5724357115118
1062 10.454785559486464
1063 10.810970861376356
1064 9.56873612196342
1065 11.161971291372156
1066 10.733407619735717
1067 10.857998104578272
1068 9.329509965205098
1069 8.845364005331904
1070 10.539958970695738
1071 8.957210403335717
1072 9.265241814514853
1073 8.059298417561115
1074 10.126887734392513
1075 6.720886644403143
1076 7.780747589159693
1077 6.6922845736928736
1078 7.48006041690162
1079 6.6061192534342155
1080 7.033845176418833
1081 7.870963516730149
1082 7.389120268630753
1083 8.322042760130195
1084 9.294595329520554
1085 11.230703872275104
1086 8.529209997785886
1087 8.808911605442086
1088 9.514166491693953
1089 11.191352385905102
1090 9.568170289264748
1091 7.091120537667461
1092 7.38040749739813
1093 6.435747505277699
1094 7.982929327758919
1095 6.544780504035827
1096 5.755946177462397
1097 8.6354225973486
1098 9.60054659385893
1099 8.37180351591567
1100 8.220778429775242
1101 8.17160622855762
1102 7.20535535004796
1103 5.397569052164296
1104 5.85652375369117
1105 5.432108364200327
1106 5.805282039591924
1107 6.067623491100952
1108 6.151863390765877
1109 5.947594679658714
1110 7.133499684186773
1111 8.520528052103254
1112 6.081336296477786
1113 6.364340063530444
1114 5.561458205251266
1115 5.945409778817265
1116 6.717608003660632
1117 5.827849075702656
1118 8.25681835127711
1119 6.74976662636652
1120 6.377076664520445
1121 5.777958074769254
1122 5.979461027691413
1123 5.732822631240182
1124 8.435624072733573
1125 10.559695735492447
1126 9.433446368383294
1127 10.399789348065976
1128 11.755318537326731
1129 9.326960941516814
1130 10.253800237624906
1131 9.886781291586674
1132 11.081947974673843
1133 11.17963949477525
1134 12.047756979278194
1135 11.820418121337122
1136 10.173955449322735
1137 11.07026327461701
1138 11.961015371638776
1139 10.152143066269803
1140 9.29241033943882
1141 8.656969279066905
1142 10.466011610733549
1143 10.545635732083037
1144 10.949694756003424
1145 7.588819820865608
1146 8.068580506108123
1147 9.312605584023812
1148 9.168941189948166
1149 11.516830458290414
1150 10.26853050928882
1151 9.90552171464579
1152 9.76096210535827
1153 8.296400086990934
1154 9.105414537205544
1155 9.219765754119223
1156 6.999726178631309
1157 10.184655914746232
1158 7.800793593028905
1159 10.529787340632863
1160 8.380188452345816
1161 7.621851123366779
1162 8.282274536833127
1163 8.229364213560828
1164 8.700479768448725
1165 8.959133835928002
1166 8.620822712935004
1167 7.814143171340771
1168 8.37361324584732
1169 8.05332845325835
1170 9.714306567886565
1171 10.093246629645995
1172 10.48566249083827
1173 8.940683918737586
1174 9.230585491284298
1175 9.791518746930347
1176 9.770971753844579
1177 9.270009103181557
1178 9.577114380186734
1179 11.330594952713696
1180 10.288616599910181
1181 9.895004897873875
1182 8.94463109103377
1183 10.747597481541476
1184 9.895411362209758
1185 10.295933883185025
1186 10.370008504097493
1187 9.629675312827148
1188 10.16597874929218
1189 11.592823687380351
1190 11.207497713623455
1191 9.759393120906214
1192 10.157200663329053
1193 10.214927555212071
1194 10.505298451255713
1195 9.90417857630576
1196 9.162658662823052
1197 9.889193390761706
1198 10.766366724456516
1199 11.399433545331627
1200 11.71753931730877
1201 11.91307287750454
1202 10.977478915803712
1203 10.80216982214884
1204 10.161631742474656
1205 10.199839877932773
1206 10.23116067718403
1207 10.067986489872158
1208 9.727754521934994
1209 9.878698747979337
1210 9.430093843217044
1211 9.548517317827645
1212 9.331138965676882
1213 9.278427089573622
1214 9.278832292135837
1215 9.66606823218249
1216 8.710249920724635
1217 8.506186483110985
1218 9.499467061635764
1219 10.53416627431903
1220 9.382922728567705
1221 9.720301406349261
1222 9.429767985921458
1223 10.795800423447462
1224 11.044576063869538
1225 10.2805091039006
1226 10.422063266912408
1227 11.94954770962045
1228 11.377355518482982
1229 11.459815741971493
1230 12.137831226634802
1231 11.981543471373051
1232 11.297524099097455
1233 11.402559263767136
1234 11.80426669681214
1235 11.93848039118546
1236 11.829426656154197
1237 11.38575618452441
1238 12.207690930487974
1239 11.926056570836213
1240 11.938845427364745
1241 12.728188211360001
1242 12.539210461333392
1243 12.433196926202031
1244 11.734511986053956
1245 12.72246556328656
1246 12.04754099020087
1247 12.280260559339768
1248 10.479228582577115
1249 10.550079932258123
1250 10.398303810140952
1251 10.791238270222273
1252 10.506049145582528
1253 10.90868477829006
1254 11.493626424456526
1255 11.397137241578404
1256 10.948157039491504
1257 11.161255791663184
1258 10.607414435288112
1259 11.106015838814233
1260 11.551695584816189
1261 11.317281770886712
1262 11.050717006230657
1263 11.283885952271833
1264 9.683537772277472
1265 10.000139110600982
1266 11.925438970929044
1267 9.811270461972661
1268 10.15704186207884
1269 10.653880829142155
1270 10.680151540575771
1271 9.42332504332429
1272 10.01414005252099
1273 10.810499441057244
1274 10.566404314480145
1275 9.273765407144927
1276 9.516940914764403
1277 10.730316206875877
1278 10.952580146372329
1279 9.644356192861828
1280 11.494853718587663
1281 11.827341029618172
1282 9.58401819995673
1283 10.34800559338936
1284 10.427873369758727
1285 9.754596311255764
1286 9.81466708753167
1287 10.996629693436114
1288 9.75975513229265
1289 10.142143879198125
1290 10.737215999228567
1291 9.60987996122028
1292 9.122660121295718
1293 11.373681009204159
1294 11.07202778056741
1295 11.259288428836548
1296 11.127476720867097
1297 12.284314514475666
1298 11.379157210722248
1299 12.316106218140435
1300 12.136448650890156
1301 12.113542687013952
1302 12.586297477562017
1303 12.406399752334137
1304 11.51714891103582
1305 11.739857033767244
1306 11.082475084208752
1307 11.397258794361457
1308 12.074506187057272
1309 11.207357154725454
1310 11.854242309960004
1311 11.859744456718708
1312 13.043215263477604
1313 11.389516998194374
1314 10.792408459179208
1315 10.74323003464008
1316 10.806534047698843
1317 10.200907073235559
1318 11.705141313046221
1319 10.522192864427433
1320 10.105416641973763
1321 10.317604539647796
1322 9.519633868094198
1323 9.505517778859032
1324 9.213437706135258
1325 10.29340900070523
1326 9.888717199775495
1327 9.331566459946869
1328 9.9069907847796
1329 11.05509566807603
1330 10.442166327569252
1331 9.289752055806082
1332 9.87436025600242
1333 10.066339633552271
1334 10.364464855081646
1335 9.968173609720704
1336 9.465985215676366
1337 10.24630211277048
1338 9.879070080708136
1339 9.725579938589005
1340 8.726609473142853
1341 10.053354268260168
1342 9.081482272053233
1343 9.473417955398325
1344 9.71118603909225
1345 9.962924140720244
1346 10.66815554420403
1347 11.350098055258794
1348 10.984858747835881
1349 10.922993925052117
1350 10.261893537371687
1351 9.635696424115324
1352 10.387243321321034
1353 10.357471331018935
1354 11.117960759537755
1355 11.239688478283613
1356 11.298225135053407
1357 10.409392816102399
1358 11.412462912406719
1359 11.383816194439204
1360 11.309224120043147
1361 11.911322057422419
1362 10.992618386362526
1363 10.755567504060839
1364 12.06148242840435
1365 11.261847817609542
1366 11.780089308268584
1367 11.837504482271683
1368 10.905547343415567
1369 11.29466192784294
1370 11.304001171858822
1371 11.453658998292292
1372 10.62248437151366
1373 11.234090290872103
1374 10.885805379255839
1375 10.47414269938196
1376 10.939758541848228
1377 11.741573396421584
1378 10.797208327450804
1379 11.411651420229578
1380 10.685998395577027
1381 10.943967837856402
1382 11.658757279976113
1383 11.280886383839505
1384 11.329835633533047
1385 12.061668244417117
1386 11.39782581176603
1387 10.898160507522302
1388 10.710721685729991
1389 10.413114661714571
1390 11.02386010777723
1391 10.59610201406168
1392 10.740654141149397
1393 11.132396744896628
1394 11.091879645992693
1395 10.699021051745023
1396 10.483008858306324
1397 11.038674201254599
1398 10.297592578761076
1399 10.610983870983171
1400 10.821401548185179
1401 10.691387211974769
1402 11.334453111181205
1403 10.83165396127032
1404 11.066353702532576
1405 11.336202345555359
1406 11.175841818329525
1407 11.199198790807143
1408 11.385244090117176
1409 10.930095109017197
1410 11.201543870453014
1411 11.561104745433797
1412 11.255220759406704
1413 10.991816329915219
1414 10.255209135367744
1415 10.28742682037816
1416 10.266818008529958
1417 10.55840886625437
1418 10.185601644241444
1419 10.486400695391788
1420 11.103967977633276
1421 10.766067161641017
1422 11.851795738039671
1423 11.246486368250382
1424 10.28939881419253
1425 10.184139525139502
1426 11.425111241189725
1427 11.11570116739002
1428 10.880084135169797
1429 11.467222437261698
1430 11.641798168543742
1431 11.451762840876363
1432 11.027869789552755
1433 10.862124124024616
1434 10.774232118094213
1435 11.489461707382443
1436 11.41636292843346
1437 11.69625120451215
1438 12.099928734930346
1439 11.978109066692966
1440 11.454802419086688
1441 11.714587719637327
1442 11.94871309746529
1443 11.56428872699144
1444 10.810390442229082
1445 10.762300530000749
1446 11.375551965962995
1447 12.047747976642315
1448 11.937949510075814
1449 11.483761337316798
1450 11.49823700039133
1451 10.606683006557956
1452 11.222656909495008
1453 11.913823977515435
1454 10.785555235272875
1455 11.607868295528867
1456 10.69167311964726
1457 12.395507111430458
1458 12.34112167208117
1459 11.419807705112197
1460 11.728894967875634
1461 11.358766743539514
1462 10.771036170837881
1463 11.51522125065531
1464 10.98591692733809
1465 12.228178211762836
1466 11.568768766029903
1467 11.552552483886114
1468 11.57460219290853
1469 12.002075868455588
1470 11.81665102210098
1471 11.539730669019558
1472 12.105668918153965
1473 12.596844371570977
1474 12.485329441057416
1475 11.86367911920866
1476 11.828105022718368
1477 11.100889118193399
1478 10.434994945261282
1479 12.247075823167629
1480 11.983134367148699
1481 11.869890190131375
1482 12.109714174460235
1483 11.295608407763277
1484 11.945069027424065
1485 11.637951326845831
1486 11.786700920457656
1487 11.934250317979942
1488 12.367771766553519
1489 12.11308290004833
1490 11.412288879961151
1491 12.273263942821407
1492 11.232718636940103
1493 12.223833418828722
1494 12.315649611959905
1495 11.913842308174498
1496 11.60130012735172
1497 11.448455768707971
1498 11.638599546169846
1499 12.280540399560545
1500 11.308425145159056
1501 11.348625978908894
1502 12.140083685714327
1503 11.46696126829297
1504 11.360878409973067
1505 11.48324687503485
1506 11.710022996865549
1507 11.260762773412111
1508 11.463132587940985
1509 11.325005357726967
1510 11.365614375387235
1511 11.885334960045626
1512 11.206625096334353
1513 10.656584736678795
1514 11.673463489865371
1515 11.859283057837256
1516 11.470447616350468
1517 11.0212654963883
1518 12.013748603106933
1519 11.659506723954491
1520 12.28160614794763
1521 11.989882707658005
1522 11.699546939457585
1523 11.362572905853657
1524 11.493396616162713
1525 11.620409372387359
1526 11.864871616798274
1527 12.001834074146549
1528 12.055341752089042
1529 12.047529509033645
1530 11.481375568603458
1531 11.34219566322164
1532 11.0862566595707
1533 11.152299642961696
1534 10.942672685802556
1535 10.585341356712572
1536 11.036776254691091
1537 10.987626922657627
1538 11.111151744524392
1539 11.239009889095719
1540 11.243006543423817
1541 11.209805396852232
1542 12.009354531389093
1543 11.359254509952532
1544 11.870535801685595
1545 11.082966016453652
1546 10.848415679738128
1547 10.154239835717684
1548 10.29753937242735
1549 10.886161923145254
1550 10.327893065724975
1551 10.453388044060144
1552 10.49048775099367
1553 10.339314798888191
1554 11.187751494221578
1555 10.232958960737152
1556 10.762794720707086
1557 10.369801389419688
1558 10.312556228492305
1559 10.380536785151078
1560 10.412551516719821
1561 10.214855425432775
1562 10.547645906000422
1563 10.422352021060165
1564 11.127398010201969
1565 10.458518863097458
1566 10.375421902858255
1567 10.717070521142935
1568 11.036378205517341
1569 10.908648755779717
1570 10.267546227205065
1571 10.780148867395635
1572 10.907120816624097
1573 11.10997480401745
1574 10.777355464245264
1575 10.969237321022845
1576 10.527929571584291
1577 10.624056479247015
1578 10.636178561283069
1579 11.024480307504552
1580 11.16749953896239
1581 11.498657556783376
1582 10.593703394425868
1583 10.91934141787358
1584 11.021045937130225
1585 10.921763093499495
1586 10.377860211138314
1587 11.3714652209798
1588 11.119676637012764
1589 10.824665684083772
1590 11.430416897626662
1591 10.547468216133094
1592 10.521388598019211
1593 10.470501380293175
1594 11.691132144856146
1595 10.309893425153923
1596 10.317062103122016
1597 10.987293817055813
1598 11.15680568031651
1599 10.61495867036552
1600 10.774113545745092
1601 10.937837475728209
1602 10.877085406799798
1603 10.787512007707965
1604 11.21048265624189
1605 10.919725488350053
1606 11.09783751605327
1607 11.089614796218811
1608 10.573754720863324
1609 10.468330405392082
1610 10.778872637191245
1611 10.817379173524708
1612 10.939094998653731
1613 10.705016429828769
1614 10.900955052523669
1615 11.10857027291917
1616 11.27425877509132
1617 11.438331235168452
1618 11.297190071228021
1619 10.664709904105907
1620 11.182646875318222
1621 11.274542531833077
1622 11.018350058794626
1623 10.790533518016964
1624 10.79115060699264
1625 11.307378520769795
1626 10.843736131570722
1627 10.967258906769295
1628 10.008116831466715
1629 9.849770188082553
1630 9.943136176589118
1631 10.305662252301753
1632 10.637938172609283
1633 10.490306864776029
1634 10.354935817796045
1635 11.198845275299155
1636 10.533922062645463
1637 11.053185241316093
1638 11.272822257229473
1639 10.666723725318013
1640 10.729240717599362
1641 11.004479612366202
1642 10.295133871829783
1643 10.043678026119034
1644 10.973993744567398
1645 10.929920737269265
1646 10.243429324255649
1647 10.563071712690794
1648 9.820721377421846
1649 9.92853452028726
1650 10.208735846756632
1651 10.826715963938026
1652 9.981958194685445
1653 10.242531965718278
1654 10.784944371640428
1655 10.715424878465527
1656 10.015359356383144
1657 10.423857289091966
1658 10.69297722450489
1659 10.53285773704563
1660 10.397403338251742
1661 11.15186549710562
1662 10.58878644554639
1663 10.495931053394804
1664 11.10672556569651
1665 11.25333543952829
1666 11.21945738547407
1667 11.939832233037208
1668 11.48678731560254
1669 10.938701036953539
1670 10.417074631864258
1671 11.256269703739722
1672 11.428904800775248
1673 10.838423122957378
1674 10.924544811661034
1675 11.376080097912107
1676 11.134885446385512
1677 11.256771761296074
1678 10.948141237846746
1679 10.694456636527308
1680 11.01228758318518
1681 10.530668488420483
1682 11.127509577196722
1683 10.706788320686604
1684 11.134719795531687
1685 10.46046240829275
1686 11.21402119228573
1687 10.839547847791334
1688 11.828792550775118
1689 11.308955909694452
1690 10.622908830016991
1691 11.08667136603175
1692 11.278883046221098
1693 10.26018305406652
1694 10.709339730314031
1695 10.805874921901038
1696 10.330450346852915
1697 11.923471583905785
1698 11.309405453629427
1699 11.265854902216608
1700 11.112721157795773
1701 10.912734773419563
1702 10.569418390261148
1703 9.99739297839976
1704 11.291829352365033
1705 10.826228401728626
1706 10.493048364679224
1707 11.145525085377885
1708 10.993093356232304
1709 10.827934537435102
1710 10.878161924259466
1711 10.941185393412933
1712 11.28869460267574
1713 11.416023049317594
1714 10.934581085040781
1715 11.085128959588943
1716 10.475887520706578
1717 11.29658469851307
1718 11.322149264976957
1719 11.107845473121596
1720 11.132247020125615
1721 11.258412621106169
1722 11.020792827516987
1723 11.154777536678697
1724 10.710163537187874
1725 10.846742430807652
1726 10.571332736897634
1727 10.992140430144072
1728 10.864529094998518
1729 11.286328430469649
1730 10.606871516761732
1731 10.610131907315225
1732 11.759176840861363
1733 11.974873291338309
1734 10.637131841140773
1735 10.877383259533483
1736 10.755075248055025
1737 10.94770154573791
1738 10.99708386614908
1739 10.757935411915524
1740 10.727663976990238
1741 11.04376925092429
1742 10.718143335682983
1743 10.467236438883441
1744 10.178730667694104
1745 10.68467915016935
1746 11.006088250225751
1747 10.964812080835426
1748 10.419584464317804
1749 10.642837163198914
1750 10.440009922812544
1751 10.436802712121954
1752 10.63164014938276
1753 10.738669568148147
1754 10.233829159850965
1755 10.454858162422862
1756 10.491667662791507
1757 10.324264250052083
1758 10.305616941939077
1759 10.72736181195589
1760 10.463750582055651
1761 10.807743917135332
1762 10.720529557651993
1763 10.592736803742376
1764 10.107422659700157
1765 10.061177421667045
1766 10.757458252173732
1767 10.61606319305079
1768 10.750795148756586
1769 10.659166682946983
1770 10.016584455359608
1771 10.28931329337028
1772 10.407638978170587
1773 10.054803737465644
1774 10.084001687272114
1775 10.037472982478302
1776 10.320613629521368
1777 10.417171514640895
1778 10.705780383413435
1779 10.407299346192712
1780 11.065673463185448
1781 10.23830120895459
1782 10.485048846810509
1783 10.740627413501615
1784 10.097808718165062
1785 10.105039984670105
1786 9.997817315438969
1787 10.528512176837232
1788 10.290945008950219
1789 10.063534992376116
1790 9.903472932140879
1791 9.832477531324697
1792 10.543839030402353
1793 9.839108592084925
1794 10.200514459190988
1795 10.791576607012859
1796 10.71088979107705
1797 11.767933798229391
1798 11.448099332345835
1799 10.555047627169403
1800 11.489565102288044
1801 11.968757965796902
1802 10.577874161061724
1803 11.294228904522807
1804 12.13938249613204
1805 11.77256797862717
1806 11.470607362556166
1807 10.651399074475389
1808 11.31768990693676
1809 11.766776232894555
1810 10.610472428373589
1811 10.654641915094134
1812 11.069830708579433
1813 11.358153761016766
1814 11.100581280616101
1815 10.825858605240269
1816 11.41356498192092
1817 11.595039051176775
1818 10.991604246752305
1819 11.589313173113926
1820 11.931774704402965
1821 11.221953467481319
1822 11.44284587746284
1823 10.973238524457397
1824 10.632924307267023
1825 11.342042140286212
1826 11.462366743664713
1827 10.747631695558537
1828 10.814432434582656
1829 10.55396448467176
1830 11.409768247317896
1831 11.7143065432251
1832 11.585759117997345
1833 11.687244507013013
1834 12.114448073530022
1835 11.480528317278532
1836 10.026118799817105
1837 10.996869392374053
1838 10.788618727956607
1839 10.130124313892095
1840 11.728020582699937
1841 11.242660493281804
1842 11.161957121429248
1843 11.28739922966689
1844 10.987058181885669
1845 10.251745501646832
1846 10.16326318440052
1847 10.093988043486075
1848 10.83686421853159
1849 10.611903522314625
1850 12.359663404213563
1851 11.06305890349732
1852 10.838809341983728
1853 10.701464685385615
1854 10.42705023910102
1855 9.994420317731091
1856 10.272698907846834
1857 10.320113828807331
1858 10.888348769777354
1859 10.11116295503908
1860 9.788349410137958
1861 10.702916966429648
1862 10.085015823143111
1863 10.043568872196374
1864 10.338309752413835
1865 10.714908470231038
1866 11.425640918543523
1867 11.497837309692205
1868 11.06123976058775
1869 10.854054561494042
1870 11.363841432279937
1871 10.90938726847342
1872 10.929238231461554
1873 11.953020073147444
1874 11.552075681537008
1875 10.99104734981513
1876 11.257612637515612
1877 10.948913641138285
1878 11.516831074858072
1879 11.02421464452998
1880 11.176375738710247
1881 11.833616814770815
1882 11.370100062360557
1883 11.218587789500887
1884 11.33734758863578
1885 11.81103013342781
1886 11.56878047561843
1887 11.738689567465968
1888 11.712522512016376
1889 11.228558270329719
1890 10.940560036771826
1891 11.627183802492377
1892 11.621570515459638
1893 11.237249385098252
1894 11.412876611304949
1895 10.929033017536362
1896 11.332916876760201
1897 11.60628578712284
1898 10.89359708540891
1899 11.322885635884427
1900 11.461921942204542
1901 11.24587575721956
1902 10.615936097470863
1903 11.387698477230307
1904 11.483744043795648
1905 11.109149205843861
1906 11.061143565324457
1907 11.459102625870887
1908 11.45194262366103
1909 11.424467381932446
1910 11.679619531796018
1911 11.460586941695619
1912 11.065875199706655
1913 11.399148362010395
1914 11.268179625005503
1915 10.87428636233908
1916 10.964884696246818
1917 11.82078883050468
1918 11.498960178405872
1919 11.401573996659945
1920 10.991166122443053
1921 11.316239968521502
1922 11.233057983233087
1923 10.916204681110974
1924 11.419717544252315
1925 10.916974322386054
1926 11.27713467707984
1927 10.410625448325064
1928 10.72114944286919
1929 11.084477199052609
1930 11.262295095071822
1931 11.345247871075545
1932 10.827622516850836
1933 10.789764148571386
1934 10.835357546000198
1935 11.523524482005277
1936 10.534693065812466
1937 10.791897690171144
1938 10.872472596054873
1939 11.252286804641534
1940 10.952866276516257
1941 11.042904937098347
1942 10.984491663271363
1943 11.652655211884321
1944 11.586652672384213
1945 11.71243871134318
1946 11.21701674833985
1947 11.11556199247798
1948 10.82288366599458
1949 10.988604763951644
1950 11.273681215744569
1951 11.386942974433929
1952 11.67325041774451
1953 12.057141431168235
1954 11.54074762863058
1955 11.54433825889219
1956 10.768550478952884
1957 10.290602346523253
1958 10.310312875369007
1959 10.917257048555028
1960 11.305789029125362
1961 11.09019869552467
1962 11.213884175886013
1963 11.631438181443473
1964 11.543075349684337
1965 11.427984701500934
1966 11.679345409815113
1967 11.610171395944299
1968 11.207081804939733
1969 11.058277328677056
1970 11.468034735283723
1971 11.466855064138725
1972 10.629752358055319
1973 10.538846214302808
1974 10.183153887398447
1975 9.955383378843312
1976 10.537366071138944
1977 11.148120253776767
1978 11.139389418994059
1979 10.560917410577227
1980 11.022762006343326
1981 10.115907487360081
1982 11.05106376927872
1983 11.27676927247073
1984 11.576735147718896
1985 11.544299740472873
1986 11.660939089847867
1987 10.594278707514968
1988 10.860393278537533
1989 10.574767956654192
1990 10.716018566668067
1991 10.715184689285248
1992 10.998755175417323
1993 9.525434113630311
1994 10.185164514294172
1995 10.2618423751566
1996 10.202769048196163
1997 9.860031346467474
1998 10.616228883390793
1999 10.339908063232107
2000 10.37892284898087
2001 10.564705633013675
2002 10.21518460797996
2003 10.289293946722255
2004 9.7336433767994
2005 10.103609466221933
2006 10.33628478662109
2007 10.47680257897179
2008 11.069161465315855
2009 10.379457432384731
2010 10.064731978251903
2011 10.056669273627403
2012 11.328673696841498
2013 11.222575031492365
2014 10.195395576827368
2015 10.153986715178904
2016 10.350982300141393
2017 10.647263909828592
2018 10.551041444082635
2019 10.824620338744563
2020 9.68715297244207
2021 9.749070164351672
2022 10.120021593325705
2023 10.085553126489133
2024 10.89048121694278
2025 9.745168251174295
2026 9.742643102140644
2027 10.249834412055643
2028 9.132440664717633
2029 9.807361873224883
2030 10.07244745090564
2031 10.499175897501821
2032 10.61305096477558
2033 10.142414546544025
2034 10.089184266425747
2035 10.132002003868553
2036 10.68151971630467
2037 10.528018826082203
2038 10.499907899976472
2039 11.198136734304285
2040 10.739006034358962
2041 11.499152184523544
2042 10.655095067952171
2043 10.698094081881804
2044 11.035579399152944
2045 11.489135582026496
2046 11.50234559176779
2047 11.854426703203258
2048 10.672175828992684
2049 11.372591193756904
2050 11.394864713826465
2051 11.391438558744396
2052 9.94056874417534
2053 9.999868864213392
2054 10.322314834945466
2055 11.44347562812722
2056 10.531342858136657
2057 10.54508438053472
2058 9.938740456938842
2059 11.11463175894539
2060 10.690899174883997
2061 11.591371585983998
2062 10.643327758609765
2063 10.313216175589277
2064 10.701284182730829
2065 10.105004473671329
2066 10.046500773150365
2067 10.565423737576499
2068 9.97913308577275
2069 9.925628726555981
2070 9.8766675630484
2071 10.274740287074135
2072 10.616553422885314
2073 10.054739684623327
2074 10.63294277056247
2075 9.97712026827676
2076 10.344723835326903
2077 10.053246614513094
2078 9.926001241301803
2079 10.208981016354116
2080 10.453793986026085
2081 10.092424354911612
2082 10.30894204742919
2083 10.481181964050629
2084 10.348384145620019
2085 10.469983076050271
2086 9.9210886274216
2087 10.538560561901827
2088 10.905455616649649
2089 10.086897765660725
2090 10.118997297424142
2091 10.141243950733303
2092 10.77491019698862
2093 9.663327360983466
2094 10.412722589670146
2095 11.320154181997525
2096 10.443137294028642
2097 10.199159971490483
2098 9.50035245971087
2099 10.426036169255829
2100 9.560390327419459
2101 9.401375660971764
2102 10.310814717522428
2103 9.802561849473387
2104 10.079126278598123
2105 9.54479936218793
2106 9.83918721516945
2107 10.073121648993311
2108 10.368698691402082
2109 9.63685994637116
2110 9.42846038939589
2111 10.091090717155863
2112 9.956108700425586
2113 10.577488994516651
2114 10.245033783190262
2115 10.03690767002389
2116 10.269184553103024
2117 10.09984669853362
2118 10.205691994569117
2119 10.45765836285191
2120 9.730778779039516
2121 10.151192622217085
2122 10.031812660028615
2123 10.066150817311287
2124 10.143202362478366
2125 9.889808361443617
2126 10.194781660231108
2127 10.771352043045805
2128 10.032683334629866
2129 9.74591795095297
2130 10.78703395603393
2131 10.33867543843257
2132 10.096384091365623
2133 10.209575774219843
2134 10.425768458288804
2135 10.655547049996555
2136 10.373151663740897
2137 10.694795629245817
2138 9.993993870694121
2139 10.800237227064683
2140 10.52106492278233
2141 10.537683254955466
2142 10.668478854482592
2143 10.611213838762442
2144 11.053074983065013
2145 10.964226615258402
2146 10.895564799426545
2147 10.982327662426933
2148 11.144104442865551
2149 11.115554606592026
2150 11.244174675347416
2151 11.03334445860749
2152 10.711482573655928
2153 10.482729288081362
2154 10.399452484619786
2155 10.042430770523012
2156 9.954819205066743
2157 9.971712306810867
2158 9.999016453031224
2159 10.411539232284516
2160 9.635405209146608
2161 9.656046636576658
2162 9.861168707727444
2163 9.871036955662436
2164 9.963725228969375
2165 9.775399638108334
2166 10.36565245404126
2167 9.757142923139856
2168 10.348455526063441
2169 9.977942665792497
2170 10.295863201196104
2171 10.621577175200692
2172 9.938817759311963
2173 10.316848574754202
2174 10.271778163138135
2175 9.659813075088731
2176 10.265560206898693
2177 10.464140810420098
2178 9.895350557268506
2179 10.264427837044149
2180 10.054053012336858
2181 10.385841303638479
2182 10.006305274905534
2183 9.840569285103548
2184 9.876343526235729
2185 9.965985708549844
2186 10.1573692349889
2187 9.66927053897085
2188 10.330688382416614
2189 10.101904570822251
2190 10.726568096418315
2191 10.691760186458108
2192 10.026378145388074
2193 10.252293715402452
2194 10.630274047083772
2195 10.701370151723612
2196 10.068411602610697
2197 9.905768475018798
2198 10.158370958011442
2199 10.131187458091977
2200 10.38674686348794
2201 10.34848211760979
2202 10.133312263534192
2203 9.961907618082403
2204 10.052183580469386
2205 11.395703517943838
2206 10.09131482557058
2207 10.436077175650272
2208 10.179136682735997
2209 10.014877799301457
2210 10.455715631591438
2211 9.49502671738835
2212 10.282140411488896
2213 9.995561993009064
2214 10.10126726865093
2215 10.032263207375788
2216 9.58443076635785
2217 10.24453730871444
2218 9.907228913899285
2219 9.748123613968088
2220 10.065807482595245
2221 10.1721555738978
2222 10.199509181713218
2223 9.934669967500579
2224 10.00353078979697
2225 10.077330179968946
2226 10.178463856301564
2227 9.92228666146751
2228 10.330688806273114
2229 9.689261676528684
2230 9.939123387956972
2231 9.853769072439675
2232 10.297727815881537
2233 10.475153514764234
2234 9.970038131299805
2235 10.29796487077903
2236 9.501852486336954
2237 10.25991697207317
2238 10.093975408516282
2239 10.617283497235084
2240 10.586584287937704
2241 10.73095346031363
2242 10.325229191317487
2243 9.563842020177086
2244 10.111953065632267
2245 9.74853146758011
2246 10.348447926231376
2247 10.505315943604252
2248 10.316781314279622
2249 10.294582401558392
2250 9.679953078255336
2251 10.15650388519817
2252 10.139256118719974
2253 10.256540943194226
2254 10.186946178285417
2255 10.139572188036057
2256 10.272514030618023
2257 10.111827636298214
2258 10.042771422272107
2259 9.53444103759572
2260 10.529898977283619
2261 10.487188594918145
2262 9.845095052542783
2263 10.38421443052264
2264 9.707392714405978
2265 9.609932244763739
2266 9.588213611225832
2267 10.159331479044852
2268 10.191427693613683
2269 10.076948262477027
2270 10.878122995163407
2271 10.498125298116348
2272 10.245998895381414
2273 9.962518089466725
2274 10.452994921228138
2275 10.144327606257155
2276 10.36484538450745
2277 10.485213679826288
2278 9.86274195337249
2279 10.014044270159253
2280 9.699910157728857
2281 9.955761098345564
2282 10.441032223770302
2283 9.94968753103767
2284 10.157341078296856
2285 10.19687346002093
2286 10.455614307954589
2287 9.499212494327232
2288 9.945241306131978
2289 10.016147876155546
2290 9.850615395543347
2291 9.08082971476306
2292 9.779348737673983
2293 9.762595600178294
2294 10.098698919146134
2295 9.82473128975356
2296 10.330573359143418
2297 10.337347616850655
2298 10.087917955187773
2299 9.972825946354241
2300 10.1232948029349
2301 10.312693281379161
2302 10.178300059726183
2303 9.94454769527469
2304 10.14528391124342
2305 10.352663535867064
2306 9.666429733390883
2307 10.015911514162372
2308 10.071601050000465
2309 10.1089703137272
2310 10.4369509232351
2311 10.073422210120693
2312 10.147467700972909
2313 10.616081258719412
2314 10.076204477287805
2315 10.263815941265122
2316 10.321616697515644
2317 10.169505942030172
2318 9.671194371204125
2319 10.048600247187009
2320 9.853765756046519
2321 10.104668822762688
2322 10.268299998088187
2323 10.01398525864725
2324 9.890374172956765
2325 9.858239779549528
2326 9.885299501216906
2327 9.996014064575764
2328 10.124772952402054
2329 10.14597171395519
2330 10.242759768874505
2331 10.318049188201302
2332 10.589076048025726
2333 10.693655198428223
2334 10.31922603744333
2335 10.610630940039615
2336 10.666061341165909
2337 9.848194026998184
2338 10.034403892646461
2339 10.129161186569972
2340 9.522908530708168
2341 10.051992677380408
2342 10.106528537951768
2343 10.266448442170896
2344 10.31187076179435
2345 9.569327911134955
2346 10.184474632613268
2347 10.3773238597924
2348 10.641303266845046
2349 9.984686270838456
2350 10.198458246400923
2351 9.764111309550625
2352 10.38983529502246
2353 10.547963284521177
2354 10.684799434258421
2355 10.656054953928248
2356 10.466983064607136
2357 10.637634754700724
2358 9.572269855260407
2359 10.159419405647178
2360 9.884817421954237
2361 9.503953880123317
2362 10.090946508651442
2363 9.963489085173546
2364 10.170043514506833
2365 10.509197013712402
2366 10.545725629808457
2367 9.794025918628376
2368 10.313445572319718
2369 10.799022297100903
2370 9.845966818290853
2371 9.623679045689068
2372 9.960478018107876
2373 9.563665964816183
2374 9.654390836649892
2375 9.727976532422016
2376 9.94568688636428
2377 9.83249305709374
2378 9.194575220914926
2379 9.607620222942302
2380 10.389395132613753
2381 9.878836897684236
2382 10.085464955504525
2383 10.3911167887367
2384 9.798137109815261
2385 9.6798065816747
2386 9.872950361879752
2387 10.310291810476173
2388 10.430138666249785
2389 9.99729089995994
2390 9.839564585251892
2391 10.071718752996858
2392 10.579581691505677
2393 10.436980186897186
2394 10.215816550170485
2395 9.829496138871212
2396 9.874473536825096
2397 9.844347580850537
2398 9.799390700486576
2399 10.087411188794535
2400 9.999056839395385
2401 9.804563118262754
2402 10.34819358175707
2403 9.84316195678643
2404 10.158139529217774
2405 10.176468327400686
2406 9.901067405266149
2407 10.25410737432201
2408 9.862526043440846
2409 10.279359961912437
2410 9.55921001297076
2411 10.164737804597697
2412 9.739987361062418
2413 10.090403947057194
2414 10.220022156027674
2415 9.984203873184418
2416 10.37756881568401
2417 10.076629678253182
2418 10.447185081459692
2419 10.348679924226428
2420 9.808426605681566
2421 10.661184880562555
2422 10.631650748860876
2423 10.384980913772845
2424 9.908402564614374
2425 10.247315931151947
2426 10.17857063338099
2427 9.873465646672706
2428 10.057362743274714
2429 9.97746102163854
2430 9.86203669854086
2431 10.035004125003661
2432 10.165730170306134
2433 9.867856118688612
2434 9.873099474409091
2435 10.5122731726328
2436 10.546303184145275
2437 10.529948032417076
2438 10.005930547655666
2439 8.704591108296533
2440 9.627429805185312
2441 9.51490962062205
2442 9.828876381478464
2443 9.542523644917472
2444 9.493460921514194
2445 9.122630844212045
2446 8.693686676627273
2447 9.067546126434344
2448 8.651789627794846
2449 9.087135949945193
2450 9.639533713431694
2451 9.063832150648311
2452 9.67605099459171
2453 9.562961078632165
2454 9.1459649291239
2455 9.42783114638023
2456 8.956743234000461
2457 9.57303863224311
2458 9.586719385815563
2459 9.316917515311212
2460 9.61981839898033
2461 9.776652284740885
2462 10.04215410965541
2463 9.618878917090733
2464 9.84434976425009
2465 10.701139864840078
2466 9.579206017086474
2467 9.72266718490851
2468 10.060669549675099
2469 9.697588075353739
2470 10.20149871909161
2471 9.678923310741176
2472 9.971490698407173
2473 10.412923566569606
2474 9.860570475439003
2475 10.359125623189707
2476 10.033162706802432
2477 10.032432456431346
2478 9.800152342248882
2479 10.029292839210477
2480 9.708107984940378
2481 10.099131047398728
2482 10.227171493006074
2483 10.311943576998557
2484 10.516666820700092
2485 10.489580156669623
2486 10.19093195947641
2487 10.401228663763037
2488 9.390625212150166
2489 9.666033508683272
2490 9.497657385856511
2491 9.925072415980123
2492 10.065109013122074
2493 9.629412211209534
2494 10.121630244371651
2495 9.691620740099927
2496 9.43433474265285
2497 9.808562098473146
2498 9.688007055258947
2499 10.176384166684526
2500 9.902834540284589
2501 10.546809959887149
2502 9.319973493110728
2503 10.416612678685329
2504 9.842525724960119
2505 10.365663634869351
2506 9.935268292699552
2507 9.518415276730842
2508 10.077678076621792
2509 10.28428114198925
2510 10.276723506168015
2511 10.314035002111856
2512 10.856958030654445
2513 10.077042698068583
2514 10.543479043101158
2515 9.917300981291515
2516 9.059292074137472
2517 9.89509040611087
2518 9.698038029168305
2519 10.120709815140106
2520 9.944634544810132
2521 9.695366466518367
2522 9.341907235522559
2523 9.376998186583581
2524 8.853789002403643
2525 9.494898374657284
2526 9.138610258446953
2527 9.709723364045429
2528 9.294084299816083
2529 9.793986086185845
2530 8.910324173405177
2531 9.832239713418915
2532 9.96457739754465
2533 9.712192451189143
2534 9.3716892539734
2535 9.76617228148978
2536 9.998682288145892
2537 10.15878202131904
2538 9.732721898468734
2539 9.47858639433046
2540 10.238104314812764
2541 10.532930534404661
2542 11.202434682779934
2543 10.462655980365586
2544 10.799115783620437
2545 10.50743506142408
2546 10.838696462310434
2547 10.21248434808737
2548 10.803449757958388
2549 9.712596305063183
2550 10.375000205984987
2551 10.769744626437411
2552 10.916533625556786
2553 9.693824758324673
2554 10.745739050213768
2555 10.60435743096824
2556 10.563385751793929
2557 9.755360867036467
2558 10.159499816548129
2559 10.919438041400218
2560 10.71895724275245
2561 10.576479053409068
2562 9.854194866187266
2563 10.60910718737112
2564 10.391606143517283
2565 10.433467708872048
2566 10.265487830223352
2567 10.545449471965624
2568 10.24284938450031
2569 10.036176021633382
2570 10.717990275879986
2571 11.062421150913824
2572 10.609110268729879
2573 10.727864662005882
2574 10.827246829980746
2575 11.038330713791849
2576 10.884932569105127
2577 10.52389677034649
2578 11.065526024248975
2579 10.96887916373655
2580 10.715302109592347
2581 10.919822212826654
2582 10.225755692501519
2583 10.225991320608163
2584 10.794988429905205
2585 10.84798446075656
2586 11.29405741810989
2587 10.779475624326846
2588 10.824472357743266
2589 9.975157566749951
2590 10.302764988157138
2591 9.889920840106099
2592 10.838944271476493
2593 11.529835979946165
2594 10.214305130897866
2595 10.121314763915892
2596 10.93488317504035
2597 10.448848554129453
2598 10.224783975729954
2599 9.987641600801876
2600 10.77149451667217
2601 11.078500659336582
2602 10.49225588043476
2603 10.87315493739825
2604 10.488042392242017
2605 10.610682968906751
2606 10.372802746265908
2607 10.668152888678168
2608 10.40245765741693
2609 9.697989986426435
2610 10.862431638773035
2611 10.357622681939018
2612 10.046156613627888
2613 9.692613096053842
2614 10.196820030045192
2615 10.614639950091668
2616 9.899045149202655
2617 10.080094692184597
2618 10.371117541795272
2619 10.073080895774137
2620 10.293152871223485
2621 10.175931089081947
2622 9.48480722789145
2623 10.306813620394022
2624 10.43004400333475
2625 10.555357293965365
2626 10.07047585614945
2627 10.59851886044438
2628 10.012787354304226
2629 9.606681912790624
2630 9.889550249173102
2631 10.349660125697623
2632 10.216212065946213
2633 9.94533312295233
2634 9.985742027216585
2635 9.973924698256342
2636 10.543712511621862
2637 11.213501085508819
2638 10.566786531031342
2639 10.471313624717713
2640 10.365127157384139
2641 10.43854018517607
2642 10.495600304521336
2643 10.715029483911204
2644 10.45759045308934
2645 10.521129853528983
2646 10.526227788557224
2647 10.870948759117677
2648 10.818428761583972
2649 12.42272435701907
2650 10.761792963225671
2651 10.57699988307585
2652 10.509573314625902
2653 11.095245189875072
2654 11.072449186588791
2655 12.149698616801132
2656 10.8936159409026
2657 10.40875263900328
2658 10.278999440263386
2659 11.109517776921518
2660 10.397763530130518
2661 10.799575315061992
2662 11.103665311699586
2663 11.085160140553697
2664 11.07059769478491
2665 11.298192257989136
2666 10.12192109941832
2667 10.764883003630088
2668 10.584112542573397
2669 10.957840043483895
2670 10.559381771775298
2671 10.436084568584333
2672 11.413236725160603
2673 10.75596133747302
2674 11.235099117725724
2675 10.042644180167429
2676 10.610802467938322
2677 10.628381107848549
2678 10.68981376632506
2679 10.69081832280308
2680 11.171401134027255
2681 10.812715322817498
2682 10.283884123479092
2683 11.462892929688156
2684 10.426751037090392
2685 10.76632371157663
2686 10.875423384534452
2687 11.469381784766139
2688 10.82891784118656
2689 11.713769308239211
2690 11.50726102310024
2691 11.613875109360754
2692 10.8769444261761
2693 11.00649439453833
2694 10.631391130082973
2695 11.592813540639808
2696 11.543029969574793
2697 11.484908711085
2698 11.198732496659142
2699 11.81337619087958
2700 10.986519515116873
2701 11.161744083415398
2702 11.282977747295403
2703 11.275953970277351
2704 11.150865278031276
2705 10.867166910309049
2706 10.636563287637587
2707 10.949370705354964
2708 11.573867988030065
2709 10.805839078742482
2710 10.240645821180955
2711 10.410892481947782
2712 10.927027939300254
2713 10.65909765224686
2714 11.065662745285717
2715 10.878242085314836
2716 10.621555033279096
2717 11.014969601853212
2718 10.504042582072257
2719 10.550148578388553
2720 10.260925320796424
2721 11.16815884145316
2722 10.700046385573124
2723 10.534410659762845
2724 11.119327174171154
2725 11.305945773056635
2726 10.879769079697558
2727 10.994260300128063
2728 10.716754946363558
2729 10.688169476527822
2730 10.381217946375346
2731 10.966141401473438
2732 10.922821062992497
2733 10.444332245316238
2734 10.266161880587916
2735 10.749478955323031
2736 10.881490383805293
2737 11.203340538030226
2738 11.160560935617555
2739 10.7758809382283
2740 11.140014642371161
2741 11.056180266887047
2742 11.32898123428431
2743 10.864951453946558
2744 10.551570382121863
2745 10.38037577665421
2746 10.590820631493392
2747 10.744398113736214
2748 10.784686791565735
2749 10.336264437856249
2750 10.590473928809141
2751 10.184556589900106
2752 10.975892704750905
2753 10.324686866873275
2754 10.421371234835988
2755 10.824922464055398
2756 11.007103461109395
2757 10.669493150695
2758 10.653717308906915
2759 10.910579901650225
2760 10.562691309076637
2761 10.923861575881634
2762 10.557870012539535
2763 10.816608122453765
2764 10.577219250393062
2765 10.98763971880037
2766 10.322915141137308
2767 10.055134842406135
2768 10.866441521354188
2769 11.496334373271326
2770 10.682895091481408
2771 10.739774705626948
2772 10.208403668314453
2773 10.148622525842576
2774 10.864153242341962
2775 10.866797264587797
2776 10.563825158689896
2777 10.022766955309116
2778 10.39700887570665
2779 11.053349543315687
2780 10.794942149791517
2781 10.81155060537238
2782 10.763758641180898
2783 10.65248804950228
2784 10.074813655763066
2785 10.594944215846427
2786 10.11714962971533
2787 10.47040966649157
2788 10.33622702990511
2789 10.699147552012882
2790 10.750893185918185
2791 10.880432534972142
2792 10.261002621527936
2793 10.781411338516703
2794 11.34812909983523
2795 10.66282894275201
2796 10.650595048292043
2797 11.05481822656989
2798 10.779365297937643
2799 10.83822911559279
2800 10.190775098305124
2801 10.51489082191563
2802 10.587273885208068
2803 10.059861439158572
2804 11.279888448923538
2805 10.561128711431012
2806 10.71992849395888
2807 9.876030138738596
2808 10.107347990831508
2809 10.818210626917555
2810 10.236819295314302
2811 10.646539122067855
2812 10.13242426219504
2813 11.033686610472085
2814 10.412895608870935
2815 10.680349687352164
2816 10.855962240099005
2817 10.541249827431027
2818 10.800191667654824
2819 11.362037429927268
2820 10.946394825890005
2821 10.773451054312996
2822 11.074801098304473
2823 10.549775300391891
2824 10.902685115392881
2825 10.895833758394527
2826 10.562477827382963
2827 10.361360689929645
2828 10.879366945339548
2829 10.035893827592075
2830 10.646388972476098
2831 10.48804769687518
2832 10.811573727732698
2833 10.903251929406096
2834 11.161899916934642
2835 10.79014099121814
2836 10.852474300184122
2837 11.234187072840518
2838 10.790891562899388
2839 10.86353894809398
2840 10.758103570015503
2841 10.878154821181502
2842 11.134941746233867
2843 11.219884888455304
2844 10.159933117860035
2845 10.556801695405007
2846 10.98662290568986
2847 10.818661500210574
2848 10.537792287077373
2849 10.72122332676935
2850 10.846296235411067
2851 11.11640297896173
2852 10.946844272436255
2853 11.23705902701991
2854 11.230949959046924
2855 10.850389246872481
2856 10.34853030291303
2857 10.508933462548113
2858 10.554541955315482
2859 10.990984443493206
2860 10.908727107607618
2861 11.399300615051855
2862 10.818127765959472
2863 11.088070841778203
2864 11.404027811825657
2865 11.717443557922556
2866 11.52555071012094
2867 11.50121300704734
2868 10.749302248717159
2869 11.131337616987333
2870 10.969866382493596
2871 11.016508795550575
2872 10.837949363685572
2873 11.001291134547289
2874 11.16466159119404
2875 10.636876779265965
2876 10.778399659707919
2877 11.077890694637503
2878 10.923431913575834
2879 10.999342616422364
2880 11.140615693283094
2881 10.629387933872293
2882 10.675100661112264
2883 10.499807770325639
2884 10.194874214272058
2885 11.132580148132625
2886 10.867739711268728
2887 10.892327278633303
2888 10.880912046875084
2889 10.267290616882127
2890 10.441627946634874
2891 10.333629876918819
2892 11.39507747491959
2893 10.094979885569591
2894 10.394626207554763
2895 10.730806099036931
2896 10.602970134108569
2897 10.739174706496627
2898 10.33897703987634
2899 10.55129709894558
2900 10.257005008041768
2901 10.627014319519159
2902 10.308943743007022
2903 10.697758762184952
2904 10.592533310117878
2905 10.29222269664456
2906 10.525440000832308
2907 10.450193397971454
2908 10.680989110628513
2909 10.684216858887677
2910 10.484617509796962
2911 11.215513625571987
2912 10.765364823220342
2913 9.855920846342821
2914 10.709009142244918
2915 10.339323434448637
2916 10.405662647855396
2917 10.93140003256205
2918 10.489136185853537
2919 10.72730828617313
2920 10.982773794585905
2921 11.516238122374816
2922 11.129983376247807
2923 10.990202076591643
2924 11.713663876163784
2925 10.815772699838595
2926 11.232731924770698
2927 10.8637010016035
2928 11.257344556020632
2929 11.111471127254882
2930 11.026977249217236
2931 10.578108923787077
2932 10.018448099146305
2933 10.180145965747428
2934 11.042448931825477
2935 9.86085965699064
2936 10.782762342099074
2937 10.799802092329543
2938 9.922432857513629
2939 10.878433491969924
2940 10.182880876146086
2941 10.296744569530453
2942 10.177290119476899
2943 10.324298673084249
2944 10.41764240693866
2945 10.194046269109043
2946 10.406219968982002
2947 10.373446974962537
2948 11.419933976472652
2949 10.731634174236104
2950 10.728505462512441
2951 10.902737987413204
2952 10.835830061635884
2953 11.166371774726269
2954 10.711485296536438
2955 10.99174394842795
2956 11.108838157034093
2957 10.166782495275498
2958 10.744768130256482
2959 10.737425344382524
2960 10.594872666461972
2961 10.56757428850053
2962 11.192071975897736
2963 10.665961638567586
2964 11.09777557712366
2965 10.948318432804545
2966 10.687558605638587
2967 10.832942963959562
2968 10.528010945189063
2969 11.075534334825331
2970 10.69264982035304
2971 11.068791900851028
2972 10.821427133005919
2973 10.838393444889764
2974 10.47261253202846
2975 10.925095352088501
2976 11.055276826656776
2977 10.077719328918446
2978 10.883410825447504
2979 10.761436551338376
2980 10.768064792932448
2981 10.825063626498643
2982 10.4446661748265
2983 10.52112211493291
2984 10.702391788674456
2985 11.057358229459782
2986 10.919676497393649
2987 10.681236494520986
2988 10.026910155226059
2989 10.68798348763271
2990 10.118664247198701
2991 10.906835032613547
2992 10.547929989047136
2993 11.017248397759285
2994 10.237920073770068
2995 10.837829318431758
2996 10.837387851793402
2997 9.966412375152753
2998 10.449314902082694
2999 10.606599827429571
3000 10.934965198076723
3001 10.636561898906136
3002 10.542380850712297
3003 11.094304447279287
3004 10.202743281100387
3005 10.27045472813293
3006 10.986891273900888
3007 10.332426633333878
3008 10.591422178117005
3009 10.716380983681985
3010 10.422845725819773
3011 10.79014556258766
3012 11.021568687869676
3013 11.34817613204488
3014 10.477990935634951
3015 10.61141483814844
3016 9.155200345218871
3017 10.465968065311975
3018 9.79523152013137
3019 9.961847752153625
3020 9.82317771709974
3021 10.17345204911961
3022 9.702660586810627
3023 9.594191679363306
3024 9.656764755238894
3025 10.543127134650142
3026 11.784344000035135
3027 11.457019257805413
3028 11.473210262015428
3029 10.52560892874042
3030 10.91995313062261
3031 10.456830492651855
3032 10.612415248933482
3033 10.760307077267356
3034 11.68916116821091
3035 10.585587596512882
3036 11.393223768705838
3037 11.647833833813074
3038 10.745048933952624
3039 11.231591566231092
3040 11.373181638405255
3041 11.092955058171617
3042 10.889047373113366
3043 11.033894468340993
3044 10.623703701521254
3045 10.892942728881671
3046 10.87169938219084
3047 11.188192683399983
3048 10.850453350125328
3049 11.0793801772501
3050 10.879983874602878
3051 10.447012379373264
3052 10.403201937886736
3053 11.023644305206558
3054 11.36069274375269
3055 10.156184399311552
3056 11.090466767635114
3057 10.653169528904243
3058 11.013338866693244
3059 10.869087195589767
3060 10.996296944435938
3061 10.684490922239444
3062 10.680124116820807
3063 10.471227292709555
3064 10.625704830171482
3065 10.13327709624198
3066 10.451876930929561
3067 10.263104889192055
3068 10.23291774045971
3069 10.48704205725853
3070 10.361869083232735
3071 10.700453381370595
3072 10.255731158546132
3073 10.400902835670612
3074 10.219603312998826
3075 10.044552558118562
3076 10.104172738805138
3077 10.697100582759356
3078 10.822401644263412
3079 10.590800365944855
3080 10.434968677185857
3081 9.72742305283888
3082 10.763849651058152
3083 10.63465991469843
3084 9.926872056507952
3085 10.545481223737683
3086 10.125488831140702
3087 10.406117229163511
3088 10.827427153304438
3089 11.319388003137925
3090 11.16287890808373
3091 11.154378249551113
3092 11.518087670718653
3093 11.78858126759027
3094 12.103600891781829
3095 11.538876295292976
3096 10.849248387021436
3097 11.191452346400817
3098 12.204660855570484
3099 11.197248317523124
3100 11.274158049577101
3101 12.461924303873193
3102 11.584869101871819
3103 11.776638035305337
3104 11.015456949906453
3105 11.427104961919111
3106 12.460516804411574
3107 11.409866380043827
3108 11.610261322660453
3109 11.90163390081809
3110 11.971103628654658
3111 12.00069751652273
3112 11.83330892411794
3113 12.485691609491392
3114 12.164724903466741
3115 12.093538859277608
3116 12.152268011652101
3117 11.843943673099618
3118 12.350766845537601
3119 11.03474288320565
3120 11.802223237826118
3121 11.177671407592717
3122 11.386947662184623
3123 10.568535087492318
3124 11.17106876587457
3125 11.358173547502375
3126 11.113392656988575
3127 11.016980794517545
3128 10.76807269809641
3129 11.888255064380925
3130 11.53630135121772
3131 11.635564036797414
3132 10.980839937116826
3133 11.08125830558319
3134 10.731385615795979
3135 10.888975631880903
3136 10.970396148142187
3137 11.175607931914266
3138 11.544033655258579
3139 11.552846882892322
3140 12.306366768128756
3141 11.251498281366066
3142 10.622144048343484
3143 10.953568620857055
3144 11.040649276291383
3145 10.555136889516422
3146 10.663777275366046
3147 10.667701628806395
3148 10.058635035026906
3149 11.07069197439873
3150 11.213268574979162
3151 10.773217031480154
3152 10.756127462966093
3153 11.502807115231
3154 10.987158488497919
3155 11.014440274787566
3156 10.549649590500284
3157 9.845080549546092
3158 11.34079940048199
3159 11.068002642367768
3160 9.87130235056371
3161 10.59500437004166
3162 9.720934828253968
3163 10.931413293899592
3164 10.28341996851805
3165 11.103737067295059
3166 11.070238133202931
3167 10.674832537138224
3168 11.197787901620345
3169 10.57739399073779
3170 10.01407606080317
3171 10.376576269086094
3172 11.173365468417842
3173 10.712299242270333
3174 11.154640807501414
3175 11.05166738673628
3176 11.076610881846982
3177 10.485462045164095
3178 10.347698069546945
3179 10.736878156725664
3180 10.221280763649816
3181 10.227269195834973
3182 10.79868167719576
3183 10.682229154454847
3184 10.863220707793772
3185 11.248142687035017
3186 10.599748305350774
3187 11.279187273593763
3188 10.280542375275653
3189 10.84803451549618
3190 11.400440845052428
3191 11.425097249010872
3192 11.18231378293216
3193 11.071071645959904
3194 10.503951658893623
3195 10.843713965231895
3196 10.6189881816016
3197 11.696485516206641
3198 11.228999856187265
3199 10.44905646432655
3200 10.420130787113047
3201 10.344480566176479
3202 10.520068128565526
3203 11.784451861770403
3204 11.379364690079608
3205 11.20119392340481
3206 10.688510600542728
3207 11.258504587960688
3208 11.343213733731154
3209 11.35079093898925
3210 10.728478087387428
3211 10.82037862162765
3212 10.818360980145352
3213 10.968631940826958
3214 10.69420883330134
3215 11.637880415198547
3216 11.649134740625941
3217 11.216875756761326
3218 11.465270078481021
3219 10.903223434350895
3220 10.653042470609027
3221 11.501902870565942
3222 10.32713761508109
3223 10.753244424238092
3224 11.728926528814252
3225 11.040086432353473
3226 10.7476789987176
3227 11.53050527747348
3228 10.940334206537626
3229 12.002237311965294
3230 11.709066049868701
3231 11.481436936865645
3232 11.377551207784698
3233 11.05889459342287
3234 11.124651705880673
3235 11.371628827477199
3236 11.785482264075478
3237 11.219246227373594
3238 11.231034621282967
3239 11.031818536888203
3240 11.476843640918558
3241 11.377801182378043
3242 11.042795150824432
3243 11.03776067271405
3244 12.037871348262394
3245 11.32701041596907
3246 11.149515485322082
3247 11.374074169775731
3248 11.568447981810577
3249 11.00517418936809
3250 11.309093729982765
3251 11.993420140942366
3252 11.610309359993527
3253 12.112214926150786
3254 10.873751902584429
3255 11.866480443431145
3256 11.374517254957018
3257 12.32390909976369
3258 11.702041685196876
3259 11.30421381783899
3260 11.055505031065477
3261 11.093289020663427
3262 11.492729237902205
3263 12.117051898785478
3264 11.522463414972174
3265 11.140754338812627
3266 11.780753130656207
3267 12.161573650689293
3268 12.031801304147772
3269 11.465236023199521
3270 11.486866885595248
3271 11.296632071824044
3272 11.622742312603792
3273 11.947903578673268
3274 11.677906093161406
3275 11.758985514989241
3276 12.027104109207837
3277 11.714045324671497
3278 11.87402874901582
3279 11.935707949038576
3280 11.60037985122524
3281 11.422860226274134
3282 11.506707738175114
3283 11.3064353945647
3284 12.056826702796345
3285 11.853982457704058
3286 11.345230343867001
3287 11.330032104578109
3288 12.303886015640588
3289 11.195652524376476
3290 11.342662786513491
3291 11.529312952350285
3292 11.910425220815908
3293 11.52426514780313
3294 11.80180031696235
3295 11.894857229976076
3296 11.566933718073525
3297 12.392266847724308
3298 11.622596154357018
3299 11.484225845195116
3300 10.889122044266898
3301 11.808010603780467
3302 11.082543563874097
3303 11.80127508429906
3304 11.898977205946867
3305 10.836157413558503
3306 10.6075004112128
3307 11.44149061860097
3308 11.44798007155369
3309 11.33977668394582
3310 11.558436480831606
3311 10.982428357056207
3312 11.232780767990869
3313 11.10477061058608
3314 11.531916165914241
3315 11.922034132720228
3316 10.778588225068498
3317 11.304612925070087
3318 11.338471131669356
3319 10.74278660580155
3320 11.02726805400551
3321 11.027373156615912
3322 10.89639098486127
3323 11.127794248674114
3324 11.464829730702913
3325 10.378448071957873
3326 11.23508947237761
3327 10.601372177573161
3328 10.939087428240263
3329 11.23640489913086
3330 10.904511484819732
3331 10.489208887899736
3332 10.573764005839914
3333 11.24101292224762
3334 11.1254241725676
3335 10.495869690444282
3336 11.07345871559529
3337 11.556156261704528
3338 11.973432108182493
3339 12.055771266251833
3340 11.296969319417865
3341 11.84908172332519
3342 11.529949779935702
3343 11.307119604403018
3344 11.047515508438709
3345 10.876108546121353
3346 11.0305445434208
3347 10.786027886914097
3348 11.221308000437189
3349 11.144885353537273
3350 10.948791293142682
3351 10.936904457272819
3352 10.631155197712955
3353 11.056729273911031
3354 11.029686687230734
3355 10.37324565386746
3356 11.109221744330108
3357 10.849909261284767
3358 11.054517074935706
3359 11.294683487465049
3360 10.598311977230379
3361 10.92513305928572
3362 11.174122505379497
3363 11.342996218002806
3364 11.517344383261964
3365 11.227281754022815
3366 10.982189140047726
3367 11.955713311757894
3368 11.128331414022512
3369 11.303727585444154
3370 11.89552161464698
3371 11.542953075206393
3372 11.536745861359513
3373 11.838391335467664
3374 11.379867950172757
3375 11.638241795080637
3376 12.154748958791336
3377 11.220971190907278
3378 10.995214676240703
3379 11.90000099651208
3380 11.425150451828326
3381 12.057556424157655
3382 11.131272485498547
3383 11.278273026029565
3384 11.171318243734763
3385 10.9420261640519
3386 11.06011719069975
3387 10.062282753813816
3388 11.076891724914072
3389 10.80655000558226
3390 10.724533653794145
3391 10.962973180440622
3392 10.752397695226453
3393 10.859025851982718
3394 10.878680840193738
3395 10.453003723147374
3396 11.022157117135425
3397 11.410850545416974
3398 11.103894036340357
3399 10.519140143427704
3400 11.240356053415562
3401 11.214610035928201
3402 10.833233943714975
3403 10.52731145381231
3404 12.126891222870286
3405 11.752239737291887
3406 11.02491513972653
3407 11.218104801728575
3408 10.713046014284963
3409 10.810341199773497
3410 11.534851804687625
3411 11.671393284338919
3412 11.393479778712193
3413 11.636193871451187
3414 11.387143581984457
3415 11.793517539766773
3416 11.568784436424492
3417 11.346836212647258
3418 11.936436834679872
3419 12.471180862405932
3420 11.21117954782825
3421 12.620107425376313
3422 11.694587468031605
3423 12.933040736726346
3424 11.08959329846916
3425 10.97551232631236
3426 12.011257709912973
3427 11.814336823412226
3428 11.23839241074344
3429 11.615030339107143
3430 11.481005138950188
3431 11.285888675653558
3432 11.110017344220617
3433 10.580337360951615
3434 11.41822048968005
3435 10.963425682199958
3436 11.190625339687589
3437 10.807413006928035
3438 11.618906517820248
3439 11.360627657251428
3440 11.866632514127884
3441 10.902075806982603
3442 11.433899543674201
3443 11.090480300732729
3444 10.909323185029319
3445 11.339998875963968
3446 12.346264180970689
3447 12.021828316593789
3448 11.092510228879497
3449 10.921744082010576
3450 10.778835042062951
3451 11.35736177450453
3452 10.819657830947392
3453 11.30005010453937
3454 11.252352334604419
3455 11.26998012871736
3456 11.33823769835568
3457 11.774970876526838
3458 11.35312506799452
3459 11.927178452289011
3460 11.592950961430297
3461 11.756985923748072
3462 11.543051673655647
3463 10.987415043664209
3464 11.860250637840124
3465 11.769449049922619
3466 11.895443566319276
3467 11.63047373325175
3468 11.75853938213351
3469 12.581198470836204
3470 13.074960758246604
3471 13.371390482167687
3472 12.582506989729339
3473 12.27100549817631
3474 11.856869374594648
3475 11.882356860075653
3476 11.643618486709352
3477 11.108753045700235
3478 12.077867510814594
3479 14.163900880432248
3480 13.127231584803676
3481 13.740009018464809
3482 12.253332309035509
3483 12.330108826004402
3484 13.613573288646108
3485 13.495528021481991
3486 11.63023265771908
3487 12.01538632778775
3488 12.412404235560473
3489 13.324372699890128
3490 13.024280273677785
3491 12.62022396936204
3492 12.687257484463128
3493 12.015360556382053
3494 11.845433260963802
3495 12.04510383810317
3496 13.066534134030688
3497 13.670316125255852
3498 13.01998268404011
3499 12.954809062896787
3500 12.75127253177868
3501 12.840935591762559
3502 12.89415841843266
3503 12.534347169596048
3504 12.586751821050163
3505 12.446768100273525
3506 12.82402172547164
3507 12.395830284235611
3508 12.828878198068521
3509 12.473379198341874
3510 13.293966794223975
3511 13.390415966159376
3512 14.116544798306386
3513 14.317182871467823
3514 13.955068425967932
3515 13.968517020758284
3516 13.854827609487726
3517 14.006671763740869
3518 14.94846022340359
3519 14.027706641391235
3520 13.896533729129503
3521 13.510024036268646
3522 13.8248913070346
3523 13.765269994545628
3524 14.400896884034786
3525 13.113965988800974
3526 13.207602664772697
3527 12.633784012513084
3528 11.861557282636433
3529 11.92119918209651
3530 13.266659630130468
3531 13.222067066057459
3532 13.7948056296493
3533 12.614782729613847
3534 14.23368041744155
3535 13.073735313363429
3536 13.24213279124345
3537 12.813713251226016
3538 13.61359203327829
3539 12.706122475801699
3540 12.204544377648267
3541 13.189118412384492
3542 12.675187352656534
3543 13.04413368856282
3544 13.467981444776537
3545 12.74343030630138
3546 12.622853918624104
3547 13.5361235348754
3548 12.950989817967216
3549 13.18777245454376
3550 12.996004133717939
3551 13.686305365089199
3552 12.470606104287524
3553 14.57515443259805
3554 13.067443298486815
3555 13.778548958264338
3556 13.266169164842657
3557 12.837545159785673
3558 12.842796453862698
3559 13.249572348089115
3560 12.599460334917707
3561 12.132161769342327
3562 12.957099740037522
3563 13.36666538797304
3564 12.976478272835644
3565 13.726250667444482
3566 12.97753670682232
3567 13.594141512810822
3568 13.862035039152502
3569 13.438783364797839
3570 14.03427858779406
3571 13.796927262425248
3572 12.497197715239425
3573 13.833066080121224
3574 13.958676949286376
3575 13.243325167248916
3576 14.186408883832557
3577 13.897962409662284
3578 13.014964638745795
3579 13.396371935276154
3580 14.219722514700964
3581 13.626471004836526
3582 14.264920935608181
3583 13.513592406356814
3584 13.008212463130324
3585 13.0183606192281
3586 13.898018037412358
3587 14.301489830666739
3588 13.873491816070272
3589 13.562222638505663
3590 13.648433602501363
3591 14.711554417025244
3592 13.56174428838167
3593 14.80639565382007
3594 14.671143830376945
3595 14.592344681451422
3596 14.065880977945943
3597 15.093518046011784
3598 15.044638127761363
3599 14.863274742959113
3600 14.66656858219721
3601 14.138314589779716
3602 14.238805960055972
3603 14.404259849911421
3604 14.067262015456423
3605 14.931544271886278
3606 14.663057124261389
3607 13.730418706790177
3608 13.943120265020827
3609 12.507118622548386
3610 12.509420954262316
3611 13.351240903608721
3612 14.503463121041777
3613 13.692576063861095
3614 14.002897240926941
3615 13.329035466905363
3616 14.294577465191026
3617 14.234760383615175
3618 13.953792154954405
3619 14.290784880079615
3620 13.645906516168132
3621 13.401372421719428
3622 13.833739583278158
3623 13.330245682671208
3624 13.813121531488742
3625 14.110661491631049
3626 13.410806640810685
3627 13.706437259109382
3628 13.338268496662785
3629 14.220173714771043
3630 14.327933032902802
3631 14.438754443513684
3632 13.592247422074974
3633 13.650324780697625
3634 13.430583962807056
3635 13.611760486728143
3636 13.89570080783529
3637 12.252766342469455
3638 13.337714307788435
3639 13.59353330600214
3640 11.753845595608398
3641 11.896429039274047
3642 12.369641295427316
3643 11.258626410597225
3644 10.999287584565971
3645 11.677703310274417
3646 12.573603724020066
3647 10.967295256437634
3648 11.069463140498133
3649 11.560090792799546
3650 11.55358750455938
3651 11.164037866010398
3652 13.228743762024502
3653 13.282985456206296
3654 13.661937580255978
3655 11.4619762293335
3656 11.562230960485431
3657 12.087088807735643
3658 11.430559053638484
3659 11.775309323176268
3660 12.022502445021361
3661 12.381835651546725
3662 11.867942172167124
3663 11.597058960166013
3664 11.070931511274804
3665 13.136017997505185
3666 13.765606141885222
3667 14.09866098483046
3668 14.415773143002571
3669 13.475407373606314
3670 13.995516309146229
3671 14.330426029694614
3672 13.333901032442395
3673 13.374330700634252
3674 14.130034615596864
3675 14.044252632180642
3676 12.39956291110721
3677 13.559514014639246
3678 13.461280139160014
3679 13.661896947584383
3680 13.8308090988038
3681 13.398394553877184
3682 14.053510236987343
3683 14.783290995085045
3684 14.272430034148691
3685 14.137053293693487
3686 13.605765362565178
3687 13.970976906058478
3688 12.893682561819475
3689 14.00275354723032
3690 14.07851935414649
3691 14.318275378973121
3692 12.071607508557488
3693 12.682042538445256
3694 12.745307234520153
3695 11.946934448942752
3696 11.838038315263002
3697 12.129925374760445
3698 12.59301121165492
3699 12.05112303044364
3700 11.867724857418786
3701 12.282809400824789
3702 11.814966223147524
3703 11.243832533396514
3704 11.108410861954185
3705 10.130538047300575
3706 10.779475850592458
3707 10.672640071950067
3708 10.640762860112673
3709 11.438326853982911
3710 12.079430022286585
3711 12.053123624533209
3712 10.826053561297694
3713 10.80677139343301
3714 11.631589126677184
3715 11.768380907770283
3716 11.150564572316425
3717 11.825109827932078
3718 11.867915208371102
3719 11.446314578306671
3720 12.06939742073053
3721 11.072138669885257
3722 11.195970442491907
3723 10.72022512058015
3724 11.690684298504856
3725 11.275205049826674
3726 10.801065590131616
3727 10.447813539754588
3728 11.129019547784653
3729 10.837601010234348
3730 11.607754869892725
3731 12.591564511431962
3732 12.475143334376849
3733 11.619754244304083
3734 11.970456687285608
3735 12.055335698736634
3736 12.273987821224503
3737 11.633129917177904
3738 12.42102905975486
3739 12.627330577971906
3740 12.464371163042134
3741 11.440243459489263
3742 11.853923214473774
3743 11.574013317615425
3744 12.555792359542583
3745 12.266569001928985
3746 12.096000688219588
3747 12.035243079601853
3748 11.521113283671852
3749 11.403694775954998
3750 11.457722290964794
3751 12.144373843449578
3752 12.093060111430384
3753 11.286532615502647
3754 11.457304791273376
3755 11.787700024900882
3756 11.55848441911245
3757 12.171825980191283
3758 11.594617948689287
3759 11.69436502058899
3760 12.49912122517633
3761 12.621828288824302
3762 12.522565267482157
3763 11.470609465045419
3764 12.40376494509305
3765 11.742845549105951
3766 13.08558627747775
3767 12.156251306679618
3768 13.097648324915792
3769 13.254556838647218
3770 12.776973680217957
3771 12.498951085821256
3772 11.89259753755633
3773 12.425407686289926
3774 13.117406915363325
3775 12.60681674074655
3776 11.96364069686732
3777 13.47282548670053
3778 12.112259968800833
3779 13.014281069888622
3780 11.671352976011974
3781 12.80258323309611
3782 13.654387913779368
3783 12.553112993718434
3784 14.340212510040326
3785 11.755266355038515
3786 12.824953922411604
3787 11.884226502785141
3788 10.71612529645514
3789 10.57152920203806
3790 11.219144299270976
3791 11.201368485075196
3792 10.836379171505316
3793 10.680363576553157
3794 10.668492501198626
3795 11.315652112502327
3796 11.383228611968912
3797 11.304780781353417
3798 11.945192661904537
3799 11.591591710396685
3800 11.934220276122545
3801 12.399862071416154
3802 12.789571071191572
3803 12.572789147321254
3804 10.706055411201925
3805 11.213739972572219
3806 11.482702183366902
3807 11.066731204140074
3808 10.652583255602998
3809 10.303627795185198
3810 11.033574827031591
3811 10.370890176355244
3812 10.402709433414104
3813 10.470386754534374
3814 11.361769086577524
3815 11.138107530359779
3816 10.832447542915368
3817 10.741069089506695
3818 11.936536237070044
3819 10.942872711801488
3820 10.430234887158909
3821 10.22130198207154
3822 10.473905883005422
3823 12.220723963283909
3824 11.54930874880576
3825 11.216244397147921
3826 11.511395170974238
3827 11.656302366832406
3828 12.624546541217788
3829 11.348236427488596
3830 12.088566381037952
3831 11.794525873339525
3832 12.033529841023272
3833 12.036908717758083
3834 11.92946228071926
3835 11.43902421550093
3836 13.113076717740771
3837 12.167005703155464
3838 13.879131960909861
3839 13.374844410761593
3840 13.396266277551025
3841 13.000451180727499
3842 13.667835999822657
3843 12.346337520608206
3844 11.94786543650891
3845 11.569333659857225
3846 11.9845472063173
3847 11.576266673413462
3848 10.916229392427208
3849 11.763379827958081
3850 11.47786301414326
3851 11.671377803053257
3852 12.783617283731564
3853 12.405670932468908
3854 12.896077400090103
3855 13.427184725917403
3856 13.214466389159215
3857 12.676324383120734
3858 13.388705895746815
3859 12.795903700177828
3860 13.068033861324322
3861 11.860257495142175
3862 13.026796205581734
3863 11.854088735953566
3864 11.636112041174705
3865 11.35810017228988
3866 11.791152393156622
3867 11.935657169526023
3868 11.332936849931398
3869 11.309362357512201
3870 11.074505774395387
3871 11.732748987443617
3872 12.061538076116918
3873 11.261628520616876
3874 11.82142672401546
3875 11.750504183280439
3876 11.957779082397172
3877 10.937963711991463
3878 11.269866685151504
3879 12.194493818728352
3880 11.501359146681134
3881 11.783733778405216
3882 11.851412042944347
3883 12.101556559724344
3884 12.117705776690746
3885 11.715761864375894
3886 11.417297221097561
3887 12.469399948356772
3888 11.509870403506508
3889 11.989395820515407
3890 13.479614643497323
3891 13.306474265623276
3892 12.722063624426948
3893 13.270784674950162
3894 13.446735087678551
3895 13.977259742836436
3896 13.168297927349082
3897 13.267277839539144
3898 13.693533733777704
3899 12.678754440850708
3900 11.6541633453691
3901 11.500403711041411
3902 10.968063242439902
3903 11.42590829993845
3904 11.811917296521926
3905 11.217183037075415
3906 11.492236448496417
3907 11.432085418206166
3908 12.909901229109995
3909 12.540975717566052
3910 13.074552600840352
3911 13.279160544267347
3912 13.205884429575947
3913 13.313541969240292
3914 13.899693103965706
3915 13.566647464764294
3916 12.286577536347469
3917 13.195450788800429
3918 13.419037535269647
3919 12.80773085749795
3920 14.1143802196049
3921 13.245643088454209
3922 13.129822587392125
3923 13.12533437451
3924 12.87624397932576
3925 14.260328786863509
3926 13.112875702699533
3927 13.716059977801697
3928 13.657653667552305
3929 14.313965423172606
3930 12.46838448666225
3931 12.890362828773899
3932 13.060608550578387
3933 13.775274295749151
3934 10.870405665393033
3935 10.74875803074741
3936 11.272346996875868
3937 11.033316153330015
3938 11.201020787909847
3939 11.659081657574218
3940 10.931317320404034
3941 11.062164678031893
3942 11.119997444398086
3943 10.957813896325725
3944 10.968494655720605
3945 11.04919919097527
3946 10.973799459799034
3947 10.158796534416021
3948 10.537072255747805
3949 11.355714670086783
3950 11.40908568373426
3951 11.692547368843966
3952 11.279880719760452
3953 12.235129632286109
3954 11.585383118135798
3955 11.233264850631905
3956 13.231695250183806
3957 12.878908309835662
3958 12.259854125407513
3959 11.068059349164173
3960 13.31996012520539
3961 13.483758931816695
3962 14.107525946415741
3963 13.40941814731118
3964 13.592577854058735
3965 14.145207068996134
3966 13.20890243471905
3967 14.394233692145013
3968 13.885534804306529
3969 13.603842411432824
3970 13.320045520502237
3971 13.316258876625989
3972 13.16913465124297
3973 13.49947602520551
3974 13.69276883810314
3975 13.99237112580085
3976 12.358343781790328
3977 11.639280454683039
3978 13.26764949020912
3979 11.832010353056013
3980 12.379713759544497
3981 11.64878236286235
3982 11.472053467884306
3983 11.633714718434224
3984 11.760166792591964
3985 11.61753567291811
3986 11.50886625897108
3987 11.3685033523311
3988 11.791251811006248
3989 10.702907809347554
3990 11.781357697930037
3991 11.807898218281055
3992 11.305443197926271
3993 11.413388648080662
3994 11.342182258334079
3995 12.054835282219782
3996 11.666093947097039
3997 11.570918964896197
3998 11.711361250470098
3999 11.90671043284273
4000 11.711363863665152
4001 24.051961558503013
