0 16.136896337020104
1 17.829071652672276
2 17.409026638215156
3 17.664129459365007
4 16.19474106038141
5 15.01032255107129
6 16.391783297371024
7 15.055572694794092
8 14.419266346589781
9 9.965590822015384
10 11.564324523753733
11 11.512229348050363
12 7.676339782280007
13 5.948298265748519
14 10.778507810515773
15 13.871157465840959
16 13.686279312341012
17 12.432072918400245
18 12.188288886289907
19 14.025733830097582
20 12.731732941507758
21 13.119259725017821
22 12.655831972987647
23 12.258059492015832
24 12.398667522209642
25 14.121370560317985
26 14.12485489730093
27 15.1735356743825
28 13.802839978715284
29 12.775439284862783
30 12.743701779024015
31 14.113132384763263
32 13.844281228565672
33 12.942791913996784
34 13.1982171241211
35 12.49717310161231
36 12.999829414540898
37 10.178563124574875
38 10.500205310382626
39 11.972260902360862
40 10.945044109383016
41 10.846399845938276
42 10.826795214923129
43 12.574911955024783
44 12.737530560907118
45 13.766756256945975
46 11.596804714392233
47 13.053375982975496
48 12.709315737443204
49 12.933980376966124
50 13.424317598813298
51 13.317093571154723
52 13.983677404697719
53 11.611658563225859
54 13.638715963253423
55 13.171904391313404
56 11.385359675675184
57 14.754126293720645
58 16.10329140942803
59 14.72887664443323
60 14.813644995367072
61 13.675156464458075
62 13.799532148811586
63 16.68208363159339
64 15.513158276063164
65 16.129391238840963
66 14.95506452234709
67 14.082360987818035
68 13.519979205258327
69 16.38867505740052
70 13.095502871384538
71 13.646376632350874
72 11.539038420076716
73 14.015404817231083
74 15.085393349411062
75 16.23588972862783
76 12.476255125706988
77 14.740917024082353
78 14.799624561806954
79 14.297523170397763
80 14.065645787249531
81 14.79161051557008
82 13.637910464033064
83 13.342291418357227
84 15.616791861136601
85 12.891094277561782
86 13.519414912492675
87 14.862831828120072
88 14.837560218747976
89 12.657969108869462
90 11.854483930859333
91 9.832086098597781
92 12.873416257645292
93 12.704422421589774
94 14.068714200329165
95 15.094726255802826
96 13.198490040220078
97 16.856567103644142
98 14.701738980775659
99 12.193762780899984
100 10.725499966865767
101 10.447860405872483
102 11.880100269666128
103 12.50389574107385
104 13.368157065321514
105 13.024939172057758
106 12.962620823207951
107 13.623370587272943
108 14.074866275569386
109 14.210574377214892
110 14.788603358739781
111 14.448505789197112
112 15.535840045180873
113 15.152820228273931
114 15.038452930120743
115 14.352371663842334
116 15.517828381498655
117 17.21051444251822
118 13.706956586878768
119 15.170107200761809
120 16.471312452228645
121 13.41266482934797
122 12.244898728328382
123 13.498570620334247
124 13.076492072373341
125 15.04952832600041
126 14.1112626071692
127 13.90505586115688
128 11.710691089711746
129 11.840985063225805
130 12.127100378346865
131 10.18294083122263
132 9.561774394514465
133 11.451839332202441
134 14.79189264141219
135 14.075306556630172
136 13.922730149519245
137 12.772137700018886
138 14.846103226761477
139 12.748742048611186
140 13.980039593774103
141 15.301514480783474
142 16.8466230341232
143 17.9948401287329
144 15.095195511535033
145 15.238994124753688
146 18.423315604702992
147 18.05417535885388
148 17.702506800581425
149 14.800041512405958
150 15.932714632229992
151 14.896432051851926
152 14.65894453613032
153 14.674629969338405
154 19.591370351121746
155 19.46096242110873
156 19.74203846116063
157 19.32364829512125
158 19.00889973675131
159 17.738151382799295
160 17.036818393658045
161 19.53291047949463
162 19.68163143513663
163 20.33122343968954
164 17.776837192413396
165 17.314212903985293
166 18.830363006497045
167 18.138545755305746
168 16.171770852955188
169 16.766852701942295
170 15.180283666782529
171 18.07036108081775
172 16.26986735687908
173 18.93241826074954
174 16.716806662483805
175 13.684486310668316
176 16.331151898621137
177 16.6137358126151
178 15.213021700362349
179 14.958972215537113
180 16.327101505098355
181 15.623778359667725
182 13.821727518077351
183 14.031867343512939
184 13.422551109599
185 13.163327651621422
186 11.379523241017731
187 14.872167142656728
188 14.41027911284638
189 14.014052483453
190 15.8557765942054
191 16.45754786060768
192 13.817859222673412
193 10.368127945980987
194 10.80684761240386
195 9.895133488066337
196 13.335062351495058
197 12.006142434413333
198 12.201093867932705
199 9.255245027766687
200 9.704332413902787
201 9.292587895957327
202 9.102515873821684
203 13.441157863787069
204 15.46090584932568
205 12.924450721742307
206 12.950492000940669
207 12.348573186396541
208 14.45103168624621
209 11.54116892918908
210 14.487583737571475
211 14.505113352377627
212 16.476295501298033
213 18.03239980720965
214 14.739016567432145
215 15.721749217238997
216 14.871304004603141
217 13.646682558084015
218 14.630499409556524
219 13.551996305979152
220 15.973305515740691
221 15.795635453327783
222 17.05620775279541
223 19.416219370020244
224 18.474712981313182
225 18.76218386983171
226 21.01009838547878
227 21.622563376510065
228 23.519499503669657
229 19.318260993764394
230 19.02676161365359
231 15.775060854351704
232 12.040568312986908
233 14.453955294090449
234 13.18210647346085
235 13.934072981688374
236 11.257031033596775
237 11.813161053474987
238 12.728416915232659
239 11.774453948176081
240 12.036282241532188
241 13.355088041951966
242 12.693943033769669
243 13.15916822002193
244 12.089163965011599
245 14.344520513289844
246 12.484526283281514
247 13.406019178930515
248 13.022758649638375
249 13.527475595165741
250 11.647586284317162
251 11.848396914061144
252 11.010716262996867
253 9.826559771793608
254 9.587600615891173
255 10.476187279547892
256 11.363373926311366
257 11.861728752579003
258 12.573021729439272
259 13.853977997999111
260 15.21294168028905
261 15.915979313899406
262 15.553298306012461
263 15.465162499087716
264 16.7680813138426
265 16.902039365796085
266 12.373176037274106
267 13.097603796577097
268 15.004221403062386
269 14.22568939866373
270 13.870566431649882
271 13.955610916398486
272 14.45372041457291
273 15.080625770701577
274 16.072030765238615
275 13.980789472530523
276 14.168285858615684
277 16.51940007208364
278 11.958913225026622
279 14.374378861995684
280 13.374246342899934
281 16.54011634767366
282 14.748134627809911
283 14.671945195332368
284 16.727041748229503
285 14.79645445496562
286 13.703241329479823
287 16.970547256953097
288 15.220529187863114
289 17.846213570223966
290 16.755626322515766
291 15.025538932440796
292 15.809035713761563
293 13.852165049310884
294 13.623939196921866
295 15.18500709350355
296 14.797788731111536
297 15.220866001872318
298 14.805718960348424
299 16.507077784947363
300 16.556358233943683
301 19.4537486477596
302 20.188597618323293
303 19.240685595276698
304 18.01322237725305
305 16.49131564391371
306 19.76394556816495
307 19.29924179232453
308 17.602677871680754
309 17.38628646970899
310 17.029268309935404
311 18.338905262988256
312 17.472800558401257
313 16.536083976346653
314 15.030236548206013
315 14.936726378669094
316 19.220868513825923
317 16.532357726007255
318 21.23588437090326
319 16.494052554901227
320 16.502095332232432
321 16.10214732679042
322 16.137362805481988
323 13.740861537304003
324 16.187708326495642
325 15.056115728341195
326 15.717506044393716
327 15.224498183427608
328 15.592275156147185
329 14.785632743003163
330 14.892207809127859
331 16.067467521705552
332 14.268457315058246
333 13.817296709084955
334 11.86558452814112
335 12.912254749080773
336 12.73762204552996
337 13.028058711526313
338 12.564816301479846
339 15.445615352229922
340 15.806025886778457
341 17.380162141262318
342 15.810255108343453
343 15.312905439516744
344 16.830587907882567
345 15.201333822555751
346 14.677200304659355
347 16.968311173180496
348 16.630396487339336
349 16.74703348738295
350 13.945093639740376
351 13.929152841769014
352 15.235025907969748
353 18.476692726897664
354 15.285282749035451
355 13.811339271956472
356 16.491248031960872
357 19.303588173516594
358 17.86376348295583
359 18.226480114693114
360 18.724900343585652
361 20.375187178612798
362 21.624204340379915
363 18.927706294641183
364 23.06779615451024
365 22.37094360666993
366 22.198573166643552
367 18.763046865650818
368 20.337045989031182
369 20.188391641924262
370 21.108056555033745
371 21.55222953921423
372 19.622923850408405
373 21.878831399434738
374 22.34860282279061
375 22.387381689838005
376 21.325199237711292
377 19.941750134615056
378 18.973315661518885
379 16.710049927669985
380 16.03754508688739
381 14.063414841173893
382 15.218992605470422
383 15.298830562654189
384 13.943861759711616
385 12.700875677061829
386 11.966326933124689
387 12.32216889042281
388 9.914735262246923
389 8.027646548904919
390 11.609537772836982
391 12.803399304398287
392 12.53243488957779
393 14.551259743654914
394 15.944981899210193
395 15.784511318914328
396 17.676366510770972
397 16.98213120213842
398 18.327236586366354
399 15.668330158932012
400 13.305169100600427
401 12.926073717805583
402 11.57718058785509
403 11.495565332995001
404 10.100262320106294
405 10.680989662779625
406 14.898841552966205
407 15.23545410471058
408 11.382607765953802
409 10.734233504118645
410 11.570338906395218
411 10.195453910208345
412 9.588775045467543
413 7.904419208982943
414 9.6561754371113
415 7.943487678190099
416 7.7344945048777785
417 8.425269985323071
418 12.924062900124838
419 13.912526775873983
420 11.896943098880907
421 17.821816428929967
422 18.872996474727334
423 23.44423871353973
424 21.289796423846994
425 19.2788199718575
426 19.932627947588287
427 17.821398624673808
428 16.792138716966516
429 19.191818972718668
430 16.074144352757337
431 15.287367560324574
432 10.743152403468779
433 10.67445862208934
434 7.4720285640008415
435 8.516594889941596
436 10.515983804998102
437 9.734639715690731
438 8.393893412128753
439 8.883743546094463
440 9.340663666275988
441 6.812817354374694
442 5.460179054487187
443 4.968814467449535
444 10.726524054807701
445 13.97301514376833
446 14.10059626623935
447 16.715009061610516
448 14.365410878685111
449 11.971242407731362
450 11.472191022619334
451 15.763442524141304
452 14.776430898194686
453 15.8909758253421
454 16.194003751664415
455 15.69005905913442
456 17.84130777500868
457 17.614519876591686
458 16.35524023315375
459 15.843376427070856
460 16.123653139864288
461 12.657053562092749
462 14.225135245274295
463 14.71502409518041
464 17.10441954920531
465 18.443142940012994
466 15.48809339833807
467 12.956380188191694
468 11.268741559679365
469 12.41909101787686
470 12.345702897213908
471 13.193258467418804
472 12.02608674117295
473 12.258570979724617
474 13.10069057141486
475 13.412436127840053
476 12.994680990286941
477 13.768961711626945
478 14.315544470994539
479 15.02509919480126
480 12.826415874887493
481 14.878385816359303
482 14.673283149383733
483 12.22371589678532
484 12.679959083698094
485 13.547602189068249
486 13.236533153638488
487 13.537966466363168
488 13.119061905366134
489 11.96356666623878
490 14.350575028332928
491 13.215180248785634
492 13.959934804323039
493 15.255101363886126
494 13.032885012873194
495 12.6730198082102
496 12.852169970150742
497 16.036490117091596
498 19.415444857570222
499 15.884655022460453
500 12.45677104258703
501 10.317102468907384
502 10.399950826238772
503 8.515320908778415
504 12.341042468586206
505 10.608455528651676
506 11.338815442203252
507 9.691213415996199
508 10.941070311317874
509 7.85655169065002
510 10.949599994199522
511 9.359309627310948
512 10.340280404784766
513 9.628303049693194
514 9.468331849750722
515 10.078402485586357
516 10.440776442604346
517 9.487630589246665
518 8.441759678692573
519 9.356505984549928
520 9.38126550722891
521 8.3551925239788
522 8.438150698205778
523 8.636893008160623
524 9.299558535035331
525 9.429853391998595
526 8.32121409737576
527 7.997804123777726
528 9.906393974458707
529 8.911657536349162
530 11.600745185331768
531 10.64383180901628
532 11.223209163079748
533 10.746979997422134
534 10.601672547156157
535 11.096052340044182
536 11.041680360640072
537 10.000340158705228
538 11.093827162680281
539 10.384884949930171
540 9.267399921808936
541 6.348167976976368
542 7.701562229955599
543 8.75932435273963
544 7.441857185220043
545 8.016671793138546
546 8.277436498308948
547 7.913878587044821
548 7.982557034694319
549 8.27413353348911
550 7.558168940341076
551 8.15440108299055
552 4.3606779274928575
553 5.8263562536361615
554 7.5662343537917245
555 7.56732820737566
556 6.695737412564139
557 6.884419384140834
558 5.510437657324894
559 6.738439822184046
560 5.981778202351023
561 5.059431004259594
562 7.158324154424095
563 6.048125033558094
564 8.985849711596682
565 9.263525743531918
566 9.858472943239937
567 9.977783405254879
568 8.929042165720343
569 9.559577743033676
570 5.800435091473136
571 7.347998944840087
572 9.049563830412227
573 8.566631391863348
574 8.821562797517206
575 6.911123062498276
576 7.775786798440113
577 7.646232935884678
578 7.886647403057713
579 6.748123125700087
580 6.712785398987105
581 8.353404222797199
582 7.819250732391472
583 8.99095893897422
584 7.816959531895424
585 7.354319352356554
586 7.503797635946386
587 6.6528217589666525
588 6.1149084183843
589 8.374183610258036
590 6.969445596155486
591 5.660603344039975
592 7.340482664328659
593 5.750551991652532
594 6.2074206228201625
595 8.304192264234883
596 9.374636287382893
597 6.212618213781049
598 8.101507718522857
599 7.5926094822539865
600 9.165920307677329
601 8.69286555024508
602 9.74778908405908
603 9.36612889514507
604 10.199767104771666
605 10.29707529887554
606 9.497684297956399
607 9.29432825182192
608 9.854450321826393
609 9.73083648575826
610 9.930719605310088
611 10.183108469959889
612 8.633624148603506
613 7.298960246308643
614 7.5926378947913244
615 7.41064422340459
616 9.586675158181155
617 9.991856962487581
618 9.645043338030286
619 8.508446913402189
620 8.408323067343082
621 11.976151932206633
622 11.310521658851753
623 10.941382515436228
624 9.41054619755834
625 8.997219137743857
626 9.534751142946577
627 9.535203684175839
628 10.028345370365255
629 10.405269078557012
630 9.730298847583157
631 9.680424485162597
632 9.164928877787682
633 8.75849529041623
634 9.457979720773814
635 8.909937071918787
636 8.60480641264416
637 7.3711358343965125
638 11.106900121550746
639 9.899445232072821
640 10.786030511696895
641 9.716454125237686
642 11.137378188374559
643 12.3688384437292
644 11.290256592273568
645 10.633189548044072
646 9.14576151952467
647 11.580623065482003
648 11.252402066559595
649 9.573226494909814
650 9.131583311549175
651 8.976170071220093
652 8.262470716832738
653 10.856069522007509
654 9.591623820758931
655 7.857975929309493
656 9.797530564727412
657 9.61263557844734
658 7.6208956546011475
659 6.548185166977791
660 8.61270517179699
661 7.916639305677534
662 8.592703260653732
663 8.094821500077114
664 7.287226596735578
665 8.183229651995626
666 8.692287091778384
667 8.39035582268818
668 7.632791792452005
669 10.185529459779437
670 8.14373317639166
671 8.925198636109391
672 10.772641571314306
673 10.243010689068916
674 9.600714520968044
675 10.159724032268855
676 9.459972580272934
677 10.741874652690635
678 12.227875907640689
679 10.11491630561195
680 9.815703047282044
681 10.919513675355061
682 10.096967596953615
683 9.364777895386103
684 9.291947833004125
685 8.501558497375445
686 9.850973915094798
687 8.533234222950508
688 8.8840613966489
689 10.727821458007845
690 11.495144182640294
691 11.076160829082427
692 13.017762901392384
693 11.858466994741075
694 11.596466649890049
695 10.912261120473346
696 10.489120066915856
697 11.508088245064087
698 12.824216068104455
699 12.103414171379201
700 11.081993934649038
701 10.934711806866172
702 12.456543620425057
703 11.016898280325382
704 11.432588322856597
705 10.568657648896611
706 11.388361743870606
707 12.16318208845437
708 10.829969557054255
709 11.155914063052004
710 10.151636603493252
711 10.556602160330264
712 10.178111350605429
713 11.630965916481466
714 12.901080542443246
715 10.746331970041341
716 11.95916508411046
717 11.088825912036048
718 10.192868167685472
719 10.329745750659013
720 10.491088456527628
721 9.945831596622915
722 10.556158448025908
723 11.284538459720833
724 11.122045819473366
725 11.185916756043383
726 10.514337434090947
727 10.92889103365795
728 9.875073739930443
729 10.927947047613689
730 9.867218966450531
731 10.721370962931198
732 10.398257669342481
733 10.69811452079012
734 10.621238392039121
735 9.403359620759517
736 10.460884801087182
737 12.008073044622156
738 12.689409814674702
739 12.85515431113137
740 13.737494353776158
741 10.939058128554299
742 11.260956169781322
743 9.61740721072708
744 12.249929338587824
745 10.271010077117657
746 12.148166126644819
747 10.884198194638655
748 11.585760732280427
749 12.151185885416746
750 12.932401415519903
751 12.158203985820304
752 11.14330390726322
753 11.100255530088617
754 12.223873629179016
755 11.74870373560287
756 11.247402613978645
757 11.194781965525905
758 10.503252306542766
759 10.174539619629803
760 9.39258716404189
761 11.687855257856297
762 11.377615641251982
763 11.717369967702467
764 10.391901141236927
765 10.706409695710553
766 9.863374564457809
767 12.12718047505226
768 11.380851952654261
769 10.907807690769259
770 9.47556496297286
771 10.483760196441594
772 7.978275732032424
773 10.43506981834363
774 12.552257149693762
775 12.152191726111743
776 9.976913345823144
777 10.384774838221752
778 12.0667940718019
779 12.02082922552351
780 12.56410652272214
781 12.468979081595126
782 11.408674995458954
783 13.761393038076795
784 12.56097590731217
785 12.06458203100556
786 13.752085062968824
787 13.8947752288076
788 12.317303560989856
789 13.233664257062086
790 12.318051121876914
791 12.572653749644903
792 13.227494951306104
793 10.384078535435819
794 10.632447043081314
795 11.231788336198774
796 10.740008348432937
797 12.096755934537686
798 13.22604294251027
799 11.69755780898486
800 10.812872423831875
801 12.988072023342287
802 12.034574226421647
803 10.15476546061733
804 10.50069903395885
805 9.53205796500669
806 10.577175521255826
807 10.625495806519995
808 12.113768215748703
809 12.86311652275108
810 11.845031379348068
811 13.65788744518494
812 11.336548632896836
813 14.42844185604681
814 13.13850119527392
815 11.394234848279746
816 11.04589866336437
817 9.525078464216696
818 14.16906063274881
819 14.027227782304234
820 14.573600412582168
821 13.669049165834647
822 12.513129786723358
823 11.26128762209692
824 11.772879367629416
825 13.674220796747957
826 13.20969734798638
827 11.913199147195485
828 13.549154878620142
829 11.47676554316596
830 11.029146490751435
831 10.798211185594376
832 9.716245717571589
833 9.639200299757285
834 9.29197600867426
835 9.627206837706286
836 9.564714111108739
837 9.508508043839536
838 9.601352146054685
839 10.108519676346061
840 9.219883615749032
841 8.679413487358785
842 11.219637806807002
843 11.796536241132495
844 10.965079480680181
845 11.147651036150698
846 12.041725470763513
847 11.410183455710326
848 9.66707815121749
849 12.520310395511226
850 14.583765684567231
851 15.000892038757174
852 13.414552986073316
853 13.02829398673623
854 14.111338788816047
855 17.12286323989782
856 12.86404354141321
857 11.715109580909676
858 14.306727577602715
859 13.092391973097977
860 12.456864814470801
861 13.134799094698696
862 12.561875479929858
863 12.704309814934652
864 11.826104861108671
865 13.290530312021671
866 13.145071229741013
867 11.032217227262171
868 11.121842267962581
869 9.33478013092975
870 10.635239104620261
871 13.040681118526184
872 11.607928058821457
873 10.358867581606834
874 8.79537487608312
875 12.458183758597778
876 12.500260280249957
877 11.206807418960517
878 12.456783902179057
879 11.883158697343054
880 11.21274022472595
881 11.453101749796744
882 10.025202100738797
883 14.298628576821232
884 9.972403789449885
885 11.61441376992153
886 12.20221520971518
887 11.394839604828647
888 12.482336102479582
889 11.172560873563063
890 10.978147688866024
891 9.688284039594183
892 11.399746626732773
893 11.81171742432397
894 11.789836609012266
895 11.9293985876188
896 12.347081422481253
897 9.86047017182134
898 11.087828032072478
899 9.22497427381416
900 9.39856420760273
901 9.199819409888025
902 9.88545229620766
903 10.343833022381153
904 10.285946706951226
905 10.234867237686323
906 10.882451903687679
907 9.735045456040341
908 10.465261205119575
909 10.866885981201436
910 9.31136998980684
911 10.380735185641546
912 11.117730707411626
913 10.224363867340765
914 11.188686576103825
915 10.786008739174033
916 9.966363633296776
917 11.90573031361942
918 11.065633857661306
919 10.31551560593133
920 10.366302167081363
921 10.55344717800593
922 10.721200786929648
923 9.103138230352998
924 8.805514124907479
925 9.639495143412804
926 9.288573173947697
927 11.165444329078902
928 10.622654514284749
929 10.451448618965362
930 10.51773003575403
931 11.454029859460727
932 10.952591541764598
933 9.562899913609638
934 9.693064752147224
935 11.34284606150135
936 10.87817452480585
937 10.04972067677384
938 10.946837213406456
939 10.512479114781598
940 10.393451768852845
941 10.097383739977076
942 10.036239713797737
943 10.842825314405037
944 10.982196686799169
945 10.86090959227949
946 9.674275679255574
947 9.382837695444447
948 11.463903477866861
949 9.820623053159608
950 11.083538245014964
951 11.07479645387944
952 12.444199302241467
953 13.445192404747704
954 13.003961379815852
955 12.089873221389812
956 12.952257320840022
957 12.71255200016863
958 12.110909169203737
959 11.963159462927178
960 12.941202301702733
961 12.079446542769615
962 12.062140508831808
963 13.048093664430747
964 14.419298792231864
965 10.63564841786303
966 13.733520448844668
967 11.691694038025823
968 10.85804085357905
969 10.533268674901894
970 10.702916377416477
971 10.603791062701788
972 9.72782256655188
973 11.295663594701704
974 10.813499575878382
975 11.758884811401238
976 10.010944992418379
977 11.156111135368509
978 10.742185824719211
979 11.151132497572066
980 11.767076294022772
981 13.097802205702902
982 11.648621784533892
983 11.596795674816253
984 11.464931935750739
985 10.57500367076722
986 10.248893993571546
987 11.358261619321233
988 12.712870822236473
989 13.219197076142917
990 14.808064361541502
991 12.251879906974333
992 11.318253680483362
993 11.170887947682681
994 11.231186917391769
995 12.217600606931752
996 9.463117149799604
997 10.137007687657839
998 9.582208961866295
999 10.501776091707518
1000 11.72461954445663
1001 10.217462162466557
1002 10.864316718169512
1003 10.623288950649805
1004 11.727009542015034
1005 10.777838801663675
1006 10.809954232853105
1007 12.037662334296524
1008 10.884367945925122
1009 10.751140642696939
1010 10.779336197753478
1011 10.58905437883611
1012 11.878840295466876
1013 10.25529964282835
1014 12.16735586977469
1015 12.374116155024106
1016 11.6618396571949
1017 11.027556182924732
1018 10.800759091018914
1019 11.019838570113508
1020 11.439549283307903
1021 9.906833518033153
1022 10.74649792327216
1023 10.994507180447536
1024 11.450978358953394
1025 10.869434640145922
1026 10.56324704577293
1027 9.989156246508058
1028 9.558904587144912
1029 9.904688346388857
1030 10.239734616494893
1031 9.919126001434817
1032 11.023026055398764
1033 10.535581355123282
1034 10.832291566528172
1035 9.10618240179227
1036 10.82530125892913
1037 10.462815812356105
1038 10.681362576666386
1039 9.836471902059118
1040 10.12633744226676
1041 8.883260086655634
1042 9.902230359623042
1043 10.62389743676345
1044 11.220107624945456
1045 10.806973004134397
1046 10.080403706782116
1047 9.857018262187298
1048 10.080085548766744
1049 8.329967205632174
1050 10.02696735878341
1051 10.78911112563262
1052 11.690198086513933
1053 11.51547438618034
1054 13.540855967457471
1055 10.762075555851434
1056 10.616276919395473
1057 10.958721982697062
1058 10.134082065789741
1059 10.29625999495717
1060 10.108552849621494
1061 8.840418928070754
1062 10.04944763966055
1063 9.597717228645001
1064 10.0985201758201
1065 10.385256962772035
1066 9.633487392008982
1067 8.177417951998414
1068 10.511942046501378
1069 10.642317184806078
1070 10.4803253091328
1071 10.282350422864374
1072 8.761746476496274
1073 7.914877658657509
1074 7.3502093694055235
1075 9.367669907010802
1076 10.284493701216372
1077 8.734373507904484
1078 10.652692398093114
1079 8.897332700882178
1080 12.464938827105794
1081 12.65696744349702
1082 11.550986522606708
1083 11.715127258524305
1084 10.326801294626454
1085 9.546652795082325
1086 9.160017066012658
1087 9.800801606928658
1088 8.265413843447408
1089 8.740738112143429
1090 9.026866778362352
1091 10.083041574249739
1092 8.829454027796054
1093 10.66789628989211
1094 9.114115222672888
1095 10.29916555280577
1096 9.268811306093468
1097 10.621113796773143
1098 10.016515428803935
1099 9.924865495594181
1100 11.141550164842783
1101 10.640871209282048
1102 11.700997296990986
1103 11.25722928149858
1104 11.14227810480335
1105 11.147841028416934
1106 9.77930945620941
1107 11.515098710627838
1108 10.937925447223845
1109 11.362541844998994
1110 10.416683444234147
1111 11.831959639025987
1112 10.707851670159625
1113 10.7287798445386
1114 9.907348402636824
1115 11.054977086397793
1116 10.824062067078952
1117 10.506573479029683
1118 10.083948142520471
1119 10.751015326383126
1120 9.478575445573506
1121 9.39013353815623
1122 8.589631099398302
1123 10.777332846830637
1124 9.744049042307708
1125 11.16474479940913
1126 10.484179057964825
1127 9.98617711234387
1128 11.650340653969925
1129 10.69741270040337
1130 12.73705357565569
1131 10.114265778504842
1132 11.793301928883176
1133 11.632076264663112
1134 10.339459727799191
1135 11.93693780350993
1136 10.89507293634924
1137 11.12686901106405
1138 11.777114595623196
1139 12.038161203894202
1140 11.481040604513655
1141 11.10200897086312
1142 11.301864989870328
1143 9.025279735513887
1144 8.502350683296617
1145 8.77238509174463
1146 10.65782717620374
1147 9.794528164369847
1148 10.418312615013694
1149 10.82519966241021
1150 9.902766268029586
1151 10.495478039632706
1152 9.511436386180796
1153 10.836454347922096
1154 10.504514005115059
1155 10.569655935920633
1156 10.646366366039855
1157 11.167239570051795
1158 9.124149705716945
1159 10.170184178518513
1160 10.690141580361097
1161 9.27491210550772
1162 9.983076189107882
1163 8.632039289469557
1164 9.456062980147227
1165 10.52502984687781
1166 10.1580395558313
1167 10.958847375810185
1168 10.073821539705476
1169 9.915315468715008
1170 10.109539817653951
1171 9.394791222690188
1172 10.007593414916773
1173 10.074031066193777
1174 10.254656823128599
1175 7.447606581907574
1176 8.177342878965938
1177 11.27532024556356
1178 7.88714089850683
1179 10.452684774317072
1180 10.049081251975831
1181 9.915259650868995
1182 7.575489578396576
1183 9.149144075311362
1184 10.818064867529866
1185 9.243943306679375
1186 10.295338398071262
1187 10.482355074055953
1188 10.392164651409983
1189 10.382700479081107
1190 9.473047887203487
1191 9.377143381285324
1192 9.906471165524803
1193 9.515847933621398
1194 8.91655454439891
1195 10.134334738176454
1196 10.032152243700807
1197 9.148212291913204
1198 8.818963711821876
1199 7.658123447248128
1200 8.863969531385917
1201 9.016480079210478
1202 7.708344234197626
1203 7.980766411409657
1204 8.855715957382282
1205 9.639681459606201
1206 9.56103087529862
1207 8.96535859258364
1208 8.807669643703774
1209 8.974525248522513
1210 9.685591392127279
1211 9.748449200587523
1212 9.852480684162748
1213 8.833713254810164
1214 8.466637483633736
1215 7.680539143437545
1216 9.317660299512848
1217 10.159889578032315
1218 7.521703704648166
1219 8.387194096771859
1220 8.00219280860675
1221 7.01062351038899
1222 8.027409178948366
1223 7.515634998596029
1224 7.7067589401687755
1225 8.26449029125731
1226 7.48809044447683
1227 9.864714687763966
1228 8.590679929957682
1229 8.202965954384018
1230 8.479462080936601
1231 5.556034106844443
1232 7.29573533848063
1233 6.668655053562676
1234 5.499525746658532
1235 5.818227476269322
1236 5.693977632066274
1237 5.925068331172787
1238 6.092669269152514
1239 5.7893915231600905
1240 7.28578838012542
1241 8.873970135664953
1242 6.57376026769766
1243 5.858271246046985
1244 7.898877387723315
1245 9.113993564610459
1246 10.20015044381943
1247 9.879569700191793
1248 7.991591582594142
1249 7.294432305158033
1250 7.955072506448054
1251 5.559846413502748
1252 5.758791558869742
1253 6.393902233830069
1254 6.629990286388993
1255 9.171919397718277
1256 6.201062334911365
1257 10.924751833823194
1258 10.786477421572322
1259 11.987290772842229
1260 13.169433661633128
1261 13.997036107085961
1262 15.36704664841661
1263 14.232547347734144
1264 12.110281262648243
1265 13.648008671422819
1266 18.090029239832965
1267 14.581748976286379
1268 12.149381436147564
1269 14.099080327119555
1270 14.586825182843175
1271 12.358086579494458
1272 13.268348322908594
1273 13.764732234639036
1274 13.05867737398187
1275 10.062757195527578
1276 11.546831226065398
1277 11.372437770000028
1278 9.445094217589968
1279 12.075693060222443
1280 10.398861970701008
1281 10.506989510058556
1282 10.127577781181484
1283 7.711819247533317
1284 13.94546405390949
1285 12.1054371129308
1286 13.461971862238746
1287 10.883606949748023
1288 12.805844686668605
1289 10.271564177693717
1290 11.604711352190778
1291 9.531294533390273
1292 11.470377418809589
1293 12.06960048971997
1294 11.888123701707807
1295 7.700370936195344
1296 8.650262877599555
1297 7.1789546745444826
1298 8.252305376728257
1299 11.081386526516384
1300 9.824507548875163
1301 7.5962797168434895
1302 7.518548177828431
1303 11.07702224380095
1304 9.283676173801544
1305 7.3183021952839
1306 7.998234956580595
1307 7.5192446806220055
1308 8.346771696162703
1309 8.16739419252908
1310 8.229253715155052
1311 8.82046553233167
1312 8.732065222988128
1313 9.266604515590423
1314 7.861802062286231
1315 7.73693992765395
1316 8.752022052216184
1317 10.737417963038903
1318 9.44086868783093
1319 10.162552890694801
1320 8.79066432295991
1321 9.74461040518978
1322 10.032572733019904
1323 8.288549570874236
1324 10.2822243526076
1325 9.96737389754181
1326 9.926634093320251
1327 9.682729406263793
1328 11.181821567586747
1329 9.211793457765152
1330 9.980245899698648
1331 10.240574367627435
1332 9.207815434164381
1333 9.939127914890173
1334 10.239599250164428
1335 10.017097414943974
1336 8.328230643789125
1337 9.650268518853087
1338 9.607558755650109
1339 8.817490885736532
1340 9.24386259156014
1341 9.094369013093884
1342 9.53562277622038
1343 8.639600400162818
1344 9.085744291568574
1345 10.439572536443611
1346 10.120459990173128
1347 9.782425939108764
1348 10.441869831797392
1349 9.029897740358203
1350 6.971669327259081
1351 8.22882882008911
1352 9.567264423089787
1353 8.383718070925624
1354 9.458293835781923
1355 9.052647509951097
1356 10.453864906901087
1357 11.09346366048126
1358 9.488289607989538
1359 10.45164606459977
1360 9.278791013270757
1361 10.905768515172506
1362 9.825550383557745
1363 9.966162896418286
1364 10.546578590599067
1365 9.325225035707886
1366 10.391830485178447
1367 10.899200748363544
1368 12.025609074196277
1369 12.697962732996281
1370 10.099177772374754
1371 12.146299314071038
1372 10.470901826571902
1373 10.140204230296465
1374 8.232594169869884
1375 7.795967491165886
1376 5.843854698835244
1377 5.755156934044162
1378 6.189539387564287
1379 5.945309953242191
1380 5.998535609012396
1381 7.052584041732162
1382 8.758990033513575
1383 9.00876854029133
1384 8.741417226006424
1385 8.748859694288496
1386 7.789942984032138
1387 7.746946405242251
1388 8.92461094249248
1389 7.938064634316341
1390 8.311683704930948
1391 6.215254050949701
1392 6.211443872346157
1393 6.096948030270526
1394 6.240923632960025
1395 5.766877874024687
1396 5.67430546454926
1397 5.699106423459969
1398 8.14479087041947
1399 6.693778359928691
1400 8.689280700419125
1401 9.370435071719003
1402 7.636422487464926
1403 6.448718257386337
1404 6.5159295000657504
1405 6.391937438538697
1406 6.803989549408396
1407 5.171266677609226
1408 3.383998513766371
1409 2.9479567752243487
1410 5.423292731335431
1411 8.568525175413406
1412 8.3888017619557
1413 7.467125136042846
1414 5.762698118579126
1415 5.5522838587911165
1416 5.645080875598449
1417 5.295749536480871
1418 5.4705262397391365
1419 5.783159057961763
1420 5.525444369998191
1421 6.443335708226792
1422 5.622201364881178
1423 2.60169069105322
1424 3.5307502649624225
1425 3.16796686094423
1426 3.1962854761030837
1427 5.970404451825484
1428 6.425972884920989
1429 8.189483995222218
1430 7.048867937032991
1431 6.614562055493491
1432 7.831456020620744
1433 6.1485154408639
1434 10.01724071954747
1435 11.321327394095787
1436 8.876682899666095
1437 7.847644789167551
1438 7.806218878950091
1439 8.565644743040812
1440 12.248485372273388
1441 9.932320018554249
1442 10.310948047063173
1443 12.011913476382372
1444 9.173724800987824
1445 7.663553228533548
1446 10.757396415268152
1447 8.663339133218933
1448 7.093716602993359
1449 7.968678495106781
1450 8.401833908797094
1451 7.8663259715782035
1452 9.939333605160282
1453 8.1807265576922
1454 8.095511965104773
1455 9.938950696862268
1456 10.58006442629134
1457 12.333128100847468
1458 10.973731487540478
1459 8.335364375765876
1460 6.166249594917153
1461 7.378157311491998
1462 7.874947262068515
1463 9.771821110591683
1464 9.91191220986182
1465 10.305934929709704
1466 9.912620093986636
1467 6.701520430953102
1468 7.662943982155878
1469 9.272143735442464
1470 8.081258753756304
1471 7.107464075900936
1472 5.350196993629887
1473 6.834455736507191
1474 8.535940609342473
1475 7.5003279621912595
1476 7.547222278260474
1477 8.586770366117715
1478 8.185682089601192
1479 10.208211399676632
1480 7.334960115898611
1481 9.242601840493398
1482 11.472467425084186
1483 10.34866130777822
1484 10.943825161732326
1485 10.848720018681007
1486 12.10085591931866
1487 12.053626675063716
1488 10.179864311140268
1489 11.252029490344178
1490 10.16337225795183
1491 11.869087492945667
1492 9.24070679245309
1493 12.624985877787726
1494 13.45055666291469
1495 14.987560586052888
1496 14.74353701148939
1497 13.377462532051787
1498 11.172724157387199
1499 13.450308608590477
1500 12.21667813254386
1501 14.799235403261005
1502 12.40515313210611
1503 11.288523582107178
1504 14.369868788363059
1505 12.68224455934604
1506 12.598503609950065
1507 13.719959074244013
1508 12.524550417082077
1509 13.556554113305102
1510 14.410454195425835
1511 14.692985699612946
1512 16.20523670686423
1513 16.403437013776102
1514 16.08255169241617
1515 12.71245399669826
1516 17.520421199614134
1517 12.524363269575105
1518 8.669418504831954
1519 9.446940232409451
1520 10.914298377630168
1521 10.626124694613441
1522 8.612168826798609
1523 9.755932087759737
1524 10.016051124875629
1525 10.42300865551729
1526 9.954797483540432
1527 9.978285821087947
1528 9.49948685957096
1529 9.237686113065244
1530 10.631094423873948
1531 9.693271594564905
1532 10.713974416463666
1533 10.745677218107412
1534 13.290051613647215
1535 11.29267683315191
1536 12.930963180320328
1537 11.532819327339578
1538 11.423233748592152
1539 12.436587605659057
1540 9.51234085491349
1541 8.94488005368794
1542 9.009013585368967
1543 8.848080877644998
1544 9.832082646773838
1545 10.983875727398933
1546 9.770234900377638
1547 10.637320669312818
1548 12.361624716852432
1549 9.445981074807795
1550 12.667578430115528
1551 12.22355391124564
1552 8.663647531487733
1553 9.488575526456787
1554 9.599407829779773
1555 9.222934928193029
1556 11.231395563252045
1557 12.864396119576929
1558 11.405286421335338
1559 9.25350948291205
1560 10.036052124039271
1561 11.471075980717776
1562 10.764315669117284
1563 11.536045797670425
1564 11.208095536457265
1565 11.78996463256326
1566 9.783591016749575
1567 11.80047892953674
1568 9.546133332710095
1569 11.92008883884895
1570 10.293700364625952
1571 9.857572488385749
1572 12.005560405193403
1573 11.006531076861064
1574 13.015562164560695
1575 11.2863821257095
1576 12.336117412432344
1577 13.485042362338056
1578 11.567840017681585
1579 12.231844438662351
1580 12.094996724438861
1581 11.480249534323768
1582 11.121222480980556
1583 11.296167058751118
1584 9.204772762247714
1585 9.627468466756973
1586 10.198245754560261
1587 11.67866314226721
1588 10.319484968720015
1589 9.593158366518171
1590 11.888049662080954
1591 11.940869891305443
1592 11.055930707070347
1593 8.569668430432088
1594 11.292318567523917
1595 9.283873532137735
1596 9.672759469605815
1597 11.310307967954175
1598 9.227505213537965
1599 8.195640301922998
1600 9.614434317436293
1601 7.875778815810615
1602 8.199671260480654
1603 7.825176806135971
1604 7.745018257144003
1605 9.412920278545554
1606 10.09317323039528
1607 9.097454836055611
1608 9.905844190233726
1609 10.515621209112357
1610 10.020299721390003
1611 10.173101986533167
1612 11.094360531040783
1613 10.507339735531874
1614 11.075792516047725
1615 9.923896090136559
1616 10.481263446799458
1617 9.1117302021496
1618 12.428821813427962
1619 11.006453116204016
1620 9.841197084944001
1621 12.612471142015472
1622 13.329869611121476
1623 12.499137752366405
1624 13.6076186135689
1625 10.97036110046509
1626 12.443996160597113
1627 15.355662119587617
1628 15.95653308935094
1629 15.612008465842102
1630 13.049393740900781
1631 14.510040069149156
1632 14.740024036412152
1633 15.912437850747478
1634 15.746471993139265
1635 15.21579928698098
1636 15.743401113948364
1637 15.10867766526449
1638 15.852676029767084
1639 13.929445642092197
1640 14.539933123955404
1641 14.06882273799243
1642 14.35836580100716
1643 13.612236409423506
1644 12.765190900189612
1645 13.4185323993559
1646 16.065218403411112
1647 14.412941426176504
1648 17.709801966434792
1649 14.460271465873314
1650 16.450783622096623
1651 14.505059592051337
1652 15.397372586826219
1653 15.594657003209326
1654 13.85608213925713
1655 10.308270241408762
1656 11.296149454117511
1657 13.767332496771262
1658 12.791418735179226
1659 11.93818735584176
1660 8.619918392356247
1661 10.613154857260861
1662 12.819544826292027
1663 12.505547078768727
1664 11.57330035023615
1665 14.085318952749194
1666 11.754109905627107
1667 12.39970629658303
1668 12.222812431472892
1669 14.555058128482075
1670 14.985681820092877
1671 12.986791517832412
1672 12.917510783859813
1673 14.095050881231945
1674 10.04321178904382
1675 11.185459548184948
1676 15.094743735788812
1677 13.374371509938557
1678 14.378019255683043
1679 14.224867709386094
1680 12.603899201896475
1681 14.941925149796056
1682 13.132466685896718
1683 10.21064947859576
1684 13.9922786319062
1685 12.0359371186562
1686 12.554843240031689
1687 11.369366124048117
1688 12.091440479551615
1689 13.463908155549136
1690 10.949542652074287
1691 12.412474272519132
1692 10.704726501136095
1693 10.71151403558769
1694 10.899532802965124
1695 13.261975034804937
1696 9.24289993573067
1697 11.219743986832276
1698 11.54019503946292
1699 12.568535768116124
1700 10.57765622403629
1701 9.284086134175059
1702 10.977812760480425
1703 11.155624345639673
1704 13.35818346466013
1705 7.983094422252703
1706 11.980647836787865
1707 10.265688343634354
1708 10.422879150624526
1709 9.222817758129377
1710 10.349139668998507
1711 11.33286449749256
1712 10.358719639261782
1713 10.833444191033612
1714 13.310376893633553
1715 15.124204493060494
1716 12.737882824120138
1717 11.313442026072934
1718 12.918331659745315
1719 10.492548470847813
1720 12.906045762989761
1721 11.899679949136011
1722 11.753847453976244
1723 13.663704969482897
1724 13.321905259031967
1725 13.263447167144816
1726 13.201543364264571
1727 13.429261515547635
1728 12.502079928769042
1729 10.776337538971905
1730 10.43022365795088
1731 13.177564545186002
1732 11.668893683131422
1733 11.962106012791498
1734 11.356083562733728
1735 12.507674057564195
1736 12.885208552328189
1737 12.752246379951707
1738 13.442341595983
1739 13.59452549820813
1740 13.94992950159382
1741 12.689643357408462
1742 13.075675582328174
1743 15.35069646233353
1744 14.504657476696334
1745 13.848095954987066
1746 14.037313284661973
1747 13.60952652084639
1748 12.389654986466414
1749 13.016105184042463
1750 11.559363445855903
1751 10.239341587719109
1752 10.870906973645646
1753 10.875013568882405
1754 10.650691188252916
1755 9.461618629363782
1756 7.489951566533685
1757 12.473311383465957
1758 10.379935952285278
1759 9.78434206092265
1760 12.503143590920878
1761 10.217954062205267
1762 9.792609848489384
1763 10.621725339237978
1764 12.61770039217781
1765 12.779647304107664
1766 13.421491378827156
1767 14.21844345737829
1768 15.092045366164667
1769 14.900430250472988
1770 9.156793385583056
1771 6.890729554733261
1772 7.125548605273712
1773 9.145132319364974
1774 9.07196585215252
1775 7.625178717257231
1776 7.281283773695304
1777 7.576722854138318
1778 8.94552445129999
1779 9.964061037076698
1780 8.312907635648404
1781 9.811139965182203
1782 8.514431507894315
1783 8.804649951049742
1784 10.590270169769449
1785 9.018095350969718
1786 9.049165758162374
1787 9.424021687786595
1788 11.60290704566767
1789 12.087742941592918
1790 10.062438369167502
1791 11.68060422614781
1792 11.753617670908984
1793 12.437639136806668
1794 12.427441426989496
1795 13.953485400822752
1796 11.341886033480442
1797 11.950238922158535
1798 14.071583323806651
1799 13.977432984744354
1800 12.989289284191564
1801 11.162733188223482
1802 10.774560234852352
1803 10.854275141148088
1804 11.897591569696647
1805 11.511474800712595
1806 13.109586549900941
1807 12.031202734031023
1808 12.336357597792643
1809 11.072850003050279
1810 11.408162117394998
1811 12.109760970035065
1812 11.893896068839835
1813 10.2960021447884
1814 9.164867801827294
1815 8.72910867797031
1816 13.686098723844648
1817 9.734950155440826
1818 8.719677114022062
1819 11.169310081445236
1820 11.749584215839326
1821 11.133861537334974
1822 12.247402962937791
1823 13.134437848263595
1824 11.478239548515612
1825 10.511492156029165
1826 11.428625437803484
1827 12.242220540301556
1828 12.309251625251756
1829 13.7592096128365
1830 12.531219975417859
1831 13.28636303440088
1832 13.40576844599273
1833 13.610740966585265
1834 11.735711976516559
1835 12.72871400844816
1836 10.56631619127825
1837 10.695227522318485
1838 10.30271581915059
1839 12.112882360954679
1840 12.579334831422813
1841 13.139439894589216
1842 8.7613949350504
1843 7.52397953107533
1844 10.569803697250412
1845 11.206536714920292
1846 11.71471497043119
1847 11.285724043431932
1848 11.648900604897412
1849 9.303225206354275
1850 9.027213357391886
1851 10.471919089184336
1852 8.660793104971845
1853 10.587236442882144
1854 12.790635673051026
1855 8.469586525906067
1856 5.797843457472408
1857 6.584698678262375
1858 7.476661469108964
1859 6.960226860955304
1860 7.5883719842111335
1861 12.418303601796948
1862 13.113142404830255
1863 11.752215140764163
1864 11.280033996206749
1865 10.511862167695769
1866 12.598402788810748
1867 12.29066024980978
1868 10.658034567657237
1869 9.392299886387727
1870 7.639269933726331
1871 8.73809393204623
1872 12.375374948574718
1873 8.610103493135865
1874 7.6629162022753885
1875 9.16679262335201
1876 7.721842059029318
1877 7.858293513092298
1878 11.023696471784024
1879 9.953930124209394
1880 9.94418878744303
1881 9.278393361682017
1882 9.493150684963531
1883 9.460307810095708
1884 6.847337571580124
1885 10.123627876199036
1886 10.253152727224512
1887 10.299340626027645
1888 9.42478773458065
1889 9.439645023301894
1890 10.470676929709814
1891 11.338573165289409
1892 8.151126380456931
1893 8.706702461272563
1894 8.811944017300418
1895 11.219052878268126
1896 9.739626527401509
1897 8.91672437130682
1898 8.635924470654537
1899 6.441177107768534
1900 5.978243240240732
1901 6.2298579576702755
1902 7.584555279069376
1903 10.34137017681319
1904 9.963055086955336
1905 7.873695759436411
1906 7.218372171399983
1907 9.057719725252712
1908 8.956032995373572
1909 8.9418956073102
1910 10.024012208063095
1911 10.12383039969026
1912 10.129292614293782
1913 10.864812441250576
1914 10.37932255778763
1915 7.65584963338556
1916 8.430866312425053
1917 11.84648855457485
1918 9.87849745935403
1919 10.63883875698488
1920 10.920985960693883
1921 10.576007857830222
1922 10.292255061685067
1923 9.754565784327992
1924 10.375074972817767
1925 11.221421697375874
1926 11.643482858604871
1927 10.95653498737198
1928 12.08669307795211
1929 10.3082547017594
1930 10.156716452931649
1931 10.859836620135507
1932 11.616912160884372
1933 12.072609726784492
1934 11.114904413263343
1935 11.6431816397282
1936 12.109394517626146
1937 9.656553915220142
1938 8.757806397922517
1939 9.381058587898654
1940 9.951518584034327
1941 9.780750329658884
1942 9.460081052538138
1943 10.008494749509335
1944 11.087292075152197
1945 9.71766951577896
1946 11.046416855336851
1947 10.828614820561276
1948 9.613100275909945
1949 9.730775578044339
1950 11.543151367661375
1951 10.770418316470119
1952 10.53860825385579
1953 9.810678524929486
1954 10.990219225518931
1955 10.97205338990251
1956 10.53808072199839
1957 10.600192248635324
1958 11.663158158125357
1959 8.648126580733784
1960 10.51867880731174
1961 8.252913781546871
1962 9.661145811187023
1963 9.000368347262267
1964 7.809873887142424
1965 8.043175682976734
1966 5.657366151265039
1967 9.681555013368161
1968 9.097757826694776
1969 10.04894354024872
1970 11.550656044035392
1971 10.072323859242855
1972 10.292313513301352
1973 12.050584165857465
1974 13.173703791810683
1975 12.784439901738665
1976 11.02101074360652
1977 12.06877650813144
1978 14.933125780150744
1979 13.211624077669638
1980 13.354211407184122
1981 12.84684532990348
1982 13.224901643731428
1983 13.90814444632574
1984 16.178680504090615
1985 14.214451901997778
1986 12.78042751726282
1987 13.219201622317136
1988 17.402849036663753
1989 13.423361272438514
1990 13.377914540917386
1991 12.729552274688553
1992 14.964711897630083
1993 12.799962923354412
1994 14.777024227790074
1995 14.995044540742391
1996 16.86082263012314
1997 13.202166514997929
1998 14.408266786938627
1999 15.303992927268196
2000 14.908721779389692
2001 11.78352310967516
2002 13.76950590955232
2003 14.811683745456566
2004 15.527014350285532
2005 14.390462921205671
2006 14.511490241934395
2007 12.500001497315154
2008 12.642944200442837
2009 13.627504257905551
2010 11.407781219595977
2011 9.26533643430639
2012 9.140046738687648
2013 11.647584855327086
2014 9.286049159386197
2015 10.730930215668021
2016 10.222526767370393
2017 12.01292307504633
2018 10.435085219005707
2019 10.67536984892295
2020 7.484294828278599
2021 6.793524278027258
2022 8.90354713561595
2023 9.755964128568605
2024 8.71949493800697
2025 8.433361217814609
2026 11.507751384401837
2027 9.868208687662277
2028 11.743818007978035
2029 10.218844823782844
2030 10.871154012342865
2031 8.690725351140115
2032 9.83350664554818
2033 11.978842296163455
2034 11.391116701065023
2035 9.617219584352654
2036 12.230843616762654
2037 13.354048936148319
2038 12.796459597200998
2039 12.62451286309919
2040 12.00712194218949
2041 12.274176227348867
2042 12.333307057934322
2043 13.139482868187415
2044 13.211007938209212
2045 13.4259824857213
2046 11.02433934619838
2047 11.744736097028788
2048 12.92391734599482
2049 11.208838792565844
2050 11.878048621315893
2051 10.5483530571669
2052 10.207424637229206
2053 10.747235617978701
2054 12.4120708250851
2055 10.795792399626059
2056 10.567826292490118
2057 12.174805757768356
2058 12.065961449301223
2059 12.687867496556732
2060 12.277905991168033
2061 11.272685318351446
2062 11.47300065279443
2063 10.595607377737082
2064 10.243091553474281
2065 11.368444162175914
2066 9.201063087080547
2067 10.805453224270222
2068 10.202909716847866
2069 8.552811888600685
2070 9.487313928764666
2071 9.232607065754351
2072 9.573023650582845
2073 8.406205036622952
2074 9.079321125055795
2075 8.78300215278419
2076 7.46627818382397
2077 9.66023040717882
2078 10.520751947429135
2079 10.104769271189367
2080 9.679212324396213
2081 9.998228865830429
2082 10.598972304280942
2083 10.247804692531169
2084 10.012993644748803
2085 11.502131825163701
2086 10.866806260724609
2087 9.365077385945266
2088 9.963526930588095
2089 12.310683953803617
2090 9.984860214150567
2091 10.607859589225185
2092 12.596528492398972
2093 9.213194124454413
2094 9.567062795842384
2095 9.599436031307047
2096 11.350354208103738
2097 8.476851647215566
2098 8.70083850143756
2099 9.445879223979846
2100 9.519980850685679
2101 7.882095508503473
2102 8.474802103709617
2103 9.109035414583992
2104 7.898191614739061
2105 8.419732125526352
2106 7.724273897782787
2107 8.016775738627372
2108 6.892744713214472
2109 8.488140998292694
2110 9.180523569473126
2111 8.456716585338098
2112 10.050056609191625
2113 7.9034959997082845
2114 6.629124047137243
2115 6.725473317566258
2116 7.482516689729469
2117 6.389967384793394
2118 6.917356411489501
2119 7.171758599616786
2120 7.937433432391191
2121 6.737877259177133
2122 7.903175578171708
2123 9.904221307455868
2124 10.664432888200045
2125 9.9475929259411
2126 10.710186143643734
2127 13.206142608657752
2128 9.869953806888406
2129 10.0916965497328
2130 10.64916490488969
2131 12.20004455320843
2132 9.986056383671874
2133 9.211547788442129
2134 9.224777964335853
2135 9.723298883318073
2136 8.64743795354485
2137 7.2295493312326
2138 7.808293688347872
2139 6.463940845422426
2140 7.79203509327632
2141 8.954611460032982
2142 9.248021604050013
2143 11.81385610873424
2144 13.33267959448394
2145 13.085836195511359
2146 11.657511011850698
2147 8.556556390113643
2148 10.368648537371705
2149 12.433033795169449
2150 14.073654678149534
2151 10.343726486948203
2152 9.676466243232333
2153 8.040285388195182
2154 7.062106718691587
2155 7.7638957713414305
2156 8.180212828991115
2157 9.02323733037181
2158 8.47436323356407
2159 9.141843736529664
2160 10.13263709220289
2161 10.049922075266345
2162 11.18000246037924
2163 11.013199842199374
2164 12.525815971795927
2165 10.727651071121063
2166 8.44323619701843
2167 8.827463916415056
2168 13.598093621100176
2169 9.799319791742155
2170 8.241846516758429
2171 10.339517143236963
2172 9.447406344732801
2173 10.283587497715612
2174 12.007432173142469
2175 8.718109685237323
2176 10.229430581046165
2177 12.624770501981562
2178 11.576042805508258
2179 9.584305611433653
2180 10.958120735860467
2181 11.798352789529847
2182 8.978851634390258
2183 8.493421741827229
2184 10.581132657261556
2185 9.44495793492455
2186 9.516297643065228
2187 10.796566519857045
2188 11.344922429003846
2189 9.463101032559052
2190 11.177554749124713
2191 8.900086789515656
2192 9.207353784094007
2193 8.558793198559032
2194 8.733564361351794
2195 9.29271650085349
2196 8.198186412766253
2197 10.300181696502786
2198 11.492455479576275
2199 10.777663948443344
2200 11.351410260350496
2201 13.957269325654806
2202 12.798040872014752
2203 15.025241614814718
2204 14.468902066435932
2205 16.43196146117649
2206 15.491495946926255
2207 12.49565091065602
2208 12.636527369593455
2209 12.646911402902093
2210 12.600656052722746
2211 11.268356824368565
2212 11.38500021725676
2213 9.791971959673665
2214 5.7404500068551565
2215 5.930623054647246
2216 8.09934396003985
2217 7.681286643457661
2218 8.36344671299379
2219 6.683232686788027
2220 8.930193988708458
2221 8.038291890340393
2222 6.402995605833134
2223 5.862531235606375
2224 10.688803717084856
2225 9.68727584827876
2226 6.397829447560792
2227 9.27900207958529
2228 6.5806614023388414
2229 8.573171077444877
2230 8.935509505561821
2231 10.753634712538142
2232 9.675121603036427
2233 8.02034291093725
2234 8.177815543065723
2235 10.324306311411503
2236 9.78372063960882
2237 10.945323790899696
2238 11.039966194550528
2239 11.75397930664528
2240 10.434779923541143
2241 9.70691975508188
2242 10.960229718248254
2243 12.130931806509315
2244 11.470201033786228
2245 13.319465864088356
2246 13.367704181421166
2247 13.127028348431319
2248 13.521281906505948
2249 11.75012028136679
2250 13.409833555846413
2251 15.240090945416085
2252 14.158621228224685
2253 13.788031344679206
2254 11.679505753054954
2255 12.808843313227557
2256 10.146812945392888
2257 13.507275560583077
2258 11.55820206952687
2259 13.379832496335984
2260 14.076579878879459
2261 14.808970856492559
2262 12.389714167323698
2263 16.84205722856097
2264 13.30569148443616
2265 12.974754455007727
2266 13.232709049813833
2267 11.962200256359631
2268 12.162084433189706
2269 12.549211391645164
2270 13.268462825533959
2271 12.545933574365694
2272 13.22170601829557
2273 12.737556897697727
2274 11.313380114974548
2275 10.090998409093558
2276 10.211659523417831
2277 11.9524749576913
2278 9.560661870000116
2279 9.34809227462376
2280 10.488206655054574
2281 9.65280284802829
2282 10.519518424496896
2283 10.991670553827225
2284 8.28184448798788
2285 7.72322444167254
2286 8.240448993562676
2287 7.931277317155763
2288 10.133770961081082
2289 10.89621542438313
2290 10.366415234901735
2291 9.876796026692608
2292 8.396010079979513
2293 9.44778316141135
2294 9.897944696414514
2295 9.176600955171557
2296 8.454403960947126
2297 8.427111503456807
2298 12.698140327846271
2299 10.28262743254564
2300 8.453082346134451
2301 9.300688306549802
2302 8.01106429422126
2303 7.0390232453448425
2304 7.288727316158411
2305 6.651944963605469
2306 9.27414661637783
2307 8.118181013066717
2308 7.536611453091258
2309 12.18545364643714
2310 11.180723596813245
2311 10.502325065480653
2312 9.189965356844647
2313 7.144101690119856
2314 7.240509029231776
2315 8.976429978897155
2316 11.362189092737644
2317 5.5364440197694105
2318 9.968681934282063
2319 9.443605067256387
2320 9.022532727070436
2321 8.045347310425488
2322 9.199014689884434
2323 8.961238330693707
2324 7.165063981637864
2325 5.274779000087586
2326 3.558254259682095
2327 3.271825729396389
2328 3.515392241869183
2329 3.9547857901256314
2330 5.181800628013866
2331 6.137777288012931
2332 6.271261119170102
2333 7.8532116168873065
2334 6.257139776139796
2335 6.459055233305147
2336 3.7166243284683547
2337 7.5949097216821455
2338 6.1027759464334235
2339 6.194472169728356
2340 6.5480962047675915
2341 7.701263211365886
2342 4.848483284625897
2343 7.213976685726869
2344 8.023606939699313
2345 7.549767883573684
2346 6.406585075556865
2347 9.354179984628772
2348 10.529640285806366
2349 6.444306146814713
2350 7.428963200970797
2351 8.217335564610147
2352 6.063929140760242
2353 11.468919465073746
2354 10.32914975444474
2355 10.046276358922983
2356 7.848293923780518
2357 9.998029456578244
2358 8.502512382899809
2359 8.430969155246485
2360 9.240334018930797
2361 9.163074536807114
2362 7.920623616993331
2363 8.624230931943908
2364 7.951813052362273
2365 10.007427749245993
2366 13.942171502889218
2367 8.87866607716814
2368 11.85474428774159
2369 11.725653542077664
2370 11.637020286311273
2371 8.96095143069438
2372 15.329394245760406
2373 8.414146537273096
2374 9.636051091744982
2375 7.426793761933647
2376 8.393837934166147
2377 5.360142184988338
2378 6.575207339427999
2379 5.031169621898655
2380 6.811336931252589
2381 7.808796251557045
2382 9.91984549894364
2383 5.600941917775364
2384 8.087791171321895
2385 7.792010656570055
2386 9.556849303014083
2387 8.113167969652695
2388 6.807703784443626
2389 6.815853955285571
2390 6.764061120090718
2391 4.549096554115424
2392 6.639950072551057
2393 8.442509411378474
2394 6.423297831753357
2395 6.134705577405301
2396 6.8845085031817606
2397 4.166604887567517
2398 5.196677394138484
2399 3.4028584337387087
2400 5.041219980855648
2401 5.997022600087812
2402 5.6829217037270645
2403 7.665226430319268
2404 7.530496960134196
2405 5.4934379119270185
2406 7.6132485248159965
2407 10.387652627022522
2408 11.76178995523562
2409 11.756023956316733
2410 10.434587731841091
2411 11.704465858890128
2412 10.579466142509261
2413 12.375315022353998
2414 8.910299322069628
2415 5.4498971486358645
2416 5.245046038286886
2417 7.788678325923524
2418 8.67971376465846
2419 9.184979722819149
2420 4.443903179984189
2421 9.896365432946036
2422 11.057991163821091
2423 11.238627119425146
2424 9.64170374175496
2425 9.999181736848957
2426 10.12064971285874
2427 10.464398683502285
2428 7.378652475252032
2429 8.9076077216958
2430 10.035628940584967
2431 7.621532365610521
2432 9.430786866322165
2433 9.031795822982165
2434 9.01993555659735
2435 8.879805395561473
2436 9.371974962153553
2437 10.82959160215272
2438 12.518795518069185
2439 11.0470396887902
2440 9.227510009037836
2441 8.761406989480685
2442 10.877915934924834
2443 10.137251018058885
2444 11.244381282985257
2445 7.548956433070309
2446 6.962881509249426
2447 9.553329004035282
2448 8.236313953926976
2449 9.04585498436126
2450 8.694267598350429
2451 9.905934986735321
2452 11.21604075650089
2453 10.987530320338111
2454 11.522585467840461
2455 14.278295534282211
2456 10.297463339131086
2457 11.669389656798847
2458 10.491469839596798
2459 11.869657669723885
2460 11.463219198286113
2461 10.497655174383183
2462 10.979882401497992
2463 11.750869749436031
2464 12.143172203906563
2465 10.708989863129146
2466 13.942379147790785
2467 13.545128743239411
2468 13.913957509320703
2469 13.478677733118634
2470 14.903913283276827
2471 14.125420755194837
2472 13.560972882033466
2473 13.579062758680582
2474 14.540646325587133
2475 13.266888726017118
2476 11.552385173560545
2477 13.101313624672972
2478 14.202993205998679
2479 12.19706851172032
2480 12.474135145650832
2481 12.213270139935274
2482 11.075121914508049
2483 11.083564863075008
2484 11.88813400487602
2485 10.60845793510877
2486 11.416385377086225
2487 10.061958413284396
2488 11.491036219080389
2489 11.207914372037656
2490 12.121610337473559
2491 13.227109425300249
2492 11.827775097383546
2493 11.64182559061428
2494 11.768195796939247
2495 12.343900527787945
2496 12.983385073154418
2497 12.998943971555244
2498 12.590069006018377
2499 11.318838408354557
2500 11.614477266003314
2501 12.052923825437732
2502 8.565659188352107
2503 10.883261726025985
2504 7.80028913226578
2505 9.709403912121884
2506 9.126159251873524
2507 10.535120297956217
2508 11.503303667368856
2509 13.777471796990637
2510 13.827804148273794
2511 13.00821362252299
2512 14.773745709103377
2513 15.02047827435475
2514 12.637459573894379
2515 11.106865839127474
2516 12.560446040138194
2517 11.435423596425782
2518 11.222198014951395
2519 9.670258813846665
2520 10.888930238948303
2521 13.046951185455232
2522 11.820973260253565
2523 12.965485927246549
2524 12.075194134212765
2525 13.198510420359746
2526 12.99432549529402
2527 14.515719580876727
2528 15.39327928313836
2529 15.712810669273843
2530 16.557609094338574
2531 14.67811858768615
2532 14.011926406214373
2533 11.345119200045875
2534 10.557183664631317
2535 10.095533340672826
2536 11.834434782908227
2537 11.778239543956085
2538 13.360997850993218
2539 12.274119415833727
2540 12.326414416760315
2541 13.437187566660159
2542 14.187406998040322
2543 12.573278535447775
2544 13.500831018376042
2545 14.275103410391793
2546 16.33546521241704
2547 12.90728596898959
2548 11.373643553897574
2549 11.993736254204673
2550 10.505158021337666
2551 11.141176062370901
2552 11.300875148272763
2553 11.828391595850555
2554 14.350424530238074
2555 12.848164021349247
2556 13.325583119185888
2557 14.992755740519243
2558 16.04722785734961
2559 19.291773265697696
2560 16.007342763878217
2561 17.783962772080628
2562 14.932059114170032
2563 14.547799222643812
2564 12.408324307068453
2565 13.228324711868034
2566 12.740337078241058
2567 10.81566657197116
2568 9.944951756493095
2569 11.620283513509188
2570 12.1523367021774
2571 13.218091660432517
2572 12.936564621229332
2573 12.246037797796706
2574 12.14195685136547
2575 11.909024243107199
2576 10.878716355365563
2577 10.85984853213884
2578 8.65555225005708
2579 11.93087115820446
2580 9.372325642966938
2581 9.822321454784044
2582 10.056260331592329
2583 10.110411469400557
2584 9.50857922712279
2585 12.8350081769761
2586 10.911629693880412
2587 10.281326803833549
2588 11.995454400550791
2589 11.379046207009276
2590 10.632381592290816
2591 10.53831790814061
2592 11.857563478713598
2593 12.101496642315938
2594 9.38820951070163
2595 9.427695162548272
2596 12.064915591346761
2597 10.138120209904285
2598 12.60615496055335
2599 11.27537385835996
2600 11.9983560950634
2601 10.026896859717617
2602 10.642723043956186
2603 12.408174009295434
2604 12.676483273005946
2605 9.572486846113511
2606 8.591559930810952
2607 9.793997320056247
2608 8.762271315787768
2609 10.79452949364387
2610 8.745986153523818
2611 8.553971482416008
2612 9.079016107703351
2613 7.0306712192419685
2614 7.609292556029648
2615 9.748719360602895
2616 9.603440263237719
2617 6.624281097678338
2618 7.5012623121886115
2619 8.284937824024162
2620 7.085987537515999
2621 5.68081916812428
2622 5.450738389141001
2623 4.973911979064247
2624 3.197076108781909
2625 3.2974703281745823
2626 2.8737745392851304
2627 3.4601451142225277
2628 2.9048732710378773
2629 2.972345950772918
2630 2.7260793178622715
2631 3.731785976952556
2632 5.251162614254578
2633 5.631495962111186
2634 5.104690514886925
2635 6.2609613059591265
2636 5.711962018821161
2637 8.286639810022828
2638 8.36237800616788
2639 9.233764679165297
2640 9.202557379334845
2641 10.56837807849358
2642 8.525944520774463
2643 5.332463587955927
2644 5.546945303810138
2645 4.93343064667947
2646 7.583251217424686
2647 7.763128713903662
2648 10.163528126867643
2649 11.449548115173547
2650 5.68834036841072
2651 7.77839772766383
2652 11.041101900757196
2653 9.272094617487028
2654 8.493567504809297
2655 8.313793450754387
2656 7.79020931369335
2657 10.781908692373836
2658 14.732834193364736
2659 9.574706671065773
2660 11.343660694623923
2661 12.233637532527558
2662 16.664133506887538
2663 9.775819763937648
2664 13.825386224082278
2665 12.791663205211446
2666 16.147616248831913
2667 11.421610145168048
2668 10.046034430813997
2669 10.527338362999389
2670 7.889586850607323
2671 8.44000404575084
2672 7.878409041313815
2673 8.93541846629285
2674 7.197840650795742
2675 7.353505478913057
2676 7.345711094747626
2677 7.768460986335357
2678 5.979253182621794
2679 4.693717532763483
2680 5.796323773493249
2681 5.73950262540065
2682 5.11474936936986
2683 4.3582199228744845
2684 5.139760960465975
2685 8.37069358751069
2686 9.536213782060004
2687 7.986107435545798
2688 8.796155449903146
2689 7.44990342066452
2690 9.345039579698392
2691 8.098044114001317
2692 8.64506710329126
2693 10.356095659102296
2694 8.708579466790694
2695 7.686239715839487
2696 10.53511207481279
2697 6.760534706643476
2698 7.470726128847415
2699 8.370780311591576
2700 9.78913640905833
2701 9.633860763877756
2702 5.3322379401427815
2703 5.1057492086578735
2704 5.088504762603515
2705 3.5733692804649255
2706 3.3546669634861077
2707 3.2917008921237616
2708 3.1895796491169977
2709 3.526054311670518
2710 4.265664013681579
2711 4.8580707077031455
2712 5.257436993813102
2713 9.022131436865063
2714 8.171114875992604
2715 10.357248108103455
2716 11.763716945374519
2717 11.42995044794317
2718 11.22661412789922
2719 10.697175134852339
2720 14.683499091568828
2721 12.468707121860614
2722 12.538808545790596
2723 12.488990300386618
2724 14.209782511737423
2725 12.732920831707805
2726 12.640696250838827
2727 12.580828703375223
2728 11.05955491700164
2729 9.592664403792956
2730 5.584482040500161
2731 5.4291198593323
2732 4.93671611286423
2733 7.019509583649164
2734 7.895410787230853
2735 7.5864726904859845
2736 8.773098355465972
2737 9.545000765580369
2738 9.118952986198838
2739 9.309688531766273
2740 6.886744164508982
2741 7.844837155426825
2742 7.908227073006684
2743 11.016508474934481
2744 9.400315380410781
2745 7.735469622865222
2746 7.546042834718856
2747 7.372178304180579
2748 9.593305454637674
2749 4.824132762710426
2750 5.624444891507746
2751 6.202836722385544
2752 5.560249118577839
2753 6.09948317442908
2754 5.808275174118588
2755 7.65687686368759
2756 9.069344273835032
2757 11.302838477467654
2758 9.987094676782773
2759 8.622418290021958
2760 10.097087102704595
2761 10.85009639433529
2762 6.901672438797932
2763 7.408855022567667
2764 8.247208719704167
2765 7.7567565579459234
2766 6.440718502940294
2767 5.747192207319286
2768 8.00044020643638
2769 6.139755597799812
2770 6.165953798545031
2771 7.5631370880018185
2772 6.405203732691986
2773 7.27420636775442
2774 5.419616126799326
2775 5.023710769996972
2776 7.229284555337294
2777 5.3579701448902215
2778 4.883102196098563
2779 3.7073849306937015
2780 3.7944580736691105
2781 3.5847440599025604
2782 3.595263489909983
2783 3.852259167791705
2784 3.5928187966642673
2785 3.856044283688588
2786 3.3877499308850516
2787 7.918888415542245
2788 6.065509346175902
2789 5.656993578656828
2790 5.292078713801727
2791 4.42163538095978
2792 8.58398589182619
2793 6.180053105794977
2794 7.8531625138281544
2795 6.73969025192934
2796 9.35100670063604
2797 8.341652662614596
2798 6.77077740216929
2799 9.633895969622428
2800 8.12983384266559
2801 9.911072165868696
2802 6.444947867058502
2803 6.329996090086403
2804 6.091636897248108
2805 5.060835824628013
2806 3.9329711988819858
2807 5.043565375790206
2808 5.521421758036414
2809 6.78778120282237
2810 7.097431524851559
2811 7.752374636210189
2812 8.526177996825497
2813 6.910937257792283
2814 8.092942137003941
2815 9.39832439666324
2816 6.191407291995338
2817 5.900956560090712
2818 6.310682912349676
2819 6.618396962557612
2820 7.218022769704829
2821 5.733744416485735
2822 3.701533925234928
2823 6.701516321346298
2824 6.047660163317008
2825 5.520660794832135
2826 5.83362930137101
2827 6.253763392350716
2828 9.064157877047265
2829 5.210801004352111
2830 7.772161704549376
2831 7.249739922430349
2832 6.2121837922680685
2833 5.4603172914345635
2834 7.586648364972479
2835 8.187949660022051
2836 9.45879605235475
2837 5.6696092202505755
2838 8.76895235492714
2839 8.38024990647283
2840 7.249575730118302
2841 6.927301136855761
2842 10.781116137508224
2843 8.56113459723949
2844 8.551521765667003
2845 8.134604559294305
2846 7.425925964160225
2847 6.576249382342372
2848 7.111633070316296
2849 6.733674365156678
2850 7.5985075593541485
2851 9.662578496893387
2852 9.230537419901413
2853 11.270966987997207
2854 10.885158408211975
2855 9.502080670392774
2856 7.7997507943753535
2857 11.028247629307378
2858 8.786074737830528
2859 8.663857105784274
2860 9.456050078190996
2861 9.685916949317093
2862 7.150186147121325
2863 7.683667792251888
2864 6.874314515277249
2865 11.600377342930754
2866 9.225073005868037
2867 10.106473062510382
2868 9.639573830975328
2869 11.616242767469164
2870 8.057603874241488
2871 6.675565210084003
2872 5.200376200356212
2873 7.209897037788164
2874 5.355055055027546
2875 5.145242401731834
2876 4.552638439776482
2877 5.021708195555188
2878 5.9199116970950225
2879 5.923904226716419
2880 2.7800042494111747
2881 2.9517430494692642
2882 2.9297594366182516
2883 4.639893156664802
2884 2.996182147085703
2885 2.543244482721507
2886 2.6960403048239074
2887 2.5085567899873387
2888 2.727145284937953
2889 2.552453390502734
2890 2.4827839386182946
2891 2.9456958885256377
2892 3.0451838170188577
2893 2.5275697143843123
2894 3.0765438217611676
2895 2.7690344301691456
2896 3.1513037303377303
2897 2.8881591076449777
2898 2.562629762261483
2899 2.6523365737754054
2900 2.627141861856045
2901 2.861946546885281
2902 2.986219106719039
2903 5.411606449934352
2904 5.70902947591613
2905 5.16907746664454
2906 5.420388096789714
2907 6.553531422748672
2908 7.131856297154169
2909 8.131606493795534
2910 6.879217998286343
2911 6.339165224791606
2912 6.409050619017355
2913 6.2308434869730585
2914 5.876077703579382
2915 7.745486353164989
2916 9.536369135017624
2917 7.421177749323455
2918 5.931034496325773
2919 7.281053488668686
2920 6.351040089410799
2921 5.55474761253608
2922 4.500648628791596
2923 6.375597364280452
2924 5.915165621212633
2925 6.56456482839437
2926 10.9713784654224
2927 9.98027037474252
2928 9.15354377236453
2929 9.04374626568289
2930 13.300894775241803
2931 11.6973451568672
2932 12.11640894853629
2933 12.681564071899603
2934 13.944320106281967
2935 13.015576777071997
2936 12.820091262353314
2937 10.512242935942522
2938 11.49502616570995
2939 12.323621105384312
2940 12.416941041788105
2941 12.339364187719358
2942 10.808492079733721
2943 11.129485907190706
2944 13.105958965659411
2945 9.374626680561919
2946 8.64243374049951
2947 10.661995279263664
2948 12.005229435849298
2949 10.42658382264229
2950 13.62713691122929
2951 11.935894441557867
2952 8.666841184163646
2953 10.785678969703161
2954 11.058668001205296
2955 11.66273652342266
2956 12.207805402703025
2957 12.746523920947638
2958 9.852345580156998
2959 10.469051994247632
2960 10.525781697659607
2961 10.516062560984599
2962 13.659401263054963
2963 10.755076560407295
2964 11.664731883059392
2965 11.837927217634759
2966 12.513206281212812
2967 11.064384874159568
2968 12.273056630991004
2969 14.904042953591997
2970 13.648220042005802
2971 11.760481744360447
2972 13.66832907699839
2973 13.67585842516678
2974 10.413705025104717
2975 13.494454103548568
2976 12.984743328299441
2977 11.54988431772311
2978 9.85998024403206
2979 9.62901533438749
2980 11.268419361988983
2981 10.339996970972324
2982 13.863562140542452
2983 11.938574279700212
2984 12.767056926918821
2985 10.993938608604648
2986 9.667440585640179
2987 10.657193683015942
2988 10.043637366681471
2989 8.416453016091673
2990 6.816157769474868
2991 8.73620633875297
2992 11.641092047441571
2993 10.963167608657585
2994 11.134204012543737
2995 9.405833871029802
2996 10.688992677340284
2997 9.761021167459978
2998 11.717434073257577
2999 12.86883137303533
3000 14.025052629178504
3001 8.954312056078107
3002 7.436792020861504
3003 8.739982887794335
3004 9.137590032847088
3005 9.694757928374866
3006 8.768271659264702
3007 7.736725277971914
3008 11.307779287382793
3009 10.840020401437243
3010 11.397112191094996
3011 7.779927799904292
3012 11.407619567688633
3013 11.271965385821032
3014 14.08012851027916
3015 10.106133173887057
3016 9.946890457782692
3017 9.88811426064889
3018 10.505918354780102
3019 10.232547581367973
3020 9.99806945186385
3021 8.6340462792028
3022 12.024248748217762
3023 11.2184204194629
3024 10.967344094345812
3025 14.49346392353224
3026 13.37333216284917
3027 15.332581226004809
3028 13.991816062171873
3029 15.475137952347092
3030 13.263190875817052
3031 14.81526501431903
3032 12.68524163268616
3033 10.742979543955462
3034 11.117504526789203
3035 11.360172603801127
3036 9.862284720239547
3037 12.908900243248699
3038 10.424402640887726
3039 11.259066639054153
3040 11.91010609680106
3041 12.82587617424204
3042 13.09186683066743
3043 13.079487151263818
3044 13.952317522391052
3045 16.39906842270839
3046 12.2149833076386
3047 12.552311754304897
3048 11.370846914323312
3049 12.775580060180605
3050 13.881589779032403
3051 13.527345637137483
3052 16.14546794243593
3053 14.507617445558042
3054 13.34202996909943
3055 12.778243236717897
3056 14.857988656803437
3057 13.211345489848584
3058 11.986454259868678
3059 12.523864337659692
3060 12.843766365611328
3061 12.898319152977239
3062 15.729600897770101
3063 11.369150252454162
3064 9.351505479347107
3065 9.51994378723889
3066 7.970467755270242
3067 9.636930294314302
3068 7.411157100610736
3069 9.472833438744937
3070 8.855823018254373
3071 9.276594919780194
3072 10.193058200700696
3073 13.97758643156312
3074 13.066090808856803
3075 10.583449644816746
3076 9.150036962885979
3077 10.160764200052933
3078 9.38612272608365
3079 8.82483162090445
3080 7.885657530989354
3081 9.386655129115452
3082 10.146325032892896
3083 10.476377702600255
3084 10.02125921047086
3085 10.833300642637191
3086 11.027330503891687
3087 6.170014867781057
3088 10.021556810972989
3089 7.226985393877631
3090 10.749201511559168
3091 9.829526349725953
3092 10.808238679737816
3093 8.907255743140817
3094 8.93745069233841
3095 7.167415975158151
3096 8.06010636101343
3097 10.686501536991896
3098 8.86092891740706
3099 12.233154342991368
3100 11.249747038988792
3101 11.036062033901361
3102 9.812320813451793
3103 9.33628126704467
3104 12.231832254672376
3105 11.64024626088038
3106 11.36225754509225
3107 11.226417209399186
3108 10.666986400328332
3109 12.025055533112992
3110 10.10672292978929
3111 9.34159590081173
3112 8.761782671207584
3113 8.940891584962941
3114 10.467653610528396
3115 11.8876662863295
3116 11.104249065488887
3117 12.023263537618673
3118 12.3791601056975
3119 9.41677514162928
3120 10.475642250785736
3121 10.446668378452676
3122 8.477383193279996
3123 7.572040849773446
3124 8.245834064853709
3125 10.47315003950249
3126 10.064859672289217
3127 10.381453119927741
3128 7.58470754604891
3129 7.26909672810515
3130 7.803334079350267
3131 9.380935582920737
3132 8.609333005940684
3133 8.838006309159173
3134 8.227392106533696
3135 10.975438191419412
3136 7.266095024914368
3137 8.816173530486415
3138 8.919193094647783
3139 8.098981432887221
3140 8.036026247847662
3141 7.658668428433065
3142 5.738649647550549
3143 7.481897176172543
3144 5.664178350929666
3145 5.994794369596662
3146 6.171957374851839
3147 6.207297454624103
3148 5.69199081000199
3149 6.5635952855112825
3150 6.515342999650745
3151 5.619403709739621
3152 5.0684905817584776
3153 4.939888719245416
3154 4.53589424174742
3155 4.4855499277570186
3156 4.982003910470819
3157 4.437924216359217
3158 6.0490928398614905
3159 5.667784019060664
3160 5.143090364794138
3161 4.455568273014827
3162 4.953138170335031
3163 3.3661837758719617
3164 3.088304306503265
3165 2.791292606762143
3166 3.1800029121454996
3167 6.047698803047997
3168 5.526939617240215
3169 6.611384522705152
3170 6.024200214157159
3171 7.4223390449094415
3172 6.939584925219519
3173 6.3648279864201145
3174 7.018762591384661
3175 8.810096695346285
3176 8.305805342072292
3177 8.498803592992042
3178 8.813769169920617
3179 9.009395290494242
3180 8.586883052783547
3181 11.832144142412439
3182 11.020633172265336
3183 12.149652611181585
3184 10.966729016377501
3185 10.650964440752357
3186 11.944435961547848
3187 10.12311259098619
3188 10.740949321399436
3189 9.537396190074968
3190 13.571533238513148
3191 12.241413391767757
3192 11.734832166944308
3193 9.59945249045476
3194 10.685446631060165
3195 10.539986376824332
3196 10.493498559486191
3197 10.431840056870364
3198 11.512750744537042
3199 13.936958147816187
3200 15.366398498171863
3201 10.60775019832647
3202 11.219121626203036
3203 12.461183327564438
3204 13.101238594388956
3205 15.720223517346273
3206 12.916326806141665
3207 14.277055266944412
3208 12.094244377439905
3209 11.86880455508692
3210 11.633587682076763
3211 10.566793317197911
3212 12.859194115978642
3213 13.456834944823054
3214 12.440823982893258
3215 10.739958867116266
3216 13.549941716371174
3217 12.1058874569641
3218 10.94569078073614
3219 14.158577055047028
3220 11.116542952125418
3221 12.154801937296057
3222 11.946368828862163
3223 11.043019103341448
3224 9.34674481737305
3225 12.305508617944984
3226 13.206770395768066
3227 13.784277358238619
3228 13.52891500494859
3229 13.131242087566486
3230 11.961709854740294
3231 13.436984441989447
3232 13.157946590011557
3233 14.817140285709144
3234 11.867446029088503
3235 13.91439241596973
3236 12.778869400161335
3237 12.717872824197608
3238 14.5718752093268
3239 13.52776270027695
3240 13.910449417942317
3241 15.0362242875808
3242 12.894442794257282
3243 13.268858073588316
3244 12.110837233165766
3245 13.110699381620993
3246 11.792657413886099
3247 12.930051329853184
3248 14.685257758536407
3249 15.732355365898957
3250 14.746353885123732
3251 15.043232593523939
3252 14.003398912860462
3253 12.239756256873912
3254 10.863020253883716
3255 11.915335130546623
3256 14.552455866726424
3257 17.23025605492589
3258 17.057317411680696
3259 17.54852626557804
3260 18.070431915762136
3261 17.403774616403716
3262 14.687017211981123
3263 13.006326931523738
3264 13.393083357377371
3265 14.007591647862208
3266 16.398161971581796
3267 12.947775352251815
3268 14.885632678996359
3269 14.577754100089155
3270 14.42203594125881
3271 13.85025349265951
3272 14.049622794850514
3273 13.68492322906501
3274 13.937795273249975
3275 13.416190849963973
3276 14.87385584450588
3277 15.200607502696231
3278 16.147793783660127
3279 14.730383913175412
3280 11.941037308765964
3281 14.535716870259442
3282 12.166676754745955
3283 11.506162623594278
3284 13.626365568551567
3285 13.006712567987313
3286 11.821245335075469
3287 13.885300972149944
3288 11.74789835642463
3289 13.000613734739181
3290 11.950960748082007
3291 14.390583408558168
3292 13.263770349525407
3293 15.227174328417409
3294 13.995349115215816
3295 14.764581959380124
3296 12.498728067370111
3297 13.77362281198806
3298 15.023110543320957
3299 13.694725452917291
3300 15.289858944269406
3301 16.168094630235508
3302 14.92764898994797
3303 12.305221644165524
3304 11.912618926379496
3305 13.453622057504864
3306 14.060760736196887
3307 15.43584303550545
3308 16.604601273544752
3309 11.208964089165505
3310 13.547075441293567
3311 13.677917621577857
3312 12.883990826001789
3313 12.155358732165714
3314 17.81525002114939
3315 15.107612609495332
3316 12.984828714293446
3317 14.051057140507499
3318 13.078317569357162
3319 13.32752060172706
3320 12.844670628789085
3321 12.310851914208389
3322 11.884018636011257
3323 13.534069678272932
3324 9.888476998045254
3325 11.158071425274446
3326 10.933539139820292
3327 11.457295139255447
3328 10.515349614479963
3329 10.816052013911204
3330 10.38427354970781
3331 11.199876301221552
3332 10.374078268929155
3333 11.301696807128208
3334 10.58750420299626
3335 11.335994393812875
3336 10.806169412542316
3337 11.357312645516581
3338 10.415183800350201
3339 9.625328081994997
3340 12.744298093017502
3341 13.78921079196227
3342 10.751861375211314
3343 11.871308419828436
3344 11.132494168012482
3345 10.297555016550566
3346 9.814775373597557
3347 9.843850384998168
3348 10.213772384664352
3349 9.369727851068639
3350 9.76405241010044
3351 10.091233856862589
3352 7.830358874796613
3353 9.44527707907537
3354 8.416879145152448
3355 10.034433133438132
3356 9.82224650742864
3357 11.759517480462282
3358 8.782191373863434
3359 14.297363859366799
3360 11.333917698760802
3361 10.494067425856272
3362 9.840029814456136
3363 10.896625388244418
3364 12.120378855964791
3365 10.90124801630503
3366 12.314521654129404
3367 11.610119562844092
3368 14.863288874225143
3369 15.059955790381288
3370 14.131436087381667
3371 12.513715411658787
3372 13.712481330021639
3373 14.556076204802368
3374 14.740110440717737
3375 14.088489356948456
3376 13.813282722273668
3377 14.771488783181702
3378 14.216602131841977
3379 13.509428027488891
3380 13.070887232163008
3381 16.69475181977838
3382 18.015252920516353
3383 18.418932866552343
3384 19.660614367692776
3385 19.090645419401998
3386 18.72808504889054
3387 19.221808985151686
3388 19.335747475394765
3389 18.207598922694267
3390 14.885651067477745
3391 15.980393896870112
3392 18.150473240843912
3393 18.332435211147306
3394 17.694239697665576
3395 18.953481816155687
3396 18.07659600005584
3397 17.69743704340659
3398 18.30202030182269
3399 16.234375011281642
3400 15.736078884398987
3401 17.29061297590561
3402 14.858072780127099
3403 16.55611568994677
3404 17.732346843691808
3405 14.668324330952718
3406 14.948980249948828
3407 13.671473645002855
3408 14.667650609067932
3409 14.661806257378386
3410 13.902215305125583
3411 14.624761129925934
3412 15.12065263873983
3413 17.40393088012134
3414 14.664473497921545
3415 15.839014913970312
3416 15.79408738386407
3417 15.840739658988522
3418 14.90740306330907
3419 15.880096753306354
3420 14.835102443260388
3421 15.351625225502278
3422 17.054518374642313
3423 15.066488924741865
3424 14.945674325869366
3425 14.514980802612284
3426 16.72242745259469
3427 16.10538427331025
3428 16.03224140548379
3429 20.092830303496672
3430 19.56433932040415
3431 18.434819177456948
3432 18.212887016420993
3433 17.106440110812375
3434 17.562529198675144
3435 15.830485707469999
3436 17.15358253735862
3437 18.141576126418993
3438 17.614106507371087
3439 16.834216824775787
3440 17.569529313637496
3441 16.799420744857148
3442 18.019040871944952
3443 17.073201131184575
3444 15.411507191264455
3445 16.16688806317526
3446 18.306514322870505
3447 18.444156316592434
3448 17.413402812921515
3449 16.959267752603797
3450 17.542320345659856
3451 16.489172835095065
3452 17.597968284207358
3453 17.380639349149543
3454 16.89614292963236
3455 15.102377380773047
3456 17.55189258484809
3457 17.98108880494242
3458 19.145136278715004
3459 17.795941106270984
3460 17.035881189789315
3461 16.661927257313867
3462 16.460425085188067
3463 16.521484250689188
3464 15.64608895013182
3465 16.125652783619273
3466 18.00262636996173
3467 17.610621474228235
3468 17.988363421961548
3469 17.026329100949187
3470 16.73379364361475
3471 16.5382647857637
3472 15.439060568032058
3473 14.810037433958255
3474 18.356799084087125
3475 16.58940847647502
3476 17.197251423371803
3477 15.109584245699407
3478 16.262821387413766
3479 14.533232288557786
3480 15.964247801302125
3481 18.108849099387314
3482 16.050110702941843
3483 15.137162478276556
3484 14.738404555088346
3485 13.96641000744761
3486 13.651636525072327
3487 13.09223555579066
3488 14.002878115154347
3489 12.12524296820464
3490 12.223779852579046
3491 12.998420979073877
3492 12.40180273808259
3493 12.949978772240271
3494 9.703498309705553
3495 10.540072506073022
3496 11.745326235785619
3497 12.611239640537464
3498 10.83675465190903
3499 10.49245616570319
3500 11.97732596841064
3501 12.42533663183833
3502 11.485687241413489
3503 11.049823038195633
3504 10.444304115858083
3505 8.99878554988665
3506 10.196854897697685
3507 10.423020021199443
3508 11.592385543714993
3509 10.691083077216707
3510 11.330839203268887
3511 10.362995046906724
3512 11.883522233130705
3513 12.128378981728083
3514 13.868774312601401
3515 12.553230895322992
3516 12.340907039601818
3517 13.925080604197777
3518 13.30274733461737
3519 12.716931106745992
3520 12.180819529008163
3521 11.726502329284333
3522 11.368745894039074
3523 10.061405254225598
3524 11.792564228943927
3525 11.688146475635302
3526 13.584824013187944
3527 12.572341210133974
3528 11.273865421703606
3529 12.645289232017097
3530 11.29326636787536
3531 13.313047334152493
3532 11.826877749630619
3533 13.845766683824388
3534 10.91818699860637
3535 11.07375778775712
3536 10.90872182629886
3537 9.751223597196379
3538 11.375205912784818
3539 11.051439971172664
3540 10.494245391662664
3541 10.290956342950585
3542 11.872552681622278
3543 13.227515870288183
3544 11.05358027251442
3545 13.258779143786438
3546 13.521229242276588
3547 12.222061135121383
3548 13.77312681645993
3549 13.546388165273848
3550 13.562560259625522
3551 12.501665930369162
3552 12.727914081858442
3553 11.960845837362637
3554 14.554885088864081
3555 13.233556377221014
3556 10.392725799437422
3557 12.652302678351317
3558 10.684585168526537
3559 8.131221239023489
3560 11.94066065840999
3561 9.99792544735193
3562 11.09516370724063
3563 9.524253845153728
3564 12.69850274675829
3565 11.301604303900085
3566 14.20155855657773
3567 12.383018950739027
3568 13.390396014647473
3569 14.93241687607851
3570 16.25366662096834
3571 17.20214794471356
3572 18.308247693486475
3573 18.787573565616288
3574 14.746292462962
3575 17.428470270786683
3576 17.1957648162416
3577 19.188226461512738
3578 17.971423792405403
3579 16.267898044528764
3580 17.245161919548217
3581 14.50051945565197
3582 15.118077760649616
3583 14.25637086750915
3584 13.769948873210616
3585 15.132931904337557
3586 14.858200749437787
3587 14.43458854139422
3588 14.12653816736175
3589 14.355756656766658
3590 12.143188771188967
3591 13.520852860632067
3592 12.88702055194015
3593 15.438127394657382
3594 12.660939975098723
3595 12.227257173262023
3596 13.288805532634536
3597 15.155770621850102
3598 15.897202276188295
3599 11.889876590278664
3600 13.303607106888695
3601 11.575536291894629
3602 12.732840266513902
3603 11.626092288181992
3604 11.484207915718425
3605 12.281498880028083
3606 11.453985973221895
3607 13.182554224880137
3608 14.661650338536226
3609 16.701361354145863
3610 16.26779673320894
3611 12.561383775670826
3612 12.697622825479655
3613 12.333465265700257
3614 11.078297188809318
3615 11.759113841244153
3616 11.35120516969151
3617 14.186217073247828
3618 14.766839592903143
3619 13.586971067914808
3620 15.693230086394085
3621 11.984915334496122
3622 16.92570899359757
3623 17.51871899411467
3624 15.205546219319965
3625 14.08654735641993
3626 16.884094471372602
3627 15.203884650496608
3628 13.928294482739672
3629 12.129932374694995
3630 11.875586998752796
3631 11.297080750258266
3632 12.61803803126976
3633 14.523932744487565
3634 15.145481520437542
3635 14.786702450579812
3636 14.801629675503063
3637 15.319609766191029
3638 16.708229554566394
3639 19.206759464040342
3640 20.4196843059943
3641 20.04617759695892
3642 19.465484026603473
3643 21.220399382750227
3644 16.6212925964911
3645 16.069788463176756
3646 18.403252152675446
3647 15.383581499597035
3648 18.728637587269297
3649 17.59342224748317
3650 17.29459454377052
3651 15.546620050516937
3652 18.347671978950917
3653 15.81876260222441
3654 17.922856669762865
3655 18.3974261435808
3656 18.098619251003836
3657 18.983552309046424
3658 16.40871178433375
3659 16.049819713211004
3660 18.789863092027254
3661 19.79183578257806
3662 21.079935771549202
3663 19.424853763694344
3664 19.999061296559688
3665 19.89327924712688
3666 18.888731067985066
3667 21.734416824217085
3668 19.904692620228175
3669 19.64352094279401
3670 19.75249998207858
3671 19.36626965313023
3672 18.714540572893196
3673 19.674660417551042
3674 19.612965389373908
3675 17.05937137782875
3676 14.61543456218283
3677 15.950458943144957
3678 16.089039824046896
3679 13.968624019483494
3680 16.720049306445645
3681 17.331151866726703
3682 16.853476829997177
3683 17.45386308572018
3684 16.552541945973765
3685 15.646747720838185
3686 14.530493611237505
3687 16.251214500701998
3688 19.054807312755088
3689 17.984440192515468
3690 18.806609612700658
3691 16.706722318027566
3692 18.97711276493062
3693 16.79231447472712
3694 18.343954086286953
3695 18.021706598656685
3696 20.353831629965544
3697 19.29783271879386
3698 19.74848337381394
3699 19.06724049502853
3700 18.15344719934596
3701 18.59813870217061
3702 18.59911573231996
3703 18.54031569240119
3704 19.213563657664984
3705 17.395641061892277
3706 18.296552307464832
3707 21.14280900898787
3708 19.8087394581386
3709 18.019181606919634
3710 20.374046762685737
3711 19.03396823236196
3712 17.783863217259416
3713 17.941563433224044
3714 17.90368024831213
3715 17.862104646189078
3716 18.634109135964085
3717 19.209453237876875
3718 20.997331912766295
3719 19.18425681950816
3720 19.47508103908514
3721 16.073774697979115
3722 15.960109722080885
3723 15.982693814899404
3724 15.498241473653483
3725 13.6628771884873
3726 14.369492616238494
3727 14.55400130006432
3728 18.362011149506948
3729 17.529049485110907
3730 17.017693538986467
3731 17.27459861295913
3732 19.052329551380097
3733 20.48672226016128
3734 20.50803737481043
3735 21.066668590972682
3736 22.00400972280368
3737 20.037114013995733
3738 22.38378541236077
3739 24.272224677267364
3740 22.633810458870315
3741 18.8912509463268
3742 21.031747932078776
3743 21.94901451008539
3744 23.03998542553448
3745 18.54576563197071
3746 20.382304514605508
3747 19.64630955479752
3748 19.646764020745035
3749 19.84375588920936
3750 21.55525611826447
3751 21.242076715647162
3752 22.431974315243743
3753 22.301884070415465
3754 21.671078029517744
3755 23.063023771434374
3756 22.023519067449474
3757 21.63654194552043
3758 21.187495600428953
3759 20.836862591366
3760 23.47020721474112
3761 25.302716130774257
3762 22.4172911052349
3763 23.544955222265862
3764 22.758813737015412
3765 21.50934778144494
3766 23.761783229174668
3767 23.838529734112285
3768 23.468838640045984
3769 23.67377595857115
3770 23.20175177741837
3771 22.906965094516725
3772 25.25044856289902
3773 22.772281966088045
3774 22.125288150822506
3775 22.836043662754985
3776 26.077432680085554
3777 24.1767212155346
3778 23.21113094975113
3779 23.612476360934796
3780 21.82335916782856
3781 22.30029316245237
3782 23.937309860167822
3783 24.367449766770008
3784 20.079589328521955
3785 21.993211317550728
3786 19.654263222224586
3787 19.47160969832327
3788 21.552540053568702
3789 20.217306849262815
3790 21.764234567543934
3791 20.53511824238478
3792 18.70121079124916
3793 19.51046029459677
3794 20.284502620342263
3795 21.818631539514175
3796 20.50292910123813
3797 20.830364660551233
3798 19.717932622380907
3799 21.868779936686714
3800 20.930308794497005
3801 17.5371898419123
3802 16.493585113131
3803 18.082642448986316
3804 17.155732669335134
3805 17.902454526492523
3806 17.631523803532943
3807 17.535256853185036
3808 15.840537964038086
3809 15.677570647429466
3810 17.324933828518134
3811 17.830894138426597
3812 17.53446003366228
3813 17.810371901815095
3814 16.226014894036904
3815 18.915325119044688
3816 18.014889785045103
3817 17.422019585216756
3818 16.324168746652337
3819 16.472106784400484
3820 18.832847378959563
3821 18.2550940805786
3822 17.211682001938765
3823 14.758593078283152
3824 15.826788845498015
3825 15.258156114823061
3826 15.022760875136985
3827 17.76667645984068
3828 18.013087692476205
3829 17.619716084218897
3830 17.90276952618758
3831 17.65115372255986
3832 17.084694080556137
3833 16.889054828262385
3834 17.27021709542376
3835 16.805167105201765
3836 17.052972446101435
3837 16.69248390095485
3838 17.317010998845152
3839 17.35386467387836
3840 18.17410412900341
3841 17.1312145857687
3842 16.428366683602
3843 16.04500729759009
3844 15.808054253891054
3845 13.857225693095042
3846 15.011037241803708
3847 15.75219653630528
3848 14.598162559792792
3849 16.347671992978427
3850 16.22670652103164
3851 16.210636293892318
3852 15.997568987892132
3853 16.75876693860173
3854 16.01844516595458
3855 17.50737192732987
3856 18.423537984621152
3857 16.45227657048785
3858 17.33859941574691
3859 16.14908411165486
3860 16.52914218280745
3861 13.490873275556961
3862 15.416655463396134
3863 14.98695913995655
3864 15.096725927335362
3865 15.934171516516969
3866 13.142005333667708
3867 16.354915635988288
3868 14.429027315641173
3869 13.445359296387556
3870 16.991636148563607
3871 15.905364358058044
3872 17.996782611677318
3873 18.173981756302616
3874 18.517996232656404
3875 18.11084935497658
3876 17.04153005187116
3877 16.527722790301503
3878 16.008382198600625
3879 15.305727887846183
3880 17.466311223575847
3881 18.69165306500264
3882 16.204193544036592
3883 16.110919097881258
3884 16.739985952157085
3885 17.511575652229833
3886 17.021105260142104
3887 18.288577400474466
3888 18.285951385494087
3889 17.66204619402615
3890 17.511278871711628
3891 17.880891067186358
3892 17.99984818627943
3893 17.702268597067107
3894 18.079498273420842
3895 17.30486058348479
3896 20.10391858102901
3897 18.85164178893976
3898 19.457221244259483
3899 18.375399566666008
3900 18.210034709231795
3901 17.90690135346834
3902 17.985353287511803
3903 18.00526467029349
3904 19.34882126877672
3905 17.524430185064055
3906 18.392049525167906
3907 18.88369856087396
3908 18.301457014024212
3909 18.69572046973648
3910 18.64362360945254
3911 19.442020510392414
3912 18.536589241564435
3913 18.108697390376307
3914 17.769389846194887
3915 19.25069259697955
3916 17.23237575152924
3917 17.27118805280609
3918 17.66959459419489
3919 17.226394966415004
3920 18.807298745335203
3921 19.668675097638914
3922 18.80026636137905
3923 19.291393971483863
3924 17.729092292511282
3925 19.086852417360145
3926 18.299653029107944
3927 16.600773101730155
3928 17.001672069224117
3929 18.14058075998517
3930 14.669949840528728
3931 19.029843433119076
3932 16.238873786681502
3933 14.86000852654205
3934 14.808587279390437
3935 15.346870534283218
3936 18.316166885034566
3937 15.776362079901341
3938 15.18715375471442
3939 16.0735894063472
3940 12.399898325356524
3941 14.749435919786057
3942 15.96040572260648
3943 15.42991161773868
3944 17.7871973092019
3945 15.925786629069748
3946 13.697598867910186
3947 17.309451337965015
3948 15.272310244529175
3949 16.212202010834435
3950 15.979395111249675
3951 16.354602438454126
3952 15.163472393510409
3953 17.169875922669476
3954 18.157031168315527
3955 19.27990977325787
3956 19.18583821437848
3957 20.13875000197043
3958 20.197465483264256
3959 16.99708580961325
3960 16.86588461444318
3961 17.342832041094514
3962 16.898359043518074
3963 16.29356274793887
3964 19.084035452580228
3965 17.252502690465164
3966 18.22614576742826
3967 19.399504792416597
3968 17.99111166165252
3969 17.972907468344225
3970 18.877269824444916
3971 18.45218281523942
3972 19.131585102366245
3973 18.67960809104775
3974 18.637487677040813
3975 21.112015093136613
3976 21.37783943036417
3977 18.28018352007409
3978 18.211283125526272
3979 18.292342209054503
3980 16.377169368821956
3981 15.596481568609239
3982 19.088810529305576
3983 17.664435059028946
3984 17.44131567253253
3985 19.570828837222884
3986 19.970185835447268
3987 20.469288004548474
3988 20.176673790006188
3989 20.14569492053455
3990 18.573707465937126
3991 19.192030279950313
3992 20.170012781976062
3993 18.555542512620303
3994 16.699430858393647
3995 16.666863107082598
3996 16.33259285389359
3997 17.672015832185803
3998 18.007504084686673
3999 18.481199462904506
4000 18.924851598202714
4001 16.13689763837967
