0 28.44213510288461
1 31.255858522013963
2 30.515026543553873
3 30.89235279875239
4 32.32989433592659
5 32.701437462658525
6 33.01070238984836
7 32.2266630725073
8 26.865646772809196
9 24.62671032113961
10 21.256345340738623
11 21.583667488812825
12 20.687446590953673
13 19.139691105535025
14 22.029417766132344
15 25.67603766096837
16 29.60960446964288
17 28.360279334773892
18 25.21465954874543
19 28.613037235088473
20 17.422297980859877
21 24.676674014553775
22 27.788643176243724
23 30.156627125460393
24 25.18659826718428
25 27.396617048653358
26 33.42959513652762
27 35.33752179545268
28 36.490327277655496
29 33.21110010723896
30 35.915531721345836
31 33.13289496119057
32 30.53408611348325
33 27.708782575031048
34 34.24247220611314
35 34.54873062336488
36 30.82769505847539
37 25.82451712839684
38 24.20297303630054
39 22.512529343143722
40 20.678433535235513
41 24.288222516132727
42 25.300072868567362
43 30.91021025894251
44 27.312928441074046
45 29.689559100957617
46 27.970331893771597
47 25.138161459700484
48 29.59978542911988
49 35.924086646109686
50 31.891127047624327
51 33.927081055314645
52 34.23844622420475
53 31.395121332860334
54 30.63537104110971
55 27.139824482553298
56 23.94980882601955
57 33.12580037692894
58 35.06913792738754
59 30.06436306519843
60 30.408035820310566
61 24.371946501700464
62 28.02770844619587
63 28.1682455973123
64 24.549670455879976
65 30.02574845974428
66 32.85827003742035
67 31.0632409520218
68 35.65705137671219
69 28.788929389209525
70 23.054036915212333
71 24.47988294321363
72 21.699953499285016
73 19.642223402391853
74 19.712450188438556
75 21.605237436906698
76 17.62362668546541
77 22.12071498794522
78 22.397823467835277
79 21.38525360322068
80 23.047260024463288
81 21.14233872203554
82 16.451530393456334
83 23.052919261952233
84 22.406947956713307
85 17.605957443343225
86 22.53009597051121
87 22.006701693334747
88 18.22733766531328
89 17.94861814004028
90 12.056222165561126
91 15.426364687409826
92 15.19605531601253
93 17.166444387050316
94 17.87051278117066
95 13.92546569575763
96 13.876321043808566
97 18.47788344418139
98 14.183095086350468
99 13.372026439069602
100 11.61308853649499
101 15.599126280801043
102 12.474341666920585
103 16.553196395789964
104 18.393568256321096
105 17.381338176612427
106 17.16061302400318
107 17.987759684320476
108 15.908955366269605
109 13.407521676388056
110 13.880015399888073
111 15.386738559048176
112 15.303793952263826
113 16.560257302106496
114 13.658867116811136
115 13.924469125980256
116 11.47068812354809
117 14.662675800341214
118 14.518598118934573
119 15.866486879751518
120 16.988419757185287
121 14.4719842409112
122 12.320727188770602
123 11.97684267776537
124 13.405173302285652
125 12.418943720111567
126 12.694171939639718
127 10.828884297281684
128 15.293803505653308
129 15.573442897174925
130 11.013949735871595
131 11.167656778531414
132 14.398281042082457
133 12.411156867493077
134 12.05087153861948
135 14.33353585073862
136 12.457208129137246
137 11.435136311616738
138 10.724091007897654
139 6.492060216843817
140 15.304840621896814
141 12.282172873364992
142 17.511616353292283
143 21.03390942957393
144 20.11537406031427
145 19.94000338846614
146 22.0850891243833
147 22.493917794118396
148 23.047806890595396
149 23.042593370798407
150 18.822755780028118
151 24.98909871291331
152 19.260834469124184
153 17.684351047067075
154 17.284046825478434
155 18.18106536515831
156 21.2095776233546
157 24.64914767204166
158 22.043612083427593
159 18.480613495730612
160 15.54250625010343
161 13.709568514501036
162 18.2670093123003
163 17.829985728415892
164 20.326084476957323
165 20.36334671287012
166 19.296758045383214
167 21.77537384734625
168 17.81892817168922
169 17.396214893404803
170 23.846102103024954
171 21.522792350024744
172 16.998465268879173
173 24.990907285670584
174 22.240566149583234
175 21.14294113372045
176 18.570347965076525
177 21.013314810803752
178 15.409976973893771
179 15.2456676727056
180 12.45200903415911
181 9.02127181975349
182 6.271725957737402
183 6.701746430333527
184 7.394645266591721
185 8.883526063262016
186 8.656151119442342
187 9.150351796971439
188 15.66633884122891
189 11.019735990394151
190 17.62196682357176
191 12.139279793269239
192 10.841088026232347
193 10.561043285314286
194 12.386050661496911
195 12.102452717556535
196 10.481353638406109
197 11.94587806262463
198 12.59717688374615
199 17.289176500958284
200 13.394926350387546
201 19.257199100140753
202 22.71195600664762
203 27.54582871220623
204 23.468105943061104
205 22.251658846979844
206 21.507245405029778
207 24.198954364049
208 19.118761469224417
209 19.32713642539624
210 21.20231764243125
211 22.89904814838371
212 27.803469682237555
213 31.004395822951217
214 34.105274986615704
215 31.947044996137375
216 30.842559737604724
217 27.665499473849515
218 25.753966245284843
219 20.230805382722938
220 23.46704750060183
221 19.359828369657812
222 27.670174084975805
223 25.59529837039687
224 26.202674575511
225 31.960158748293768
226 36.51402566040055
227 33.029025644331064
228 37.05524615851668
229 26.042053206816085
230 21.58881001269671
231 21.222083496751566
232 19.165055451895228
233 23.670668036714808
234 17.123374297588956
235 15.941861772678651
236 12.201751068190934
237 15.406653268622359
238 11.53905785240558
239 13.652999406918404
240 14.504867061050112
241 11.184937489010977
242 11.061970895654737
243 11.654755077286188
244 13.33425163980076
245 12.319859386903703
246 12.54568434137118
247 10.978458902760917
248 10.694719928264904
249 12.561081561187855
250 12.358523198638023
251 13.392187239424416
252 15.145078916085549
253 15.636905033255532
254 12.825877747559016
255 11.156082744607504
256 11.862244472119738
257 12.48819995245719
258 14.656987015416657
259 12.445115891480892
260 13.78307832943772
261 16.455147233060984
262 15.703853271526114
263 14.754575926328013
264 14.663540429395965
265 15.155156575208876
266 14.262860131114376
267 10.362694498893983
268 12.272586895431864
269 11.78113919018783
270 15.465689962044653
271 15.12404906813799
272 16.54279429136434
273 19.101443326869774
274 16.35616294704557
275 18.204612832764404
276 17.728002775964796
277 17.796738221869926
278 15.772738163201812
279 18.45094926566197
280 20.929249653317658
281 21.489306338041764
282 23.442378539565723
283 19.875567979333102
284 19.862223930141802
285 19.758066774122373
286 19.477188976613604
287 22.92441205324713
288 21.53155900564676
289 21.98037509391066
290 20.52327301399082
291 20.332578978411156
292 22.673501262011772
293 19.98058970466512
294 19.785630870439448
295 20.275581591580902
296 20.35556074595721
297 19.173323599415685
298 19.718655418642346
299 20.222723565321303
300 21.011999329576316
301 18.969306542365832
302 19.55966883240773
303 17.13690841377736
304 16.891967548589218
305 18.525596460558045
306 20.696391859434133
307 22.972521121564494
308 24.400694247697192
309 23.736102731338512
310 22.13432202928414
311 22.83630141331541
312 21.622176619141996
313 20.654734407439904
314 19.100329861485513
315 17.802402084076046
316 18.82555975615713
317 19.698630337474043
318 18.66055324795982
319 20.366285319594464
320 18.775544741479496
321 19.911349440246706
322 21.31324623606439
323 21.667223336241772
324 21.05220086766593
325 21.11106370718991
326 22.209795229370854
327 21.618101821066507
328 19.23020862193262
329 20.874700066075487
330 21.926192884498516
331 21.4148247495012
332 19.490408624862557
333 18.6762398739244
334 18.538387292298015
335 19.71805853380473
336 20.925160963478678
337 20.983626085957695
338 20.238033702185334
339 21.559867368399797
340 20.031666389218422
341 20.014804711880014
342 19.51876881833713
343 20.57520472350411
344 20.769671132257457
345 19.950597381461833
346 21.630237108211592
347 21.49046028969308
348 21.873389099722587
349 21.574857599649356
350 20.59405721047778
351 21.209899405802403
352 22.54036931007414
353 21.737947761431226
354 20.507509138721044
355 20.746040404160826
356 19.1199585175123
357 18.938431477902803
358 19.185217004779947
359 20.37139586649845
360 22.157504514032127
361 21.72623994148213
362 22.361393864770026
363 21.401800740442035
364 21.862553565909327
365 24.04502574871083
366 23.102874682186716
367 23.266940401029238
368 21.398324327430096
369 23.503432122463636
370 22.943736165885248
371 22.4869696601937
372 22.230112368159155
373 20.977394810309317
374 22.01528940059162
375 24.934753581035267
376 25.494030795771973
377 23.556397321644898
378 23.35930233542504
379 20.812366723341786
380 20.444441015141564
381 18.706316566907265
382 18.14584556059883
383 17.20542247644505
384 17.46325569250773
385 17.816901588122708
386 20.41157281774264
387 19.940154387457667
388 18.34938014689847
389 20.399397205763982
390 19.839950293561056
391 18.330887881031437
392 18.733827768369856
393 22.397770215262895
394 21.970118706287106
395 21.460643017451858
396 20.90205244581079
397 20.327994640886956
398 20.950848528334166
399 20.33181585774328
400 20.402247638192595
401 22.055316914358553
402 20.98853754961715
403 19.615481070369896
404 18.940197534047222
405 22.460871022739266
406 17.44545965702332
407 21.798545329818037
408 18.82661205891518
409 17.067034239876694
410 19.882701707907444
411 19.58644242380576
412 18.99160391076814
413 17.65729906088765
414 22.726536947835296
415 25.103724001185522
416 27.200475378937575
417 26.86887016201998
418 26.308928862652927
419 28.93425601362919
420 32.680627733637834
421 26.44937463648583
422 21.114943991790163
423 25.81729519531929
424 22.32711387086645
425 25.587665331900194
426 20.949547652750155
427 22.964820326044475
428 17.481870233506974
429 16.978190657739162
430 12.777149284318984
431 16.215908174017308
432 23.298111295234904
433 19.337896107208817
434 20.43174165893276
435 16.352790406809827
436 12.447021983245161
437 7.2026345142142345
438 7.529392127801415
439 6.757825949608902
440 7.831081561151782
441 7.186388995103982
442 10.056032988887827
443 10.066952485223247
444 5.617349891864808
445 6.743243627481066
446 9.749288836005915
447 4.815966822308938
448 4.386178018885337
449 4.893034961834895
450 5.870208749095358
451 4.683764519895377
452 4.674723120124625
453 4.383053102613305
454 4.654161501898854
455 6.664046340638446
456 5.5958294452998025
457 4.875969043357221
458 4.2086067937985785
459 5.385599949297598
460 3.2670778542594943
461 4.536693233401008
462 4.347983713813273
463 3.8740358361890985
464 3.6822264523419017
465 3.3891608704000435
466 3.7177174981846175
467 3.815200248412216
468 4.559158222926892
469 4.713503747906758
470 4.744977062811026
471 4.230865201213881
472 3.9600728950055784
473 5.676685106372272
474 3.519547825175008
475 3.2748266616329684
476 4.220112469605111
477 3.2570117570196424
478 3.59298625673789
479 3.383065721298933
480 3.3959790307955995
481 3.4324662109158397
482 3.5325443241003205
483 3.6779184247124754
484 6.101566240085376
485 4.991370126862418
486 5.084853456959852
487 5.803093110601974
488 4.023412637317645
489 4.446574904674622
490 4.381473693702914
491 4.386798051455172
492 4.409063481381931
493 4.444262942018625
494 6.099179745710133
495 3.261739555981104
496 3.547900560575794
497 3.4450886563145415
498 3.573236167395263
499 6.996694383160732
500 4.8955176593025564
501 6.716323883385642
502 4.038921056774993
503 4.518709435444498
504 4.210178192229584
505 7.043161082307172
506 4.012341201847484
507 4.013692130340215
508 4.934732799741973
509 6.664122979334248
510 6.518695552279225
511 4.884851100202441
512 5.089221822647891
513 4.674938160500049
514 4.353070090234633
515 4.730383640886144
516 4.626118837495721
517 4.486994981529955
518 4.658332113021405
519 4.659985121587113
520 4.473532175154492
521 4.72005268247593
522 5.286730772157138
523 4.994743025675015
524 4.736812451987678
525 4.7399068115034995
526 4.751713026684769
527 4.651220444595689
528 4.699529387612469
529 4.557382626586534
530 4.278123744404803
531 4.1360403014076805
532 4.178940827346422
533 4.344588532423793
534 4.503708645227534
535 4.605555265392474
536 4.744603061597662
537 4.623171778918931
538 4.595386358693797
539 4.91577472678668
540 4.497887285074091
541 4.8774668145015
542 4.711036769620417
543 4.620916504313863
544 4.607676394206945
545 4.432066098285534
546 4.606256251146862
547 4.700470417953294
548 4.768099672938928
549 4.647881779930424
550 5.052084326642849
551 4.27998979807401
552 4.383169993714259
553 4.7494098769197075
554 4.642705118550428
555 4.6916005900472415
556 4.626878513983989
557 4.613021890889788
558 6.434674165492561
559 4.39368909013911
560 4.852694697840704
561 4.504330424809501
562 4.418227717979281
563 4.947447542492057
564 4.401902500551991
565 5.645939432074087
566 4.223020907749922
567 4.724828930040244
568 4.668425966179559
569 4.646534226540728
570 4.8302125018219915
571 4.910865445987949
572 4.7240823931319404
573 5.152885605749062
574 4.879542623701842
575 4.766071744150106
576 4.590959218329008
577 4.744961759387762
578 4.854213993046364
579 4.654822213411519
580 4.792243291818437
581 4.811812443323001
582 4.208615209082147
583 4.543103817890915
584 4.326228735328231
585 4.687481631566482
586 4.568244860485397
587 4.650331868899629
588 4.436520986441988
589 4.58889447957419
590 4.395669871610079
591 4.77098655182741
592 4.560697798668175
593 4.27906704971731
594 4.894878223496509
595 4.609217636644405
596 4.466488831335121
597 4.47406664209402
598 4.860507112379315
599 4.392017172445259
600 4.618283471353195
601 4.568347800142061
602 4.703017015261796
603 4.550149634989262
604 4.502245138475929
605 4.546706664697142
606 4.734509339379077
607 4.799808102234029
608 4.607924593464601
609 4.610282307261321
610 4.720165059702149
611 4.6591626388304075
612 4.764421552712169
613 4.7452186237905245
614 4.664202163168427
615 4.543228759433114
616 4.311708648294773
617 4.635221661998139
618 4.841600078062372
619 4.790433109699324
620 4.659306269751844
621 4.521553919402627
622 4.6590294025913845
623 4.813026746979797
624 4.292337579842195
625 4.189742308558401
626 6.216853822007866
627 6.371048286193987
628 6.460473505037174
629 8.752358458109633
630 8.2608620260268
631 6.536987999140399
632 7.410046179101293
633 5.296344123144425
634 7.254684516820695
635 7.439659654406412
636 7.220148665828898
637 6.777797607546864
638 6.235602775728653
639 6.5298133274846455
640 6.730831147105026
641 6.48393583128872
642 5.589074480258781
643 4.1523316275021775
644 4.1546132539910445
645 4.258044733152896
646 6.448702142889162
647 5.05708056243647
648 4.651985989286755
649 5.255315412565796
650 6.133838253274232
651 4.076851949156743
652 4.706014169018177
653 6.4876816723951105
654 6.692163371172479
655 7.119270509495435
656 6.763852499659932
657 10.536031763832028
658 8.661492913532937
659 4.51123156540372
660 4.7572126227535145
661 4.710625767136399
662 4.462841213092206
663 4.413180050067463
664 4.847404983567685
665 4.339836088231264
666 4.607032598131697
667 4.759996156115247
668 4.566151983274623
669 4.4892563903983635
670 4.7055687105701365
671 4.619474184245547
672 4.727708891091087
673 4.2567697751618185
674 4.674191131086602
675 5.332618588573597
676 8.485070593783773
677 7.196069486781773
678 6.112373927793586
679 4.552282733774194
680 4.226409487837871
681 4.4280428826475156
682 4.435676716972542
683 4.0064269286644
684 4.084654030026347
685 3.9937248524391027
686 3.9557938321070254
687 3.9117805539732657
688 4.510730492754157
689 4.395158785134962
690 3.8416327082025217
691 4.828832151496228
692 3.4893011833779832
693 4.352869542625539
694 3.8971720332720543
695 3.781912536074206
696 3.6355681702347256
697 4.196793852992274
698 6.547728294010574
699 7.751832794028237
700 7.928206673886399
701 9.017524175545184
702 7.051433831882516
703 6.369852069794327
704 4.573417425171145
705 6.710250076938212
706 8.737633272231449
707 8.248080901405888
708 6.231629112160043
709 6.578948274255107
710 4.318472030732
711 4.085638713608353
712 4.295176287886955
713 4.547231960474751
714 3.6293398843752853
715 4.349558684863545
716 4.432537359924525
717 5.941759869162222
718 4.510307854251375
719 3.8358221130215298
720 3.948222675483218
721 4.234268751129835
722 4.623890667443512
723 4.010557767831572
724 3.711358863170344
725 3.953180431791119
726 3.9518003058510462
727 3.6931678178116796
728 4.137497790815321
729 4.614133327043687
730 4.272813002183186
731 3.851442046584292
732 3.9219994490619317
733 4.700403198915867
734 4.09663596762386
735 6.44638821304033
736 5.266156363283383
737 6.372010539623375
738 5.675765979505598
739 5.046652187477072
740 5.885780600210775
741 4.2154715239091045
742 3.994057800953423
743 4.103019291576993
744 4.23350282721376
745 4.107495023201252
746 5.7924867941155025
747 4.783870644632869
748 4.1834764342000526
749 8.79144730753306
750 7.253292936800576
751 9.110445558699636
752 7.002962555038378
753 6.577889322265679
754 6.569074652447246
755 10.685358462746283
756 8.134818175022048
757 7.028473849672474
758 8.089547987796859
759 7.997413112802193
760 7.809033430852054
761 8.056092999929275
762 8.315024889110912
763 7.0268723504852115
764 7.021577791523856
765 6.138453652080694
766 9.524648588424808
767 11.462841167876466
768 11.865162758873536
769 9.337202019934798
770 10.182582002835122
771 11.055945135831376
772 10.749264390848422
773 8.84057352276986
774 10.271681756665725
775 8.573978238074083
776 9.223759426781072
777 8.247977248256802
778 7.017219939107629
779 8.091019177770754
780 9.264972489690242
781 10.414228441988566
782 11.652629600455619
783 10.52621521591243
784 11.652628400188474
785 10.743482265823534
786 9.997792222107678
787 7.8697386763524095
788 10.353073155644946
789 6.78670471340752
790 8.972750918709515
791 6.135764782311103
792 8.299614994910833
793 8.34677300519522
794 4.786094527449546
795 4.620170164862204
796 7.257810121035842
797 6.515744408120418
798 6.670427376055898
799 7.204937210075208
800 6.9427000504474705
801 6.911967387236685
802 6.802811672503445
803 6.275234373978272
804 6.7407795106853765
805 6.331871328508303
806 6.724118307246346
807 6.77048703054527
808 6.627727788042976
809 5.444330903230572
810 5.934841007487758
811 7.859043313528027
812 9.898205888198568
813 6.0248171933893735
814 6.566171506789045
815 6.389783093852901
816 7.0198831263524974
817 5.8149001446368604
818 6.660819239062347
819 6.56255630660883
820 7.717899017199318
821 6.159559315782919
822 7.490956202837834
823 7.025740535252143
824 7.009298716929896
825 7.346317841471113
826 6.727571588661533
827 8.52711338613183
828 6.536330904359578
829 6.919773211529996
830 6.850430616261831
831 6.985357903930732
832 6.795765830823095
833 7.967209792485903
834 7.016845830307221
835 7.181184499636119
836 5.520436131913747
837 6.485545247589082
838 7.125570229051543
839 7.077894668062165
840 6.8312259182687
841 5.967776885704758
842 8.186488143868099
843 6.523181496093533
844 8.611507915069954
845 7.276314087285318
846 5.751047015413937
847 6.763303302672478
848 6.2092408270127555
849 6.78470364510963
850 5.179265832805839
851 4.40574580103266
852 6.036207309930384
853 4.433142066206984
854 4.593939966987959
855 4.457383752949948
856 4.042477812445706
857 4.371226264432313
858 4.416095989244584
859 4.614303502622644
860 4.704290984773122
861 4.577114464788147
862 3.90841053287349
863 5.7070167693626175
864 5.7863573373882495
865 4.380636000907237
866 4.378999811645262
867 6.092565524559953
868 6.619210823212197
869 4.50040319071522
870 3.9755308995227643
871 6.09664769841094
872 6.219416794620189
873 7.611913487240943
874 6.781794575418973
875 7.34122728720145
876 4.809063425210194
877 4.348701754591811
878 4.10740521607737
879 4.327870552121849
880 4.351883088695355
881 3.965340235104158
882 4.060380738297091
883 4.0544448991338475
884 5.481002092077985
885 7.152853808937915
886 6.718957110044208
887 7.431381515827017
888 10.113992835795838
889 6.584784556536714
890 8.875569004116207
891 8.42513997946896
892 5.429004955949578
893 6.51203798373269
894 6.214226977806674
895 8.856092589588998
896 8.659305609678942
897 8.442536268397266
898 8.39428890388148
899 8.521712290940927
900 9.389777523067584
901 9.884251577281855
902 9.579902002696434
903 11.417946788649552
904 7.540109214150206
905 9.567279741359627
906 8.15643364467188
907 9.5369234825795
908 8.528256313190475
909 8.612447996355836
910 6.9503849945927065
911 6.789421193955917
912 6.536461485518374
913 7.618426815030318
914 6.84178370912017
915 6.46286209067687
916 6.350220354532651
917 7.459665630895184
918 7.242647198797425
919 6.595397139501468
920 6.52432576311468
921 7.869566933940499
922 5.725327208920159
923 6.219748788967047
924 5.939662377954267
925 8.678015422143082
926 6.3657155693923215
927 5.12251174519544
928 3.9885037463290973
929 6.8005421081711015
930 6.748835041144367
931 6.778295047723033
932 6.604566236467604
933 6.495300195074398
934 5.721800594983278
935 5.3404789158303405
936 7.036140597590297
937 6.630187067509068
938 6.442259633765764
939 5.45887502606646
940 5.274032888759874
941 5.360453700022863
942 4.120690113943549
943 4.923652715466181
944 5.366893420466241
945 6.280865046999058
946 6.223002693784886
947 5.410151542663302
948 5.388645199171174
949 5.9842771036973685
950 6.158623119606697
951 8.303025388396765
952 8.249477978133852
953 9.09463760186458
954 5.9936220173520125
955 6.417433781087985
956 4.8941476753109905
957 5.958573696671481
958 7.520825733368905
959 9.820902838988319
960 11.426031885659187
961 11.03915091924833
962 12.124207742264206
963 10.382198294286685
964 7.891266237299413
965 8.704594598141929
966 10.188648602396198
967 7.0661731325589585
968 9.57714086948259
969 10.008702821372346
970 10.962275622310917
971 8.448374886687892
972 11.299684962710872
973 11.288442569726282
974 9.003637584022266
975 10.780434177561917
976 9.121763332095036
977 10.043632361849003
978 8.711674160350855
979 8.272792014106836
980 9.920244072442483
981 11.270119001966682
982 9.300130991446606
983 12.762454678518104
984 10.295323097949069
985 10.49726813704209
986 12.588479343407856
987 11.29476601838501
988 11.516015455046748
989 11.283690578543954
990 13.212273833484343
991 10.620050501367416
992 11.734242855816762
993 10.407908489669671
994 11.223693593121085
995 12.466155360557815
996 12.197278301343237
997 10.611366258943443
998 9.61298524561697
999 10.288311872725794
1000 9.997856320374634
1001 9.237844588046793
1002 8.472116036124637
1003 9.378740349279175
1004 9.39282019162931
1005 9.899587242801694
1006 10.193690847209687
1007 8.089643597807038
1008 9.546851778597988
1009 10.160183172955277
1010 10.167695592985474
1011 8.971258505916566
1012 9.513882220305732
1013 9.761421938441337
1014 10.411007588997391
1015 9.026803985360477
1016 8.621370084607832
1017 9.492384707832223
1018 9.276451035540168
1019 8.793742407152433
1020 8.427293089738443
1021 6.553014363032976
1022 6.971781473928824
1023 9.187201499075671
1024 7.936443527537907
1025 7.7200363450240745
1026 8.427689462310834
1027 7.7930576073294455
1028 8.62404223881083
1029 8.303817105641677
1030 7.752206388811342
1031 8.668305595602869
1032 8.339847843348847
1033 8.80076118478727
1034 8.417747457288097
1035 9.036155298338757
1036 10.082831127247234
1037 9.384949152320756
1038 9.0410410795734
1039 8.729990724897599
1040 8.440813482574674
1041 8.268086569678927
1042 8.996826651452913
1043 11.028955937907737
1044 8.474697834761459
1045 9.61378102795557
1046 9.034611645577206
1047 8.80997449128729
1048 9.181406243932628
1049 8.031734633313738
1050 9.419650475221923
1051 9.609095247333602
1052 9.832020462503571
1053 9.726124555156698
1054 10.517195568426002
1055 10.480674469941912
1056 10.603956291841838
1057 9.553801224277551
1058 11.406497621293457
1059 8.873635918105585
1060 10.900039470186172
1061 12.07795729983999
1062 11.21325161752073
1063 10.336113263944444
1064 9.99382793993419
1065 8.426794691283108
1066 6.68419450922775
1067 8.100170920350749
1068 7.674993547324431
1069 8.456401720463198
1070 7.1498103414909835
1071 8.113406789848225
1072 8.678739985255566
1073 9.808359818124622
1074 9.956876393885542
1075 8.157968505666059
1076 8.863992089694227
1077 9.159643233625468
1078 9.844952255047419
1079 9.008731635839132
1080 9.494377023811655
1081 8.765158949893772
1082 8.603650829493484
1083 8.889038972473363
1084 8.562904545420041
1085 6.16587373349099
1086 7.361512262829764
1087 7.145754815760238
1088 6.087590087506428
1089 6.634621613640934
1090 6.576733647836456
1091 6.061743515546031
1092 6.962638215571063
1093 6.075038950436838
1094 7.202313742748947
1095 8.55657072960963
1096 7.485336877860728
1097 10.066313878899907
1098 7.430438909675587
1099 6.142028488566831
1100 6.25656038354583
1101 8.012812507686636
1102 8.938422341147543
1103 8.038496422129963
1104 8.297679764044258
1105 7.294250145268628
1106 8.084979814570081
1107 8.372500900017085
1108 8.319947081738562
1109 9.98839755280515
1110 9.741145520152694
1111 7.063168670287907
1112 8.764545963549667
1113 9.2679082843517
1114 7.2415535855847954
1115 6.2869895422435915
1116 9.114243525399782
1117 9.896988553983881
1118 8.79840995234001
1119 7.61120216585793
1120 8.163513808318818
1121 8.62375705141772
1122 7.582360534598972
1123 8.723348713408306
1124 8.458118605921724
1125 9.434069641512862
1126 7.498273434457249
1127 5.183773805020443
1128 6.624588578645131
1129 6.418685789996192
1130 8.255373672427844
1131 9.835635876287576
1132 7.290285706076523
1133 6.715961769451724
1134 8.147162944723869
1135 7.9854370514201065
1136 9.798783036914015
1137 8.200509261996688
1138 9.478472929494508
1139 9.907602459478724
1140 7.844483868714501
1141 6.210833426728566
1142 7.804104776709157
1143 10.254176012036472
1144 8.8247825845819
1145 7.1224361606803965
1146 8.177172060773044
1147 8.905333352656696
1148 8.704758381217689
1149 6.563094300605697
1150 6.538516426826291
1151 9.0128070983135
1152 8.341254456018428
1153 7.559171920472239
1154 8.712392102681896
1155 8.474000145693484
1156 8.393395698306257
1157 9.366125557546443
1158 9.72897069740491
1159 8.27039605023567
1160 9.2180710364527
1161 8.779224960876094
1162 7.065066756437155
1163 7.7512302653015785
1164 8.865471956043026
1165 10.64764369294918
1166 7.013143654042409
1167 8.799933763405573
1168 9.576007141134397
1169 9.964205686383071
1170 9.14151406311537
1171 7.4136355702689425
1172 8.021632419126629
1173 7.224526157575081
1174 8.196677159224203
1175 7.880315014396332
1176 6.816970664144816
1177 8.343784299930377
1178 6.836785809781337
1179 7.581473814075448
1180 6.739873016476687
1181 10.724447302119932
1182 8.913321974626683
1183 7.556790448782458
1184 6.622249933711876
1185 6.679017265003963
1186 6.454824270703179
1187 6.5208248699107605
1188 6.374008110937545
1189 7.450292367387737
1190 6.888485914297008
1191 8.254300844719442
1192 5.940465847434958
1193 5.983180544750456
1194 4.651270358621564
1195 7.389425660104308
1196 9.519869402991928
1197 9.517330425036866
1198 5.519735177367491
1199 6.340493668177563
1200 6.210480670358803
1201 5.942239191516615
1202 5.377111932584029
1203 5.731241029924767
1204 6.4155713535985335
1205 6.427721993368282
1206 6.371911225613283
1207 7.009251812939367
1208 8.92029373904903
1209 7.067235186568772
1210 8.185264711010511
1211 6.424133292383039
1212 8.675556782277074
1213 6.593445209627569
1214 8.78445321619639
1215 8.489809914023954
1216 6.990241124735633
1217 8.49513245079075
1218 9.06960602474434
1219 8.456593126644606
1220 9.546746466571536
1221 8.577354020709256
1222 8.508039582675837
1223 8.84452917485442
1224 10.613149885400908
1225 11.203897858379616
1226 11.056981612545592
1227 12.072223807474181
1228 10.5482002319424
1229 9.969249826675707
1230 10.863757435098917
1231 10.004960880207243
1232 11.467575179234128
1233 10.925901837245217
1234 10.503191443458652
1235 8.36859045399775
1236 10.89459412446146
1237 11.210923545303075
1238 9.265015300481616
1239 10.512877830352057
1240 9.313318749988015
1241 8.373199357910085
1242 8.45635727008452
1243 7.665311761261846
1244 8.232784764433687
1245 9.410269015724321
1246 8.267752498098327
1247 10.653818274215755
1248 11.30319804830117
1249 9.280295072867121
1250 10.75760199253136
1251 10.607555251308268
1252 11.45220151221529
1253 10.470024160023309
1254 10.312391667498044
1255 10.897337625197986
1256 10.09362298258511
1257 11.202723818707648
1258 11.733542361234496
1259 10.829514505267463
1260 9.32656181447794
1261 9.739608270348267
1262 10.42361411210889
1263 11.669532803677045
1264 10.941109026184176
1265 11.26169504339053
1266 10.99461907632605
1267 11.751568504963867
1268 9.878564316313465
1269 9.932963196501186
1270 9.94110868553813
1271 10.185872781778132
1272 9.248935971081647
1273 10.369266547027854
1274 9.70219518598596
1275 9.42325784497241
1276 9.160690847836966
1277 9.510895999170279
1278 9.52157386667426
1279 10.430660537979966
1280 10.201321966602285
1281 10.145657514207501
1282 10.364879267133603
1283 10.518563486306894
1284 10.694981734697429
1285 9.541292357147666
1286 9.687438957143767
1287 9.70955006603279
1288 9.90603103693329
1289 8.903202318689072
1290 10.187655577250892
1291 8.661713816933398
1292 9.721639164316896
1293 9.588837565224356
1294 10.63360720829867
1295 10.714364144032356
1296 9.619466674236751
1297 9.363830240042093
1298 9.443933815460403
1299 9.98207461137
1300 10.024637153589268
1301 8.538825862771644
1302 8.898721212238764
1303 8.53616758311
1304 7.64749656373676
1305 8.402432162309317
1306 8.632995043615846
1307 9.009362891241375
1308 8.872815918103917
1309 10.053085323947275
1310 9.480499676155343
1311 9.628485306716875
1312 8.280078184138706
1313 8.483210592665374
1314 8.860213920743476
1315 8.292194358589647
1316 8.876981935554179
1317 9.129596864496461
1318 9.106156320793866
1319 10.34160949594801
1320 9.093744073894113
1321 9.918980580203982
1322 10.094331415163818
1323 6.366226297037951
1324 6.961314774781815
1325 6.718843508187045
1326 5.945819931877765
1327 8.179094003069007
1328 8.441392286245447
1329 7.162482743542073
1330 6.774853340698775
1331 6.3742019104028715
1332 6.416085909887092
1333 6.807574532616099
1334 8.094217734096619
1335 6.730330623592162
1336 6.353642884140404
1337 7.73461928681451
1338 8.666174979324179
1339 8.58780697260502
1340 11.487824924299888
1341 7.323456245834262
1342 9.36866318539665
1343 7.26284723009186
1344 6.620678872436824
1345 6.276712743238576
1346 4.876920273211719
1347 5.43701885362337
1348 8.656456691442598
1349 6.81464273052964
1350 6.9476567300767575
1351 7.8224363170627464
1352 6.301402607974709
1353 4.897638342396905
1354 5.841777644768237
1355 6.340050440009924
1356 5.521187966229483
1357 6.361802024157685
1358 5.834241684967942
1359 6.107566948848691
1360 6.213680727108221
1361 5.889991990902081
1362 6.011866972101226
1363 5.974283718929541
1364 6.735912137116295
1365 6.041491738864566
1366 7.01946788647833
1367 5.316277287372313
1368 5.299621621670203
1369 5.718369515364089
1370 5.239743261414944
1371 5.940166369851266
1372 6.51028598129318
1373 4.934274651776446
1374 5.782800038960784
1375 5.698200556865569
1376 5.774031983718453
1377 6.128226606206639
1378 6.029958907335195
1379 6.16143871319069
1380 5.212126289988828
1381 6.1876357662403665
1382 5.416618425147228
1383 5.73928435310931
1384 5.925365773832777
1385 6.446755276071015
1386 6.0532165993101845
1387 5.731608286632983
1388 5.684556585828635
1389 6.1913288348447315
1390 5.847551160041047
1391 5.825683501378037
1392 5.442089226402186
1393 6.041691296325769
1394 7.73356243097148
1395 6.197426886674257
1396 6.121234838037249
1397 7.445160602995788
1398 7.726360150617846
1399 6.555051200586824
1400 6.122350902157613
1401 6.411793150165655
1402 9.004792313671853
1403 6.597437171591677
1404 6.134439630305241
1405 6.21598765289683
1406 5.346831907958876
1407 5.03629914056134
1408 5.266590553091723
1409 5.39519896987509
1410 6.2872318555296935
1411 6.550656105578585
1412 4.984784658128986
1413 5.501913032335514
1414 6.180449170397144
1415 5.072035919230884
1416 5.58803982024669
1417 4.66450403356018
1418 5.243628818006462
1419 4.990335194235065
1420 5.048421912498665
1421 5.665599389897719
1422 6.226170035795745
1423 5.865406048209955
1424 6.096480195853672
1425 5.9102542749211295
1426 6.052019488253978
1427 6.128426019726585
1428 5.867725299143513
1429 6.404488127735899
1430 6.130340002886726
1431 6.02705846876128
1432 5.6748122167843
1433 5.740257734101994
1434 4.92834903189005
1435 6.544392508161181
1436 6.534721153256387
1437 6.485603205018692
1438 5.766115270569188
1439 6.717416155237903
1440 6.261864940983106
1441 6.259490528019774
1442 6.2766300561643975
1443 6.309700534349247
1444 6.245041491552903
1445 6.29050983200429
1446 6.325651918521369
1447 6.135428489864405
1448 5.760353205637164
1449 6.108537807279493
1450 4.551122141502054
1451 4.464790885692692
1452 4.439751443867977
1453 4.840500890723967
1454 4.343967775902822
1455 4.5550615143392825
1456 4.469125769839637
1457 6.440984531332808
1458 6.53925946845999
1459 6.335235032538508
1460 6.660061780630664
1461 6.540312330533306
1462 6.325824327901972
1463 6.286873142069248
1464 6.115010393330128
1465 6.708229563212495
1466 6.936453467165015
1467 6.009529516024688
1468 6.03907722599315
1469 5.7982735207541625
1470 6.4575831060849564
1471 6.496791847110986
1472 6.792487161764305
1473 6.435617702308786
1474 6.50821909845888
1475 6.0467219134722
1476 4.578147137015238
1477 4.83766352691772
1478 4.443268430581179
1479 6.6243244292154255
1480 6.4634086147045835
1481 6.8552860880426065
1482 6.653970416644261
1483 6.668460580001455
1484 6.528964031193416
1485 6.582003780904469
1486 6.569088003681894
1487 6.666908225134425
1488 7.363296982966136
1489 6.665171628253087
1490 6.050431443873977
1491 6.470527128293045
1492 6.212916717862187
1493 6.786256864865803
1494 6.389102252196792
1495 5.960584436660295
1496 6.656343036604706
1497 5.553362656970159
1498 6.051907952608499
1499 6.158525373537255
1500 6.4445905483473815
1501 5.961992920555194
1502 6.5960500834789775
1503 6.151723078938727
1504 6.426854739124295
1505 6.363961907367387
1506 6.699482801526891
1507 6.2741968709385265
1508 6.620710461831147
1509 6.327584447492528
1510 6.493785538799357
1511 6.077556955197091
1512 6.433082156208087
1513 6.10942651657938
1514 6.656388753887336
1515 6.313360351246798
1516 5.914161622457597
1517 6.670058317106874
1518 6.353380593402806
1519 6.535253227043989
1520 6.634147560959172
1521 6.796354178986385
1522 6.7742531591834485
1523 6.576710643960584
1524 6.41023566737714
1525 6.657712807164765
1526 6.771637205739262
1527 6.722050152372253
1528 6.520916104932974
1529 6.484551230927723
1530 6.708735615453767
1531 6.683515211898359
1532 6.617149172612515
1533 6.471847231394004
1534 6.60094738472455
1535 6.129705308542981
1536 6.396898915672089
1537 6.14643179929741
1538 6.174216139958965
1539 6.540543919903076
1540 6.869963826728137
1541 6.549573809421605
1542 6.576982814528185
1543 6.654922796632784
1544 6.162908020970143
1545 6.334210099291876
1546 4.628056409385694
1547 4.335060437666914
1548 4.2776135575851075
1549 4.531738197780377
1550 4.287036580234036
1551 4.287077904353347
1552 4.37972375670385
1553 4.526911762683724
1554 4.500565425476611
1555 4.204002536004498
1556 4.796449247607441
1557 4.41332276584374
1558 4.292028005381897
1559 4.174274717846303
1560 4.331524116037326
1561 4.391325566885999
1562 4.7023808028430345
1563 4.10778893919727
1564 4.564666920183253
1565 4.237637274265473
1566 4.542939143706624
1567 4.341658176798164
1568 4.472992822090944
1569 4.478483223488884
1570 4.155424510817349
1571 4.1639573705124
1572 4.207140532181814
1573 4.913780296520854
1574 5.3704975679555105
1575 4.277959993834322
1576 4.430090596230888
1577 4.444750121714663
1578 4.299301432448974
1579 4.569916942544917
1580 4.361453046046464
1581 4.515898550879461
1582 4.31227433224667
1583 4.333069011121731
1584 4.523105191038487
1585 4.384218511632514
1586 4.1833405098247045
1587 4.233736189470657
1588 4.33967715416742
1589 4.487200807252959
1590 4.315595570175352
1591 4.236493668426246
1592 4.306054391409855
1593 4.4919227932358705
1594 5.089731615160958
1595 4.203599001153396
1596 4.324558277820665
1597 4.428443377731151
1598 4.282673350868959
1599 4.459518098064822
1600 4.382603580981423
1601 4.64072979314571
1602 4.274408868150189
1603 4.551952625684094
1604 4.931653188641344
1605 4.570573659651988
1606 4.440625728159771
1607 4.3072854393386715
1608 4.418476034736247
1609 4.2861831974825435
1610 4.201272000043153
1611 4.418959867745871
1612 4.312949785737555
1613 4.345634822268509
1614 4.630919718200894
1615 4.496063426254798
1616 4.815360889250865
1617 4.748838661155066
1618 4.3398639366205005
1619 4.238635893883647
1620 4.349549387330664
1621 4.56588632686675
1622 4.458459032497084
1623 4.630665706038521
1624 4.525639228984002
1625 4.428418688544607
1626 4.397126250533818
1627 4.543200444170637
1628 4.309489278494219
1629 4.424037865147959
1630 4.332721452720722
1631 4.4560704383163126
1632 4.333759000680994
1633 4.388012141436868
1634 4.22527573228983
1635 4.805755276423356
1636 4.297154495410949
1637 4.53709058703439
1638 4.309451450061925
1639 4.529656601541192
1640 4.26582440070158
1641 4.407709028844919
1642 4.413302084957317
1643 4.397285969589525
1644 4.290197408705673
1645 4.377866340965643
1646 4.564702921339415
1647 4.452767245245509
1648 4.107392414712329
1649 4.058887710803317
1650 4.487811899854723
1651 4.496437830370194
1652 4.487254320747691
1653 4.58672636555584
1654 4.488954110437211
1655 4.40726636225535
1656 4.411960505001897
1657 4.324609960789897
1658 4.483254689565052
1659 4.173605653464451
1660 4.542806638073252
1661 4.515449057556717
1662 4.3812368986589485
1663 4.693168312806346
1664 4.689115081463724
1665 4.521292632094896
1666 4.669610606809375
1667 4.624605993733848
1668 4.856659106394819
1669 4.377928134780779
1670 4.344627853650321
1671 4.587602386470242
1672 4.667822333064908
1673 4.226619486318012
1674 4.382723901463285
1675 4.250787967935023
1676 4.4699474551435285
1677 4.744967784253544
1678 4.21637308023819
1679 4.215486313646315
1680 4.339236410993737
1681 4.242992301085737
1682 4.427385404179002
1683 4.211292411993659
1684 4.497326866044515
1685 4.25486253643447
1686 4.380154789400675
1687 4.286430462016372
1688 5.099330903241086
1689 4.558725563320896
1690 4.252034251219612
1691 4.311425066480299
1692 4.583818985539364
1693 4.459666709146936
1694 4.129234921200546
1695 4.584319777514379
1696 4.601307531830814
1697 5.609464294255169
1698 4.836062745129534
1699 4.453924340109456
1700 4.544230491397298
1701 4.700810167683537
1702 4.4815933749682015
1703 4.3611073315633115
1704 4.348170087265403
1705 4.4734466316133386
1706 4.291665699111504
1707 4.481118540606341
1708 4.36916061877713
1709 4.180699848893411
1710 4.51227661610149
1711 4.560719238211128
1712 4.440634057877417
1713 4.500958620879364
1714 4.29237362679801
1715 4.607181836894766
1716 4.297506148093363
1717 4.617736931246248
1718 4.395820905521488
1719 4.2646560143686285
1720 4.625654083042827
1721 4.640005923561264
1722 4.468208848395927
1723 4.86041182006905
1724 4.5329955860954545
1725 4.627845914363061
1726 4.241804572675456
1727 4.497266223213632
1728 4.24266949415921
1729 4.536216735993825
1730 4.094872811185365
1731 4.3383043057852815
1732 4.299979880908721
1733 4.5098683912070845
1734 4.174776382421791
1735 4.381049974144389
1736 4.43817618906275
1737 4.253588805452473
1738 4.442606572995026
1739 4.560454155970933
1740 4.185199955695439
1741 4.374356136517002
1742 4.401536239702623
1743 4.544089812256376
1744 4.2221095071160235
1745 4.402204530526939
1746 4.531180048760835
1747 4.5200084931929165
1748 4.2776804717512436
1749 4.2222089804823835
1750 4.287227079368905
1751 4.150493218410891
1752 4.4723552219761435
1753 4.505534869589375
1754 4.643563979159123
1755 4.393021484416999
1756 4.303186016384043
1757 4.262836455779951
1758 4.22799247421443
1759 4.606977986058446
1760 4.4631722087138765
1761 4.429546997015824
1762 4.364537253955639
1763 4.8187870766894045
1764 4.3596822116162235
1765 4.145050437108539
1766 4.3414951375517665
1767 4.301326613039866
1768 4.527236109237516
1769 4.4125362360227465
1770 4.133370315804572
1771 4.27085154726019
1772 4.498581590495175
1773 3.9182664841022046
1774 4.349748216044682
1775 4.284393078994301
1776 4.124877768570979
1777 4.611115036281671
1778 4.43478605530261
1779 4.3866868544527335
1780 4.5260079981745465
1781 4.237599396717083
1782 4.266796081270538
1783 4.521706948829551
1784 4.360634416767279
1785 4.186134496743225
1786 4.279859684392073
1787 4.382007719932935
1788 4.252207742978972
1789 4.273402026693605
1790 4.492980065692617
1791 4.021009262540524
1792 4.451520109709467
1793 4.5528180060817345
1794 4.186197211233161
1795 4.430427964444901
1796 4.239462750429982
1797 4.3640809917526076
1798 4.21403714414098
1799 4.080590478645614
1800 4.194679986984183
1801 4.295528770098108
1802 4.637515150624773
1803 4.546921331309806
1804 4.166667936854647
1805 4.388447471404822
1806 4.180224156116502
1807 4.150532123960295
1808 4.484256619485272
1809 4.219259538279731
1810 4.213962059657921
1811 4.3790504802109345
1812 4.187907396349197
1813 4.553592723951359
1814 4.283962334038142
1815 4.340163254724595
1816 4.514394503736787
1817 4.597598468911047
1818 4.155875591804184
1819 4.454816856195928
1820 4.114379876064204
1821 4.425359965080275
1822 4.436739038217093
1823 4.405056422446439
1824 4.420108526508709
1825 4.593223007096704
1826 4.434328670643888
1827 4.631482871035618
1828 4.154925094608604
1829 4.217917179890432
1830 4.523720504418714
1831 4.572792482825974
1832 4.715058375269572
1833 4.596107349077458
1834 4.499339419004894
1835 4.493288906839566
1836 4.348958878848898
1837 4.470573090819236
1838 4.538424846425316
1839 4.3536616796942305
1840 4.502330938600227
1841 4.548276108546292
1842 4.421070685104739
1843 4.462651160919262
1844 4.621068188605872
1845 4.569879490876286
1846 4.132811892983619
1847 4.153483741128304
1848 4.450059749133905
1849 4.67398364865887
1850 4.696979313578858
1851 4.466679341395054
1852 4.398411862384812
1853 4.345502754051389
1854 4.618560972141022
1855 4.223124440345089
1856 4.616794907157516
1857 4.61076227859592
1858 4.585423014395276
1859 4.742804928515353
1860 4.187519636475172
1861 4.256565629148716
1862 4.566218464975067
1863 4.44674937425938
1864 4.449847737541176
1865 4.52517973620971
1866 4.497550181922588
1867 4.564796076821305
1868 4.332269120811406
1869 4.360551951254142
1870 4.4482367261229285
1871 4.501827356311432
1872 4.3819745609194385
1873 4.37017494944008
1874 4.505039306093903
1875 4.222684689852458
1876 4.453976428526981
1877 4.333327417146668
1878 4.436903735316241
1879 4.236560729850411
1880 4.467701563851442
1881 4.51655740746134
1882 4.533172568972961
1883 4.2989461936077555
1884 4.306570140166945
1885 4.427447004254432
1886 4.521252608989118
1887 4.472863505214866
1888 4.478647187663384
1889 4.734717319606175
1890 3.9991871071024847
1891 4.458329727052126
1892 4.515114628307034
1893 4.463604552907156
1894 4.409696155474339
1895 4.5734988510650405
1896 4.682634897611571
1897 4.513122345554074
1898 4.499230783541216
1899 4.59321920529801
1900 4.593652365706935
1901 4.727296961923024
1902 4.216962769069868
1903 4.501165972138936
1904 4.617328571967845
1905 4.438405901444241
1906 4.269044948226407
1907 4.656459820468758
1908 4.454699508728289
1909 4.427231247614559
1910 4.570044864775787
1911 4.43716050042265
1912 4.446651667278942
1913 4.681458825850463
1914 4.380863830876752
1915 4.37102212403394
1916 4.4184759789719905
1917 4.570234968353917
1918 4.38067693976767
1919 4.368748710728333
1920 4.262576068662749
1921 4.344276320986151
1922 4.580159409267882
1923 4.556437715464337
1924 4.333751223951917
1925 4.524860103766506
1926 4.370208006454906
1927 4.485697692036723
1928 4.7259270437042575
1929 4.652280370527255
1930 4.570546430278408
1931 4.636191355056653
1932 4.4760882699231335
1933 4.440252088061894
1934 4.45790489048983
1935 4.153538318154278
1936 4.143566394865395
1937 4.301287188106963
1938 4.36908006181812
1939 4.374822177962539
1940 4.3361370832779516
1941 4.580142055868297
1942 4.497936823604235
1943 4.334052571539828
1944 4.31973054489504
1945 4.646259472751381
1946 4.223216068458874
1947 4.4312388317348
1948 4.331583569483686
1949 4.390034332739879
1950 4.451469629923646
1951 4.320945325295858
1952 4.241987065839645
1953 4.587652267181257
1954 4.549853919474036
1955 4.384353026851226
1956 4.15092612117751
1957 4.3456181751611656
1958 4.46162729369
1959 4.286226496962555
1960 4.450737067021424
1961 4.38851299582576
1962 4.516657713207577
1963 4.453678588316282
1964 4.480564784453843
1965 4.814681261464151
1966 4.466789576917411
1967 4.606041462013052
1968 4.412055741214437
1969 4.411492074578422
1970 4.301940135367972
1971 4.38918829908063
1972 4.496706950767821
1973 4.270850981036046
1974 4.446449332279339
1975 4.283840236217988
1976 4.471781716646642
1977 4.653020375414824
1978 4.471854531352379
1979 4.306927003267372
1980 4.415426412721008
1981 4.241675490678004
1982 4.593598717797119
1983 4.405686262938839
1984 4.445478302658838
1985 4.537122852039512
1986 4.566893186549452
1987 4.379945480941656
1988 4.08470772872949
1989 4.358139999237884
1990 4.380100980281675
1991 4.466833779057175
1992 4.61175108422732
1993 4.1815161978699384
1994 4.424537259397732
1995 4.5288840637319385
1996 4.405123964519666
1997 4.2783121447511325
1998 4.440450152701724
1999 4.344146390416095
2000 4.310665178110961
2001 4.509859761622554
2002 4.432376944102712
2003 4.170690325781961
2004 4.377885384750827
2005 4.303387762982166
2006 4.452368641760909
2007 4.3368534193964186
2008 4.290971344380541
2009 4.274826510971068
2010 4.355429586799224
2011 4.247697118710142
2012 4.5448258746543075
2013 4.436111978737022
2014 3.9527563977873386
2015 4.1459912170117645
2016 4.497293274139906
2017 4.829663843143521
2018 4.2577441153904925
2019 4.513774153440181
2020 4.3607369106077325
2021 4.369205266027194
2022 4.758476211428194
2023 4.429336577362207
2024 4.5104236187878834
2025 4.239430748217707
2026 4.487385634112743
2027 4.533185745399227
2028 4.263773398481038
2029 4.545271587080956
2030 4.589619187520212
2031 4.51126944658069
2032 4.421880644390397
2033 4.317126658229157
2034 4.601083093337284
2035 4.049330155687829
2036 4.503472104066962
2037 4.5802961914860605
2038 4.624613502463484
2039 4.625301488268874
2040 4.766949396887602
2041 4.667824225579151
2042 4.370260453919316
2043 4.446453589550547
2044 4.501976858142938
2045 4.754573135181395
2046 4.366266504434711
2047 4.495242601711949
2048 4.389203945707111
2049 4.626767492416282
2050 4.511253629001377
2051 4.356545291964768
2052 4.232328664757196
2053 4.080175879185947
2054 4.481662478755161
2055 4.577239134224693
2056 4.509138691580075
2057 4.33110597789358
2058 4.530766396430691
2059 4.232355404778224
2060 4.45660177719626
2061 4.5178515534020445
2062 4.553501782337352
2063 4.360617212264496
2064 4.617322295903169
2065 4.236861186357182
2066 4.151873265412439
2067 4.505806821580836
2068 4.287261599030102
2069 4.328493055230114
2070 4.601619740008609
2071 4.618347748849916
2072 4.646115328984661
2073 4.460223676949074
2074 4.372623398662745
2075 4.339496554051055
2076 4.372099485487996
2077 4.658364767355489
2078 4.146058744702575
2079 4.557228513088661
2080 4.7054591029476756
2081 4.26122179025161
2082 4.5859349471489175
2083 4.258304340920802
2084 4.58412990866777
2085 4.42836811158141
2086 4.374421629332051
2087 4.290414798884093
2088 4.632343764133261
2089 4.206824588716604
2090 4.33664181737181
2091 4.571821454203477
2092 4.647013410205412
2093 4.332649074310595
2094 4.192796302178384
2095 4.577834299413873
2096 4.41784934124465
2097 4.463327602587357
2098 4.280647402096113
2099 4.342956550207923
2100 4.161791198462733
2101 4.190811695480675
2102 4.598501012041328
2103 4.1232074655073125
2104 4.330620304073249
2105 4.212660723116438
2106 4.27257611395358
2107 4.222726060729031
2108 4.336798741207436
2109 4.302121386334946
2110 4.356795035110909
2111 4.412604820231772
2112 4.413820561395009
2113 4.574533062984677
2114 4.254438855868162
2115 4.205365337684489
2116 4.49396113472729
2117 4.046928298808462
2118 4.1670862369404436
2119 4.431243806690108
2120 4.140696749298912
2121 4.038654877694065
2122 4.4530255546375175
2123 4.1657807161454485
2124 4.356475340900219
2125 4.200592358271939
2126 4.387835271067656
2127 4.306633172013901
2128 4.168166093325356
2129 4.198460792957589
2130 4.320318643411945
2131 4.390783017481527
2132 4.37004324536297
2133 4.459340149331628
2134 4.314583580962008
2135 4.254444383145859
2136 4.301536313488349
2137 4.475630555055933
2138 4.172956558361457
2139 4.385750541149038
2140 4.456272765828876
2141 4.191683690870731
2142 4.46794889969307
2143 4.5566906100802544
2144 4.209001910511671
2145 4.699909687342157
2146 4.4629801919308285
2147 4.625401989141935
2148 4.633619017553525
2149 4.470356943255103
2150 4.279018423441079
2151 4.310920527068435
2152 4.300292799906829
2153 4.425598352432746
2154 4.2508328321505
2155 4.383199427741342
2156 4.064364494484985
2157 4.328149228737813
2158 4.503545501218301
2159 4.417563252250757
2160 4.086395816783426
2161 4.334121950396045
2162 4.347322622993622
2163 4.393823684903825
2164 4.284289357134566
2165 4.400877404110852
2166 4.541677145111542
2167 4.246714380180788
2168 4.520235103870829
2169 4.3727200181994705
2170 4.43617747647473
2171 4.729971654091942
2172 4.404667552310832
2173 4.573191140959829
2174 4.282137976718887
2175 4.2525183614602815
2176 4.314939512970804
2177 4.376933548194975
2178 4.66452971274183
2179 5.003098174724841
2180 4.402916261616978
2181 4.52410691983822
2182 4.196475396360701
2183 4.527193998234793
2184 4.457016743917987
2185 4.219284476900701
2186 4.397972605897352
2187 4.290145121833653
2188 4.506361050418724
2189 4.674840872702289
2190 4.2860317092681
2191 4.663680494767488
2192 4.4230812515116105
2193 4.225802796430754
2194 4.265661438027729
2195 4.1813224632425925
2196 4.415101086873897
2197 4.3895853296043565
2198 4.340726990135431
2199 4.289800460473012
2200 4.265651720019816
2201 4.336903060706413
2202 4.344305955489537
2203 4.310157250599286
2204 4.149612137529885
2205 4.385174822457906
2206 4.387580184677907
2207 4.592670792137449
2208 4.2826403043177725
2209 4.4838376889866405
2210 4.656977583993921
2211 4.421422103578839
2212 4.398349904102422
2213 4.354733825564607
2214 4.530740624741407
2215 4.5770982221378045
2216 4.179503290780201
2217 4.320194352298196
2218 4.214330605335601
2219 4.395129308438693
2220 4.117979027520252
2221 4.56878505123669
2222 4.362446202456482
2223 4.529846086995121
2224 4.235894444420172
2225 4.577636491344764
2226 4.456461197943886
2227 4.488337069409212
2228 4.232311325788406
2229 4.331831955203253
2230 4.565000743880506
2231 4.397305757841747
2232 4.581658836821263
2233 4.485033038757695
2234 4.523516908416161
2235 4.24332537162166
2236 4.347176001417464
2237 4.364977987780277
2238 4.737168672945477
2239 4.332291779342022
2240 4.521154977340586
2241 4.826683665259566
2242 4.430407192410639
2243 4.278619870959187
2244 4.538310443192203
2245 4.126653918963732
2246 4.5576387327609025
2247 4.39298462996335
2248 4.337630752222656
2249 4.301283030845215
2250 4.285427547750298
2251 4.429133326742744
2252 4.246724295161739
2253 4.3687556131026
2254 4.166954097771794
2255 4.242032749093514
2256 4.418369483760185
2257 4.250789386000824
2258 4.518619602792731
2259 4.127931030458562
2260 4.515816620400769
2261 4.483587576237728
2262 4.2556619769229425
2263 4.483724803791142
2264 4.518270334227769
2265 4.3309900802668855
2266 4.402232802019496
2267 4.35642278564055
2268 4.329802478250038
2269 4.404173320657317
2270 4.789389481583757
2271 4.459543334705387
2272 4.436996843342043
2273 4.533728838107688
2274 4.316370737224504
2275 4.25165730203195
2276 4.270911181515346
2277 4.535103991936262
2278 4.365922972785777
2279 4.188032538594167
2280 4.252082296809937
2281 4.213557064579543
2282 4.466023819517364
2283 4.295243647010476
2284 4.333720365879483
2285 4.584726380989697
2286 4.589819740862903
2287 4.277482193196213
2288 4.24808462927062
2289 4.48215222455336
2290 4.391418606884129
2291 4.137751405823083
2292 4.378676533555637
2293 4.29750865053087
2294 4.359289742893559
2295 4.269155350906444
2296 4.547271483923965
2297 4.408098770028466
2298 4.612948369233573
2299 4.6727844629208635
2300 4.376255020363844
2301 4.648432481200112
2302 4.216183070346199
2303 4.2426149414837235
2304 4.418714527464508
2305 4.2422411792755295
2306 4.114708911098364
2307 4.471079953958509
2308 4.187343340744956
2309 4.287196458023931
2310 4.295837479145608
2311 4.394518218810907
2312 4.280613319983621
2313 4.510401426856144
2314 4.3784965477987345
2315 4.404913900620919
2316 4.370960884535079
2317 4.567104810335482
2318 4.140571633187396
2319 4.276099946912566
2320 4.430616222815834
2321 4.240241113361854
2322 4.705132673672001
2323 4.571302910800441
2324 4.229628301656028
2325 4.318437969022302
2326 4.321767838776886
2327 4.3984441756225126
2328 4.278592770153883
2329 4.367565262411999
2330 4.600867267104351
2331 4.413251681813789
2332 4.607332035572835
2333 4.606604316436099
2334 4.60035772969437
2335 4.3591331568138125
2336 4.320566192387595
2337 4.2376571140644765
2338 4.416809882017514
2339 4.2521159507243445
2340 4.141679514002612
2341 4.312063969102895
2342 4.160980685054979
2343 4.389685605057071
2344 4.593179176118764
2345 4.246493645943879
2346 4.403147894468765
2347 4.632553954336076
2348 4.504573860935792
2349 4.08576629678709
2350 4.22961667248716
2351 4.280518035645782
2352 4.280103932603861
2353 4.585722550954364
2354 4.653478259670075
2355 4.81379218513245
2356 4.302875931660052
2357 4.546815044673835
2358 4.21322107501764
2359 4.469329189919942
2360 4.355136559118057
2361 4.714715769689512
2362 4.211362688352142
2363 4.349214614749208
2364 4.5539284083555405
2365 4.779047992668625
2366 4.6763310647025165
2367 4.5995385970781895
2368 4.538544814309591
2369 4.62812521456414
2370 4.581175118126213
2371 4.2003311683227125
2372 4.447569373534882
2373 4.349250642527673
2374 4.411646915424148
2375 4.293574513400457
2376 4.314557174924787
2377 4.018319275695771
2378 4.088463417368303
2379 4.406861286843993
2380 4.406685276122189
2381 4.330055598285723
2382 4.524888787472666
2383 4.3390089600097355
2384 4.155308231043915
2385 4.391936576296378
2386 4.240162333574543
2387 4.416702806301136
2388 4.5835629484658655
2389 4.212671476689045
2390 4.466028372029419
2391 4.575727313412916
2392 4.3193433124466125
2393 4.513785046630245
2394 4.509865904492233
2395 4.273590561564438
2396 4.484290867068087
2397 4.432478662440446
2398 4.364512623266932
2399 4.2634688544050245
2400 4.296134651064056
2401 4.302896341663671
2402 4.5010441029030455
2403 4.298607392514663
2404 4.488950875247048
2405 4.660190001932174
2406 4.353860524438204
2407 4.456893042923874
2408 4.335849803530923
2409 4.57032537684737
2410 4.3673146519832775
2411 4.601643723197957
2412 4.533564060850345
2413 4.532980369740448
2414 4.360018715932859
2415 4.51776839196368
2416 4.399254222519024
2417 4.279475445655883
2418 4.292354126184357
2419 4.779546776029716
2420 4.4130931564554485
2421 4.295495664939139
2422 4.498695798477246
2423 4.395723041802769
2424 4.400170878724455
2425 4.346621326460977
2426 4.490390735749104
2427 4.375917600805077
2428 4.2296284864231
2429 4.7456069104781395
2430 4.152800009156616
2431 4.26072380491931
2432 4.374361520837856
2433 4.538820963357582
2434 4.2210737017018305
2435 4.491120430085935
2436 4.30242066085654
2437 4.993406095871742
2438 4.394820433393442
2439 3.991252338911071
2440 4.6196155701072845
2441 4.1555718176755985
2442 4.516394528207687
2443 4.063080217170696
2444 4.310069946269196
2445 3.9216575788703136
2446 4.404570331728866
2447 3.926824050778739
2448 4.168567150280862
2449 4.002909178638318
2450 4.149867658051684
2451 4.097693468109005
2452 4.321452088796492
2453 4.334703545763628
2454 4.503915051647229
2455 4.104820301017968
2456 4.322491612366979
2457 4.523742348782004
2458 4.367075075502759
2459 4.178636512897108
2460 4.260584324271218
2461 4.5450249417646305
2462 4.435978535353532
2463 4.369239907972572
2464 4.363878220405106
2465 4.437402966665061
2466 4.329013367025259
2467 4.249842783774237
2468 4.512044198357027
2469 4.035429158533512
2470 4.446528122638564
2471 4.497500656581446
2472 4.350746776070412
2473 4.2948872896061285
2474 4.252546483519274
2475 4.282704381739149
2476 4.398584168923304
2477 4.23321932125136
2478 4.226864445410184
2479 4.181469733035756
2480 4.13497094260297
2481 4.292259341492596
2482 4.383123614075779
2483 4.36639505158597
2484 4.636991177692396
2485 4.563225738867927
2486 4.395679105846534
2487 4.423216674219805
2488 4.136856550563761
2489 4.236391080612334
2490 4.399395065731003
2491 4.354670619491584
2492 4.494990915955638
2493 4.571852759824112
2494 4.303425191739131
2495 4.3725868854707
2496 4.122696445433711
2497 4.401992485907168
2498 4.240874086939225
2499 4.4091885916279
2500 4.327166398181048
2501 4.802205523554437
2502 4.341198155054736
2503 4.5667045284716306
2504 4.3491470469683
2505 4.29548555814696
2506 4.375983328938813
2507 4.247122990454101
2508 4.484315673238404
2509 4.584223125004358
2510 4.439423583097246
2511 4.3601049197140815
2512 4.47850124251649
2513 4.3848634651850364
2514 4.475680781862577
2515 4.446918221204949
2516 4.279199576806059
2517 4.355768034980859
2518 4.345383256804276
2519 4.294722226487531
2520 4.573883008854145
2521 4.505457142851307
2522 4.136857420745258
2523 4.844135960785061
2524 4.537203575211762
2525 4.305217628279951
2526 4.239927168972536
2527 4.232340941006834
2528 4.0526362562653855
2529 4.436157790755583
2530 4.1471532733620275
2531 4.443731082057716
2532 4.356685722717693
2533 4.256736864765052
2534 4.113554859573722
2535 4.087625409174878
2536 4.33498675708371
2537 4.142099151741187
2538 4.465418516589094
2539 4.03741877836117
2540 4.181286935158923
2541 4.337864285592956
2542 4.699175828644205
2543 4.344821102563501
2544 4.531788991245855
2545 4.21314690928278
2546 4.341944054277575
2547 4.365829163084551
2548 4.266137219002046
2549 4.412487092502954
2550 4.367859586119394
2551 4.348148393080408
2552 4.660848361227098
2553 4.47186591454199
2554 4.462042114334265
2555 4.401960694391709
2556 4.678104096407596
2557 4.193751105898637
2558 4.383348143812926
2559 4.506243723415985
2560 4.531005046588404
2561 4.449506210744526
2562 4.45307224966844
2563 4.673778002145852
2564 4.259879046491617
2565 4.314701518412454
2566 4.2959716219363395
2567 4.213400823159002
2568 4.323354338810376
2569 4.2172529571279425
2570 4.698063250211721
2571 4.629510208842453
2572 4.379732067367059
2573 4.280721667030532
2574 4.4614256202711395
2575 4.358152857334608
2576 4.428643864365049
2577 4.255821100555963
2578 4.292162646706301
2579 4.28945837758086
2580 4.411961903579571
2581 4.4110105219266
2582 4.263231827738896
2583 4.267485397039884
2584 4.363284248834314
2585 4.358878633643186
2586 4.54156161282418
2587 4.21248877660399
2588 4.639714866979712
2589 4.119772526129315
2590 4.221945092622175
2591 4.274937431856189
2592 4.441464666472929
2593 4.53372192771187
2594 4.241856908822937
2595 4.4455955611256215
2596 4.677356891629448
2597 4.359222764869313
2598 4.276560961682404
2599 4.03127131786683
2600 4.333672977969518
2601 4.377105187026268
2602 4.013042698899419
2603 4.610724096105021
2604 4.194931497248406
2605 4.632386518411662
2606 4.450756876413324
2607 4.309993331646186
2608 4.437684471329548
2609 4.246586823325037
2610 4.514573438929855
2611 4.368272744054718
2612 4.288013389135663
2613 4.141624125235024
2614 4.3458776193917625
2615 4.432595181547422
2616 4.390868730116839
2617 4.350023284626241
2618 4.34596032197922
2619 4.307379075220298
2620 4.380766075418061
2621 4.337282185335198
2622 4.050818199214914
2623 4.413184674808388
2624 4.321437063167922
2625 4.284160821616944
2626 4.186644513909232
2627 4.442557106643216
2628 4.147939353464406
2629 4.074747658509015
2630 4.347852282500876
2631 4.386888840644438
2632 4.361653736422843
2633 4.134404069307762
2634 4.354381702680169
2635 4.241257495107728
2636 4.381337653852814
2637 4.556250933435265
2638 4.289661235798824
2639 4.361248158122918
2640 4.367377892124872
2641 4.390035625483276
2642 4.357858737761092
2643 4.414769411507757
2644 4.556389586027189
2645 4.530318164339967
2646 4.6820726519260125
2647 4.493215306222653
2648 4.439693072982814
2649 4.552763597994702
2650 4.434428821740154
2651 4.492402958225115
2652 4.695318174425697
2653 4.479178923237616
2654 6.385017342951849
2655 6.7069319643902405
2656 5.543229465800061
2657 5.163723240611557
2658 5.900557194724341
2659 5.8926077105182095
2660 5.10089334104653
2661 6.152650597316286
2662 5.543128546877673
2663 5.76490143516319
2664 5.937161931481346
2665 5.733036795679004
2666 5.718546300253152
2667 5.498342637426232
2668 5.532447805703844
2669 5.6036453059849265
2670 5.835297035434409
2671 6.623382253609713
2672 6.804821803289564
2673 6.26615622053421
2674 6.611723018789583
2675 5.531913588154249
2676 6.415870926163068
2677 6.220485864878293
2678 6.672494302297273
2679 5.326050321261974
2680 5.832941065200576
2681 6.319422493181621
2682 5.209980421434292
2683 6.066989929564037
2684 5.717832988934899
2685 5.480491838962092
2686 6.072062907668005
2687 6.800810938534593
2688 6.316359140392987
2689 6.478646907483276
2690 6.444716901619585
2691 6.06624832432981
2692 5.617329953719536
2693 6.09861320816677
2694 5.910880149948254
2695 6.051594639016713
2696 6.164236521755505
2697 5.954611037276442
2698 5.456655395600886
2699 5.94383584041188
2700 6.591871138600295
2701 6.519817742425501
2702 6.437247197574586
2703 6.005404853878081
2704 6.893340890110045
2705 6.299338595088714
2706 6.221431041105588
2707 6.904158940811763
2708 6.539116258451911
2709 6.300351338357101
2710 6.541103928467166
2711 6.534006170116692
2712 6.5284069100083215
2713 6.2435815963416
2714 6.317021407730968
2715 6.297169307306588
2716 6.309122692110463
2717 6.676911450981217
2718 6.179789138912052
2719 6.573939779961452
2720 6.168176408680952
2721 6.449024126173968
2722 6.6174144170669695
2723 6.516602736634579
2724 6.044341108907862
2725 6.337696982449711
2726 6.344655228843594
2727 6.636096751844373
2728 6.726778945338909
2729 6.093749032064431
2730 5.926168523368361
2731 6.1904981777063055
2732 6.651583072754956
2733 6.539289002918123
2734 6.341640675158028
2735 6.778658341552376
2736 6.216794111927111
2737 6.117397909198552
2738 6.195354644939572
2739 6.0664298215042844
2740 6.450953606768913
2741 6.271012017637622
2742 6.3766711379809635
2743 6.03152909140028
2744 6.5456498609738265
2745 5.986379289452183
2746 6.13844142992138
2747 6.73086004733978
2748 6.155059919264906
2749 6.385808661724039
2750 6.662840284719558
2751 6.02565069107342
2752 6.43987292446946
2753 6.343140071506237
2754 5.859458549405515
2755 5.745332691346133
2756 6.25664669716135
2757 6.613915739312694
2758 6.782987802678968
2759 6.524229036830531
2760 6.309894737070348
2761 6.7262069431942
2762 6.522741883342723
2763 6.507415603846153
2764 5.851367467730955
2765 6.521743301564206
2766 6.244887095655796
2767 6.6439166614797225
2768 6.457807141671494
2769 6.627739572974931
2770 6.354835504763879
2771 6.674252932121889
2772 5.914565128853727
2773 6.159276171184175
2774 5.791141273581467
2775 6.296907654261735
2776 6.243701198010456
2777 6.064799273870824
2778 6.5826201573149925
2779 6.082574939470869
2780 5.666663156381397
2781 5.508604818055602
2782 6.380284826744519
2783 6.588715172802735
2784 6.288775326179453
2785 6.524955759209716
2786 6.146135978426535
2787 6.3840222836434375
2788 6.299488352995869
2789 6.195093461917184
2790 6.402616145483689
2791 6.532263104376823
2792 6.387931465742234
2793 6.506457378301445
2794 6.279362855085548
2795 6.224392240380232
2796 5.3053821004522925
2797 6.451024491282715
2798 6.2377483792085355
2799 6.71989758544853
2800 4.588251718687106
2801 4.3348156270038
2802 4.605193519592565
2803 4.182747386721368
2804 4.8014094390736135
2805 4.525754539853463
2806 4.311207524427544
2807 4.469497382470915
2808 4.280704917201601
2809 4.810542604233346
2810 4.6111159695375346
2811 4.358168463372817
2812 4.307200297179061
2813 4.524810445603019
2814 4.297112142092237
2815 4.410608760063301
2816 4.222849825047335
2817 4.328075007351021
2818 4.283658008863834
2819 4.518637762516665
2820 4.82639999706948
2821 4.216569486245946
2822 4.930146806737232
2823 4.2806570639318435
2824 4.232500051930876
2825 4.144061204114308
2826 4.340292449729761
2827 4.096144789802391
2828 4.409999247290734
2829 4.338770903251066
2830 4.144881562948317
2831 4.468724251201218
2832 4.34353958999193
2833 4.231936821835098
2834 4.507640385345431
2835 4.301764351374888
2836 4.362285563180374
2837 4.467555498809783
2838 4.395449830260896
2839 4.154272009041939
2840 4.552184663342445
2841 4.295187666453685
2842 4.589114753339182
2843 4.196155123232615
2844 4.188615900061669
2845 4.184107554078942
2846 4.637990489511892
2847 4.351087692524305
2848 4.484745646019598
2849 4.854970142623962
2850 4.345035004703977
2851 4.511603800870169
2852 4.487977847492856
2853 4.743828780285386
2854 4.664871981244047
2855 4.634254306632558
2856 4.324994099672393
2857 4.221073796125597
2858 4.463519127637176
2859 4.643978043328947
2860 4.451820234608115
2861 4.46198545598
2862 4.328038597526503
2863 4.317183462819176
2864 4.432699392146709
2865 4.771747693796426
2866 4.450945878533302
2867 4.451908864842211
2868 4.357908333729916
2869 4.275651402350687
2870 4.3166050562777265
2871 4.451061622237882
2872 4.344339682071563
2873 4.175981338842062
2874 4.211750466926441
2875 4.063677339467137
2876 4.209290518525833
2877 4.262792480140722
2878 4.169016403712551
2879 4.5406220154646855
2880 4.4069490570623095
2881 4.220115324577616
2882 3.94987905939804
2883 4.095858880266537
2884 4.076613586987132
2885 4.606957308739332
2886 4.539037254977523
2887 4.22389923242875
2888 4.483683592607501
2889 4.112884809296991
2890 4.454455514802804
2891 4.175817840778795
2892 4.550263956175015
2893 4.093488698016414
2894 4.2378802197683605
2895 4.556882671176698
2896 4.3176784499502485
2897 4.039811278810597
2898 4.2668656908769815
2899 4.390087472388371
2900 4.320959090827437
2901 4.24229998156544
2902 4.348786730532561
2903 4.548265101920371
2904 4.7049477693577675
2905 4.3500138952220375
2906 4.494637782418595
2907 4.410609316062713
2908 4.546986393867797
2909 4.33536694587252
2910 4.188836727189385
2911 4.359042100603959
2912 4.368542642818641
2913 4.095133611032788
2914 4.364081298590907
2915 4.599367424385618
2916 4.105649045682132
2917 4.3331680559074
2918 4.238348612404179
2919 4.196564951951739
2920 4.116142356241558
2921 4.497899666239018
2922 4.3461102868794566
2923 4.156910371630676
2924 5.732213193075867
2925 4.299430341047944
2926 4.265056400985693
2927 4.407432662230247
2928 4.3691038804021645
2929 4.368801574496829
2930 4.328494503668012
2931 4.162905289064981
2932 4.240748818409951
2933 4.53355370962988
2934 4.308207040070663
2935 4.3538342159409575
2936 4.563726629831027
2937 4.32807114110725
2938 4.546761800609308
2939 4.6844466005813254
2940 4.585519275061831
2941 4.194233781439068
2942 4.179247696719999
2943 4.470028242413793
2944 4.545037360677782
2945 4.417153491962048
2946 4.18189681141267
2947 4.350121698426881
2948 4.564581293188924
2949 4.45172853393537
2950 4.545146108681784
2951 4.53602634502343
2952 4.278079614222981
2953 4.105816217729942
2954 4.32852242888832
2955 4.432700060063475
2956 4.869615347033573
2957 4.160923301013545
2958 4.42475424691012
2959 4.399064663993223
2960 4.49756343574634
2961 4.167118651027125
2962 4.291194603028022
2963 4.102807382017517
2964 4.127455424508131
2965 4.163400307660449
2966 4.340877572018285
2967 4.289016357776886
2968 4.443244302172965
2969 4.260665669123055
2970 4.31008203934578
2971 4.491533405055244
2972 4.623664897792099
2973 4.436501681300308
2974 4.2315708952775966
2975 4.14797152290247
2976 4.619086938557637
2977 4.37414721348342
2978 4.412090939858648
2979 4.252938294360937
2980 4.334139348516132
2981 4.382754675476602
2982 4.3683067928644865
2983 4.374730055868065
2984 4.371079751248822
2985 4.399483158162244
2986 4.405543265417456
2987 4.378275169354716
2988 4.318097761683038
2989 4.621733193337636
2990 4.254041592256516
2991 4.514772109841958
2992 4.333920394454805
2993 4.552034090787459
2994 4.271651245485768
2995 4.58641585706908
2996 4.6590287573261975
2997 4.215173823248202
2998 4.472658407329733
2999 4.530197931105012
3000 4.383823116815633
3001 4.6716011296875175
3002 4.843990695133739
3003 4.820226352036942
3004 4.65775917069921
3005 4.20549265171858
3006 4.70087063315771
3007 4.256454718468022
3008 4.7015819030336425
3009 4.454351244122223
3010 4.37679410463891
3011 4.522297960051772
3012 5.02048499822256
3013 4.676774973889115
3014 4.444596624867442
3015 4.66664376922056
3016 4.155300216758012
3017 4.651644872996337
3018 4.5566283095025675
3019 4.680542229475943
3020 4.36181261627237
3021 4.559942199685372
3022 4.455499211372939
3023 4.459138441670697
3024 4.486325729143047
3025 4.521604268682815
3026 4.78227477002541
3027 6.783255805973704
3028 6.64884865386307
3029 6.569353987533964
3030 6.758894342549998
3031 6.724710238633718
3032 6.559207514968857
3033 6.381454560981382
3034 6.787871926787774
3035 6.621789860023928
3036 6.384161117094759
3037 6.179593438841879
3038 7.2086486238944225
3039 6.449466874242228
3040 6.600998540976284
3041 6.423520203114949
3042 6.799756912738099
3043 6.647152400354603
3044 6.755722040668493
3045 6.295437447671616
3046 6.253708707217969
3047 6.761716668891326
3048 6.674163826567248
3049 6.911323462776206
3050 6.261120084429044
3051 6.864025156890729
3052 6.542491907200073
3053 6.677703342400024
3054 6.736117128486538
3055 6.076086249187119
3056 5.78255425516235
3057 6.982546736082876
3058 6.757775271378971
3059 6.439126025515214
3060 6.3832533384254475
3061 6.19341718096439
3062 6.834481061964629
3063 6.612682333203124
3064 6.792561484442742
3065 6.617418684702197
3066 6.796817321556592
3067 6.593265282898666
3068 6.513631522164107
3069 6.888678530590715
3070 6.54632635663077
3071 7.0751476779580855
3072 6.479469834713516
3073 6.567822431653772
3074 6.327413388454431
3075 6.294618094770981
3076 7.060354422051134
3077 6.738369850530948
3078 6.472016782970697
3079 6.57343389853694
3080 6.655852122024884
3081 6.39036230738246
3082 6.744303718123072
3083 6.761793781123694
3084 6.384931768393652
3085 6.27793633869841
3086 6.630597853521267
3087 6.5863973705634296
3088 6.708143329953103
3089 7.102324808446875
3090 6.914546740058323
3091 6.283898630514383
3092 6.454214008812315
3093 6.1045332475020455
3094 6.544250085104771
3095 6.410537808466504
3096 6.485525742992333
3097 6.211736538520291
3098 6.413630386718699
3099 6.563894152173066
3100 6.791103341835264
3101 6.483781818902034
3102 6.612597036238782
3103 6.690555955855631
3104 6.561247809268005
3105 6.533946664666283
3106 6.732206788338638
3107 6.200403020195752
3108 6.72708332607742
3109 6.893649435420026
3110 6.770200490245118
3111 6.462596981604728
3112 6.8526314005152456
3113 6.8518773802681325
3114 6.272128457343621
3115 6.85567884135581
3116 6.830585375021583
3117 6.8431968362709785
3118 6.755166955122891
3119 6.58050259372735
3120 6.604227436873881
3121 6.9448895347834885
3122 6.764879367457502
3123 6.410403901843155
3124 6.30852848940881
3125 6.993283422954828
3126 6.7880796413663145
3127 6.9390476571098
3128 6.385057973154609
3129 6.867960608608373
3130 6.862640286533086
3131 6.86536081644133
3132 6.4922587016355475
3133 6.857785433409874
3134 6.943969799956318
3135 6.5305958021024315
3136 6.510074130013393
3137 6.641471178829205
3138 7.157820993656069
3139 6.693732055606326
3140 7.113489927972058
3141 7.125102310368608
3142 6.492056071509444
3143 6.801496803246453
3144 6.595644341339421
3145 6.3414455669616565
3146 6.700176742918019
3147 6.6747493429844
3148 6.628504635286421
3149 7.1835913788968995
3150 6.736761827611583
3151 6.534611008383854
3152 7.134180832796173
3153 7.120685476916372
3154 7.459520367343859
3155 7.102581414690508
3156 6.838678274161134
3157 6.110699339185831
3158 7.30691890572615
3159 6.639410916364757
3160 6.039610748873854
3161 7.162876336634057
3162 6.696311644313326
3163 7.395157220991329
3164 6.565057118735078
3165 7.0561968779636794
3166 6.9817428128449475
3167 6.630830611497192
3168 7.105205770019241
3169 6.8011802793950435
3170 6.58373937498679
3171 7.035024989572165
3172 8.081228181109815
3173 7.042388441607424
3174 6.965031198975879
3175 6.836839167993739
3176 7.650544941129118
3177 7.136877615134917
3178 6.610267053307453
3179 6.919552645939619
3180 6.946982672520422
3181 6.995104233343571
3182 7.083228207736357
3183 6.827712422738234
3184 6.980683272384007
3185 7.120624606937624
3186 6.766070419064475
3187 7.061461859249307
3188 7.6112805980138205
3189 7.31840094703084
3190 7.180536315264115
3191 8.055835179143529
3192 7.0843454246047415
3193 7.0374123380409825
3194 7.1299547969379695
3195 7.4151762311084495
3196 6.934799916741378
3197 7.233933978762406
3198 6.763835631160565
3199 6.8154464316488665
3200 6.704719607332953
3201 6.682003611665064
3202 6.969708667458124
3203 6.758856253191977
3204 7.547637417884208
3205 7.089757067954057
3206 6.611741422288116
3207 7.027520223337828
3208 6.868389345379565
3209 7.369710456018393
3210 6.8713557697344525
3211 7.07469143724013
3212 6.769609857860444
3213 7.145439759173531
3214 7.094193943300659
3215 7.016473289042819
3216 7.054795247432699
3217 6.89651278094047
3218 6.877223377214142
3219 6.880039087208376
3220 6.756695829816476
3221 7.2221134386005765
3222 6.963089221217138
3223 6.842121643106889
3224 7.130335786293287
3225 7.692763999820332
3226 7.408561778043867
3227 6.791080707775679
3228 6.868631577854641
3229 7.116317639672189
3230 6.466030339666316
3231 6.877732437073077
3232 7.179139498308222
3233 6.7984257633388925
3234 7.057696242322568
3235 7.21834943836122
3236 6.965163964816498
3237 6.654573481028302
3238 6.577532963877422
3239 6.9042741556532325
3240 6.712086756251829
3241 6.607937075477048
3242 7.1649229493156215
3243 7.088438373650516
3244 7.157807824253172
3245 7.304659441350434
3246 6.871077315436507
3247 6.492453626442263
3248 6.815074089595283
3249 6.668507771364605
3250 7.0662803480871235
3251 7.108745060356012
3252 7.21369621529946
3253 7.549362271097415
3254 6.914092152813624
3255 7.156534849633675
3256 7.2466819145050065
3257 7.178726048855855
3258 7.095093221602926
3259 7.135262469703483
3260 6.778260218352651
3261 7.3112640058543406
3262 6.969691770442063
3263 7.493530362393453
3264 6.725530043893801
3265 6.703847860900253
3266 6.9058400096118895
3267 6.897870643832907
3268 7.127721519999269
3269 7.31781831020054
3270 6.834865572827636
3271 6.879888120923996
3272 7.3200929425292465
3273 7.331090551834507
3274 6.8598388610246825
3275 6.673328424402656
3276 6.912131384852679
3277 6.607387384462266
3278 6.881653017138748
3279 7.1018242224305155
3280 6.35196512376824
3281 6.575078965028765
3282 6.527103129033342
3283 6.779257459515273
3284 6.971958364987309
3285 7.122320608416959
3286 6.778392190434309
3287 6.688930603999558
3288 6.750773068957015
3289 6.257744758684814
3290 6.186064586639073
3291 6.831690548141386
3292 6.820728806744798
3293 6.689957404785748
3294 6.939160968978791
3295 6.709227214374642
3296 6.146176785348248
3297 6.4706555914345545
3298 6.542251502983524
3299 6.56413513977476
3300 6.85038859407131
3301 6.890700945665139
3302 7.04041297915173
3303 6.352070791844552
3304 6.625632227584083
3305 6.5577031399900045
3306 6.339610443808552
3307 6.7132847688832795
3308 6.250952012889991
3309 6.407831165816276
3310 7.313794555101618
3311 6.897516390690005
3312 6.854085221191967
3313 6.761439406562785
3314 6.812247318527964
3315 6.933524447523112
3316 7.102032369328824
3317 7.10564108842542
3318 6.755518304991225
3319 6.876498644368814
3320 6.572419317327666
3321 6.776415159379942
3322 6.769663802441681
3323 6.704236778158457
3324 6.214493532803119
3325 6.313407645085398
3326 6.438560110629507
3327 6.376875609030635
3328 6.820176806484035
3329 7.11274134190566
3330 6.690255116843455
3331 6.3872731649926715
3332 6.178644301499451
3333 6.2612605135139985
3334 6.199592264480319
3335 6.552114659300697
3336 6.883762884998601
3337 6.953389557922177
3338 6.790851874023961
3339 6.791064693232276
3340 6.43868391517237
3341 6.997136768447575
3342 6.865022247975413
3343 6.681941314838911
3344 6.726054048123941
3345 6.393390046722239
3346 6.422049555100601
3347 6.756612173349518
3348 6.579476564684893
3349 6.759658134002334
3350 6.877393559401831
3351 6.811712923043136
3352 6.6826494474714515
3353 6.58351766792152
3354 7.103769393203568
3355 6.25539699813739
3356 6.5144306070219775
3357 6.4751217887148025
3358 6.214819666240728
3359 6.398074585037137
3360 6.271785737865913
3361 6.735975179880223
3362 6.591857190518469
3363 6.746660601927921
3364 6.710959352518397
3365 7.025554571765677
3366 6.734003217784389
3367 7.092150422706586
3368 6.99193107133045
3369 7.092301244759532
3370 6.66721949627502
3371 6.263177816924829
3372 6.440946494500134
3373 6.708881535611241
3374 6.863525648252413
3375 6.493774005031677
3376 6.8395729669734635
3377 6.709765198266931
3378 6.806296476094258
3379 6.492437489786213
3380 6.440784766101711
3381 6.6008091667280615
3382 6.335801121065505
3383 6.648566474821665
3384 6.637752752051516
3385 6.673240166756046
3386 6.342033611975555
3387 6.504937953524485
3388 6.440062436580727
3389 5.796459985411146
3390 6.69364653322221
3391 6.506788351479696
3392 6.747367162192684
3393 6.538566334587707
3394 6.827451851987508
3395 6.978408238778375
3396 6.902449180772247
3397 7.385400508663933
3398 7.172022052120389
3399 6.876292483394498
3400 6.933523829218405
3401 6.893155985610798
3402 6.8420737237439875
3403 6.658809789923125
3404 7.544025599156034
3405 6.905495652574821
3406 6.4866095011772895
3407 6.831310799589508
3408 6.523244539833806
3409 6.6045995457459545
3410 7.394054105646902
3411 7.101222626514449
3412 6.735728536037578
3413 6.924964234461673
3414 7.0547289027177555
3415 7.3444440543384495
3416 7.17616981413188
3417 7.074508897851984
3418 6.9275738152154664
3419 6.975700771390783
3420 6.945719297879959
3421 8.11875433354391
3422 7.221611551461839
3423 8.885324950699859
3424 6.836260225444764
3425 6.913965979875987
3426 7.570927524617681
3427 7.280082020191598
3428 7.477920948847174
3429 8.363465193148272
3430 7.108741283358903
3431 6.883388152433792
3432 6.871098466000938
3433 6.9427750844193845
3434 7.031560312919028
3435 7.008183887979646
3436 6.676988414517403
3437 6.854732182262675
3438 7.058730584927797
3439 6.77731225368272
3440 7.382490291370221
3441 7.481585109535148
3442 6.312937075001572
3443 7.141484818396378
3444 6.646623530552717
3445 7.038697378695194
3446 8.516716900473371
3447 8.402198360936213
3448 6.630417762513736
3449 7.1319861725180465
3450 6.93527185393964
3451 6.944200149969698
3452 6.550508920754785
3453 6.729324449342439
3454 6.793361808964539
3455 6.510322715442109
3456 7.0251945966952665
3457 6.953984521822877
3458 7.274915116575299
3459 7.154419579823436
3460 6.969025204550521
3461 7.101815669769113
3462 7.0526633410802555
3463 6.804410942216441
3464 6.895868666824204
3465 7.304751226977232
3466 7.090941558718135
3467 7.12256610040494
3468 7.00722143873574
3469 7.911590196622569
3470 8.402546492341003
3471 8.294284234274404
3472 7.242358577685597
3473 6.823566812420211
3474 6.855390772698053
3475 7.095246654572187
3476 7.088096929765087
3477 6.811957131807417
3478 6.7902038669784455
3479 8.071340891972534
3480 7.774425686430258
3481 8.591640042688356
3482 6.249760809896313
3483 6.949236797520248
3484 8.467386489757668
3485 7.9818778905083185
3486 6.923375312165157
3487 6.832638975890765
3488 7.255073387092256
3489 7.976593320653589
3490 7.438493744895271
3491 7.029666632969302
3492 6.795481928639947
3493 6.601663792013123
3494 6.893210315136077
3495 6.910770928577457
3496 7.801359677913861
3497 8.231902052530101
3498 7.07531690693067
3499 7.193044180473682
3500 6.769077792044252
3501 7.199573245848731
3502 7.289343466585093
3503 7.099796483202648
3504 6.683743410720148
3505 6.832014427178533
3506 7.21169016232403
3507 6.908420839208427
3508 6.846022555678596
3509 6.9760004945530545
3510 7.998479692759547
3511 8.422001763562935
3512 8.470738122166123
3513 9.295037860271579
3514 8.602163326652269
3515 8.833769213756362
3516 8.113777194728764
3517 7.962168922027048
3518 8.646145815881935
3519 8.858886501676636
3520 8.325220874090085
3521 8.340819384378829
3522 8.526912435575221
3523 8.414327378571203
3524 9.562026615082186
3525 8.590413609700894
3526 8.11290911536974
3527 7.689894534193801
3528 6.935522099586878
3529 6.8264816117946125
3530 8.35801046312066
3531 8.088711205268616
3532 7.703032503928488
3533 6.404910516855281
3534 8.356120972825865
3535 6.898354932666368
3536 7.206244412185526
3537 6.958396319773769
3538 8.308474001844308
3539 7.203867344031605
3540 7.6943248820824595
3541 7.722418290298438
3542 6.8200162030619795
3543 7.256080156820715
3544 7.610162645956448
3545 7.001242641487707
3546 6.621599810815656
3547 7.856448837352683
3548 7.1462459300647865
3549 7.080287992014256
3550 7.003860022876998
3551 7.2353967801565995
3552 7.015471041894436
3553 8.586575835668409
3554 7.7322320604745025
3555 7.359693639415241
3556 7.074490897130528
3557 6.672242605634135
3558 7.137897128487824
3559 8.012284768970371
3560 7.024630757918699
3561 6.912282824101139
3562 7.6100768242181696
3563 7.962246876520476
3564 8.207692235688128
3565 8.554228186633162
3566 8.045584415518062
3567 9.211722420793857
3568 7.38897876506954
3569 8.575964339069134
3570 8.547826616565496
3571 9.982058928670165
3572 8.719468340061443
3573 9.770018968829266
3574 9.614749847489577
3575 8.975110300173482
3576 9.173250168370291
3577 9.4869949497058
3578 9.246106165250275
3579 9.578480112451565
3580 9.764196632519521
3581 9.910413722951054
3582 9.800503505479861
3583 9.155174284658749
3584 9.610676094254744
3585 9.588763981727526
3586 9.491996597394103
3587 10.364105261129902
3588 9.819347002738914
3589 9.669110097793219
3590 9.519677847721013
3591 9.754846631107489
3592 9.081406212383559
3593 9.796836242758378
3594 9.99056127899408
3595 9.882067802052116
3596 9.3609225851346
3597 10.676968374337008
3598 11.084464557814158
3599 10.464293303852967
3600 9.562123028287125
3601 9.913409824004935
3602 9.53077404063735
3603 9.29869426801039
3604 9.722072307282653
3605 10.756857328930982
3606 9.83798874071775
3607 9.377330886372313
3608 9.608403341339287
3609 9.0773594964665
3610 8.988824742038231
3611 9.603776230467062
3612 9.633782025690284
3613 9.746263758729034
3614 9.569291144112277
3615 9.335805418530295
3616 9.4358204442162
3617 9.491630641305603
3618 9.225037081459298
3619 10.021294180960263
3620 9.433317138278548
3621 8.623357714360973
3622 10.264994005364354
3623 9.61570240814979
3624 9.704794466398562
3625 9.703867146489316
3626 9.619362399678772
3627 9.296932626512337
3628 9.35097384578611
3629 9.450879286401946
3630 10.4449774441406
3631 9.519544605118137
3632 9.695905927620457
3633 9.028486664998038
3634 8.435168553313975
3635 9.016975132901898
3636 9.180621823873427
3637 9.46734619886101
3638 9.660374302612569
3639 9.37128684923984
3640 7.729086267193211
3641 6.918243312953273
3642 7.044131518726557
3643 6.557124661908795
3644 6.429074587787861
3645 6.326598967984191
3646 6.954182398726617
3647 6.742895808425278
3648 8.33770656328865
3649 6.8824252793060205
3650 6.905845324262667
3651 6.987959225671749
3652 8.51118344436123
3653 9.375401825355603
3654 9.835539735646877
3655 8.93460570278791
3656 8.72028300635945
3657 8.646811139537368
3658 8.03914550110656
3659 8.480540369023021
3660 8.167039921605388
3661 9.157253062892035
3662 9.353880924756544
3663 8.623772530822146
3664 8.551991929381222
3665 9.388743012092869
3666 9.777533591002257
3667 10.094526741065264
3668 10.26178705464788
3669 8.997937205113535
3670 9.774762866992917
3671 10.565480381544713
3672 9.526047142410711
3673 9.594458115758956
3674 9.971925500266078
3675 9.610593850957992
3676 8.605166770063233
3677 9.546033724567208
3678 9.55837598776838
3679 9.30042155185085
3680 9.546125095438331
3681 9.350983589603278
3682 9.445438658757176
3683 9.748561125775533
3684 9.470979932255075
3685 9.777575063079835
3686 9.41714359315099
3687 9.70943852472472
3688 9.007607810535932
3689 9.56542309034063
3690 10.211922988342241
3691 10.531437476374027
3692 9.321579560827788
3693 9.583625138553499
3694 9.201679867692084
3695 9.318758456571167
3696 9.245949360161765
3697 9.0005542330846
3698 9.465258951931382
3699 7.299834708148886
3700 7.112333255447387
3701 8.015563676044406
3702 8.764360983864625
3703 8.567812005244923
3704 8.349167849863761
3705 6.9137999265998245
3706 9.065376843620331
3707 9.025899101649046
3708 8.734899197567682
3709 8.584356947975563
3710 9.027163769846684
3711 9.441003862201388
3712 8.263466133311578
3713 8.064516114193575
3714 8.752311374521051
3715 8.823586593031346
3716 8.43853407920054
3717 10.118578555807701
3718 7.9914396611802
3719 8.899269170905699
3720 8.645672369687457
3721 8.801199337316293
3722 8.21588180887944
3723 9.448230033396634
3724 7.649097927241966
3725 8.336123305671883
3726 7.823485525024679
3727 7.942396573608755
3728 9.242607568736206
3729 9.58789299755734
3730 9.507754284661306
3731 10.802691654639506
3732 10.325600864649882
3733 11.206295416948361
3734 11.382605659131734
3735 10.441870900731198
3736 8.991585704093964
3737 8.892916655743166
3738 8.88239307569228
3739 9.794475062321284
3740 9.151199113395732
3741 9.44265529145256
3742 8.584828860720647
3743 8.667181877767796
3744 10.223918326081005
3745 8.85631988256294
3746 8.539708812456515
3747 8.462794865314848
3748 9.057612550762723
3749 9.041698575847732
3750 8.557077192856502
3751 9.210964854668092
3752 9.61261146201081
3753 9.548522957528341
3754 9.115706251466344
3755 8.924588522876517
3756 8.21074376655962
3757 8.329836999063799
3758 8.963733034266452
3759 8.787158752428248
3760 8.831897870837647
3761 9.465680361749541
3762 9.883880425601518
3763 9.190485850953669
3764 9.568793385987194
3765 8.753369170596857
3766 10.025279210575926
3767 9.613000122069547
3768 10.07386636427688
3769 9.938261461789633
3770 9.236991462857047
3771 9.396983987936308
3772 8.47924683300112
3773 8.847120175358237
3774 8.950641665518633
3775 7.411219168586979
3776 9.337483618089989
3777 9.558048953240029
3778 8.928654843612946
3779 9.986644180164467
3780 8.925941595130421
3781 8.74804991574543
3782 9.849531787775671
3783 9.344555174658355
3784 10.29854821740642
3785 8.932154697602472
3786 7.9325180221014016
3787 8.7722601989329
3788 9.422902351370364
3789 9.177971117520716
3790 8.208346902088877
3791 8.793575311697687
3792 9.030594898840173
3793 10.205208260942596
3794 8.512307030581745
3795 9.981651642522964
3796 9.082636482812218
3797 9.615422947600035
3798 9.262319716173003
3799 9.236883194662479
3800 9.204470628294255
3801 9.813290574838314
3802 10.018066298307549
3803 10.02614115144548
3804 8.52148237165596
3805 6.966004506090412
3806 9.283792463057688
3807 8.85152590492802
3808 8.84922588312379
3809 8.781478193332214
3810 8.654938524385262
3811 9.073372597220906
3812 8.573819669938915
3813 9.178373474587023
3814 9.560339780507059
3815 9.076119153823498
3816 8.58772538717213
3817 8.769907412397837
3818 8.897469377015847
3819 8.224232152470126
3820 9.207219863874933
3821 8.782798685306968
3822 8.73519857811744
3823 9.095153434999038
3824 8.927429477447378
3825 9.029152590415928
3826 8.905665494800793
3827 8.974482304047825
3828 9.546249531407765
3829 8.396774649905783
3830 8.971275775580748
3831 9.452375497524713
3832 9.666349630256901
3833 10.172126389374807
3834 9.688618013062117
3835 9.081177708350017
3836 9.851423841176436
3837 8.941756177973799
3838 10.044474137654614
3839 9.497637779561774
3840 9.193864824360439
3841 9.474138590304385
3842 10.313855624414819
3843 8.833430982115644
3844 7.303061483927542
3845 8.000054974287485
3846 9.010896751289359
3847 7.406775473311515
3848 7.122806848490694
3849 7.920452662420753
3850 7.314742799091994
3851 8.73188413068394
3852 9.43265899676114
3853 9.17625783141897
3854 9.389024076077508
3855 9.898784269174149
3856 9.893864702050882
3857 9.537502334898523
3858 9.675015411235858
3859 10.043311204960425
3860 10.169338651453675
3861 9.045251892861215
3862 9.663065085224728
3863 9.311303228489672
3864 9.281711433303265
3865 9.133867107410957
3866 9.0577924425754
3867 9.54391346387012
3868 9.429387551876948
3869 8.55165462148419
3870 9.241031012735796
3871 9.005884204385941
3872 9.253362152705925
3873 9.438031864292126
3874 8.995956159468193
3875 9.380976177926893
3876 8.755089987653575
3877 8.975788981247655
3878 8.375932632065954
3879 9.347840964869132
3880 8.906603422817668
3881 9.025456397263707
3882 8.978160423370527
3883 9.530602912765616
3884 9.12575413175551
3885 8.298429329501488
3886 8.598195011500469
3887 8.829327909249152
3888 8.538039537616493
3889 8.535628351007269
3890 10.168943685252426
3891 9.67347693916667
3892 9.838696903330785
3893 9.08218611676835
3894 9.160686169264936
3895 10.471864413902576
3896 11.54603860990002
3897 9.52886761111237
3898 9.194808049401972
3899 9.15030974226948
3900 8.31014186062583
3901 7.1687304319775755
3902 7.115644731059256
3903 7.302442724402491
3904 8.198136957927012
3905 7.134264764826446
3906 7.146337234993873
3907 7.578557345388996
3908 8.837157559981193
3909 8.42535037642951
3910 9.343986809853513
3911 8.97746951330652
3912 9.0449036169123
3913 9.462560320795232
3914 9.800668095461683
3915 9.24459464215832
3916 8.386602560930386
3917 9.21566891058578
3918 9.07711002060678
3919 8.392103767434795
3920 10.136286547326586
3921 9.418268279934313
3922 9.998280047419037
3923 9.4271497926049
3924 9.446375123953919
3925 10.232576305792318
3926 9.175663268159859
3927 9.701353318340999
3928 9.32300780890244
3929 10.417162826254595
3930 9.461947249061813
3931 9.568031801515819
3932 9.259490795220204
3933 10.680969738165693
3934 7.766660248304784
3935 6.789480907693147
3936 7.493419462575313
3937 7.649592676051143
3938 6.614229755664945
3939 8.026673873232205
3940 6.948023410975921
3941 7.5144523941003705
3942 6.851410041099892
3943 6.869790391163325
3944 7.349609835879675
3945 6.916609492229868
3946 6.497073170409046
3947 6.180702580527869
3948 6.960932085566483
3949 6.999338030091519
3950 7.583431889002035
3951 8.11943336733755
3952 8.205875547937907
3953 8.336718205324523
3954 8.687255214034886
3955 8.391269477061142
3956 9.831359548518602
3957 9.267063078129253
3958 8.749457261946414
3959 8.438728076330149
3960 9.20497308904402
3961 11.134252990324269
3962 10.504603673042741
3963 9.835772420160808
3964 9.906989511542301
3965 9.087137654060589
3966 9.16538935736804
3967 11.06515727100981
3968 9.96871370732087
3969 9.712625021015803
3970 9.636566710474884
3971 9.79311714896636
3972 9.585864162237549
3973 9.966178244861188
3974 9.694959843624757
3975 10.70275336226954
3976 9.308009987238846
3977 8.920486896820123
3978 9.589658074487517
3979 8.995717590277204
3980 9.341005945906693
3981 9.072859294593256
3982 8.119822287201746
3983 8.47958310517081
3984 8.902050688423106
3985 8.5263247366161
3986 8.643395803051595
3987 8.497570923710866
3988 8.531730401116105
3989 8.084344944869402
3990 8.141982891265537
3991 8.740292230910242
3992 8.474771872346924
3993 8.669793604893341
3994 7.863928306088522
3995 8.507759108417735
3996 7.983211488223634
3997 8.113783802703747
3998 7.843555249699207
3999 8.689465540626747
4000 8.694348246556745
4001 28.442139367495372
