0 37.01597803447097
1 38.709828241172794
2 36.9141414042805
3 37.135783468304595
4 33.77575243055098
5 35.309384028444704
6 30.430739048078934
7 34.749078053015694
8 30.745941690060313
9 25.47956477603891
10 21.63830958237259
11 23.376955634590274
12 22.533628587960795
13 30.19366676049072
14 24.417377107731674
15 27.468710269413304
16 24.893302227744556
17 30.967730299851198
18 26.172723415833154
19 27.735467882524176
20 29.71345615669224
21 25.492935255407428
22 33.00910869334648
23 38.69068928803777
24 42.66832893847363
25 40.454881840424555
26 36.357234551006236
27 43.63211976029785
28 44.32010449266371
29 46.57214843994935
30 43.66583354539971
31 43.12671716354448
32 48.55805918229143
33 51.907727017100314
34 53.97779856187939
35 52.26803201733596
36 56.48644805953734
37 56.2019117650341
38 57.50592921726744
39 56.54609807878564
40 58.34799073404997
41 54.981303324597356
42 47.407167826552545
43 49.97265814841815
44 52.82771981373046
45 50.204658662283435
46 53.27251531498124
47 53.09251034072819
48 51.84358499380659
49 53.07265597651877
50 52.289147518575234
51 51.57126327411845
52 49.87114597560518
53 49.968234128468
54 52.63798557726559
55 51.42951957760607
56 51.0255180477054
57 55.14081484763974
58 58.09894383943864
59 56.11452195204362
60 56.115662746026246
61 53.77324451192029
62 48.698712985853376
63 50.04829259496037
64 50.42545089981933
65 48.727995457172746
66 49.04817668367941
67 48.49460165494198
68 44.66130129394028
69 47.696993254828044
70 45.40519620466377
71 48.51790352551164
72 45.38900874990004
73 46.122099559711025
74 48.778560106121134
75 48.57971982903028
76 47.4620861903088
77 48.8123116649844
78 51.94844987822692
79 49.449626513060174
80 48.25373578929669
81 51.91131159631685
82 50.897939330639296
83 52.457533158241205
84 51.053287303997266
85 48.66936265326308
86 53.065784647998896
87 52.29288240014133
88 53.745276901884175
89 53.223158847095384
90 57.1471267349199
91 53.63784117094728
92 52.79630411252235
93 48.45617296587099
94 48.13099012596983
95 47.0544783906707
96 49.55055064485132
97 52.17259575569917
98 52.80089864655038
99 52.85854835256047
100 51.459118966266594
101 49.51340798578859
102 48.745040270335146
103 52.55105330191464
104 48.888905788814185
105 49.82807931018544
106 48.5934145973704
107 50.219571578265246
108 51.49825591909614
109 50.288120233183434
110 49.91777803973615
111 47.76488624887645
112 49.08435011250616
113 45.657954228212056
114 46.35015795113982
115 46.44080440687298
116 49.91865470478409
117 45.978235160266514
118 48.31367244833251
119 51.220852799175454
120 55.02442494916749
121 52.73067560863217
122 54.63448482739909
123 52.836973842924
124 49.10981240604585
125 51.155010663784495
126 50.40014831309325
127 47.789980534119444
128 50.045084905104616
129 52.75345014871367
130 53.358458341867916
131 49.98813080673511
132 52.08968661009616
133 50.5946861792257
134 52.225683920668786
135 52.2447732340328
136 52.20590698907354
137 53.182140796915476
138 55.80215774484555
139 56.64456048874825
140 55.05505874596639
141 57.77162714077495
142 53.10644818541755
143 56.05209395741829
144 57.11099401595469
145 56.5760313073354
146 56.130515224591804
147 56.47225711763607
148 54.75265745305632
149 55.64300110148053
150 57.29622899772771
151 57.1998145072579
152 57.60694471396368
153 56.38842006283576
154 59.48454166765321
155 57.81864445042057
156 59.49216457264397
157 58.829434097633204
158 59.12034044396295
159 61.751713847174045
160 58.88781826058868
161 59.11368151879319
162 58.55278789477682
163 57.62604913889524
164 58.212230162723216
165 55.408411251358295
166 56.38776118188314
167 55.41841797644089
168 55.16186521271828
169 58.59359354379995
170 57.31991434180431
171 53.262246958642436
172 54.04439171458736
173 51.39529313627663
174 47.71166362711268
175 48.84439674054872
176 56.2543264698649
177 54.81761569961265
178 54.72424671616435
179 55.018747510972254
180 52.72059725134806
181 55.43599520631182
182 54.83458622058063
183 56.447922462390416
184 54.728874197064485
185 57.279012670192095
186 55.13865465667943
187 55.78699982861544
188 53.357491926394005
189 52.431773567265
190 52.60699629571505
191 50.70557064748434
192 51.85149451126054
193 53.700029696476655
194 52.89346054106613
195 57.34544889858482
196 53.827868006011606
197 54.5637458149532
198 53.439335090482274
199 54.15770542428782
200 58.685360452278054
201 56.06490325473734
202 55.28516097789514
203 52.15557272490349
204 55.61421721215326
205 53.611660877425166
206 55.986496777363016
207 57.02101098924834
208 56.41825993955182
209 56.29275407684082
210 55.235671447411235
211 53.85933822172894
212 53.9026592049339
213 57.04602484962669
214 58.646314689500215
215 57.08563741651633
216 54.50970208201561
217 57.45040340979148
218 55.45357383467695
219 54.220869219498326
220 52.882340350498666
221 54.79849857839232
222 54.14398686013567
223 55.617109331420494
224 56.61925100185741
225 57.32106941485321
226 56.082026447549346
227 50.87084156607844
228 50.54579253387877
229 53.81976044156939
230 52.39289083267861
231 56.233658322001126
232 54.40680890036323
233 56.96629456058026
234 51.859348840296825
235 48.63153458885552
236 47.41032722577485
237 47.42455312654475
238 45.675445495311315
239 44.29872982701695
240 47.36920308196175
241 47.86281097106895
242 47.185924120085495
243 46.37831170439724
244 47.39446711775127
245 48.72567029607082
246 45.16017670352388
247 45.89260131631572
248 44.197845728420624
249 43.177080229074804
250 44.26500110343569
251 45.0105066295326
252 43.343395568590964
253 42.12881014733929
254 46.46544131708185
255 43.465899372014064
256 44.67593489238292
257 45.89199358703933
258 48.712903914807995
259 49.034317217986136
260 48.2668006810251
261 45.717978577793275
262 47.93467662012518
263 49.116735977947435
264 47.90528465472832
265 51.000280871134606
266 49.75146996900011
267 49.99694172623394
268 51.807588969428295
269 49.341252225619364
270 52.32550945361635
271 51.723951985559
272 50.54396710954391
273 50.215668856439756
274 51.488420874840365
275 50.140895604339946
276 49.39719261383865
277 47.25381389954875
278 48.30586380775312
279 47.76504393132523
280 50.11811639635975
281 48.56160154532521
282 45.72492119588223
283 45.63132540222639
284 42.10218475588641
285 44.892701097668215
286 45.081117976817964
287 44.88257878455538
288 46.452940668738144
289 47.22140016047174
290 46.33294670998332
291 47.53309677337254
292 48.14215802541664
293 48.20073227442123
294 49.6981675387842
295 51.209342230253554
296 49.78074503896461
297 52.70593642899445
298 48.044900898656586
299 48.319568691009486
300 49.54192941288868
301 47.83525784160269
302 49.06607600313816
303 47.17078328541596
304 52.17886963746415
305 47.34852046620718
306 45.52217343119118
307 47.08257958202081
308 48.25551324440386
309 48.210447988051556
310 47.92740163751764
311 47.21957617233846
312 45.225547104642985
313 46.430826497332404
314 46.92979382045678
315 46.72573844666687
316 50.052126723582624
317 50.272898505038185
318 44.19766162085856
319 45.596584427687674
320 49.35484064300722
321 53.84932949894339
322 51.26101520821191
323 48.78387124086362
324 48.06216632992818
325 43.19605828951396
326 47.62481610728809
327 46.01602680621238
328 43.33066819814111
329 43.576719455865415
330 45.015561912883044
331 48.920213818884896
332 47.132408876642124
333 44.19316179357461
334 44.52834245913576
335 46.923064579088745
336 46.33939771962981
337 47.91545705224064
338 43.57703877723616
339 43.34575789830715
340 46.135767586564214
341 48.07624966181907
342 45.177098607171594
343 40.59370271107647
344 44.88843675871435
345 43.543449032968745
346 47.29968445661911
347 47.983148261205066
348 49.07962539435156
349 47.48627481891921
350 47.93731871026899
351 49.26003362283758
352 47.36897961039987
353 45.295612421465975
354 44.505845169945786
355 44.42036601427304
356 45.46638476611603
357 47.1670230881365
358 47.98875709286641
359 46.5542344109377
360 45.94330339314178
361 43.2176379551659
362 46.81462485443253
363 46.34444058533265
364 45.090051540816376
365 41.268952286712995
366 42.28807018446488
367 46.50504588164631
368 48.10132105942573
369 42.31111035844874
370 40.34492725903932
371 48.84019622396549
372 46.95650151899795
373 43.50156870940458
374 49.72065169297166
375 46.593005985284215
376 46.9579326904975
377 43.03512291566141
378 45.606593344928164
379 49.14690279340807
380 49.54843811059715
381 47.91193091343072
382 43.6931289689921
383 44.75945718948433
384 45.21450762272798
385 48.44676857817249
386 43.87094187275848
387 49.04326012694424
388 45.75258679931455
389 44.70728810937591
390 48.539857193081446
391 43.52872340652841
392 44.14905801485459
393 43.903360143746355
394 43.807798618199335
395 46.691309752335464
396 47.34448638966333
397 44.94907929350929
398 42.04617125631895
399 45.612228364866546
400 41.82891528372324
401 39.56781987156377
402 38.72862678755783
403 40.683643818786656
404 42.66993392922007
405 44.96539527042247
406 47.0374789352053
407 46.830075414213674
408 45.74325951206919
409 43.80966311320309
410 43.22580008430244
411 43.11287849004676
412 42.192939872002334
413 39.53562973841976
414 39.84266699096632
415 43.530314722103924
416 44.996902062550575
417 43.392882823909886
418 42.17995466955523
419 40.565506863598735
420 43.57630031414873
421 43.64308684082502
422 42.787618925698716
423 43.39156389210199
424 45.22668987872537
425 45.555636748206396
426 44.39296122673123
427 48.24064206849018
428 48.164436322232184
429 49.37924079281933
430 50.97320853282052
431 52.368567323170744
432 48.187155345813125
433 48.058099492514806
434 45.99737731923505
435 47.9908478125513
436 44.27089338462174
437 52.2422064389095
438 52.50663930590009
439 50.38045359015398
440 52.30698653606788
441 50.10002599757445
442 50.75206276178804
443 52.0990997115224
444 47.70915823109221
445 44.36882004159837
446 47.44145418498459
447 43.96159130629097
448 45.56355011482906
449 45.70931741043346
450 46.855376527844555
451 50.56218178706724
452 46.08288244607063
453 44.625139869462686
454 47.849639610732474
455 51.72813876729962
456 52.082230367631404
457 50.014938474351496
458 47.73171696052436
459 48.28076260068251
460 49.69410008118244
461 46.68311565780419
462 51.10538501532736
463 47.83437466208841
464 49.90588916979921
465 47.33817009103369
466 45.75140679388583
467 45.825900135409576
468 42.368764461428576
469 45.0365253969751
470 42.29285856174531
471 48.03070447884618
472 41.49577101871501
473 39.779366616995155
474 41.710597373244504
475 39.673943557991095
476 41.28068971490223
477 47.74788650176078
478 46.860921885917996
479 43.91321387588812
480 48.11168627486503
481 47.64521706798484
482 48.95388568890126
483 43.64993328305861
484 49.790409574191045
485 47.61379884883086
486 48.2636308748547
487 52.01674538415689
488 47.51905615084095
489 51.541290941052935
490 47.54949522212659
491 43.8745851749745
492 46.13247470046381
493 51.957937800718085
494 48.737335077977185
495 46.71682429183403
496 48.10152433484892
497 49.083158564553585
498 51.781602462733275
499 48.888858453714164
500 57.89642074429738
501 54.83212974504404
502 55.45985730178266
503 54.33154023876924
504 50.57082455511258
505 47.594473198516624
506 44.62236524995034
507 46.377474939186875
508 43.61901452806642
509 43.85358942236051
510 40.335021177972024
511 41.877490465537086
512 36.80015756207994
513 38.93583700824933
514 42.45739495859302
515 45.09979826292211
516 44.9094022398075
517 44.31757272368601
518 46.11276389908573
519 45.16116153807974
520 49.152897053013234
521 50.577068820361454
522 50.61712472202702
523 52.35442487186392
524 48.81966406320867
525 52.82598305704271
526 50.7821171957806
527 49.921899206847705
528 49.84107689780593
529 47.22404287134506
530 47.97779642476957
531 48.273002960124266
532 49.63739235956352
533 45.58988810701495
534 50.17551315757345
535 48.352997247368336
536 45.41511715051067
537 46.13322227696375
538 48.988248748419686
539 52.36759628106157
540 47.68564485841353
541 45.681414676526146
542 44.41453377552494
543 41.36787555183395
544 45.56839948941795
545 42.79518772040799
546 48.904393659818126
547 46.93084439744658
548 44.668815123364745
549 42.5864710968826
550 42.82799992645353
551 45.01769684816242
552 46.20873506234417
553 44.53802016947523
554 40.61302798965228
555 44.12597514032801
556 48.1649778199951
557 48.130944135786294
558 44.09807542527862
559 43.567613101625675
560 38.723594113520754
561 42.17791497520656
562 43.73363355718753
563 40.60478282745603
564 42.59440457093057
565 36.20842535412348
566 44.74458416760127
567 41.987080643925985
568 44.45231694886687
569 42.869120135653546
570 43.00546480659147
571 47.001421447767974
572 44.87718735978928
573 43.92584455961254
574 45.5708168747136
575 46.92748198723915
576 44.907900322243435
577 47.96778976399837
578 53.11774229976029
579 49.12876223731411
580 54.771550434806244
581 51.918444470432306
582 49.85635038522437
583 56.704753554442675
584 56.92467721901446
585 59.9292507269286
586 56.547366701749695
587 55.47196500831957
588 58.21667743651988
589 84.744745546309
590 59.20931480809768
591 61.18312003710481
592 60.64166118524777
593 59.75717583873834
594 63.104570633886226
595 60.879145591793815
596 56.97245300917786
597 55.86013036810734
598 55.76591207383173
599 56.74466401384062
600 57.675346792437814
601 58.8716314972466
602 74.35716078331413
603 71.52423947533926
604 60.90483903852973
605 55.09285437480058
606 55.69076249007667
607 55.48045929963802
608 50.81039417069338
609 60.9249600339676
610 59.13420399333116
611 54.45399458441559
612 47.741823574252045
613 48.09323814416181
614 50.199738558636156
615 42.665946521425646
616 33.04294221442484
617 35.9270578552797
618 34.84843022281417
619 40.803860914344575
620 37.95231807924496
621 43.52786109593556
622 40.83233162938955
623 33.81917704521685
624 31.326492787671903
625 32.82302423971057
626 32.122736805094235
627 41.62050703704412
628 39.04541944481137
629 40.66144119499861
630 40.63137443144584
631 42.61326517063272
632 42.085589567727
633 41.86836849712256
634 37.85756438343349
635 40.89632895717916
636 44.78890137124357
637 42.63523251852181
638 48.2064851046015
639 48.33484723457842
640 47.97163654044777
641 54.231382827528584
642 56.13721892320203
643 54.622241360400096
644 51.72051668456
645 45.36732545383621
646 44.307674761255726
647 47.650518229843016
648 44.96223790844569
649 41.858694333698324
650 32.76642651515966
651 34.39589362484065
652 36.589797998710644
653 31.752620859468866
654 34.32277203223727
655 37.08761091325029
656 36.18770183988398
657 35.32595411540111
658 40.23058296535913
659 36.77876924144696
660 37.045069669886196
661 33.66358451728171
662 35.99155056276001
663 37.20276465651323
664 41.15686563122667
665 43.53869126049332
666 41.68036676666168
667 39.19560092821025
668 39.05692811833348
669 38.61238438180963
670 39.53129199997117
671 40.089656218753575
672 36.65512131089364
673 36.28905042267301
674 39.66097178829937
675 39.69005172035618
676 41.78786729994321
677 37.198255100264056
678 33.51849126216189
679 31.782921034104362
680 31.885137923359885
681 33.25170012589383
682 37.26498488143256
683 31.941074379384457
684 29.124965846907237
685 23.02823870966874
686 25.72034212797234
687 22.114225309785958
688 19.63174702774847
689 22.897181477009575
690 24.261237291759137
691 22.159044613577716
692 25.248530217419876
693 26.191764352126892
694 24.418412342415724
695 20.678079640253728
696 22.86180510143946
697 24.08256574447649
698 25.01248410267051
699 22.990301075337992
700 22.893037636289698
701 27.824948738081495
702 27.853219397065327
703 22.50422579475816
704 25.18932915899219
705 24.68409978921913
706 24.045495103132776
707 28.122393522038955
708 24.282017931581496
709 23.06533044464824
710 24.282059375754834
711 23.26930464386187
712 22.27032870125481
713 19.105877305270567
714 21.314952508345428
715 16.2039846766498
716 18.607454229719508
717 16.12707663846237
718 21.149904406196175
719 19.988479711392866
720 20.97663403363699
721 17.320816819312
722 16.144376807109886
723 12.474532891344852
724 15.185308736756268
725 11.93432055984879
726 14.577277474397244
727 11.931628554178259
728 10.299076811577777
729 15.320682620574658
730 16.713055446913817
731 15.939863160564459
732 24.252533521399453
733 17.95119663687121
734 23.0297605483035
735 13.096271894945694
736 13.221293986601943
737 13.87249093926962
738 13.29138380031612
739 14.137200077406519
740 11.281999194257576
741 11.944535341497012
742 10.166409720038214
743 12.457307914757312
744 16.318642384154938
745 24.266291749490467
746 18.456451153325915
747 17.631565834818527
748 20.574348240161655
749 22.138276261422092
750 19.781113800411102
751 14.12138219970922
752 12.315125728836136
753 17.20683154486277
754 6.7094585546919205
755 8.791476472439484
756 7.904595273601045
757 7.359197643127155
758 7.638720964860409
759 7.170512448359256
760 7.55729111698821
761 8.125974973419313
762 6.541180866069539
763 6.081259764308447
764 6.804427205512271
765 6.4856545030099255
766 6.392538388833634
767 6.840005812294363
768 6.890932242167505
769 7.246151763378209
770 8.16505628546975
771 7.606236685888596
772 6.914316047992473
773 9.826574973599781
774 8.644721509546578
775 6.940950416307496
776 9.767369724135571
777 9.733393615084164
778 8.76148176106994
779 9.347582892190726
780 8.677870302207936
781 9.212973527116471
782 10.9780310588853
783 6.74312326100967
784 7.547578014184497
785 6.39516828038384
786 7.291659164989411
787 7.5242021305293925
788 6.365559307235407
789 7.601084699534375
790 8.98860744205355
791 10.776566268913777
792 10.274807294092833
793 8.958493458781348
794 8.367538309203809
795 8.86254416452294
796 8.449337380135997
797 8.396902613336923
798 6.730208723170302
799 9.13959352457139
800 11.193175867058752
801 11.199350994941257
802 20.285938557307457
803 16.10240286222905
804 10.648821082216886
805 11.6097387098309
806 15.882495346947197
807 19.660263258848392
808 20.71713104093427
809 16.928324608234686
810 16.131211031550805
811 14.200542856364997
812 11.97194352188358
813 11.027985700282876
814 13.237167518969871
815 13.077330640225927
816 12.755666003720888
817 14.254411358005642
818 15.057260689482437
819 12.179648491101402
820 15.122988385062301
821 16.619646977142825
822 16.52889069371736
823 14.177872442052387
824 15.423370831995744
825 15.42913037704348
826 15.740394621949426
827 16.212375143906982
828 16.560813103268064
829 13.110111605896403
830 16.80916068354069
831 20.079812547998067
832 17.450879840263585
833 11.232648474813805
834 8.479604810477475
835 9.329619755639646
836 6.737399068561664
837 6.022377494489464
838 6.027089145787065
839 6.760799531235292
840 6.213429505555777
841 5.550491439262783
842 6.382603773243183
843 4.413116191201778
844 3.870424387573379
845 3.393890167052071
846 3.318757696170381
847 3.6652657561988913
848 3.253326177181054
849 8.37938288506185
850 6.5532226861455865
851 9.844241285281067
852 9.581441677522406
853 8.392704560487907
854 10.3373421656545
855 9.624445508733482
856 7.949433230924264
857 6.539379886311032
858 12.097057120263887
859 10.910267237185396
860 9.144551619833633
861 7.8875745345053865
862 6.491307679554068
863 9.17341942003227
864 8.269181960974624
865 7.951895015279353
866 9.434252743897316
867 6.18940884478329
868 4.35238580505498
869 4.554620320905317
870 4.832772200173521
871 4.834141925241068
872 5.482850681374873
873 5.100243135795404
874 6.698720918244775
875 6.604325134443494
876 6.362774461917706
877 4.2194421399460715
878 4.519982911218737
879 4.331970915317311
880 5.023553041714605
881 6.142442013420292
882 4.442408925615798
883 4.3585893465853855
884 4.51634100934102
885 4.217468113503744
886 4.371743154882908
887 4.410815961515352
888 4.378825660329209
889 4.475823304929664
890 4.342481040955223
891 4.153855218344137
892 4.6332120169259206
893 4.300515693296673
894 4.280982397754908
895 4.105239402538819
896 4.327255721981521
897 4.197707913245952
898 4.2256871682781965
899 4.0731929087099426
900 4.152698709492983
901 4.327339753644328
902 4.283238381647792
903 4.097307668769734
904 4.264393755635345
905 4.28695355955791
906 4.324587894401298
907 4.662571856062505
908 4.8917789563074
909 4.565494029815991
910 3.367865945938992
911 4.543319649124003
912 4.639795215067706
913 4.034806824179201
914 4.492463904845742
915 4.044450895821308
916 4.108016875200188
917 4.267252830455762
918 4.279745281184214
919 4.306801310971725
920 4.372832872053105
921 4.989187597275003
922 4.334947195118127
923 4.163168800756888
924 4.378809187155148
925 4.106414396793889
926 4.834823046534027
927 4.826292039323316
928 4.2275982035800155
929 4.3416264071253865
930 3.6638619901639977
931 4.035098375157215
932 4.256932604757721
933 4.447235154967506
934 4.599295416403667
935 4.341072214936071
936 4.771154913451787
937 4.5560816205909145
938 4.437180551681221
939 4.12828425075277
940 5.8033134956631445
941 5.176338513307539
942 5.760911762385908
943 6.17692111009609
944 5.754135696970064
945 6.1387742151371025
946 6.573965871195897
947 5.948691643290049
948 6.392479035307075
949 5.901071869224976
950 5.923452239798822
951 6.356913959645692
952 5.115129998148406
953 5.473077421976194
954 5.9957715566173935
955 5.697823523356391
956 5.799575375520625
957 5.19808390135868
958 5.756898824491713
959 4.470037404362563
960 5.628653293457213
961 5.002532470864987
962 5.798286948315379
963 6.678515945795227
964 5.634891891975829
965 5.349373913742472
966 6.125458967843621
967 4.670825047723201
968 4.6183232144315065
969 4.223395560238876
970 4.192046146174364
971 4.594432635779722
972 4.578379193163131
973 4.531239871878162
974 4.7700434172985595
975 4.675189648291479
976 4.768961486687441
977 4.741655524145769
978 4.469144300468101
979 4.769427445229021
980 4.748793976188375
981 4.549787344082511
982 4.470312561785391
983 6.0711512872595
984 4.35585706812939
985 4.7779866133925015
986 4.389214685872687
987 6.1873735535794205
988 6.087370080932948
989 4.298183324494449
990 4.159235268592827
991 4.480251890252756
992 4.913917829830032
993 4.8936371815495825
994 4.886440403529943
995 4.340870760180268
996 4.395200180516029
997 4.515868810292418
998 4.241402481499669
999 4.121622414814273
1000 4.336977241503692
1001 4.886662197211038
1002 4.354346719575401
1003 5.002990154859968
1004 4.5842790306354795
1005 4.659405370645866
1006 5.5512866538964
1007 4.656662142659297
1008 6.07918914245662
1009 5.769631904460713
1010 4.278231656998768
1011 4.381855466872843
1012 5.628486095190155
1013 4.789377818696154
1014 4.526374437492623
1015 4.799931890059047
1016 4.867801233086465
1017 6.170824778606742
1018 5.31704867928921
1019 5.3207329075060725
1020 5.071695949452581
1021 5.458985590621401
1022 4.508651797626754
1023 4.410161923677818
1024 4.713549954654707
1025 4.4391145717657325
1026 5.94557163791229
1027 4.40487091171848
1028 4.972353904462196
1029 4.298675924048905
1030 5.2463481839895065
1031 6.037564023582341
1032 4.546090205804163
1033 4.823636154096518
1034 4.556300401161587
1035 4.708449352072305
1036 4.798116497088173
1037 6.5596760782670405
1038 5.4633754747068695
1039 7.30419367579485
1040 4.858608810950588
1041 5.282027836292078
1042 4.601217851982522
1043 4.2088265841995804
1044 4.119746491482294
1045 3.715697747585818
1046 4.4743832843191464
1047 4.784430055972949
1048 4.564713293527167
1049 4.563578831618678
1050 4.682045899777591
1051 4.336150936007917
1052 5.11228321333742
1053 4.233965421236358
1054 4.310111208942842
1055 5.063774808928526
1056 5.11062376252747
1057 5.232372803366055
1058 4.44612649937666
1059 4.129963651725687
1060 4.383918141005616
1061 4.342608360126492
1062 4.612991628693307
1063 4.076206403471761
1064 4.1736502961528466
1065 5.139149823995305
1066 4.115136544966367
1067 5.039914213061522
1068 5.021242641240525
1069 6.47012211316501
1070 5.704356253469002
1071 4.2875815474213335
1072 4.2314400802255205
1073 4.216679088208158
1074 4.12456290917269
1075 5.272624946260627
1076 4.5761353558366675
1077 4.066867731994902
1078 4.520768707538887
1079 5.62544122595918
1080 5.768914491495248
1081 4.4839612033453795
1082 5.95798822395108
1083 5.760120026492885
1084 5.891653725043514
1085 5.371425237468472
1086 5.733588696233574
1087 4.985101489215585
1088 5.295481470120777
1089 5.664780060300587
1090 6.325551059101264
1091 6.157161897998318
1092 6.283284037969578
1093 5.818352219326941
1094 4.560064180194941
1095 5.95209567999347
1096 5.955030341638586
1097 5.830115225548484
1098 6.385678935517513
1099 5.636416966294976
1100 6.035085759235403
1101 5.326116109243373
1102 5.249644970924916
1103 5.67442426726541
1104 6.267402216609337
1105 5.791904120877375
1106 5.032426835846845
1107 5.689297293234835
1108 4.5089072747781005
1109 6.163715586412898
1110 5.947322482554349
1111 5.399640067900994
1112 5.459569131813591
1113 6.6911641134735
1114 5.584023627551411
1115 5.932145528608782
1116 5.513391145010832
1117 5.928810827035606
1118 6.41213280167049
1119 5.642202721123395
1120 5.4155355679728645
1121 6.216684621722863
1122 5.268192332327097
1123 6.121567922705688
1124 4.88536575808825
1125 6.359434910642988
1126 6.398478881607565
1127 5.933154491616597
1128 6.569278463494227
1129 6.578596486062645
1130 5.6292162554285925
1131 6.714156692484731
1132 5.853548400887361
1133 6.105282069799597
1134 5.247250321729405
1135 5.506670888679151
1136 5.936970777053852
1137 5.290519315457601
1138 5.208108964496308
1139 7.251132107923302
1140 5.862335258885111
1141 5.420879415577347
1142 6.003969643674419
1143 4.718324535189239
1144 4.769434361313422
1145 3.919568957117623
1146 4.500827556258543
1147 4.252489577331729
1148 4.8153852774606065
1149 3.7853645557988864
1150 4.9372690248616244
1151 5.578296072454823
1152 6.222767598304953
1153 4.316297373375187
1154 5.7716432637497315
1155 5.682037188258224
1156 6.5614841007217
1157 5.2683503858692715
1158 6.8389718112186815
1159 6.026550591741107
1160 6.179900015610649
1161 6.7477709982677885
1162 6.905254722253656
1163 6.952087214512951
1164 5.3521389701564
1165 4.785232830873231
1166 5.596666546327062
1167 4.908891997052209
1168 5.046402289144677
1169 5.882038396065515
1170 5.0020616992518345
1171 5.120784585794831
1172 4.891001555147759
1173 5.485157291026943
1174 4.920625429023221
1175 4.91191515320539
1176 5.362993362949972
1177 8.613084385486394
1178 6.770508069068416
1179 7.1576327702208316
1180 5.460990061041686
1181 5.514805750182023
1182 5.473371850164302
1183 5.096379098642418
1184 5.763444905644166
1185 6.1674236874976875
1186 6.302563115629401
1187 6.47326100819543
1188 5.434986364961531
1189 5.965314861972464
1190 5.938320915889614
1191 5.416929825172978
1192 4.752326538702703
1193 6.032753322043741
1194 5.602614649808165
1195 5.204798523622822
1196 5.311261218069148
1197 4.712361968154324
1198 4.885989175579491
1199 4.417673923344819
1200 5.463279263981271
1201 4.102886053087309
1202 4.262196351277871
1203 4.831504843544204
1204 4.536271506584995
1205 4.535550207641744
1206 7.8626105106154
1207 7.186358268823921
1208 9.23347616746084
1209 8.75894455188842
1210 7.945106898328312
1211 5.411606050358142
1212 7.223056233526595
1213 7.787728499974101
1214 7.607623275256161
1215 6.306317646082373
1216 6.180590473227112
1217 6.740267353360961
1218 5.568561330524168
1219 5.995454897344857
1220 5.603434959068592
1221 6.1387995094128724
1222 6.853338135448482
1223 5.7301029476592396
1224 6.069604272668028
1225 6.449257394553176
1226 5.4447442186532395
1227 6.484147964074392
1228 6.614635359318899
1229 7.008715488485848
1230 6.694915141110052
1231 6.408293293527641
1232 6.4390927674949445
1233 6.68673175591827
1234 5.817422376347997
1235 5.950965733359134
1236 6.2129313574564415
1237 6.308030838091298
1238 6.961313008788671
1239 6.001477098415598
1240 6.6813540830301115
1241 6.7391082694355
1242 6.927200102302394
1243 6.346134046171481
1244 6.408852868487131
1245 5.50597068225189
1246 6.836103288172819
1247 6.4983445952704235
1248 6.456607446162734
1249 5.465314269436383
1250 6.969985884014183
1251 5.937824280086545
1252 7.169440342431275
1253 5.556262278482286
1254 5.978716338543892
1255 5.782621876004299
1256 5.778009193662847
1257 6.662999289992971
1258 6.121653198464831
1259 6.107248425901387
1260 6.0839530869406255
1261 6.208837290059601
1262 6.31976112042523
1263 5.977393568903865
1264 5.855186728784619
1265 5.788351650926195
1266 5.952020929429521
1267 7.210916196250188
1268 5.590552210294429
1269 5.473831716133689
1270 6.86333078603996
1271 6.058643784564903
1272 6.451175302836856
1273 6.2370149725274375
1274 5.93640427326958
1275 7.708386013191259
1276 5.844714106073278
1277 7.549171117673492
1278 6.3459069134032875
1279 5.605745875845065
1280 8.777940675263872
1281 6.175451316784718
1282 7.671525562512965
1283 6.364441230189047
1284 6.168129559542536
1285 5.3670974445485715
1286 6.132884955548837
1287 6.643225352346043
1288 5.870964194470835
1289 6.419084879724476
1290 6.006003695654529
1291 4.856720212020564
1292 5.556809388595786
1293 5.082827526242774
1294 5.798911319503384
1295 4.7344725069034235
1296 4.7397483988057205
1297 6.113087469517332
1298 6.428591409969155
1299 6.564920462014436
1300 7.103796917370061
1301 7.458739453686975
1302 5.544391979569115
1303 6.79233904608767
1304 5.136102397969594
1305 6.1851412218049955
1306 6.769275500053997
1307 4.832694394137389
1308 5.463897227461935
1309 5.96679414008878
1310 4.707998209886445
1311 4.282386862283868
1312 5.451393536287086
1313 5.465848458259687
1314 6.8086165569595005
1315 4.678060321191252
1316 5.058865215096918
1317 4.368911907834847
1318 5.514505742371733
1319 6.8069672220353095
1320 4.433854089349818
1321 5.5458712259043015
1322 6.453831904071627
1323 6.501867908013054
1324 6.201522375814272
1325 5.92359556768242
1326 6.6139936036475495
1327 6.961734735072471
1328 5.010804905297769
1329 6.309692317652027
1330 6.776938299917631
1331 5.914120264234127
1332 7.658988867853022
1333 7.315434789541633
1334 4.769557067833338
1335 6.242128601764693
1336 6.052463908289423
1337 6.37457858993913
1338 4.998417727829559
1339 5.053703778679069
1340 5.1069245120505045
1341 5.677769099849656
1342 5.205014728453951
1343 5.1442658145100895
1344 4.96008387996364
1345 4.831380540936671
1346 5.695109883983595
1347 5.873237923548049
1348 5.227356312789785
1349 4.679064138512619
1350 5.086161709794682
1351 5.294675414619544
1352 5.216384562707446
1353 5.617490101813556
1354 4.836489069386229
1355 6.510434078857984
1356 5.108256083503014
1357 6.405817372863015
1358 6.23219297847717
1359 4.752261274857727
1360 5.131207675846996
1361 6.400026886742447
1362 4.61371726325835
1363 7.490795409794868
1364 6.079762198686911
1365 5.985166533387539
1366 6.4705838118810375
1367 7.604896697833255
1368 6.617743042412332
1369 8.292593320906404
1370 9.538522825938355
1371 9.992464520482406
1372 8.293417178843928
1373 9.319229118781982
1374 7.21442562282972
1375 7.267625200895521
1376 9.147556895633137
1377 12.257521061912446
1378 12.330431011787006
1379 12.44690690812508
1380 12.09647581751203
1381 12.290311609865949
1382 12.252211178200492
1383 12.863918440219111
1384 12.557033681926102
1385 11.805531256558442
1386 11.41609665457373
1387 10.824596737307274
1388 11.80938325592884
1389 12.949653061445442
1390 15.009232961755439
1391 13.976731659551218
1392 14.235167275030989
1393 11.764090586806926
1394 10.057365158238769
1395 11.697404811075558
1396 12.459738339395185
1397 10.325461036190525
1398 11.56263373267358
1399 11.709550481085838
1400 9.394486043183665
1401 11.390816688289082
1402 12.064572360246576
1403 12.105835549585867
1404 11.770576407947404
1405 14.119263485272292
1406 13.126111455298057
1407 14.300665007755326
1408 12.513666559850959
1409 11.881707563319969
1410 11.566797432694626
1411 13.666957775402844
1412 13.08023274901961
1413 11.25753894083727
1414 11.40819126350944
1415 11.470571273272952
1416 10.71259553485986
1417 12.144380764740859
1418 10.10617713453221
1419 11.154660747361453
1420 10.126263863809372
1421 10.219385025009164
1422 10.548131107043663
1423 10.527892515733392
1424 11.251045523604192
1425 10.204961710162058
1426 11.835827865045237
1427 11.382042282349284
1428 10.897155194511296
1429 11.759121023391526
1430 13.2028402463042
1431 12.45412624830084
1432 12.898069619126526
1433 13.235880986720582
1434 10.718324304362758
1435 11.140021639168802
1436 12.517934982659945
1437 11.83522248547245
1438 11.11420311164288
1439 12.10725209906178
1440 10.430389033087604
1441 10.405703802650955
1442 11.011684423394495
1443 11.317664659439167
1444 11.463911392843002
1445 9.146384756075065
1446 11.005296019885566
1447 11.381054647956445
1448 10.158612264745845
1449 10.425646403432054
1450 9.739359814190692
1451 9.32666236633979
1452 11.280178478330853
1453 11.873471083555364
1454 13.163382252289143
1455 11.239008159283015
1456 8.286031987015729
1457 10.828045238289738
1458 7.351751618499204
1459 8.76417516099168
1460 9.49259326178952
1461 9.637329277546026
1462 8.00156614639206
1463 4.8351117343368735
1464 6.160357523173435
1465 5.892419618946119
1466 6.92887597154649
1467 6.822098815033346
1468 6.592359182813193
1469 6.4359015759439195
1470 6.890414213523819
1471 5.693891598270711
1472 5.947437376222978
1473 5.658537102370005
1474 4.853134647629086
1475 6.3735530169533625
1476 6.247027609411338
1477 5.993578098240539
1478 5.802628019026117
1479 5.8798381476934924
1480 6.772737941183588
1481 5.679104791238484
1482 6.025055756511684
1483 6.081904286407746
1484 5.372645236245191
1485 6.79578256317053
1486 5.743168125816673
1487 5.744089116993984
1488 5.943883930518431
1489 6.509691181977605
1490 5.795146510815257
1491 6.444829710512533
1492 6.739967910399289
1493 5.613928596712169
1494 6.199563463387227
1495 5.842853533379758
1496 6.391818237963504
1497 6.318175759800014
1498 6.152151178258297
1499 5.399476110865718
1500 6.858347424642589
1501 6.158156733092807
1502 5.830073695709273
1503 7.074226911767953
1504 6.37060756782382
1505 5.781299570516381
1506 5.297387310130356
1507 7.018062378682587
1508 4.479510035137787
1509 6.716699400655177
1510 5.793817195728083
1511 5.77311578098503
1512 4.424197342447519
1513 4.52859282831102
1514 6.727998809147818
1515 6.1314579307908845
1516 5.280842171595213
1517 5.704012135060554
1518 6.162358753733081
1519 6.3204610110949595
1520 6.288115456578968
1521 7.045201343842669
1522 5.9270018408638965
1523 7.327260335624629
1524 6.645706295523419
1525 6.661071268919142
1526 6.621338779805761
1527 6.11121707709117
1528 6.900903159705519
1529 6.845422470326398
1530 5.983789305788239
1531 6.946331623979385
1532 6.3254126864418945
1533 7.15697798733787
1534 6.6072861043815605
1535 6.652517781268284
1536 7.763429328836104
1537 6.51697313087543
1538 7.738092555713097
1539 7.32612667622225
1540 6.4681336558714575
1541 6.631462460387507
1542 6.948068281538724
1543 6.272560404377399
1544 6.108286935114395
1545 6.4148747457787945
1546 6.844501733363591
1547 5.917112111839548
1548 6.1121776831253705
1549 6.491644279371958
1550 5.502752054124584
1551 7.162623378642308
1552 5.864850502403664
1553 6.286917566907996
1554 6.269060897925928
1555 6.65987188906883
1556 7.893190414109132
1557 6.334724068573168
1558 7.929217727176349
1559 6.17070057601865
1560 6.620297364144437
1561 6.406084935563197
1562 7.417424862250797
1563 7.867296464399107
1564 7.7439424672986155
1565 9.108333458217786
1566 6.995048508848833
1567 7.908815199279052
1568 8.958823192657304
1569 6.674194643511632
1570 6.6319698519137456
1571 6.655855424621369
1572 6.405350202589228
1573 6.1283888068042245
1574 6.54072228682854
1575 6.661706132252261
1576 6.4795915125352535
1577 5.540622812701358
1578 6.338542413040038
1579 5.742389568781595
1580 5.290056032183078
1581 6.313213308100845
1582 6.1590806452569025
1583 7.611300204467742
1584 6.29420107286996
1585 7.123340940306232
1586 6.068041624291766
1587 5.990035789015085
1588 6.353014869368837
1589 6.567950212624495
1590 5.832536730742434
1591 5.5096692489215275
1592 6.275489088082678
1593 6.053569890637901
1594 6.591892338405871
1595 7.4619011634744705
1596 7.456709223950875
1597 6.465816370969493
1598 6.607925522094183
1599 5.938396906256243
1600 6.581990611468639
1601 6.60347287093228
1602 5.553193492406341
1603 5.989913009241853
1604 5.920420235563822
1605 5.502168299286175
1606 5.570709395224858
1607 5.458020241635316
1608 6.618783361140048
1609 5.240879635384384
1610 5.808783582505777
1611 6.382295539311765
1612 5.031402461405236
1613 6.1796586002947365
1614 6.15591761754202
1615 6.835565485240699
1616 7.03778308054463
1617 6.439471363699438
1618 6.863982754369437
1619 8.26202558679849
1620 7.570365008069148
1621 5.63480142213177
1622 4.1623876886273505
1623 5.204448128404322
1624 5.579955334275916
1625 4.834080746170509
1626 5.217522887734582
1627 6.25699232195321
1628 5.49419834004205
1629 7.895277129770842
1630 6.527296167190735
1631 6.404867176096526
1632 6.297456512297051
1633 4.787362099277366
1634 4.917280544370201
1635 5.853238210927855
1636 6.5144553314584
1637 5.897740689824997
1638 5.900958405033351
1639 5.576050733205366
1640 5.310553734726492
1641 6.583186539020018
1642 6.53635551001331
1643 6.433367143997779
1644 6.272816593431611
1645 5.896220316406946
1646 5.225567648640169
1647 5.69710635987951
1648 6.163892413487142
1649 6.533004426320121
1650 6.6083655356761986
1651 7.236610173216116
1652 5.136581171947481
1653 6.52400917194903
1654 5.89094564541447
1655 5.863271494228455
1656 5.409456636617655
1657 5.6502679762608805
1658 7.081050129782844
1659 6.937551491599956
1660 6.412608839766525
1661 5.558943825996035
1662 6.767756467304307
1663 6.906130134323626
1664 6.220798212223921
1665 6.432000324476024
1666 6.598291846555193
1667 5.878363223629045
1668 6.027981138694279
1669 7.153782929558429
1670 6.104749912969064
1671 5.4897970843683135
1672 6.117383979031543
1673 5.5795018178005
1674 5.827234931764495
1675 5.193295700649134
1676 6.2990228640096735
1677 5.865723054311815
1678 5.759785149358635
1679 6.099728704760241
1680 5.637940264716528
1681 7.47070886964281
1682 6.361528102723513
1683 6.088484885226685
1684 5.390618196565522
1685 6.003937136152148
1686 6.101073016592888
1687 5.760399950238647
1688 6.176014875379597
1689 6.094584399505867
1690 5.837719763523298
1691 5.987781767417692
1692 4.99889916192432
1693 5.740250410407936
1694 5.668206642288749
1695 6.871776246087607
1696 6.102867874254717
1697 5.16383596736611
1698 6.1587643837507
1699 5.242714590554079
1700 6.318408577367133
1701 7.7946129296150595
1702 6.408287799678208
1703 6.3081011644594795
1704 6.752792280153359
1705 6.942038984319345
1706 6.416473213458512
1707 6.160797901145767
1708 6.696658584896861
1709 6.540689558955184
1710 5.86464693431129
1711 6.2165693275820715
1712 6.294412098016687
1713 6.171295166460108
1714 5.654226443623312
1715 6.6156203135860485
1716 5.5901922913895365
1717 6.227952261213135
1718 5.600893440941362
1719 6.57635720889556
1720 7.205338137397625
1721 6.3943712260945675
1722 4.031380080867391
1723 7.499932260324004
1724 7.274242965043962
1725 8.211629953191613
1726 5.776453464931671
1727 6.93711484754184
1728 8.782838513222938
1729 7.816887098472054
1730 6.179792728610696
1731 6.404530707082798
1732 7.357059122486971
1733 8.072241337095553
1734 8.491511717417318
1735 5.890979526530775
1736 6.443576656181083
1737 6.57551315091077
1738 6.72778854930284
1739 8.56772463735559
1740 6.858127568969047
1741 7.2957616589569225
1742 4.913955311654355
1743 4.61462418124325
1744 4.243637631623394
1745 4.3570203455213266
1746 4.2658293558656215
1747 4.477411086094411
1748 4.4617203926517455
1749 4.838468285804411
1750 5.455657999768834
1751 6.2992830760030945
1752 4.2835563830987295
1753 4.045671640965756
1754 4.283927530341701
1755 4.631767134410033
1756 5.465330321193379
1757 6.475518780417146
1758 7.85494552817998
1759 9.924619686567809
1760 8.246203385592596
1761 10.889228670650194
1762 8.207508631150171
1763 7.819072841655615
1764 9.580224091766109
1765 8.658750988019142
1766 9.67351234649995
1767 9.81377301077896
1768 9.67114197167597
1769 9.590412060760267
1770 9.376569185789368
1771 9.19006024281697
1772 10.634484073585746
1773 10.199194362997098
1774 8.81599328265053
1775 9.74680990345645
1776 8.982327838421492
1777 10.261072005026545
1778 11.714303187845001
1779 11.158693676145942
1780 11.514572925851219
1781 11.145193077368445
1782 12.531117884889026
1783 12.180381634195228
1784 10.471363073761031
1785 10.7161913089642
1786 9.071922960551031
1787 9.062468536673412
1788 9.071133872486252
1789 9.436147854143256
1790 9.762442059639445
1791 9.125386700535584
1792 8.166864762770867
1793 8.684963128742202
1794 8.114795461499243
1795 9.509974631505607
1796 9.097322497632272
1797 9.696147787648886
1798 9.231851218098877
1799 8.752945997740898
1800 8.642587608020538
1801 9.205312473076193
1802 8.260946043950959
1803 9.168966346859154
1804 8.304482562296453
1805 9.832448884672381
1806 9.732963554046485
1807 10.621024233161922
1808 9.045237864441797
1809 9.3836915134812
1810 10.54678562230813
1811 9.674427483416505
1812 8.81532264138814
1813 9.924020355502185
1814 9.721108965448044
1815 9.57896132622241
1816 10.33299983116966
1817 9.398609161073486
1818 8.104680440843792
1819 8.387162145525442
1820 9.017164873124491
1821 7.647819719147939
1822 9.402189849679202
1823 9.983600993718799
1824 9.72572133267147
1825 8.552411122262756
1826 8.964620188478728
1827 8.352607750080056
1828 8.894114854056408
1829 8.590231020580017
1830 8.87912460669072
1831 9.70148609844029
1832 7.999945441646967
1833 9.67107858631219
1834 8.063499915173672
1835 9.836449016000726
1836 9.19223504194158
1837 8.945406519740803
1838 8.954553352945242
1839 9.764669660354802
1840 9.805066109957279
1841 9.210159831925775
1842 9.596680305786718
1843 8.21819562298711
1844 9.402125049388756
1845 10.828477035635183
1846 10.57377167817951
1847 9.432938501918546
1848 8.23529964919816
1849 10.175194578404652
1850 9.615038361089129
1851 12.025004765295941
1852 10.70355660049789
1853 9.39985182033588
1854 9.17463436849526
1855 6.425370874107637
1856 6.207757899615945
1857 6.057299389021034
1858 8.152078987988462
1859 7.277842881963571
1860 6.395098521058775
1861 6.744218702843754
1862 5.6978724833821675
1863 5.0848961067074505
1864 3.80178681197249
1865 3.6320208624089156
1866 4.6087419809255845
1867 4.975128198315661
1868 4.515009423828797
1869 4.564388210090865
1870 6.247181202244359
1871 6.034926984338501
1872 7.9292824324950155
1873 5.851446777089429
1874 5.788335248968295
1875 4.685491621151424
1876 5.6832175305649235
1877 4.24571572121406
1878 4.439261580306015
1879 4.271797270223438
1880 4.792410856713092
1881 4.343157255051656
1882 6.7165556673373485
1883 5.416018684967096
1884 4.75866591400429
1885 4.36494417443354
1886 4.511586250347928
1887 5.044022414282245
1888 3.7478161235399567
1889 3.822842895892909
1890 4.4652135689960515
1891 4.862735364647794
1892 4.541985593391776
1893 5.6049917024059965
1894 5.546789131846525
1895 4.79552214833882
1896 4.03801373896639
1897 4.091488637545691
1898 5.378387135674005
1899 4.051620213841329
1900 4.061971565428334
1901 5.469104573004811
1902 3.811340445152646
1903 5.273615890486274
1904 5.282009777458506
1905 5.701047508880196
1906 6.013079154997744
1907 7.673378428271282
1908 7.462093992505382
1909 7.337408418597985
1910 8.023376925417539
1911 7.242018440040994
1912 7.365550662391096
1913 7.148628563283635
1914 7.606797760067407
1915 7.661907264219628
1916 8.001274949610643
1917 8.256238192379426
1918 4.510492921442067
1919 7.960368870860163
1920 4.899318127666685
1921 5.552073459525469
1922 5.658719820602343
1923 6.007158129479967
1924 6.091833366176661
1925 6.384536949728498
1926 5.116358738984633
1927 5.2166127115129575
1928 6.335923740747069
1929 5.979815169747071
1930 8.477333876785345
1931 7.741160977158073
1932 7.223449546936906
1933 7.2176459261323
1934 6.974831700833346
1935 7.835199115203901
1936 8.029344103608512
1937 6.806085660306864
1938 7.07905362865692
1939 6.124387029985923
1940 7.586802547621758
1941 5.653534752380927
1942 6.525641148572659
1943 6.855461915621465
1944 8.757482940495944
1945 6.545993470695208
1946 7.62102209856473
1947 7.75326431593881
1948 6.405690806710703
1949 6.476690510805681
1950 6.87168422241112
1951 6.657732607533344
1952 6.750725808325672
1953 6.373601648174468
1954 6.176065747811582
1955 7.133963877492937
1956 7.130717398428696
1957 6.246883101024681
1958 8.367978796602253
1959 8.68873341303621
1960 4.908761244953622
1961 9.162514632051952
1962 8.749511903182118
1963 10.919551788931662
1964 10.097451940816201
1965 7.3627445636634095
1966 4.723369023941046
1967 9.338309377630392
1968 8.427441595429457
1969 8.791372060773632
1970 9.449042483774539
1971 7.200985767488666
1972 6.667460178809161
1973 12.778445600412383
1974 7.68736501939673
1975 10.372605208299738
1976 11.649296318281834
1977 9.308632399756585
1978 10.539067167576453
1979 9.551400310841135
1980 7.8944921675389645
1981 11.374016068172931
1982 8.068965821545232
1983 6.336468419395054
1984 9.173491194323807
1985 10.040538284198618
1986 7.806869491280021
1987 5.909925019043181
1988 6.34539673211957
1989 3.374925599738771
1990 3.485470704073703
1991 3.2058706700738138
1992 3.332998344603955
1993 3.4982684065272345
1994 4.453731744119995
1995 3.7685071365868095
1996 8.082305635249806
1997 9.424698435309882
1998 7.484195216004581
1999 8.936299350456059
2000 9.451583243192873
2001 5.573200237325234
2002 6.794558505874856
2003 7.360505326046424
2004 6.854374731195394
2005 6.852281700497851
2006 6.755227179222392
2007 6.167583365041316
2008 7.758280168925288
2009 6.598279642375003
2010 6.466617410008136
2011 6.500857142362466
2012 12.226370806392678
2013 7.397671987582638
2014 7.96266891350088
2015 7.564200769558475
2016 6.244086816348813
2017 5.36334453471849
2018 8.47198831489726
2019 6.634313696158921
2020 8.161231876163706
2021 8.560207371287579
2022 7.0470304808457085
2023 8.37248531719729
2024 17.267991258910353
2025 18.01995991747063
2026 11.66318427559251
2027 11.21907686558094
2028 8.16381121821263
2029 10.55468613167197
2030 12.479411315897655
2031 10.025298976594534
2032 12.045545540944492
2033 13.104017251345491
2034 12.88349757389964
2035 12.210852016253812
2036 11.842922015232194
2037 14.80812847691166
2038 13.961006980060114
2039 14.142630632709283
2040 13.855549605696003
2041 13.328541934751792
2042 13.774376294008373
2043 12.955879924631818
2044 13.272281831559791
2045 13.297561304070957
2046 12.932119401494845
2047 11.96877498573243
2048 11.1994177246651
2049 10.889961770322877
2050 11.103629375403026
2051 11.406022505730414
2052 13.091155355622929
2053 12.945913931650402
2054 12.976487191755213
2055 13.34778234686471
2056 12.537172202450197
2057 13.027697945930061
2058 12.252962916721964
2059 11.559295543925957
2060 10.582465243958382
2061 11.593424771611348
2062 11.721394203016226
2063 9.682611961025636
2064 11.313728726990208
2065 11.422530318592495
2066 12.057056121457212
2067 11.516589994758009
2068 11.557042431806762
2069 11.476939734531648
2070 10.990328316722293
2071 12.308877143644152
2072 12.226448717294007
2073 13.01880550877786
2074 10.926648192687818
2075 10.313678738418044
2076 7.284506627371703
2077 13.266575391925109
2078 11.289963426827999
2079 9.771522246433298
2080 9.566370911652985
2081 10.567417777545941
2082 8.481123496693307
2083 7.334950902213778
2084 9.161591900590254
2085 9.035866141489272
2086 7.675928330457862
2087 6.997494056504546
2088 7.023361911946818
2089 7.254927172165488
2090 7.217769707197665
2091 9.693056446830523
2092 6.638614583253535
2093 7.108971996364007
2094 9.081971515018767
2095 9.908695556710466
2096 6.977507794184703
2097 6.124180202107229
2098 8.93042626734764
2099 6.697282060069777
2100 5.734286020985621
2101 10.243089975491959
2102 14.074425264522079
2103 11.985225280809574
2104 6.870925378586888
2105 6.889732516664382
2106 8.50652883473904
2107 9.220107491502178
2108 9.62372440964926
2109 10.223387238947925
2110 11.400405634090276
2111 11.428439713279733
2112 10.861722256289019
2113 10.698686811665814
2114 11.825697965405796
2115 10.64515267515104
2116 10.083913110065268
2117 9.33820415260074
2118 8.623215972806014
2119 6.721304763200203
2120 7.520070274935432
2121 8.060640201558805
2122 8.66281218394492
2123 9.255679906668101
2124 6.732933440643834
2125 7.650252739673204
2126 8.886743912443428
2127 7.483053910056395
2128 6.8850925821465605
2129 6.915495050007049
2130 6.68893547620968
2131 7.507304533514909
2132 6.277813667468794
2133 5.99601854849106
2134 7.119685235970843
2135 6.658077344452233
2136 9.336791828474416
2137 7.971822119863088
2138 12.979794999437972
2139 12.107846226310865
2140 11.569208876411375
2141 10.570579856817208
2142 12.631704640016013
2143 11.708273903925216
2144 10.765248150921437
2145 11.656480294769894
2146 13.220277892023592
2147 7.487004670368342
2148 8.94558160886865
2149 8.894956943732389
2150 7.912566965900496
2151 7.665477540219941
2152 9.56590256710017
2153 9.738976608632708
2154 7.37635769966554
2155 7.378315649479026
2156 9.670852224078157
2157 5.682969679120436
2158 7.294906165549595
2159 8.623504681078868
2160 10.3194746326568
2161 8.988621783838283
2162 10.185191788697557
2163 9.616027454365039
2164 14.941356559217716
2165 9.54467715384297
2166 6.87594925494411
2167 5.9220968814672945
2168 6.210917244574893
2169 6.868743963990491
2170 5.545707044105505
2171 7.381691158208721
2172 5.790070133744173
2173 5.034137519495689
2174 5.701766583966926
2175 5.859111354039814
2176 6.587711025682578
2177 5.784320360641909
2178 5.235454431062244
2179 4.838093358967019
2180 5.441084910150817
2181 5.728407662850882
2182 4.855151207517891
2183 5.684902341036614
2184 7.863502396949075
2185 6.359578891357777
2186 7.577164805828861
2187 6.168944543701939
2188 6.157096332637223
2189 5.994764960030832
2190 5.402372785649381
2191 4.201631709854303
2192 5.409704668747735
2193 6.335962086261931
2194 5.693938045094622
2195 7.2281427836590275
2196 6.798587231887715
2197 7.335988957429973
2198 8.648964672267054
2199 7.918280599919094
2200 7.3445717063172875
2201 10.216087545272964
2202 7.090447038057115
2203 5.6147073659002125
2204 8.770892304307594
2205 10.828623533967706
2206 9.138403254962538
2207 12.803241409687182
2208 9.500751263758342
2209 6.823813060567115
2210 6.747603391498432
2211 7.134974328598376
2212 8.350307886961664
2213 7.222147551484746
2214 6.711496360493945
2215 7.045974834626732
2216 6.064634639885996
2217 5.9703830370501665
2218 4.589299367799161
2219 7.1633433415031895
2220 6.804867060170019
2221 8.891234284766382
2222 9.936705150554388
2223 7.802337038293959
2224 8.34568706333919
2225 6.939603443964696
2226 8.093847517854114
2227 11.410443836139201
2228 10.565002287014803
2229 10.19057901581454
2230 12.283149926761368
2231 8.600416953387008
2232 14.50216707939565
2233 11.272196694886928
2234 10.556975603766633
2235 12.080680400337316
2236 13.828231978865551
2237 10.772859677364428
2238 8.408870089531526
2239 9.767721525389796
2240 8.645400036343737
2241 13.213269163145629
2242 12.011335824204966
2243 11.595184311767026
2244 11.205335530717399
2245 11.101042761683647
2246 10.501747729359568
2247 9.00918568655299
2248 10.04104032817971
2249 9.99118964232703
2250 10.59069732413207
2251 10.773986793529568
2252 7.629044673070607
2253 9.31454044494067
2254 9.388728802400463
2255 10.050932278860637
2256 8.794722702033955
2257 10.326837149673231
2258 9.411468500064256
2259 10.38383665764152
2260 10.466322084365602
2261 9.363892007504862
2262 8.95686886550565
2263 9.263083312990503
2264 7.734643449194741
2265 8.364900230457067
2266 8.865152297625672
2267 9.109688100816612
2268 9.866956813429779
2269 10.461579238023145
2270 9.821194453133929
2271 9.75046675145634
2272 9.820217864278613
2273 10.244507407796334
2274 11.24711918183491
2275 11.7038897770036
2276 9.895507326301995
2277 11.428741535762928
2278 10.032920256238514
2279 10.86307894136396
2280 10.632173437252835
2281 12.885685216981294
2282 9.782225137615221
2283 10.063684754783917
2284 11.384280574753975
2285 10.746375163718389
2286 11.521631436346876
2287 11.799783240991353
2288 11.459196457544452
2289 11.430602459075594
2290 11.793893999827082
2291 10.58451170848363
2292 10.721050579397344
2293 10.343891170784305
2294 9.617842863381872
2295 11.311862863064986
2296 10.882829745222267
2297 6.647946021638608
2298 7.40006591091989
2299 10.103339908841663
2300 11.509755554464414
2301 11.477853105836799
2302 11.09584788537763
2303 10.594770282461376
2304 10.680494708702179
2305 10.704875696936488
2306 10.59867045311851
2307 11.130136872294305
2308 10.150216059206878
2309 9.89333155643241
2310 10.861747185182699
2311 10.23618964810831
2312 10.834463248289104
2313 11.038770261021654
2314 9.260921450810228
2315 10.133412821676819
2316 11.55235274362325
2317 8.981344409595092
2318 9.677854925916074
2319 9.541321332779905
2320 10.821325459963214
2321 9.991542926823332
2322 10.94427087719409
2323 10.547866495231263
2324 11.328446980437814
2325 11.033156710785798
2326 10.385869755388686
2327 10.140490339321923
2328 10.508438598656797
2329 9.886280043941158
2330 9.748848512287562
2331 9.370381731862413
2332 10.01687567614939
2333 11.351093296041256
2334 9.637167561440439
2335 9.787399974103762
2336 9.909472719518632
2337 9.406891181871202
2338 10.725924879671634
2339 10.037351728532961
2340 11.158556737049539
2341 10.003690289666572
2342 9.480013928555737
2343 8.94854248662858
2344 7.748283383094071
2345 7.257114640560453
2346 8.88395984303661
2347 8.865447239557769
2348 9.847659656310434
2349 8.456167504570303
2350 8.430710116749978
2351 8.894811448538254
2352 8.458519984062514
2353 8.623319762596376
2354 9.016816789338
2355 8.52064113459352
2356 10.639294479039467
2357 11.795531545574063
2358 11.812780181759912
2359 11.162481218244862
2360 12.033281978595669
2361 12.157355914717666
2362 11.502529181147862
2363 11.841240631315188
2364 11.237295770241849
2365 10.947076515203669
2366 10.59603428088639
2367 11.68143767306212
2368 11.381173792193678
2369 11.868138237130639
2370 11.446023113193219
2371 10.788658294759633
2372 10.928506036809988
2373 11.8068446801232
2374 12.375669262066657
2375 11.573446099916568
2376 11.738615673172674
2377 11.590520686619554
2378 12.161526870722938
2379 11.927137877219906
2380 11.710633482210252
2381 10.934076593241786
2382 11.861559134363619
2383 10.798470200853444
2384 11.788419042940811
2385 12.023726064122263
2386 11.608911071906233
2387 10.469163809284128
2388 12.157134551442832
2389 12.417115957351923
2390 12.158113674206753
2391 12.338801713190184
2392 11.851529649569235
2393 11.499148463574445
2394 11.302795403547709
2395 12.24078835617073
2396 11.341676308484663
2397 11.506819617501591
2398 12.076718848307417
2399 11.77524187723644
2400 11.878500170810419
2401 11.553419088903562
2402 11.960794827543253
2403 11.871220452990354
2404 11.772977338517181
2405 12.455117729428789
2406 11.905124371327885
2407 11.665111942975374
2408 11.85801758056366
2409 11.4408902620833
2410 12.237478477287704
2411 10.90395420390147
2412 11.36973729863057
2413 11.037925785357448
2414 12.005111056045523
2415 11.712884003603046
2416 12.05668865321102
2417 10.474266512834317
2418 9.252609327359437
2419 10.55759420396448
2420 10.718102432319657
2421 11.458937351919714
2422 10.467253469464918
2423 11.129229034534903
2424 11.968712204493306
2425 12.195251409520168
2426 11.258701387867315
2427 10.280032258807973
2428 10.760353494595265
2429 11.677741037627149
2430 11.668817744971363
2431 11.694269098452834
2432 11.151746303920978
2433 12.341924564355248
2434 11.937298667168829
2435 11.527770780156734
2436 11.668751050990968
2437 11.90223541200153
2438 12.290141719385398
2439 11.764302642171883
2440 11.944333643023096
2441 11.807425821962072
2442 10.97301427381268
2443 11.722281854107168
2444 11.783728414104665
2445 10.748017144917146
2446 10.757467195420883
2447 11.191296303513646
2448 10.658387909011763
2449 11.209557202960896
2450 11.119167830770273
2451 10.94683970907747
2452 11.622583923125363
2453 11.504281204834308
2454 11.544860528062841
2455 12.27932001872132
2456 11.829847534636611
2457 11.282684872678441
2458 11.912429834156933
2459 12.243623512397305
2460 11.470467458551838
2461 11.57571368091719
2462 11.309715124534648
2463 11.73157526140334
2464 11.74666697523741
2465 11.029536491125956
2466 11.287755511158444
2467 11.131223360264924
2468 12.992084003447253
2469 11.703792007306637
2470 12.36752966308235
2471 11.805135681217209
2472 12.062451562578676
2473 12.254864869885745
2474 12.193304851530483
2475 11.548559480336829
2476 11.55577716739966
2477 12.302037928604989
2478 12.339899548439405
2479 11.197242232828359
2480 12.330587634133995
2481 12.623580159925044
2482 12.149079552321984
2483 11.045303902992249
2484 10.884774477482011
2485 12.063998288213721
2486 11.074907693427035
2487 12.048441166896769
2488 11.479747376849806
2489 11.282135357648581
2490 11.7045521762151
2491 11.783935530962768
2492 12.434236595599446
2493 12.48877336211616
2494 12.337028313978701
2495 11.176626107416293
2496 11.53545958881942
2497 12.233910805082191
2498 11.91151018429343
2499 12.637348495453892
2500 12.335433543057032
2501 12.500677153432388
2502 12.845592354373068
2503 12.728799706523677
2504 13.297572411207751
2505 12.484351478173188
2506 12.740161922351122
2507 12.162458111189116
2508 11.185361758000747
2509 12.13122577031191
2510 11.950544349807279
2511 11.99962988311039
2512 12.287756948451833
2513 12.688590950475914
2514 10.656785331818979
2515 10.45938734433692
2516 10.812453839315939
2517 10.55075086372253
2518 10.82357055556408
2519 11.09756201973441
2520 11.476251529249238
2521 10.433718409281937
2522 10.602140380964135
2523 11.249603474179004
2524 10.787054968063703
2525 10.627242260736361
2526 11.162591150968598
2527 11.007143667172793
2528 10.43448190638527
2529 11.119889837524912
2530 10.182602328089658
2531 11.567701525507278
2532 11.972474325035401
2533 11.781394862996562
2534 11.246028024329403
2535 11.11020373089591
2536 12.112667220337132
2537 11.903350872637219
2538 11.836466223737657
2539 12.043037272606913
2540 13.558284838126793
2541 12.71107487311996
2542 11.137512366045781
2543 11.081929325284733
2544 11.729682187518197
2545 11.47688167577236
2546 11.340354965369498
2547 11.161826352617647
2548 11.087640247613711
2549 11.155923370066168
2550 11.385763561192277
2551 10.63251238955406
2552 10.309571295599017
2553 10.423331125843882
2554 10.262090787773952
2555 10.500986578396013
2556 10.670723561672053
2557 9.692751322883279
2558 10.884204521187362
2559 11.129317934057797
2560 10.74539289299649
2561 10.768896870075693
2562 12.225777512980834
2563 10.789875963465924
2564 11.84008178557556
2565 10.62037613937289
2566 10.11538281060962
2567 11.09375867057371
2568 9.810023764036925
2569 9.885761657780677
2570 8.871503569440343
2571 9.432265206651008
2572 9.80494497468967
2573 9.874797486831788
2574 11.291079698731957
2575 10.674668174110815
2576 10.397562393395127
2577 9.354633463494665
2578 11.233923598278432
2579 10.457691848539998
2580 11.233531883485812
2581 10.989676352601254
2582 11.377170765603264
2583 11.107517415989898
2584 11.301253558504726
2585 10.104585586786307
2586 9.742995804468283
2587 8.493536789353705
2588 7.084296075196772
2589 4.8814024013574295
2590 4.666655008182878
2591 4.601374432845315
2592 4.65571687123663
2593 4.842741918794214
2594 4.683645113126181
2595 4.618862376151912
2596 4.710826847113191
2597 4.950113390688024
2598 4.630268779194661
2599 4.8589715899974735
2600 4.726934105900543
2601 4.786356526519484
2602 4.986170684643149
2603 4.8835702909202
2604 6.446459097586193
2605 6.109076857966536
2606 5.477283567523782
2607 6.695165073917929
2608 5.811574293565954
2609 5.916849357922284
2610 5.98991248094133
2611 6.428379798903302
2612 5.7612066148652
2613 5.0060738181352695
2614 6.248126967827473
2615 5.452291050462244
2616 5.758142061971682
2617 5.501716686301419
2618 5.597687225144206
2619 4.868824413103386
2620 6.091487874128604
2621 6.44303698960822
2622 4.745167469596614
2623 6.874558430035725
2624 5.5912526951770145
2625 9.039172798897418
2626 10.841747059855388
2627 7.661615835700962
2628 8.669607852300116
2629 6.824751284125565
2630 7.597963764468253
2631 7.3298167290373435
2632 6.927000736680077
2633 6.678924932121657
2634 7.513596718392339
2635 8.361602493578056
2636 10.844664031500846
2637 8.315794620865656
2638 8.708618433679082
2639 6.2160033497192275
2640 5.919294929667235
2641 7.347982990870398
2642 7.696946881091636
2643 9.394327733102418
2644 8.749751716856197
2645 6.125059020577964
2646 6.234814617492266
2647 7.135679457602881
2648 4.9292258027233355
2649 6.2306186716576475
2650 4.294704403236934
2651 5.997084836891245
2652 4.283747349344917
2653 8.326213854331536
2654 7.608378413247908
2655 4.26011834009681
2656 4.2113384374479335
2657 6.213029360959388
2658 4.4273090352437645
2659 8.217996329595021
2660 13.604079773831195
2661 11.662667726936736
2662 11.551021007979536
2663 11.219600050900318
2664 11.892235393516092
2665 11.111084083699485
2666 10.289848880573086
2667 9.95311372659117
2668 8.550558224665773
2669 10.327102495223322
2670 11.149013373713313
2671 12.578825395861097
2672 12.172549491693713
2673 12.471480362173725
2674 12.011831043812956
2675 8.763204165011778
2676 8.9947010459046
2677 12.565474840124926
2678 12.12270136263386
2679 11.48838905370173
2680 14.254039975936323
2681 15.176570017013955
2682 17.056853417945433
2683 16.48541790387958
2684 12.004624464547176
2685 11.420908749380478
2686 11.606841136184945
2687 16.692176311807
2688 15.897160001723204
2689 17.98717208393521
2690 18.223488799827496
2691 17.723946514766645
2692 18.55584492979253
2693 13.300129963240934
2694 14.536770400598769
2695 14.132771301335202
2696 14.769575741603123
2697 14.097794924872993
2698 13.895257173379035
2699 14.487428832904861
2700 14.780972856874062
2701 14.957069111832034
2702 14.490167345693111
2703 13.472698766906012
2704 12.779545038636707
2705 12.516392128479595
2706 13.084855133332825
2707 11.2847290047554
2708 9.405679925687725
2709 9.804725806943567
2710 9.99365131100563
2711 11.219633540249243
2712 13.773839582342097
2713 15.22716294998787
2714 15.014045487495517
2715 16.126239337461516
2716 16.233653287809425
2717 20.27422882322566
2718 24.2428080016443
2719 23.2629831713847
2720 24.37221077035022
2721 25.533715782133342
2722 26.35215176464991
2723 25.788895339636152
2724 16.270845575892896
2725 20.855789110857238
2726 17.95523338325575
2727 18.24292410238938
2728 16.447752382911098
2729 14.23088480864323
2730 13.301717322118364
2731 13.271455444951176
2732 13.712806575650552
2733 13.921546530152908
2734 12.345459686686537
2735 12.387237765372845
2736 12.188673995029513
2737 13.111196883798785
2738 10.972399284379069
2739 11.85423920770482
2740 12.067506773872012
2741 12.901479633920552
2742 12.162630456279388
2743 12.538855474038206
2744 13.09178837805246
2745 11.148311072177707
2746 11.997734380591146
2747 12.119612371445953
2748 12.056128400539695
2749 13.064921461777052
2750 12.318905958588223
2751 13.741150933031353
2752 13.866498016169682
2753 14.451521453896426
2754 14.5106340025645
2755 14.232922007832423
2756 15.188419841425322
2757 15.086312057129266
2758 13.82997308421567
2759 14.051404952959823
2760 12.127219649933517
2761 12.571433506308873
2762 12.572970320126279
2763 12.338397196913215
2764 11.58792109507248
2765 11.755650523609654
2766 11.40084230950417
2767 10.52486027336373
2768 10.900511187530547
2769 12.6105757578278
2770 12.266014386279661
2771 12.06444747134626
2772 11.926912845262878
2773 12.801960213956738
2774 12.103313201509822
2775 10.96980323160825
2776 10.856698789215017
2777 12.004075292073171
2778 12.431888289435275
2779 12.113781060676976
2780 11.795090876791265
2781 12.81453556000717
2782 11.897901593930143
2783 11.625705110842352
2784 11.772008079540074
2785 11.922271134710426
2786 10.584577362868826
2787 11.344311659335725
2788 10.83264620356924
2789 11.52420430449718
2790 11.850469651571302
2791 11.571702303301784
2792 10.386366575769976
2793 11.75991690219439
2794 12.721814890023772
2795 12.010635219437859
2796 12.271360983413485
2797 11.71274646052669
2798 12.010367051064563
2799 11.841318647639254
2800 12.213445505159674
2801 12.281678177521334
2802 12.252938031757886
2803 12.615085101394866
2804 11.476458258301298
2805 11.384216960191802
2806 12.578643319267096
2807 11.944872749559433
2808 12.253695616540842
2809 11.768449842166048
2810 11.823505921177283
2811 11.926683535982477
2812 12.631392562912415
2813 13.033337425089146
2814 12.396293767511677
2815 12.10724118551536
2816 12.471475538523547
2817 11.461028528364581
2818 11.546559062272001
2819 10.809318758061632
2820 11.279198226014804
2821 11.229042439803345
2822 10.617152793244683
2823 10.333737231050753
2824 11.029940536169207
2825 10.343217598750837
2826 10.589638308652253
2827 13.154160727950039
2828 11.798446245649687
2829 12.814543432705314
2830 11.62104091889793
2831 12.206954430133978
2832 12.514054748183767
2833 13.31901532460092
2834 13.012475828870361
2835 12.972703201528864
2836 12.947490283517558
2837 13.386800614192131
2838 14.120316961070992
2839 13.169751054606527
2840 13.625672566471644
2841 13.573969468473146
2842 13.040160954451075
2843 11.791602846177373
2844 11.81408031076999
2845 11.073858239038291
2846 9.996050535004754
2847 11.282785833433094
2848 10.681490464273597
2849 11.610679753765341
2850 10.79075875390621
2851 12.349942066329731
2852 11.158509772469229
2853 10.898533180056196
2854 12.559499553124681
2855 12.556241636436345
2856 12.432680658688366
2857 11.803392056373738
2858 12.161048530804674
2859 12.00549929823699
2860 11.104471517521949
2861 11.128815703622655
2862 11.484651185193409
2863 12.459061859706363
2864 12.187497029943293
2865 11.534967439037965
2866 12.799599776435475
2867 12.398733912891599
2868 11.532229205281014
2869 10.020815553471607
2870 11.88983183522283
2871 9.891243463357856
2872 10.668316998012543
2873 12.037767229823316
2874 12.173639463132597
2875 12.122890848369385
2876 12.007026661295754
2877 12.089670608931083
2878 11.857645387712614
2879 12.497998899463271
2880 12.256905930936323
2881 12.510590219498711
2882 10.442896118721903
2883 11.400858285135401
2884 9.77204075747486
2885 10.190078302279764
2886 8.938465967694851
2887 12.088850106712622
2888 11.446055158362046
2889 12.23247667665388
2890 12.127779801979274
2891 11.489388642573
2892 12.230038966058798
2893 11.907964453747274
2894 12.289512908598333
2895 11.421572958793051
2896 12.439898473135925
2897 12.077000979668044
2898 11.279398676221392
2899 12.233336721116864
2900 12.342959056942428
2901 12.399342170624244
2902 12.356273079387107
2903 11.87268887917258
2904 12.045754153361727
2905 11.99936204281215
2906 12.10811565466844
2907 11.668962420919787
2908 12.704959788074751
2909 12.749139172827524
2910 12.334175174405665
2911 12.83474321793569
2912 12.875122626420948
2913 13.514279843542115
2914 12.966818671427962
2915 12.891983466213842
2916 12.718367260563454
2917 12.585335165329912
2918 12.595883049503703
2919 13.115820515892894
2920 13.417260534276394
2921 13.478212899169247
2922 12.80372324223563
2923 13.247946237310165
2924 12.92548202402248
2925 12.651516031766635
2926 12.816864615143402
2927 13.095925892263217
2928 13.201051210957006
2929 13.485055250710682
2930 12.70208037540525
2931 13.066073381723596
2932 12.803418383236657
2933 13.07845183400448
2934 12.542474831073909
2935 12.417140273695928
2936 13.245504381567912
2937 13.150473316650926
2938 13.007264739880382
2939 12.67603516581397
2940 12.783856167470995
2941 12.629814366655738
2942 12.53671346577816
2943 12.765566374170014
2944 13.21634513278527
2945 12.817177514410393
2946 12.676458330966943
2947 12.961753541431385
2948 12.754563731419399
2949 12.915611170888377
2950 12.99353237188503
2951 12.839989131610961
2952 12.739065155711543
2953 13.110605767128602
2954 12.981115132470096
2955 13.630522486841317
2956 13.130257427497993
2957 13.542152037920797
2958 13.508960078283957
2959 14.21822165152161
2960 14.054047694802302
2961 13.52619768886759
2962 13.45911423178778
2963 12.949744454022492
2964 13.641513671571662
2965 13.598245815634256
2966 13.540255818619103
2967 13.486948673985728
2968 13.75102320678733
2969 13.344796325272116
2970 13.38726138387379
2971 13.711719801691352
2972 13.439807548344671
2973 13.911610310161292
2974 14.278040977585604
2975 13.093314208420486
2976 13.457625517287749
2977 13.263519357524808
2978 13.217298329332891
2979 13.518874115154338
2980 14.0272552687182
2981 14.25923542737968
2982 13.90567323887848
2983 13.576899722276961
2984 13.524451738937719
2985 12.421444042646195
2986 13.461077320050842
2987 13.152453613960448
2988 12.678447376602076
2989 11.698440608847486
2990 12.391401097209824
2991 12.205629253248183
2992 12.157637257442898
2993 12.648562210606375
2994 13.575847771681966
2995 13.891052071436329
2996 13.83794983622629
2997 11.710934378845627
2998 13.070311266310384
2999 14.071059783305705
3000 14.561865652467938
3001 13.771735046026636
3002 11.716835547955965
3003 11.959613107863879
3004 13.674317318759728
3005 13.986142579289844
3006 13.378466152548798
3007 14.041840611670228
3008 13.208441635429658
3009 13.482267708930983
3010 12.840905516411071
3011 12.466302642844285
3012 13.17165947813996
3013 12.623602981823774
3014 12.590629112333882
3015 13.08118671559669
3016 13.413882162142666
3017 13.501182184207785
3018 12.668772319825226
3019 13.002837161247351
3020 13.144638802598859
3021 13.07273388538836
3022 13.164245459249823
3023 12.310538681465655
3024 13.15819364813123
3025 12.340492894604969
3026 12.980919827246412
3027 12.679227417341647
3028 13.105464430691187
3029 12.950924807467727
3030 12.4911023686618
3031 13.0916983693957
3032 12.487573109476699
3033 12.402986111756137
3034 13.242591899522795
3035 12.70549901500714
3036 13.022738901929662
3037 12.61909216412417
3038 12.67851103264532
3039 12.909691636173475
3040 12.634953583329533
3041 13.553507974030918
3042 13.080829808930172
3043 13.068912493603639
3044 12.405477965701406
3045 13.152337536440577
3046 13.112030017799201
3047 13.394849907307021
3048 14.495437983031238
3049 13.578489259458731
3050 13.271681183518606
3051 13.260756150990126
3052 13.289317263320294
3053 13.49480532918828
3054 13.598846593270913
3055 12.408210624750637
3056 12.576546147566825
3057 13.018308171781767
3058 13.094008401071562
3059 12.571281895202638
3060 14.084114425373933
3061 13.976029309540749
3062 13.205069502726559
3063 13.059290845003018
3064 13.228801116628366
3065 13.28774994112754
3066 12.981307646630645
3067 13.611625386252419
3068 13.52340972590556
3069 13.149242611735698
3070 12.834138049868722
3071 13.527557269220704
3072 13.319846516231022
3073 13.295304345862316
3074 13.447359324092805
3075 13.217316063788553
3076 12.835937703106543
3077 13.2931513724712
3078 13.481730749354256
3079 13.208095183984746
3080 12.780240281244959
3081 12.544612231343033
3082 13.391777730788887
3083 14.152540958426304
3084 12.962998209702533
3085 12.782817416263342
3086 12.086511610355092
3087 12.101870501105473
3088 13.227824665391289
3089 13.1440290487348
3090 13.211947548139602
3091 12.90846112932278
3092 13.211984007262423
3093 13.308882859604743
3094 13.496699210721934
3095 13.507934914622949
3096 12.966752632549284
3097 13.125709749516515
3098 12.510283254341893
3099 13.004988270055252
3100 13.286340347104483
3101 12.592910565695192
3102 12.969050087623025
3103 13.099371192363622
3104 13.03712634603473
3105 12.76283942200324
3106 13.744158851502998
3107 13.33478340611868
3108 13.372158178078699
3109 12.827382422229618
3110 14.725426135204685
3111 12.47119481862653
3112 13.132074601466611
3113 12.808266261756637
3114 13.922304209447402
3115 13.80684924775191
3116 12.450670255659649
3117 12.732652651811591
3118 14.008162168422235
3119 13.715343655962986
3120 13.230212688305386
3121 13.222866611987735
3122 13.501205304731938
3123 13.145933701812384
3124 12.802049108282645
3125 13.438169994617468
3126 12.375654140844743
3127 13.544356552770905
3128 12.77151245260802
3129 12.438606123969988
3130 12.584582970594386
3131 12.491371428574023
3132 12.109073049411995
3133 13.02959124291514
3134 12.300176398912816
3135 10.492252752038134
3136 10.343472007456217
3137 10.594394735414637
3138 12.46572881407851
3139 12.878783581239972
3140 11.849344319813712
3141 12.630145665055139
3142 13.096775455873951
3143 12.381877965038496
3144 12.512182419083393
3145 12.057542813435935
3146 12.110970722940671
3147 12.529912498272699
3148 12.666767135348916
3149 12.625281489667973
3150 12.070801014497384
3151 12.539584891713325
3152 10.8090831778188
3153 10.682562218779854
3154 10.67297131301199
3155 12.43265845944136
3156 12.171294067266212
3157 12.08960983244353
3158 9.819588731596456
3159 10.932896378190785
3160 10.470264802694112
3161 9.704773093454769
3162 9.890814141192038
3163 10.686175337616705
3164 10.813428372218318
3165 10.120334489144376
3166 9.938920288360446
3167 10.048631947913558
3168 12.139192454298003
3169 12.156985038407901
3170 12.578680505819944
3171 12.700629005578891
3172 12.012032321718168
3173 11.837632579219205
3174 12.835290932364568
3175 11.939990081637509
3176 12.553153290136938
3177 12.949775587786617
3178 12.662955849437168
3179 13.322775629845763
3180 12.008918327801121
3181 12.169508643498839
3182 12.344543536771504
3183 12.251807350897948
3184 12.195877756338222
3185 12.454905282383578
3186 12.845927479403473
3187 11.851213956522962
3188 11.178044226253865
3189 12.411097516522224
3190 12.560334915549632
3191 12.298155495917497
3192 12.037935963557574
3193 12.66263713444567
3194 12.638322296292648
3195 12.31928510114167
3196 12.40447287809532
3197 12.916103163009025
3198 12.460100012009322
3199 12.379426875169354
3200 11.753891351568548
3201 11.724339456576482
3202 11.928060199064754
3203 11.276922147248255
3204 11.150705594061549
3205 11.61983375776672
3206 12.096606145418141
3207 12.002024139393242
3208 11.89363807191076
3209 11.767940977035398
3210 12.226248806618464
3211 11.342059097756085
3212 12.322492628030657
3213 12.380146420020296
3214 11.91840597254531
3215 12.608232328754875
3216 11.792816155154751
3217 12.898861163658225
3218 12.62830105590938
3219 12.285239035877254
3220 12.43182716613615
3221 12.425142834564815
3222 12.233523135148465
3223 12.100356816005297
3224 12.618462967322474
3225 11.793457073975546
3226 12.604632322722441
3227 13.042894361963931
3228 12.125515820878423
3229 12.505879015424831
3230 12.042183383775962
3231 12.272605157195574
3232 12.289001103017503
3233 12.215534279476431
3234 12.238313715304226
3235 12.588770799168055
3236 12.8148217711168
3237 12.333716239793938
3238 12.115118391853635
3239 12.479353097250932
3240 12.521923862400513
3241 12.787672117579502
3242 12.792457362340985
3243 12.835307665833916
3244 11.894364886389003
3245 12.619434997949707
3246 12.14946743256185
3247 12.493694875462099
3248 12.941685619700568
3249 12.238930709164409
3250 12.658621337776253
3251 12.600297076934094
3252 12.877251764459793
3253 12.744229136932415
3254 12.598051560954389
3255 12.216108184099177
3256 13.11615464299781
3257 12.135492942456233
3258 12.833726441188107
3259 12.818962653861242
3260 12.186556466159045
3261 12.430121513000161
3262 12.631555699437676
3263 13.020770397600673
3264 12.716185911107917
3265 12.370582757147991
3266 12.996149887074381
3267 12.005021464505944
3268 13.28560530813534
3269 12.75853046058855
3270 12.322981693359472
3271 12.624487892071038
3272 12.360809541672097
3273 11.86161277188607
3274 11.92704792170798
3275 12.277069114784434
3276 12.517828790391116
3277 12.874385013921923
3278 12.285121166857358
3279 12.591123797594506
3280 12.92223695625389
3281 12.83535689858077
3282 13.041436778058836
3283 12.381730397531088
3284 11.70565837434143
3285 12.285010733232054
3286 12.610838481615206
3287 12.812199270880365
3288 12.912488338702735
3289 12.636967054055562
3290 13.039351440300896
3291 13.355373656816075
3292 12.620194116528648
3293 13.079779334922046
3294 12.18504634528014
3295 12.809675552108784
3296 11.487426988808444
3297 12.48751160672441
3298 12.812609918730562
3299 11.535592875415455
3300 11.890395492283647
3301 11.092089170206526
3302 12.588932024969468
3303 11.764381309867387
3304 12.66303300645953
3305 12.478913169222702
3306 12.818047136845617
3307 10.853284580370351
3308 11.589556212381249
3309 11.749986189818737
3310 10.959616627637674
3311 12.371637282658604
3312 12.658385034868983
3313 12.8382502500326
3314 12.40492826097753
3315 12.987185737267948
3316 12.812557963446055
3317 13.263089624221063
3318 12.98446803581973
3319 12.42734584666065
3320 10.487995575626341
3321 11.18597965556306
3322 10.473044554993294
3323 11.680240258631988
3324 10.770207681727744
3325 12.985001351180154
3326 12.405677992322412
3327 12.551834818411097
3328 12.65244614231503
3329 12.872455898998775
3330 13.024402232441304
3331 11.134079436393458
3332 11.523783035692675
3333 11.409233771037517
3334 12.248255215976808
3335 13.159862333974777
3336 12.635973492992909
3337 11.18189199647189
3338 11.733849709897093
3339 12.76908024396029
3340 13.260710529670913
3341 12.781153197926306
3342 12.60570344301802
3343 12.26644624969719
3344 12.514403571616722
3345 12.689781866955865
3346 12.373712102551774
3347 12.890635025556618
3348 12.597333192996297
3349 12.892854005020899
3350 12.621276029577736
3351 13.030706156350682
3352 12.740381860272736
3353 13.126175591482996
3354 12.717900116117729
3355 12.098457869608573
3356 13.399433464404366
3357 13.468344228846366
3358 13.142658728014753
3359 12.699193122970527
3360 13.040434300344954
3361 13.110543853217134
3362 12.912332160807864
3363 12.654781411830328
3364 14.13370509246827
3365 14.189338351085564
3366 14.457250449219195
3367 15.00347787905764
3368 15.05418854584014
3369 14.256926908822836
3370 14.961787151192658
3371 15.106469656720025
3372 14.243399681594292
3373 15.507217898229275
3374 15.685812396649727
3375 16.591818916188355
3376 16.668841647833325
3377 15.97156241897439
3378 16.082846724276294
3379 16.40021136398458
3380 14.700113286052156
3381 16.46457132293726
3382 16.751280921739315
3383 16.956222396650617
3384 15.295804345782336
3385 14.906169920206612
3386 16.681288596819286
3387 15.762893603232433
3388 16.226163210497468
3389 17.21019091438039
3390 16.768917599867166
3391 16.8205723519256
3392 15.960844845233423
3393 16.675227192789027
3394 16.143552042527897
3395 16.029239802118777
3396 16.064675129725437
3397 15.471206995348826
3398 12.14482279556768
3399 13.729638238432322
3400 14.384031798986213
3401 13.755238801664257
3402 16.08992420147927
3403 16.869448276813422
3404 17.161878159797823
3405 16.88168466536996
3406 15.752729159370071
3407 16.03555319065318
3408 16.775839883373564
3409 16.9724893887842
3410 16.97409281178972
3411 16.810334456682778
3412 17.042164950697863
3413 17.200034526969205
3414 16.22499724808373
3415 16.92090402232736
3416 16.239628440477777
3417 16.431731271783157
3418 16.937869788988205
3419 16.719873888292184
3420 16.583900717676887
3421 16.751735625351913
3422 16.44424112739926
3423 16.097698968263906
3424 15.463672678369772
3425 15.851806314169103
3426 18.221244281138286
3427 17.245343813967093
3428 18.635361274757408
3429 17.938411920859103
3430 17.49016682114999
3431 18.144478922008407
3432 17.765134375484806
3433 17.81485844755422
3434 17.73342012757602
3435 17.355846518200867
3436 17.3489480015584
3437 17.290431318672795
3438 18.13264689953613
3439 17.807317228269998
3440 17.757230026713493
3441 17.664751225454044
3442 17.163958786750577
3443 17.81061858699087
3444 16.91460873611336
3445 17.608396555288042
3446 17.117170811025005
3447 16.464543261029927
3448 16.57021147187102
3449 17.375966678728986
3450 17.225689443929483
3451 17.634800571946258
3452 17.226948919214756
3453 17.851548520417982
3454 17.64822823566302
3455 18.079009132578346
3456 17.61427985836962
3457 17.87204600426302
3458 17.51853235670852
3459 17.524765021959368
3460 17.581176702974158
3461 17.238934690158434
3462 17.33782914855539
3463 17.77389540929054
3464 17.709688922584277
3465 17.583090030072544
3466 17.181082797248255
3467 17.70492304020744
3468 17.572144447317456
3469 17.91126437717478
3470 17.778506546075924
3471 18.19699871981552
3472 18.121059557570618
3473 18.301421899169338
3474 18.0015386956757
3475 18.26232555511109
3476 18.46961620500093
3477 18.112498019696837
3478 17.566074935916003
3479 18.435022361202908
3480 17.962207133684984
3481 18.381982535856945
3482 17.835026514903742
3483 16.99835321813431
3484 16.836082890994245
3485 17.054335112406434
3486 17.4819247368901
3487 17.363739574799354
3488 16.979441630140773
3489 17.437317428081617
3490 17.10365463299853
3491 16.622471931331734
3492 18.170615889733813
3493 17.65718481894046
3494 18.13165445950128
3495 17.263727028330827
3496 17.585840408476038
3497 17.62841352853277
3498 17.323877146325156
3499 17.492625171965592
3500 18.199894455033146
3501 18.013886435427505
3502 18.708337716519377
3503 18.467379191859315
3504 17.85166066993359
3505 17.995674152284273
3506 18.204629492482557
3507 17.91190795046025
3508 18.29417033370201
3509 17.102894980623887
3510 17.602050961790944
3511 17.165599092056667
3512 17.82862741661046
3513 17.659048009918852
3514 17.826104035748465
3515 17.53482664737261
3516 17.091157031883036
3517 18.159321175901628
3518 17.822443837163178
3519 17.21849624837921
3520 17.349582360763986
3521 18.121928734004563
3522 17.732597720003554
3523 17.628931458487354
3524 17.314874844051545
3525 16.81754735136226
3526 17.405970812141327
3527 17.4565452303319
3528 17.377270022899747
3529 17.520050386737246
3530 15.646361451730245
3531 17.659873264676687
3532 17.07952414514646
3533 17.29214394801192
3534 16.927471624207307
3535 17.284146049017355
3536 15.668877600975728
3537 14.809086438426094
3538 14.121223938994936
3539 16.124942979143913
3540 15.230997370079747
3541 16.15724345177484
3542 14.87403898979252
3543 16.58249883940594
3544 17.52885692077206
3545 17.746316591957296
3546 18.325433724150628
3547 18.264156898701703
3548 17.280315887903235
3549 16.803809629648843
3550 15.1856871155127
3551 16.33423748897775
3552 15.255325718429045
3553 16.332398058971723
3554 15.292650650528458
3555 17.673136565176243
3556 17.186981757369416
3557 17.438154876544566
3558 17.047569220973195
3559 17.693610472976676
3560 17.89166415971646
3561 17.44701974972403
3562 17.52416632389118
3563 17.23495411162658
3564 18.109815189545966
3565 17.017810470764267
3566 16.22327205707402
3567 16.947063786180816
3568 16.29369662525655
3569 17.105640625381206
3570 16.30362706645685
3571 16.88127469193567
3572 15.828933161243746
3573 16.08553992617044
3574 16.619176459131605
3575 16.37720523750461
3576 15.97459590065939
3577 15.359370960793775
3578 15.436750173291664
3579 16.54418018424435
3580 15.89112306018519
3581 16.43955678992714
3582 16.0170818505967
3583 15.769717157703232
3584 15.833064490184784
3585 16.772778311892424
3586 16.77374371952064
3587 16.380072847795965
3588 15.733419121669314
3589 16.10383416898617
3590 16.220859139441497
3591 16.545558067038638
3592 16.509692999667752
3593 15.71719746406145
3594 15.77248129541112
3595 15.115318976216631
3596 16.167072137758105
3597 16.58575623480144
3598 17.654375633595453
3599 17.340780133354553
3600 16.99370126854699
3601 16.982220112320967
3602 17.337859674896315
3603 17.804361501118457
3604 17.16728502000124
3605 16.946805991325178
3606 16.819912616668862
3607 17.206343687774115
3608 17.430284287822754
3609 18.185282289639865
3610 16.717225839733896
3611 16.97468732102754
3612 16.1175337244185
3613 16.579008299176163
3614 17.941138959267075
3615 17.829690483746646
3616 17.964833317619174
3617 17.78756630900107
3618 17.67088989055421
3619 17.594154571451476
3620 18.088315198165766
3621 17.29134213173629
3622 17.960819110746186
3623 17.407764480497118
3624 17.62262264875451
3625 17.650154600898258
3626 18.457952223573756
3627 17.117327278160438
3628 17.511047483650636
3629 17.200640404926844
3630 18.051246325816656
3631 17.767330837235143
3632 17.521621210918678
3633 17.004432377453497
3634 17.679929219349624
3635 17.611701126343963
3636 17.306427127883868
3637 17.548013877815205
3638 17.391506640458964
3639 17.511121874661022
3640 17.257691905305766
3641 15.084002556915916
3642 15.077188978474188
3643 15.342587062287679
3644 14.885328525651046
3645 15.906379625438777
3646 17.718000043798618
3647 16.1069148855587
3648 17.059829112756844
3649 17.739028244125514
3650 17.556948983603473
3651 17.708540968879664
3652 18.10040816153593
3653 18.805634146325954
3654 18.412280175782833
3655 18.57970074177596
3656 18.2264019480665
3657 18.422402104582062
3658 18.826290204678052
3659 18.653086590420425
3660 18.841745370775087
3661 19.60673253110024
3662 18.506549626217602
3663 18.980598521139886
3664 17.57584691273868
3665 18.15734932656575
3666 17.445816120198057
3667 17.51826177299622
3668 17.585711063042005
3669 17.54277397890167
3670 17.569916769381543
3671 17.900341525608155
3672 17.99360633081925
3673 16.61968940095843
3674 16.979572983534762
3675 16.098360085618275
3676 16.526762899550633
3677 16.64669302943807
3678 17.097577313042844
3679 16.633242862396784
3680 16.17072315435962
3681 15.977369157325771
3682 16.414354577707364
3683 16.020238305394233
3684 16.906549900777218
3685 16.30688014390448
3686 17.12261814212345
3687 17.19928284685359
3688 16.366050432282805
3689 16.31714952737947
3690 16.314501944579362
3691 16.596026421374273
3692 16.759149277007545
3693 15.678717346370247
3694 17.285505268271116
3695 17.52143372750938
3696 14.96505828618405
3697 14.092924907195535
3698 15.07176458141827
3699 15.920647049864494
3700 15.58472919269029
3701 14.47217493454823
3702 12.834052509235205
3703 13.265702079843193
3704 13.42364149807581
3705 13.717873107363387
3706 13.90143446020434
3707 15.288646678536825
3708 15.056012412790885
3709 11.971171448256117
3710 14.766767015856608
3711 15.32109020089322
3712 13.963491836492135
3713 13.358324071319817
3714 14.443623198048412
3715 15.003545061201924
3716 14.566411360814175
3717 14.216764597310187
3718 14.396838677618039
3719 14.268093597240494
3720 14.387799435255896
3721 15.21516846566015
3722 15.10245510605126
3723 14.443036457007203
3724 16.51552879114261
3725 17.350668471867394
3726 17.016905876728213
3727 18.76960268906066
3728 20.160482986315248
3729 20.541285403210473
3730 19.369649454320584
3731 18.63029853179833
3732 19.067187644965003
3733 19.666457563119035
3734 19.43643273677943
3735 20.508815550744742
3736 19.166878206889592
3737 18.767099429466242
3738 19.209273948013124
3739 17.095424696794883
3740 18.408522845884296
3741 20.02815154726779
3742 19.22798872218128
3743 18.60605621269691
3744 18.66748029740399
3745 18.858761791654032
3746 19.103003769659292
3747 16.12944882601032
3748 16.606480445933048
3749 16.316679440602517
3750 16.702020929332587
3751 17.395969302421513
3752 17.258625557766777
3753 17.13433708534046
3754 16.2268484761897
3755 15.939380929941175
3756 15.133086379043547
3757 16.430738504992277
3758 16.744919514735244
3759 16.696964222254675
3760 17.361286006413632
3761 14.625519901845024
3762 14.147637129578099
3763 14.041688415670919
3764 14.705562769638403
3765 14.695300014950636
3766 14.365581060734543
3767 16.153067151168987
3768 17.923127622905778
3769 19.14029661591357
3770 18.151745400054974
3771 16.961396138971335
3772 16.406616483775217
3773 16.326527756132034
3774 16.692431433644508
3775 16.653679034502154
3776 16.272820194410258
3777 16.92420039071555
3778 16.341499367779186
3779 16.375452488120057
3780 15.660484078435532
3781 16.374959598270433
3782 16.896200934493756
3783 16.79780307384878
3784 15.875190601922247
3785 17.235764899516244
3786 17.906579455213734
3787 17.134486464769605
3788 17.323464054635213
3789 18.595732096772544
3790 17.272250953815504
3791 16.35246132751796
3792 17.687818289414448
3793 17.244956119155603
3794 16.50049313176047
3795 17.044437456373696
3796 16.339653009949927
3797 14.967404877097167
3798 16.99639788003027
3799 17.764107738262783
3800 18.214059144132214
3801 18.53496333709239
3802 18.459376001434503
3803 18.623936784768432
3804 19.522540032690344
3805 18.316577760656646
3806 16.767973380871332
3807 18.912084348459363
3808 18.979421347477498
3809 17.9362083475201
3810 17.81696519051406
3811 19.397684722025353
3812 18.78754399702414
3813 18.5032341763197
3814 20.06293847219519
3815 17.063457099489817
3816 18.235580499241234
3817 17.214674285980717
3818 17.521793974812052
3819 18.185035894988197
3820 18.561182346667124
3821 17.78147501466242
3822 17.892467707539577
3823 17.5538275455059
3824 16.539873470923563
3825 16.229213124588135
3826 18.53802255396216
3827 16.84716802988566
3828 17.377726487424557
3829 17.85471936252887
3830 17.329677956215775
3831 17.917840110661007
3832 17.665583615274258
3833 17.552885121663877
3834 16.849122912302175
3835 15.304925376403649
3836 15.806932602512994
3837 15.745800690739824
3838 14.329406697524044
3839 15.531254897080714
3840 15.371900118291732
3841 16.892686731389507
3842 15.04695483866298
3843 18.0850210139851
3844 16.22492266836774
3845 16.411234276368013
3846 15.070244923741019
3847 13.986010358169322
3848 13.73106407670093
3849 11.529365750556327
3850 13.307835011740174
3851 11.967136279541256
3852 11.91113932263559
3853 11.51152688691058
3854 11.893011944739557
3855 12.674088102057027
3856 13.501879195761198
3857 11.6853824227724
3858 12.000900123817644
3859 12.143095804205965
3860 12.715848272092153
3861 12.770687371668085
3862 12.033384544174309
3863 11.865610441372525
3864 12.486817433224493
3865 12.609894204228734
3866 12.363272469199277
3867 12.658098157938918
3868 13.159935959557695
3869 12.796515261940266
3870 11.666954196374515
3871 12.006048197660242
3872 12.441292022512132
3873 12.497226136537769
3874 12.232604320776268
3875 11.789745036741335
3876 12.365578268411804
3877 12.249609341272597
3878 12.010094190942622
3879 12.199464159264274
3880 12.888722801624084
3881 11.913419741058265
3882 11.760728064237014
3883 11.870921734978289
3884 13.300854666486012
3885 12.000604892137394
3886 12.185900496782429
3887 12.787303913601065
3888 11.756358088543557
3889 12.770686930934003
3890 12.08809769115888
3891 12.301207724875992
3892 12.384287703353948
3893 12.9394024184556
3894 12.101860559862903
3895 12.361556564061384
3896 12.794219130284729
3897 12.903781215891417
3898 12.010151310108377
3899 12.795866704239815
3900 11.776959248408806
3901 12.907709102959549
3902 12.50995698480681
3903 11.951114036357803
3904 12.556921459126738
3905 13.378985631979276
3906 13.921054048970536
3907 13.242939032110495
3908 13.086619111991908
3909 13.127990827413376
3910 13.158520322419031
3911 13.828173694631776
3912 13.272522423405798
3913 12.686016738249979
3914 14.295605963205144
3915 12.866173202357068
3916 13.1885795044196
3917 13.064737062854915
3918 13.879393366383326
3919 13.300581036747332
3920 13.789524937754793
3921 13.793270742081715
3922 13.584877492782704
3923 13.169614316425546
3924 12.616597185035472
3925 12.328769119445779
3926 13.081597931951098
3927 13.744956675993674
3928 13.259955044866729
3929 12.118214485400422
3930 12.457581880414894
3931 12.74270118669671
3932 13.407768050739191
3933 13.572253050672138
3934 13.268128439565553
3935 14.793503731715981
3936 14.095272689539518
3937 14.353149953764321
3938 13.483827919620726
3939 12.885622797928692
3940 13.740124755609687
3941 13.173580637978452
3942 12.473034112822566
3943 12.683911825016832
3944 11.957386795661991
3945 13.548131601138268
3946 12.379409491680011
3947 12.745469865498592
3948 13.25173266190778
3949 13.274498402170803
3950 12.95165951855107
3951 13.18601826883018
3952 13.30256492389549
3953 13.578188426314929
3954 12.265805404587885
3955 13.019079640132466
3956 12.732925375964776
3957 11.843791836926584
3958 11.992067447514394
3959 12.011048770613378
3960 12.448973006033214
3961 12.898499070814799
3962 12.374443990246956
3963 12.105727212467094
3964 12.124865519112221
3965 12.029123128417059
3966 12.119955493187712
3967 11.32432163795976
3968 12.457530273344297
3969 11.182939483685338
3970 12.138852126244991
3971 12.937843625163078
3972 12.68240071309793
3973 13.259250179118778
3974 13.789447585228201
3975 13.301053072360347
3976 12.648672628036872
3977 14.999203071809527
3978 14.275867167112729
3979 14.317310554398764
3980 13.92659487050784
3981 14.393181026103825
3982 13.789541459127683
3983 13.785735745154494
3984 14.371397709205596
3985 12.364793476322502
3986 12.658495603668419
3987 12.54861812223337
3988 12.576803824642116
3989 12.378175560845927
3990 13.061087418288578
3991 13.88362305913194
3992 14.337545159455955
3993 14.531620403559343
3994 14.783891278967129
3995 14.46315655361003
3996 14.751865308504446
3997 15.030519245922216
3998 14.798420246865794
3999 14.343681861628692
4000 14.648221277409402
4001 37.01597910676231
