0 27.49175179329832
1 28.511852498269413
2 26.085160048406237
3 28.550393592587458
4 27.617426498768488
5 29.207912082564754
6 27.14452722727963
7 29.458709939711994
8 31.89178842225979
9 24.682021222190198
10 19.933819301207407
11 18.545680479821556
12 21.77182180671531
13 29.017854358407757
14 26.84627004322425
15 29.85618459306078
16 30.86844014114486
17 36.88441780010902
18 33.46930187355097
19 35.96259233024496
20 36.9659719281658
21 33.374680730647476
22 39.97544546213536
23 48.01007450593044
24 52.867244803785084
25 46.821533427786534
26 46.86997315083707
27 52.85033641400177
28 54.76407981345423
29 56.97521034957116
30 54.38561186778695
31 55.56134557143745
32 58.94313946106402
33 63.89015853759757
34 65.13965642835448
35 62.751312094454995
36 65.04715823905933
37 66.37118577109037
38 65.43101542849199
39 65.16579585459071
40 68.01831144023781
41 60.909757323322374
42 56.82519652109597
43 57.10501910005753
44 58.26289567243335
45 55.313291626442464
46 58.40708256598426
47 59.148989297242714
48 56.416330098304684
49 55.71152028650459
50 55.39007567636181
51 56.070116885636494
52 56.55210357761381
53 55.71088710983316
54 59.94613510035261
55 58.36095715767815
56 59.89400542680268
57 66.38423424913559
58 68.05640802923568
59 65.56227184973781
60 64.54362484999233
61 61.009826771131316
62 54.67673873660307
63 54.43912119934171
64 57.042522857352296
65 54.5086452363853
66 53.39011764829942
67 53.630180321280065
68 49.70836709121429
69 52.26994080541443
70 47.725307307661915
71 50.65583472041325
72 47.64111846237655
73 54.072400475962205
74 52.79672939613679
75 56.94905023793484
76 56.12989778630187
77 53.06511138487394
78 58.30180010417757
79 55.92257816587273
80 56.52892098555912
81 60.82729665699589
82 61.86578074557085
83 63.00024039557975
84 61.60759748435947
85 58.76493789873409
86 60.955398542321554
87 60.29745647202721
88 60.614744481792535
89 63.79794028967128
90 66.487934493478
91 65.63430100707006
92 64.11135962507987
93 60.78475369195637
94 58.33035036877927
95 57.326707267748475
96 58.94699327556936
97 63.18820245946006
98 63.29576421670893
99 61.12062397968996
100 60.27480497271574
101 58.781587770969324
102 58.47899566978135
103 62.39500551962726
104 59.6330314408125
105 59.29285260206279
106 60.76512672280893
107 62.45796327653289
108 63.082508343318594
109 62.45373597750441
110 61.70673237228662
111 58.609452899024895
112 61.5363486894726
113 56.943924341280216
114 57.95151540410258
115 59.45190079098912
116 63.726821350024466
117 59.66047908219659
118 61.350382601290754
119 65.11336853134068
120 70.60334803634487
121 68.16586556015383
122 70.01657242877494
123 67.73852020999799
124 64.92973453051748
125 67.91402593156009
126 65.53833242715301
127 63.5476114285126
128 65.64400442404228
129 69.02698013874829
130 67.3213721804579
131 64.16973941760321
132 64.95589586819743
133 62.764531991388196
134 65.35735661536125
135 67.31318977031387
136 66.94568261859902
137 68.13588317959567
138 69.9444752640249
139 71.76103620129258
140 70.12829056681893
141 72.76717075195383
142 67.928302709285
143 71.68633327872189
144 72.77072338341817
145 70.322729996949
146 71.53848317741503
147 72.49062580572624
148 70.98168129950328
149 70.63928907629871
150 72.73322498059909
151 72.57237693344075
152 73.57832941159147
153 69.75546836785205
154 72.74725639999413
155 71.20825765430223
156 73.01051767102574
157 72.49239026944497
158 73.67573615608563
159 76.15661536274403
160 74.32547450381422
161 75.57081780979904
162 74.33099473526006
163 72.6635847801007
164 70.74500429712602
165 68.779028499445
166 71.52446813057176
167 69.71473703499527
168 66.66939915434376
169 72.26689332125439
170 69.60716169001765
171 65.71879437091305
172 65.92822667308604
173 62.35944156728276
174 60.292532157299654
175 60.4450810283085
176 69.3503862142314
177 68.27597475201124
178 68.18602881661621
179 68.78057869719937
180 67.31869363562333
181 69.92403126594095
182 69.24245731380557
183 70.22963978484607
184 69.87730122387481
185 72.78505711342274
186 68.81238498654196
187 69.45247055140806
188 65.2374684039006
189 64.7210845865635
190 64.50834103016668
191 64.09351964401546
192 64.29074821750163
193 67.19176696377242
194 64.72785571062433
195 70.09344377618024
196 66.24364685252628
197 65.70438544918174
198 64.75190973483656
199 66.61865253467806
200 71.76019064447021
201 68.28790024214472
202 67.85847339127696
203 62.84916270958019
204 66.10268794293012
205 64.99959593553406
206 68.61746565115705
207 70.4682187361256
208 70.14769936087556
209 70.37321191574786
210 71.10167351815657
211 68.1865840000562
212 67.67890019473045
213 71.53017937548917
214 72.73657037717592
215 70.78193389988289
216 67.3932943314338
217 71.492056370681
218 71.59929821808787
219 69.0717822333946
220 66.54507826360171
221 69.69484076947994
222 69.3487012421917
223 69.60700249733219
224 70.43093984817504
225 70.9492589302794
226 67.06452988877606
227 60.95449341571104
228 59.719470642762595
229 63.27572266294874
230 63.9943675692753
231 65.18843102891523
232 62.03338188131157
233 63.89694393855947
234 62.11359385801788
235 58.67042903146552
236 58.09269368697212
237 56.304216405695215
238 52.00435477819442
239 49.450696978327095
240 54.126526683750726
241 55.83824003092446
242 53.91993621549048
243 53.45592719050126
244 54.55793909724911
245 51.60504138846966
246 47.636951782858986
247 46.55907373070348
248 47.3937086620058
249 49.962537594378034
250 48.970280527960306
251 50.77076390934995
252 48.800537626967504
253 46.91470739768461
254 50.367250033166336
255 51.718083416492405
256 54.30012942948099
257 54.62073729333438
258 58.28742547043658
259 56.5782077973383
260 53.81496909249627
261 53.18311939473201
262 54.576010769541725
263 55.70205584199559
264 53.5383609251801
265 55.62980185041687
266 57.35181783362036
267 56.976350745882
268 59.354900225745496
269 53.46303571741184
270 54.15354532759741
271 54.47196072644149
272 52.784174655043685
273 53.383735614561395
274 51.07091373354381
275 50.81982092847402
276 49.700685252157264
277 50.08147152833334
278 53.69283208944508
279 52.77884772483603
280 51.817242491904175
281 55.10816125675414
282 51.308340330641265
283 51.104399713471366
284 47.19384955241405
285 48.848406928351
286 52.084497871548855
287 51.746610905584205
288 53.35927590270165
289 51.02193299391239
290 51.22474370657222
291 53.6221664598144
292 54.4012967880369
293 52.41754413887152
294 52.7985784457558
295 56.700130979296674
296 53.762170686066426
297 57.168644611385965
298 54.19756991380561
299 55.16977062883809
300 55.80584536304701
301 52.854343869981754
302 48.785896900330464
303 48.03417765390786
304 54.33137884369781
305 47.830356082048574
306 47.457979817649516
307 50.642790409667576
308 50.22900128150358
309 48.83407253343215
310 46.298581155574595
311 49.850716135363605
312 47.78880016228737
313 50.3744922314923
314 51.05951338549333
315 53.77128560134776
316 57.55694426330156
317 55.99074105353995
318 51.758795306774275
319 53.4267372090462
320 58.640783445383505
321 62.52194163651372
322 63.868061514030764
323 57.57377221715747
324 56.642967140443744
325 50.136109908381755
326 52.24447492722981
327 50.34271575143014
328 47.56935988503094
329 48.23644991438013
330 49.617486339987614
331 54.68720988441699
332 53.57682648770802
333 48.92059321713427
334 49.334196439006114
335 51.266756626002774
336 54.14172412101196
337 51.04161583710142
338 49.77901634824113
339 50.40407477324251
340 51.54168817987926
341 51.312071745116114
342 50.3006223569258
343 45.285156225534
344 49.9723967520251
345 49.07388590439374
346 51.80601848168761
347 53.44283958010619
348 52.6765954559933
349 50.736373470227996
350 50.40603114168904
351 52.87267565519098
352 52.18441606697434
353 50.16420091036512
354 52.19776033755529
355 50.67364614190661
356 53.36547138735035
357 52.617410459131285
358 50.52414439642417
359 50.16806061644919
360 47.58184675249795
361 47.5897765000985
362 49.86867675520167
363 50.32801212111823
364 47.96226284114169
365 43.61781158273052
366 45.0371490278578
367 49.65996287960203
368 48.0692857625916
369 42.391155404817155
370 42.66940912937967
371 50.6534079191953
372 50.69398051590111
373 45.90735101780242
374 51.2061030602477
375 53.3808319846436
376 49.68093572152942
377 49.05053593857868
378 49.76948245280005
379 49.068570056354595
380 47.083309020917056
381 46.6058129989649
382 42.3966815117585
383 47.01731849710258
384 49.912080998038796
385 52.7147122582729
386 48.96641834368163
387 54.097229696289695
388 52.852474211417544
389 54.29184330971317
390 55.7071486866146
391 49.34927038216957
392 48.90132158685092
393 46.796196957487105
394 47.987051908913486
395 52.183643061230974
396 53.51105487444183
397 53.605953837918776
398 48.43176180143286
399 52.37149928040655
400 51.150097257755675
401 48.41545008720753
402 44.507292598615145
403 46.68983173814345
404 49.88757251982725
405 52.306923369910216
406 53.45567974882623
407 52.12036804715639
408 51.17154467513112
409 46.63041965036828
410 42.34869063910297
411 41.17261334288843
412 39.734595723885455
413 35.8311782347066
414 34.88358437447005
415 38.24630801079219
416 40.62489869164459
417 40.865162093742676
418 41.57726795452388
419 40.89650166370604
420 42.505923994519556
421 42.72016584123671
422 42.89220661185538
423 43.712477777333554
424 46.34396018807677
425 47.84424893321717
426 48.40194498119803
427 54.520152749874235
428 57.076668285834884
429 55.662592975607325
430 58.26345897555573
431 58.742035490029416
432 53.41578538328791
433 55.145717303854596
434 50.39896051165134
435 54.46895700842543
436 48.46233803311457
437 56.36346062790296
438 56.20296062301347
439 55.44122035798711
440 57.613393393226374
441 56.02725547238492
442 52.6500403262351
443 55.40544180183135
444 51.69044521347473
445 51.519209631270336
446 53.65242551973617
447 49.28665824475619
448 51.44199581630428
449 51.85932971510906
450 53.3228518732954
451 56.80968843181676
452 49.415494470660214
453 48.95553225922408
454 54.52477722583281
455 57.10550341819233
456 53.66639244158253
457 51.472957293457846
458 53.344640763771636
459 51.74033253446941
460 54.39658312707207
461 52.23335987833109
462 53.38815058569422
463 48.020434645239874
464 49.18965299697705
465 40.79963166365293
466 43.522363187905306
467 44.930322445116005
468 41.91414172966599
469 42.71321753179624
470 40.03853697219511
471 44.58449372757938
472 40.39577894067953
473 37.426776808942215
474 38.47524235037667
475 37.40704781088432
476 41.515663520331366
477 45.47928713861389
478 45.722523528329006
479 46.188581817398976
480 47.21742660020865
481 48.079103003744144
482 47.870552563952664
483 44.762444097676756
484 49.328268495814456
485 47.03150061501213
486 46.66424662595431
487 49.24182620825174
488 44.19016214349096
489 49.64141416575182
490 46.63411533467172
491 41.5079558539912
492 45.46651146590792
493 47.64953229454888
494 47.74529895750997
495 46.544287449555476
496 45.0277065060074
497 46.52190798769803
498 49.0620415992483
499 49.18509823259874
500 55.43766164267652
501 55.798345239083034
502 54.029846693586414
503 51.45521402191458
504 48.297875441417546
505 49.98811156888316
506 46.215413241523336
507 48.994689873919626
508 43.2571682995745
509 40.38786703929521
510 37.54351080176649
511 38.42002251072882
512 35.05723476721457
513 36.922050849469535
514 42.183481239239505
515 45.34739493443951
516 47.96048065874298
517 45.44871040990249
518 47.90940122659813
519 47.426981337103165
520 51.68560956197823
521 56.20831078902964
522 54.018666396146074
523 55.720222680281026
524 51.902907770661585
525 57.0341472570422
526 54.38642392529327
527 54.49974276380968
528 53.850211900395635
529 51.964399336944794
530 51.76247660649513
531 52.50710277220856
532 52.226769598711314
533 46.757106652393794
534 50.01209380640107
535 49.944954122916506
536 48.94619796970623
537 49.192529720837705
538 52.26558250106357
539 56.11197684686236
540 50.67470990535779
541 48.747620817612024
542 48.8322243413658
543 40.444088753913114
544 45.31062830097957
545 43.46124375488589
546 49.095131253327565
547 48.76380255923998
548 46.42988073800699
549 43.16390793569357
550 47.44598085986712
551 45.20173967942863
552 48.12652625080059
553 45.204404156357036
554 39.682493047558125
555 48.4990155614074
556 48.70444366598236
557 50.11069502887258
558 47.75850418573533
559 44.62015865196908
560 41.638747427038304
561 43.223225792614535
562 40.11809975319304
563 38.317109571510656
564 36.08152526466908
565 34.24215206088899
566 38.63525379362453
567 38.325165265218004
568 42.53102374353231
569 44.170729173505144
570 44.20339160393054
571 49.68528201141643
572 46.372362284583055
573 48.131412287769514
574 48.4373581140665
575 49.59910596433566
576 47.62217773399032
577 53.82095265728027
578 59.745404323001445
579 53.157468588787246
580 59.15941565284132
581 59.685550350790464
582 56.64530901963263
583 60.52640739434415
584 65.17348362521662
585 67.49553946506927
586 65.30456978578187
587 63.92764508359789
588 66.5181311059992
589 85.8980798344004
590 68.13755786611101
591 69.8639966563991
592 69.95893806345909
593 68.3920632307653
594 69.97268517657933
595 68.01063929394716
596 62.60176011157268
597 62.10645353994433
598 62.162100380196556
599 63.1030868018902
600 61.571069347418124
601 63.18085696632715
602 72.99800168625414
603 70.62908495553741
604 68.39627877938908
605 62.6185265922952
606 60.78767238012994
607 62.28953520354571
608 58.26255450977002
609 66.63313370230979
610 66.20445883084933
611 58.59890355141089
612 50.35070891819713
613 54.78116991450504
614 58.75950947048379
615 50.894339771266736
616 39.75106178883974
617 41.912631539853194
618 41.816225930476215
619 48.0354902382118
620 46.2668697489391
621 52.07631332395185
622 48.872788130668376
623 41.91412293256712
624 41.13107505152376
625 39.83582454186815
626 38.60999685932411
627 47.282617613446284
628 45.566545575711864
629 49.328305792041036
630 48.94141783738863
631 48.39574473371877
632 49.51656326736493
633 49.456843622729366
634 46.47768650412561
635 50.6135491705299
636 54.804185142158545
637 49.66760445605458
638 57.597878944431805
639 56.5381758115544
640 55.895613544869995
641 59.90257540653287
642 60.847233647941124
643 60.6245842775579
644 56.78157913747576
645 52.414721261811266
646 51.90624905308631
647 52.287738570438115
648 49.3846398903045
649 46.16661837175894
650 38.888363373403344
651 43.096977904298434
652 43.757763135748185
653 39.28489867957901
654 37.5899582285242
655 42.065704988117474
656 40.73682070924535
657 40.059463479862565
658 41.660536658606794
659 40.31999980459391
660 39.656214855235405
661 38.352951319551394
662 39.00060602166157
663 41.189658169742316
664 45.06878942389592
665 48.060575622101354
666 47.499773082805966
667 43.06724253047283
668 41.07191624072161
669 43.32529386266191
670 46.703492106095204
671 49.20197501380782
672 45.39574659763256
673 45.44392653403134
674 50.702479404639135
675 49.984462602868206
676 52.21779731999616
677 47.448857716463834
678 43.057427780792935
679 43.63122301246865
680 40.02352018975976
681 43.879614916709514
682 46.818494796856235
683 41.661275152053825
684 39.733906716423746
685 32.676545725646776
686 32.883881999508674
687 30.523546543869298
688 27.827145616675267
689 28.68565721693677
690 30.454375426127182
691 31.57057482534222
692 36.54571682785541
693 37.45036678994877
694 33.649324913402204
695 27.266624660509017
696 26.850387744275395
697 28.918168023841595
698 30.397903084504755
699 22.783991800087318
700 22.764790227610543
701 29.140919840060985
702 31.6559402557156
703 26.64457842297177
704 30.92093352936409
705 30.445723711620737
706 32.97927486219901
707 33.55006940375627
708 30.226532233950234
709 30.735261044099747
710 28.03681067015947
711 27.71381599188017
712 25.5716529314756
713 22.099350233722774
714 21.72383550069291
715 18.68851834991892
716 19.56659476888887
717 21.49396370927021
718 23.6096550163986
719 21.1390364213291
720 21.262498729833776
721 21.219065666398446
722 16.297874555303633
723 14.779179013808873
724 19.110790757682746
725 20.376514353467257
726 24.041531439704492
727 18.77302913162532
728 15.810768564326011
729 21.519002725418755
730 22.07080067582497
731 19.06206975593283
732 29.34415439901325
733 27.194599093281074
734 28.251568257781663
735 22.73412354599292
736 25.22971021302946
737 23.26596950855895
738 24.139014210541582
739 22.773320881671715
740 20.422815301919957
741 20.582744479929747
742 15.822733910259947
743 17.725707972028943
744 14.313607718429234
745 17.40167526962547
746 15.798299267613515
747 17.828334522341443
748 23.14369042963474
749 21.962815191890588
750 19.588765761268423
751 12.898359722790245
752 16.432359394883147
753 20.69857466395659
754 17.609526055300567
755 10.308291876120236
756 8.980023034568378
757 10.146195124807912
758 9.531064318477524
759 9.945347331222592
760 9.498959266452834
761 9.880703322102296
762 11.167162546751072
763 9.931596707020402
764 8.97777982580635
765 9.40771168382239
766 9.45451478698267
767 9.712675241228782
768 9.322367953304317
769 9.70204256815499
770 9.660072398006939
771 9.57128108185223
772 9.24015424886943
773 9.475847705463979
774 9.411925139881983
775 9.003417050255274
776 8.871841942510407
777 8.942437172855401
778 9.359960621513196
779 9.367350826380028
780 9.345349584783557
781 8.713263633160725
782 9.195139048845425
783 9.669240800323802
784 10.383089287093235
785 10.544541298396275
786 10.097177635524028
787 10.4921031141102
788 10.420728763163504
789 10.799556720546503
790 8.96919916753591
791 9.579799557975761
792 8.54183712230421
793 8.958666742838705
794 9.033488101325476
795 9.878217670409713
796 8.562303338056426
797 8.248139461598955
798 9.228361062693947
799 8.171666898304363
800 7.282606757208851
801 8.724924574033558
802 14.897008221582475
803 15.9808689372517
804 13.321590587365243
805 15.629479407278609
806 18.736682462461406
807 20.754778475162794
808 22.947761117947017
809 15.727536120058884
810 14.57497920889139
811 17.93624332964693
812 18.547881806408114
813 16.819143616555603
814 22.94620396003683
815 22.430416121935686
816 25.05020117208624
817 27.48048351207999
818 26.06260110474122
819 22.23687226700774
820 24.824311105073054
821 26.874504580848907
822 25.029014811574903
823 22.046176064805636
824 22.88625550770927
825 22.912043724710124
826 22.866229768437755
827 21.528103236125002
828 20.95489077044334
829 18.120207004941605
830 18.46024437912694
831 22.52727654787489
832 22.803769017606914
833 21.345432628394683
834 16.37753180125397
835 21.033005133856236
836 17.043798340143347
837 17.416436691206567
838 18.167774272559154
839 19.683605333340243
840 18.406465132050556
841 19.00789483453957
842 19.176010216901535
843 18.9739135004389
844 17.82520691084276
845 16.331445818238475
846 16.74463285447629
847 17.372585532445697
848 17.060691478477022
849 18.15231896995807
850 18.318749530044663
851 21.279462456917194
852 21.56467215908725
853 21.197582800142726
854 21.99490852584214
855 20.041589515367107
856 18.555165132811123
857 16.429512239547194
858 13.306812997548807
859 16.12550646135939
860 14.296178292403427
861 16.073332029338765
862 16.025917863084132
863 18.51938355621284
864 16.812690096750526
865 16.612306298366164
866 18.15300922027977
867 16.142678449390054
868 17.901356685342876
869 18.073186817309722
870 15.705813103622289
871 16.103894288535
872 14.567325327818322
873 15.075089921747656
874 16.64727604833983
875 17.007890776311378
876 16.93779517020557
877 16.244114201313913
878 17.205343200716328
879 16.26032627855525
880 14.290333120755234
881 14.93223145091546
882 14.351713880554469
883 16.042031474431415
884 16.332536027820996
885 15.91989153925807
886 16.135816017313985
887 15.628907199705052
888 16.71024983492591
889 16.049218739124992
890 16.822473788035232
891 16.89675794798954
892 16.606367719174422
893 16.107023244048598
894 15.865270404961581
895 15.460216917902391
896 14.990511341417992
897 16.03814827894311
898 16.537848140135694
899 16.304010673206083
900 15.705247571014745
901 16.296178046346007
902 16.026180621990928
903 16.018519896300923
904 16.145007495518804
905 15.675258067291049
906 15.786681836391837
907 14.83293438193925
908 15.625226081319413
909 15.655843446901969
910 16.32558791037401
911 16.485631972075833
912 15.508825684125597
913 16.75517336129543
914 16.109696653387118
915 16.498219545135083
916 16.35932724304116
917 15.67461246990015
918 15.927709385987061
919 16.864470957077152
920 14.64077710255436
921 15.803559765249407
922 15.798217931778817
923 15.565382287158476
924 16.205281869990575
925 16.02127262930637
926 15.591176099502247
927 14.988530614061062
928 15.986652966553045
929 15.973854932324167
930 15.243576512466596
931 14.694893813784919
932 15.848945398748997
933 16.88707047418608
934 16.177003968048552
935 15.545736411734865
936 14.809018036581133
937 15.527818828282799
938 15.89068453119413
939 16.532272250853843
940 15.962884145149522
941 16.487758893665912
942 15.828403125365508
943 16.844977691859505
944 17.36514929440908
945 16.40472689312608
946 15.034490005678508
947 15.185309849945526
948 15.624226999032318
949 15.792462012089455
950 14.33020639284567
951 14.362085009833672
952 16.754447679420434
953 14.664085548696812
954 13.821968773386702
955 14.57397625802021
956 14.754438169884745
957 14.938869408582056
958 17.62636104251481
959 16.838173204649294
960 16.93953070284212
961 18.60163563733889
962 16.6538538831856
963 17.448690353499043
964 16.555582476113486
965 14.903064735727012
966 16.996344615511273
967 18.36596202014371
968 17.214879885242468
969 17.014431018507203
970 16.965296601389145
971 15.596491914343988
972 15.279646164624188
973 15.55116096678784
974 15.058246144912157
975 14.677942273065772
976 17.087007779261384
977 16.58636654016032
978 16.35780241322552
979 17.02475534305078
980 16.483297475789623
981 16.973133849142123
982 17.722016459764433
983 17.572176313975255
984 17.44358512146125
985 17.279348972345396
986 16.561775082449735
987 18.723027522993565
988 18.046682781592654
989 15.637333214211724
990 17.126469925161192
991 14.901521199716145
992 15.498770357292067
993 15.180354429315411
994 16.33246689914167
995 17.002266710898795
996 15.554072688979463
997 17.457010445752992
998 17.204987062372897
999 16.77317998507268
1000 16.49369508988625
1001 16.54140533409014
1002 17.98521651942071
1003 18.16412525965535
1004 18.99341906610269
1005 18.50868130707652
1006 17.339594706730093
1007 17.45523152937273
1008 19.243117061117914
1009 17.73158514017119
1010 17.728031701948186
1011 16.21079911478357
1012 17.74825143809756
1013 17.05111570929139
1014 16.887364493478763
1015 17.16950997925888
1016 16.137778311908605
1017 15.251391308654572
1018 17.53234107637201
1019 17.374925517954388
1020 16.615525581649635
1021 18.228995664995157
1022 15.086129262357568
1023 15.86351013744122
1024 15.530737831198595
1025 17.224652911263302
1026 17.19150979777645
1027 17.240804387410787
1028 15.794053015281053
1029 16.938139779841112
1030 16.801378801800865
1031 15.950693144903381
1032 16.714716650788883
1033 17.567004736720257
1034 16.36922208365516
1035 18.17864546067758
1036 17.438949874849374
1037 18.160813623119232
1038 17.70097003741867
1039 20.952301588267726
1040 17.842352079078562
1041 17.056432022102655
1042 17.351558578560816
1043 17.24798641555942
1044 17.66993375535401
1045 17.437297816235954
1046 16.90570411800648
1047 17.17886505827958
1048 16.245546970465874
1049 16.18482119534597
1050 17.93818983400195
1051 16.38760925131017
1052 17.191241886100862
1053 16.667423115163185
1054 16.529487960233286
1055 17.049018200322276
1056 16.80815491856097
1057 17.194141055105
1058 16.904697350520955
1059 16.238476753144102
1060 16.54367173074703
1061 16.976458872382167
1062 17.322833693576772
1063 18.25533427149517
1064 17.453795633744633
1065 17.208184494432494
1066 17.57464153256946
1067 18.755451825259687
1068 18.572724264355582
1069 18.057302781548987
1070 19.91011265670789
1071 19.39985262709369
1072 18.949286629094466
1073 19.273903153857987
1074 17.125556913658027
1075 17.021744418817043
1076 17.597378722883477
1077 17.117432745149284
1078 17.88390679895807
1079 18.272971246972045
1080 17.299576019391516
1081 17.64225718640809
1082 18.731458209160802
1083 18.809418973037136
1084 18.628544510229762
1085 19.03857467307165
1086 18.538406422659833
1087 19.105814601306786
1088 18.13993093331959
1089 18.064736096877947
1090 18.142673647560752
1091 18.486911015708362
1092 18.624320046007544
1093 18.549054342008475
1094 18.250678069563133
1095 17.912341217471006
1096 19.009119717670252
1097 18.730149325575137
1098 18.594071080277594
1099 19.202629602325874
1100 19.110934540016714
1101 18.522650189724736
1102 18.24926576551265
1103 17.80363677387639
1104 17.577792280060788
1105 19.011308381920834
1106 18.756582882594707
1107 18.323977528278668
1108 19.01569104410493
1109 18.554316987233417
1110 17.77385816019141
1111 17.86201285019907
1112 17.963594813514817
1113 17.753178228557008
1114 18.09907223319337
1115 18.421419922033934
1116 18.448990096050853
1117 18.447036976403652
1118 17.926439329720704
1119 17.478080319808413
1120 18.50588581997712
1121 17.854235854500352
1122 19.47950055834596
1123 18.629003234406678
1124 19.401580538037585
1125 18.46034620019608
1126 19.20366607558765
1127 19.28258018365952
1128 19.31796840684446
1129 17.394048554661644
1130 17.96965819099814
1131 19.03112741537392
1132 18.305517070412428
1133 17.971935938362414
1134 17.773966283323848
1135 18.674020762422487
1136 17.878955119249326
1137 18.799907596831577
1138 18.08899567273647
1139 18.31856461166668
1140 18.486461583613114
1141 18.509201628889766
1142 18.25032546999605
1143 18.84886134396719
1144 19.11149739860595
1145 18.785631807530958
1146 17.707470229024807
1147 19.161230725961534
1148 18.775438485421066
1149 17.527965887729994
1150 19.12648277517038
1151 18.188539217294156
1152 18.676319648837627
1153 19.12380640742972
1154 19.92439412481787
1155 19.279349124342843
1156 19.906596694750608
1157 17.705698444258267
1158 20.62818879020282
1159 20.7446675365476
1160 18.758327266838048
1161 18.773207508059333
1162 19.422131268243113
1163 16.89919959840647
1164 16.19174890848401
1165 17.22254005123766
1166 16.324215167946676
1167 16.384798593353896
1168 16.351368987122353
1169 17.074314335163884
1170 16.860554952160513
1171 17.109122292813318
1172 17.317150825931403
1173 16.407371350448884
1174 17.78705543183807
1175 17.11948347333526
1176 17.489019249409427
1177 17.540504565104165
1178 16.767435200331562
1179 18.17767282199263
1180 16.48051704821508
1181 16.22099679763985
1182 17.116168354434734
1183 17.22457230450933
1184 16.44435063502622
1185 15.771243449242936
1186 16.90764907483164
1187 17.039697871079383
1188 17.39199750791549
1189 17.209819524797815
1190 17.450101980956664
1191 18.012099370592033
1192 17.407795029762397
1193 16.67745335162685
1194 18.980345554343938
1195 17.138900644801502
1196 15.913426213601134
1197 17.707312265450977
1198 18.48907692753548
1199 17.613079263937692
1200 18.666322052672278
1201 18.02475954694667
1202 18.132089805338946
1203 18.579730264079064
1204 18.736158357749847
1205 19.459260499292192
1206 18.82339886817874
1207 17.719744829542
1208 16.552550205142683
1209 16.794114171989253
1210 17.430164048053275
1211 17.1529390970248
1212 16.020994424372976
1213 16.664232893542078
1214 16.23813189033688
1215 15.84280017514681
1216 16.5346137749135
1217 16.947804549774915
1218 17.7655605360611
1219 17.81806381116427
1220 17.300853398834935
1221 16.356878618715413
1222 17.795978549344724
1223 17.86279842940907
1224 17.562121248536403
1225 17.097692186153406
1226 18.228202121673743
1227 17.05641596226264
1228 16.29429297040678
1229 16.768184355752474
1230 16.902959006626013
1231 16.966235354879547
1232 15.888541265683195
1233 16.180189698675846
1234 17.25108262929136
1235 17.526399657614526
1236 16.36095920384781
1237 16.152264764503293
1238 14.995945379353524
1239 16.337585112244025
1240 14.800323111300523
1241 15.930443478426001
1242 16.474881127106205
1243 16.849283595461863
1244 15.8596097270769
1245 16.424370956822656
1246 16.707778559388906
1247 15.955560349193364
1248 16.368246869456417
1249 15.57771101968176
1250 16.010637590140135
1251 15.851860585605932
1252 15.467292707724532
1253 17.037172076407252
1254 15.730140202320122
1255 15.71995372236451
1256 16.309583862253813
1257 15.645324914282682
1258 15.994418715775685
1259 17.06330752335448
1260 16.342925552437432
1261 16.027527078838798
1262 15.768111213691494
1263 16.823855846694183
1264 16.439525059576884
1265 15.94644860682639
1266 16.613975279568113
1267 15.317754543962435
1268 16.216585909788048
1269 15.92064525179058
1270 16.220764591083018
1271 15.538752870882762
1272 16.15157349209558
1273 16.34267142022452
1274 16.73724541475082
1275 17.11894644406037
1276 15.93789224453303
1277 16.92458339857774
1278 16.218982660913767
1279 16.7534526044311
1280 13.723855298116884
1281 15.979750848181142
1282 15.001937806983562
1283 15.007677886906926
1284 16.03247517386938
1285 16.048482329761317
1286 16.09550243054535
1287 16.114930462016698
1288 15.358031430303967
1289 16.14179459141075
1290 15.65431387195474
1291 16.90902854131978
1292 15.756142653587904
1293 15.825296109730322
1294 16.475079202929322
1295 16.6883538260456
1296 15.88005924052116
1297 15.879528410401374
1298 15.869206926945042
1299 16.130188667102125
1300 15.825705774367828
1301 15.422176058852594
1302 15.89169302935563
1303 15.858071192173545
1304 16.846931643278978
1305 15.85826373838143
1306 15.691892985663296
1307 16.26883681634253
1308 15.745803641165692
1309 15.637684435890387
1310 17.186049015968248
1311 17.160316458104727
1312 16.69153377403744
1313 16.781128683473288
1314 15.155893712903994
1315 16.2071681937173
1316 17.067859242702546
1317 17.661344765589288
1318 17.142723032263493
1319 15.824410100902162
1320 17.34177003489533
1321 17.690023735212574
1322 15.648504922846994
1323 16.54555470360869
1324 16.641936784973023
1325 16.932861410319116
1326 16.592641254030173
1327 16.594703624996416
1328 16.335930905938206
1329 16.80552487139215
1330 16.243329235337825
1331 16.176301983202798
1332 16.220346900208792
1333 15.625765934457228
1334 17.15379512551822
1335 17.800511285404596
1336 16.935161373823014
1337 16.996071954888738
1338 17.14586293540411
1339 16.88181517067878
1340 16.26586928958651
1341 15.749667257050458
1342 15.904433836853233
1343 16.85106423128423
1344 16.700713728293216
1345 16.04376142128192
1346 15.152849953132417
1347 16.444318304102026
1348 17.00224466662235
1349 17.04478044816555
1350 15.672948245028818
1351 16.26000624346542
1352 16.490328084986114
1353 16.066639955781937
1354 16.697121251177357
1355 16.722152788068644
1356 17.35108812482088
1357 16.35123206161982
1358 16.17235036541807
1359 16.386975192893498
1360 16.37850437571752
1361 15.968203574954266
1362 16.158476601469495
1363 15.2229049237725
1364 15.363871393062787
1365 13.948477186891697
1366 15.245552317389881
1367 14.975946452774208
1368 16.92926635158265
1369 14.509532233330201
1370 15.179347411414428
1371 14.692379871521057
1372 15.649811772020412
1373 13.263165357743244
1374 15.538143959952876
1375 16.03163616362338
1376 14.905671052753627
1377 13.533546067331251
1378 14.126690589929073
1379 12.731094992525334
1380 13.111928868734504
1381 11.982382409267272
1382 11.794153193443771
1383 13.20729762645909
1384 13.221484005738263
1385 13.53297242773191
1386 14.491829684293727
1387 13.352131497899343
1388 14.48048672422662
1389 12.899630408079814
1390 13.423975230853534
1391 11.844653610791084
1392 12.27115906800184
1393 14.9845229233539
1394 14.48689021052045
1395 14.761673006887959
1396 15.45856634315187
1397 16.227788512475858
1398 16.23736431493551
1399 15.549962417182309
1400 16.13478432191949
1401 15.311312019358056
1402 16.27964362248349
1403 16.08127327591454
1404 14.534287501577934
1405 11.043570072735582
1406 13.771255432555103
1407 15.068683219343749
1408 16.43095463934956
1409 16.543987510004982
1410 14.655242236512493
1411 14.987509588127782
1412 15.008970700917374
1413 16.726571644131432
1414 14.9992275791595
1415 14.92763583709274
1416 14.8873790100299
1417 13.736474385195553
1418 14.689479455730925
1419 13.998192072448614
1420 12.653498997711788
1421 13.255251616815377
1422 13.511518338904594
1423 13.92538382134652
1424 13.275249935628931
1425 13.26036789753505
1426 13.354754508356868
1427 11.885174473198196
1428 10.734463276038907
1429 8.28692153473408
1430 7.470950980664075
1431 8.52115455017282
1432 8.424688479136238
1433 7.026746384400604
1434 8.97312950656695
1435 10.163210528900304
1436 7.9791268149667784
1437 11.124889412277835
1438 13.84565296527679
1439 14.732641434794186
1440 15.800247086654672
1441 14.54485748583743
1442 14.21951827843234
1443 12.846604492645557
1444 14.170109219678164
1445 14.129012065672876
1446 15.586039369157866
1447 13.218481070621284
1448 16.12518127200861
1449 15.399806378778509
1450 16.664879007891855
1451 14.756449209604416
1452 12.594866956408035
1453 12.453581416562047
1454 16.009170240008327
1455 14.842683317646681
1456 14.788848566138295
1457 14.071589574588083
1458 14.067486734040125
1459 14.138740712731938
1460 15.867337912324437
1461 12.43813385342014
1462 11.840681002144553
1463 16.99014378620668
1464 16.650385531270178
1465 16.450391747837365
1466 15.590344212231638
1467 16.412361078647606
1468 14.63450030399388
1469 16.63812888637604
1470 16.179346981213627
1471 16.31164809351732
1472 16.829267907971563
1473 15.557221410734117
1474 16.60062973380546
1475 15.908624353181995
1476 15.294149247411013
1477 14.730454942635753
1478 15.818824205395307
1479 15.117386471357122
1480 15.641078607966461
1481 15.074920668855624
1482 13.839068333487694
1483 14.012289694855959
1484 14.336446125851184
1485 15.819342557118015
1486 15.208797767622517
1487 15.820406363920366
1488 16.165785700168797
1489 15.909151668058902
1490 15.898664303844328
1491 15.20678746504019
1492 16.7160990837007
1493 16.21353979107454
1494 16.135046207654334
1495 16.339373703015983
1496 15.973563966354599
1497 15.574308109767195
1498 16.982754514774797
1499 14.486464649905528
1500 16.308851278657354
1501 15.555845654046667
1502 15.278414499322677
1503 16.560235504830537
1504 16.231917527989417
1505 16.26942084173307
1506 15.84890267716437
1507 16.278021963930446
1508 15.938610956931853
1509 16.169439451449175
1510 16.007648680948098
1511 15.729198151324187
1512 17.7341625125132
1513 16.52969947627023
1514 15.809863637151574
1515 14.68029056549171
1516 16.396175259932914
1517 16.408099137010215
1518 16.379573011530216
1519 16.297096121124472
1520 15.853403606751032
1521 15.990866891581977
1522 16.106108527472482
1523 14.85262171858985
1524 14.56332968454265
1525 15.466000656039878
1526 14.944721690267132
1527 14.435028111841387
1528 15.185696690831252
1529 15.538608263210678
1530 16.173802867132373
1531 14.780334205451028
1532 13.921380379533993
1533 16.46840216913317
1534 16.080495927638225
1535 15.990708316963856
1536 15.47903287152364
1537 16.39473651494473
1538 15.5253242801501
1539 15.541431468084387
1540 16.13744833691232
1541 15.7818066282628
1542 16.022103495366398
1543 15.92730287319439
1544 15.856944090196052
1545 16.15533359033796
1546 15.894880028218404
1547 15.024895736815514
1548 15.246574412163403
1549 16.9181334805682
1550 17.31166071812757
1551 15.408228882819905
1552 16.3635387944271
1553 15.860528042370662
1554 16.621078969012025
1555 15.804583450798667
1556 16.119225358075504
1557 16.21782698204655
1558 14.356888229660731
1559 15.097570300095652
1560 14.656206182933985
1561 15.84697770054959
1562 16.463095499245085
1563 14.219489445439896
1564 15.443034354591013
1565 14.9379238694442
1566 16.677367679320426
1567 15.713858131015012
1568 14.396012186524553
1569 16.60009022158928
1570 16.072056644509953
1571 16.013775495186938
1572 15.775319926778572
1573 15.239914633061302
1574 15.34018431167525
1575 15.97049318976243
1576 17.246057222709865
1577 15.99286067236259
1578 16.009316323604526
1579 15.573034129306704
1580 15.331413702825657
1581 15.119244425928986
1582 15.515788338528637
1583 15.241483702156819
1584 16.31423223459678
1585 15.401592950639133
1586 15.883588825116155
1587 15.82496742124006
1588 15.82578949897942
1589 15.830099060088067
1590 15.68679532263309
1591 15.355972437860292
1592 16.08933499522842
1593 16.399081531765113
1594 15.345877592095327
1595 14.54342917585709
1596 14.658954426110178
1597 14.549595542084582
1598 15.98888898431037
1599 15.656851654352439
1600 15.781997204152844
1601 15.845420017520794
1602 14.762656512088974
1603 16.054769263216485
1604 15.771336672365948
1605 16.148509046439155
1606 15.625198161044874
1607 16.201841488595715
1608 15.634407511492663
1609 15.857440471521262
1610 14.717017657549194
1611 14.487926885288083
1612 12.754660181231673
1613 13.520373803915248
1614 14.633212645338208
1615 14.104884558672959
1616 14.013148244216396
1617 15.081182140709446
1618 14.858803085083684
1619 14.384999495723134
1620 17.945531269182716
1621 16.645671317770677
1622 18.022078089420308
1623 16.055743785362036
1624 16.939886369921147
1625 16.31369370952551
1626 16.445627161987858
1627 15.67256037510015
1628 16.29670265823249
1629 14.741358324925942
1630 15.724785379866118
1631 16.08475586541406
1632 17.331064227553775
1633 16.55413089194884
1634 16.47270365634758
1635 16.825895675840236
1636 15.738392320699997
1637 15.980580527004587
1638 15.547678359808215
1639 15.626215313436111
1640 15.183594069346123
1641 16.89983401600876
1642 16.796437343923106
1643 15.070941386891409
1644 17.03823120778702
1645 17.80479709218197
1646 17.527843650940596
1647 16.92729216332587
1648 14.463204982294771
1649 18.135963093444087
1650 17.059990399438746
1651 17.92070460958174
1652 17.878087029210135
1653 18.073977893933936
1654 16.598878376512506
1655 17.21764102238071
1656 17.018075820986848
1657 15.882973194979638
1658 14.578564449479057
1659 16.649266930010388
1660 15.570369581866263
1661 14.78546208139173
1662 16.184450636670395
1663 15.02182245301771
1664 16.0656509078121
1665 16.684615485323835
1666 14.553317709993877
1667 15.181675190303201
1668 16.37106604717925
1669 16.291116846801902
1670 15.73792194071066
1671 16.41917921217564
1672 16.685853349808422
1673 15.379706617975618
1674 17.963661603073305
1675 16.494835718319226
1676 15.099860020952725
1677 17.35279531537127
1678 15.573581607747107
1679 16.518399290184412
1680 17.436691379976832
1681 16.70330971842328
1682 17.76982969039431
1683 17.399052380819477
1684 17.261582905961884
1685 17.19436424198992
1686 16.142489058873625
1687 19.300214275587845
1688 17.319561194858114
1689 16.17350373826011
1690 17.37808149535914
1691 17.067124227326065
1692 17.986738074761462
1693 16.83958815188241
1694 15.507279905093283
1695 16.82168662730052
1696 18.344003628774562
1697 17.711045833855632
1698 17.54539392485626
1699 17.624169339406777
1700 18.115827910900585
1701 16.76736279348971
1702 17.467986030597793
1703 17.783499247203164
1704 17.04790753836234
1705 17.127646360034927
1706 17.509791114128653
1707 17.617744210162556
1708 17.075039141994385
1709 18.994711344521978
1710 17.994254067438934
1711 17.082790454006545
1712 15.52767225443573
1713 15.68720047497757
1714 15.648488971158274
1715 14.155487112029892
1716 15.538396424955328
1717 15.064226985653788
1718 15.255183517129291
1719 16.20557360996243
1720 15.48476232827911
1721 16.48699051446508
1722 16.980409922894605
1723 14.578230748003733
1724 15.145807573875336
1725 16.0048305697878
1726 15.3159613101837
1727 17.31416106642072
1728 15.354594806148834
1729 17.53529383586035
1730 15.566732281168052
1731 14.773626746880119
1732 16.621624274949106
1733 15.174087333639207
1734 14.238367528983702
1735 15.355874821864738
1736 16.51035070549937
1737 16.287349201177513
1738 15.002422272247179
1739 15.720024785472429
1740 17.14637610984848
1741 14.333034349432264
1742 16.926390869075
1743 17.088425832433856
1744 19.228367663339675
1745 18.027534100273705
1746 17.95968152155925
1747 17.76078435293321
1748 18.203524669588763
1749 19.60551547584154
1750 19.984017401043257
1751 21.010150568186635
1752 19.170535562386473
1753 19.48748612078997
1754 18.020331212517753
1755 18.1034528529615
1756 20.83813288909817
1757 19.53016807622343
1758 18.71932865406667
1759 22.410433923300808
1760 19.71352694274329
1761 18.089133211692467
1762 17.20291782443394
1763 19.520785956777033
1764 17.43641024860655
1765 17.28852438987105
1766 18.23552285186494
1767 17.90260508376588
1768 20.106147005827243
1769 19.246971591335278
1770 18.46049200903444
1771 20.871562079358135
1772 21.706672533907607
1773 21.819746958665043
1774 18.682149115726975
1775 18.498362234769797
1776 18.65892751552544
1777 19.494145425657585
1778 19.95263208350265
1779 19.246326058218155
1780 19.318845574883262
1781 20.204255152793845
1782 19.707165914381772
1783 19.35532653238045
1784 18.799774549625376
1785 17.851077614740984
1786 17.867510060228806
1787 17.94826308915951
1788 17.136324294358364
1789 19.55752581185902
1790 18.263997534802876
1791 18.13846363590018
1792 19.726786837826243
1793 18.797475516589554
1794 18.40233753180385
1795 17.68970745952994
1796 18.134112181684053
1797 18.273626694791087
1798 19.164228297929473
1799 19.058855857693214
1800 18.439030091574747
1801 18.172290620014234
1802 18.5711574116106
1803 18.60143242767372
1804 18.88575847807245
1805 19.524758305995
1806 18.178924985986633
1807 18.701688973300627
1808 18.92958029010233
1809 18.771337459233724
1810 19.830240809353523
1811 16.91365357413488
1812 19.316140570752363
1813 18.331681944474024
1814 18.28202218648751
1815 18.656096419339836
1816 18.344177103570207
1817 16.55672388800482
1818 17.514186112933142
1819 17.771231478747275
1820 18.62642365777969
1821 17.6771447961974
1822 18.326358850990804
1823 17.844280103449538
1824 18.491137924706834
1825 18.043952979252662
1826 18.793446432312265
1827 18.223507926367994
1828 18.242701495109337
1829 19.14284917297355
1830 19.08707842689325
1831 18.062434289802727
1832 18.05523194630694
1833 18.210065562725244
1834 18.179932252551335
1835 17.49426973002916
1836 19.644495572679446
1837 18.818131709796383
1838 18.90079424834573
1839 18.83535076723842
1840 18.922350609833217
1841 19.57598558439472
1842 19.473319797618448
1843 19.34910644066821
1844 19.64195098087784
1845 18.839387269726792
1846 19.689424816040447
1847 19.242644321722164
1848 19.101163162156688
1849 18.62369502853606
1850 19.11831633144461
1851 17.28977178982073
1852 16.872775105055734
1853 19.162378436712956
1854 19.65492700850097
1855 20.115188252641932
1856 23.103525607288436
1857 22.50175526232666
1858 24.388509098295177
1859 23.448877308764537
1860 21.52413992574647
1861 20.100255759202554
1862 21.09356652891325
1863 20.371411405987303
1864 18.8113737616359
1865 17.977343843186556
1866 20.090287842458146
1867 19.712700748256193
1868 19.46925244527449
1869 20.69616499206192
1870 22.058121330916094
1871 20.913909050752846
1872 21.0949036935516
1873 18.857342941295016
1874 18.11129767128261
1875 19.14521657192638
1876 19.87793121937665
1877 19.71009172907404
1878 20.56349927976201
1879 18.261485098212475
1880 19.678991263459668
1881 20.400706630977908
1882 22.436561765886122
1883 19.86952399688587
1884 17.55514422097834
1885 18.917254926191585
1886 20.919077859625023
1887 20.61720685800105
1888 20.045729540412108
1889 19.70888651835048
1890 20.60843233741824
1891 21.12705018387724
1892 20.80895929108271
1893 20.910746998517777
1894 20.9409302660253
1895 20.488333066285286
1896 20.361123821292868
1897 19.578862133160232
1898 20.10206867900615
1899 19.43467389718812
1900 19.531036378164604
1901 20.91375980572746
1902 20.044901914956515
1903 20.265708546164017
1904 20.223535151458652
1905 20.66711709447341
1906 20.904911699352997
1907 21.53262813707888
1908 21.162778045684412
1909 20.140203744595834
1910 19.851527337736982
1911 19.804615745657877
1912 20.745724403656773
1913 19.99921615218284
1914 21.429370284489654
1915 19.90129199448261
1916 19.40311411326397
1917 23.538963457998793
1918 19.593831837730114
1919 22.203284331602124
1920 20.68005892692537
1921 21.407720958393362
1922 21.698918201872143
1923 21.19138135432078
1924 21.435789016468856
1925 20.58860114360179
1926 19.613362066610655
1927 18.680950756008453
1928 15.44060070309488
1929 17.249811744938963
1930 15.915288319529044
1931 16.43539719800715
1932 15.289702768940984
1933 17.75996268153488
1934 16.283788799006402
1935 15.88296314814013
1936 15.909429313208447
1937 15.126322502865735
1938 17.25342326501449
1939 16.26511249434575
1940 16.228486054477248
1941 13.933020808930104
1942 15.325856062703663
1943 15.595509286115192
1944 16.981359859052894
1945 16.73352312332486
1946 15.387580463327176
1947 14.592903695065718
1948 14.070412606196031
1949 15.233278669004829
1950 15.596262836173016
1951 15.45804787185003
1952 15.906946930534868
1953 15.94649147513771
1954 15.34265835631197
1955 13.413431253640697
1956 14.158706751711547
1957 13.325624142596366
1958 15.796421778273327
1959 16.828381363667212
1960 18.222023466413383
1961 21.312812683985797
1962 18.198751935554217
1963 18.572509776016812
1964 13.441390631638814
1965 19.178547067204793
1966 18.938413876588136
1967 17.94477011946976
1968 16.82037311644759
1969 16.877051357016438
1970 13.494944896274347
1971 14.32369060301325
1972 14.266213350087943
1973 10.702154880247411
1974 14.666810501012193
1975 14.907919056618748
1976 14.280655248540954
1977 12.730357713982366
1978 12.090582594934832
1979 13.655725581026996
1980 15.640885195472302
1981 13.421955241531975
1982 13.965393727494734
1983 16.294543123607014
1984 15.012242713850009
1985 14.267739488779409
1986 16.94342415926461
1987 14.054906904842863
1988 15.651240688466698
1989 15.111214508487244
1990 15.623654452372573
1991 14.868457014345594
1992 15.177266961480855
1993 17.14488379841913
1994 15.818348328976844
1995 15.929338644576958
1996 13.457892528118938
1997 14.329456381647251
1998 13.594376552526148
1999 10.828864946955093
2000 11.191471042586448
2001 13.225717394469328
2002 14.289933047763359
2003 15.571223462896254
2004 16.331725843530226
2005 17.687190774734827
2006 16.96707244551823
2007 17.833017456413696
2008 17.988282836869242
2009 15.59147413519929
2010 15.397390873355105
2011 14.770297655451857
2012 15.661353570702685
2013 15.601170205304745
2014 16.25986418435589
2015 17.019424761743924
2016 17.46780361406939
2017 18.264023957126234
2018 18.50705072275834
2019 17.227878573889296
2020 21.826195058031594
2021 22.691622624551705
2022 22.347433038285157
2023 20.256095794615117
2024 24.242013253729755
2025 22.081485697045096
2026 19.86695204001741
2027 20.206768647272
2028 18.277577862495257
2029 19.490982979372554
2030 19.38430055720147
2031 18.33905562728999
2032 17.644708059568444
2033 16.722677278121875
2034 16.09243009092127
2035 15.090618868767903
2036 15.349147242757525
2037 16.553654870950943
2038 18.08005866169706
2039 18.31966612048485
2040 17.46220084107371
2041 17.957402835322934
2042 17.678473853750408
2043 18.564917219931452
2044 18.44005241036843
2045 18.20177147049386
2046 18.122570718363313
2047 16.987002398304323
2048 15.891781452093056
2049 16.953799956402527
2050 18.042586895011475
2051 18.35395915053975
2052 17.453053709559267
2053 16.77433881667311
2054 16.55578866948974
2055 16.171469220066378
2056 16.486296771441065
2057 18.169092508805335
2058 16.701590930196925
2059 19.210063615723236
2060 18.53117653832527
2061 18.30712341975752
2062 17.68090593217151
2063 16.76243471394099
2064 16.39247405864746
2065 17.38414350338516
2066 17.318635922903546
2067 17.31539851060882
2068 16.780925087757105
2069 15.396996975104017
2070 16.34012388983021
2071 16.178448090234205
2072 16.75143319488988
2073 18.27473728886713
2074 17.893256503171045
2075 18.83597373075803
2076 19.304998499336566
2077 19.755644877455413
2078 16.848414719459043
2079 16.787473314865284
2080 14.09832652032642
2081 15.946230491437806
2082 14.966350960781314
2083 16.93873006309929
2084 11.898344558459051
2085 13.332431913647591
2086 16.227768547727596
2087 16.466510485249593
2088 15.806435958842386
2089 15.335643878842102
2090 15.070910041633425
2091 14.919039889319219
2092 16.534731365342196
2093 17.339159616115634
2094 17.07503374396848
2095 14.081940659335041
2096 15.644124470732553
2097 14.515112351740921
2098 14.571582844295731
2099 15.513241357976236
2100 13.156708574007668
2101 16.324446772566386
2102 14.815983368288107
2103 15.26422429553358
2104 13.537076041595089
2105 14.23587704478943
2106 13.78268627958331
2107 12.84531726237983
2108 12.463005649220317
2109 13.97436834069989
2110 14.332331468667325
2111 13.27784430931016
2112 14.633141732407328
2113 15.480748131133396
2114 15.648876460865026
2115 12.909498011016113
2116 13.265899077237142
2117 13.111485099114843
2118 12.775538417379263
2119 14.415855866640271
2120 14.88263175632817
2121 15.45502234964304
2122 12.411348372251629
2123 14.193562446730427
2124 14.105815686421977
2125 13.220744167487007
2126 13.425171278023571
2127 13.523988595529607
2128 12.199809372711501
2129 14.196579921314566
2130 15.271630699340102
2131 14.145999803792495
2132 13.20823018669355
2133 12.873003456602222
2134 13.725505715345003
2135 12.921791521889286
2136 12.559274872685632
2137 13.525464452648444
2138 13.09279512403764
2139 12.19428051018871
2140 13.160666505941393
2141 12.65533979307706
2142 13.292551010315616
2143 12.629912546325349
2144 14.301479292423721
2145 14.420773209923041
2146 14.727742378945115
2147 16.948201127182962
2148 13.37062826217591
2149 14.86823027867974
2150 15.433906746524158
2151 17.74590802637896
2152 13.722566421271486
2153 15.818228063668217
2154 14.884072537516564
2155 18.56589780867344
2156 15.012025843473216
2157 15.19276629247593
2158 16.79504959386852
2159 14.492863071021894
2160 14.560468689411199
2161 17.715569233209735
2162 17.013585776959868
2163 16.451694093746937
2164 17.453747216008477
2165 17.747398488704434
2166 22.338486657540397
2167 21.043368517649444
2168 20.08133211699296
2169 19.31640586808504
2170 18.94622798396657
2171 16.7593753963916
2172 15.687815245458303
2173 16.393068719364283
2174 16.134170603388952
2175 16.91767771184477
2176 15.833670244941024
2177 16.863004077367293
2178 16.67096167661497
2179 17.736025585846026
2180 17.380870636815164
2181 16.506542181410044
2182 16.886076702952895
2183 18.54165226620266
2184 16.638842496917082
2185 17.11683874713082
2186 16.169953861626123
2187 15.147874733142585
2188 13.65299093049353
2189 12.121200904859993
2190 13.972849203027096
2191 14.998585385251042
2192 14.752826639144766
2193 14.915063444737036
2194 17.142438008294246
2195 15.699623000337406
2196 16.131182582305982
2197 16.046978535107204
2198 13.521026278951881
2199 12.05510233610826
2200 14.787348066231289
2201 18.08217003342359
2202 14.553258923166878
2203 16.0767972723014
2204 16.365485656817494
2205 16.160162281553184
2206 16.205301963271907
2207 14.135375585171168
2208 11.859559210937661
2209 13.028208078110133
2210 14.366522581300304
2211 13.85625287564202
2212 13.53237851122973
2213 13.689181919245671
2214 13.166792447524704
2215 13.858948403624556
2216 16.83132658067696
2217 16.37313795785004
2218 16.119246410722564
2219 15.09041859428731
2220 14.589880829181038
2221 9.776422898001977
2222 12.262050125489756
2223 13.9140138437697
2224 13.751829788800235
2225 12.475988014926754
2226 13.338765763204579
2227 13.362510247419578
2228 14.538236753041264
2229 13.953698120115364
2230 15.702216488071214
2231 15.143959807434232
2232 16.365500138094795
2233 16.89924992854503
2234 17.406426789703957
2235 17.965026102665224
2236 16.12528885873454
2237 13.429012488023652
2238 12.803577146884324
2239 12.549089079622389
2240 12.654634019221616
2241 13.360124059959947
2242 17.126896099967958
2243 15.40250402347287
2244 15.433021881221553
2245 15.019090509812445
2246 15.667796667787403
2247 14.53524198242927
2248 14.042460067319066
2249 13.287647893531684
2250 11.923226883916252
2251 11.954939082498885
2252 12.866592822587926
2253 13.050872923888528
2254 12.577326220519025
2255 12.927720458001346
2256 13.522987555049458
2257 12.077190101200143
2258 12.299883193176026
2259 10.879436545657295
2260 11.794112841814266
2261 13.048465218207951
2262 14.530852588581949
2263 12.771640709408906
2264 15.765690796308238
2265 13.81669573026135
2266 13.180099578897703
2267 13.288566782438272
2268 14.150535457716773
2269 13.652625189462496
2270 12.303360592862335
2271 11.72582106207109
2272 13.147081182509758
2273 11.420219993552049
2274 11.135685252518044
2275 11.788329447401432
2276 11.366750365455758
2277 10.550874722876426
2278 11.02216109905336
2279 11.563993099184334
2280 12.78023094956412
2281 11.511600539520401
2282 12.735420700398615
2283 11.991455271413237
2284 10.601586074498197
2285 11.706760870116428
2286 12.57248525627639
2287 12.574972041688003
2288 11.245684503762808
2289 11.455588951163246
2290 11.250104114465062
2291 10.405056374691169
2292 10.763678372988581
2293 10.656832950055888
2294 12.359465080828127
2295 11.723076578417059
2296 12.807949186565825
2297 14.361089389439558
2298 12.966942456286503
2299 11.852781525588501
2300 12.386976468647154
2301 12.303330959305898
2302 11.165991134669714
2303 11.363600234708656
2304 11.340539683375509
2305 11.637908382417834
2306 11.8964261674609
2307 12.833913252651323
2308 12.004184639568804
2309 11.524456475781667
2310 13.667650363857547
2311 12.025981516490875
2312 12.385840709483832
2313 13.261294656218054
2314 12.645654583084816
2315 13.636374233447723
2316 11.656047435098646
2317 12.096671640808326
2318 12.089962191155744
2319 12.307129849403902
2320 11.78883557843848
2321 11.767672086315589
2322 12.12615951905839
2323 12.228781388116278
2324 11.968757972761756
2325 12.09432258101947
2326 12.23050153688739
2327 12.011610220469944
2328 12.809539674351347
2329 11.89138087762325
2330 10.981062269678823
2331 11.136119251060272
2332 11.619740377689777
2333 12.066122483371325
2334 11.447218550795775
2335 12.031956283119364
2336 10.93951000113581
2337 11.54967242511255
2338 11.440812380607927
2339 12.091473661720006
2340 10.757753753624668
2341 11.208682877389121
2342 11.336838406065267
2343 12.225066827933944
2344 13.30399939749372
2345 12.098456579921958
2346 11.629936904015393
2347 11.775059929942692
2348 12.171910807763462
2349 11.831575583906798
2350 10.04628024714322
2351 10.244755735890541
2352 10.238323147522278
2353 10.555251617557804
2354 11.014685620531077
2355 11.09768418199744
2356 11.587032014386448
2357 10.647732727496585
2358 10.959565092332003
2359 11.483454993288627
2360 11.30741286586575
2361 10.84528090173482
2362 12.158855424631803
2363 11.667153223076763
2364 11.001291277248447
2365 11.509725281344556
2366 11.502192950802295
2367 10.947797618452256
2368 10.72608712348361
2369 10.974611106325712
2370 12.380892640903816
2371 11.351267444279706
2372 11.683691386907448
2373 12.18954984901099
2374 10.352346688408375
2375 10.960033301220664
2376 10.149263697544384
2377 9.743315213265703
2378 10.184853075938586
2379 11.042277288842854
2380 11.052926305234857
2381 11.770451644167215
2382 13.769629690331703
2383 12.660447907000723
2384 11.095842053526942
2385 11.992743879587792
2386 12.714420033397577
2387 12.274149934856379
2388 11.213174113522824
2389 11.199869783720333
2390 11.515452867012325
2391 11.452138518427907
2392 10.962938646703469
2393 11.121378932154187
2394 11.751470569646257
2395 11.568096094894877
2396 12.594251074388671
2397 12.107368227367976
2398 10.875017026583876
2399 11.285264847134489
2400 11.961699547015868
2401 10.890044610434744
2402 11.21074366469706
2403 10.594937148999207
2404 10.515407753157408
2405 10.77916020950669
2406 11.217642457952298
2407 11.514563500987506
2408 9.981453327254936
2409 10.490222479516405
2410 11.047400458196922
2411 10.951731999378318
2412 10.929085978228501
2413 10.10086488946606
2414 10.647744837906277
2415 10.45546135709396
2416 10.674910156841714
2417 10.847916865040249
2418 11.478854403284515
2419 10.93068689664187
2420 12.736017296990044
2421 12.619462509558694
2422 13.889751586048055
2423 11.606014409765583
2424 10.89098262538138
2425 11.588076448432572
2426 11.910188901985421
2427 11.125036994577354
2428 11.475781017393901
2429 11.99642321467018
2430 11.254474369374002
2431 9.291075167328485
2432 10.630759380064408
2433 11.427997172922382
2434 11.899772401261634
2435 11.374072240199585
2436 11.712886788706976
2437 11.530071136168866
2438 10.470506799048765
2439 11.551340865965354
2440 11.19131956418291
2441 10.579924202775924
2442 11.959421467402978
2443 11.178276462285595
2444 10.397873358039439
2445 11.380245025717398
2446 11.67850310525925
2447 10.503314109697063
2448 10.696970497922047
2449 10.336232229579169
2450 11.873182795158321
2451 10.458156929788538
2452 11.450390417825641
2453 11.465698154373658
2454 11.320150514920533
2455 13.273899086494223
2456 12.28503619359099
2457 11.790819133006819
2458 11.901484060789114
2459 11.746151165342624
2460 12.418948724921103
2461 11.905765163828546
2462 13.088803796283639
2463 12.910637174834688
2464 12.687995208769562
2465 12.262855624923146
2466 11.763213202718983
2467 12.130440361582945
2468 12.059220976488485
2469 13.134076871513967
2470 10.9415205863988
2471 13.125550269397591
2472 11.021042828966674
2473 12.161168939868913
2474 11.988179343098814
2475 11.490984807836515
2476 11.040397641882667
2477 11.069457244219533
2478 10.779301145508875
2479 11.49324741298369
2480 11.111820230805195
2481 10.932553741101186
2482 10.633766609413724
2483 10.721966142704416
2484 10.859921100416797
2485 11.44147311691172
2486 11.988493687494001
2487 10.838020973654348
2488 10.774913344649027
2489 10.814543806365569
2490 10.699286885841758
2491 10.792685836839208
2492 11.023133204234004
2493 11.369143259462788
2494 11.237428579927968
2495 10.65390660320409
2496 10.959703265634385
2497 10.93484855728016
2498 9.86229438357552
2499 9.925589039896968
2500 9.804916052317951
2501 10.369316956879363
2502 9.671804505133673
2503 10.09178708714575
2504 9.000976899004815
2505 10.100477393608422
2506 9.123321406459342
2507 10.012325668193828
2508 10.279704341439171
2509 10.532846799005855
2510 11.054544901986482
2511 9.275897110904758
2512 10.413411176085509
2513 10.173933242069658
2514 10.959170948612368
2515 11.941171663421393
2516 9.919617070923053
2517 9.703121494213251
2518 9.441618237813842
2519 11.404827686424836
2520 9.474004704209793
2521 11.06502072210141
2522 11.017459160323828
2523 7.92532754820769
2524 8.169754513596752
2525 8.508177050434151
2526 10.49243797956395
2527 10.557058703981072
2528 10.91592511876832
2529 11.296311391290763
2530 10.53314764638293
2531 8.41445382449317
2532 9.725703489110112
2533 8.235953152708655
2534 8.705542100282559
2535 8.989315599609853
2536 8.369087706748429
2537 8.151145864967498
2538 8.15893230370054
2539 7.924837708970891
2540 8.230361982560032
2541 8.979714212588462
2542 8.4918277586809
2543 10.120121123537505
2544 8.957107759971317
2545 8.91372275092324
2546 8.823276763130112
2547 8.977017039761488
2548 10.462766975243223
2549 8.504301689837394
2550 9.287899489479662
2551 10.472355728265686
2552 10.623485259092881
2553 9.281611956237278
2554 9.972747636911595
2555 9.359058775587041
2556 10.149489399871175
2557 9.915586104434247
2558 9.934153575237783
2559 8.02903563261393
2560 8.345232282183815
2561 8.606391424599101
2562 8.708218684554094
2563 8.652604248522477
2564 9.831333796417853
2565 10.29006227487469
2566 8.879793358882608
2567 9.920777504183933
2568 10.042326280386314
2569 11.6783965759833
2570 10.583109342921427
2571 10.926362624084316
2572 10.669593018438368
2573 10.825484642006268
2574 10.271652122833958
2575 9.950597058929858
2576 8.946541614199305
2577 11.298380893133988
2578 10.002928425232783
2579 10.084989847728497
2580 9.647896075635236
2581 8.905216602274203
2582 9.852105442694823
2583 10.129589417391463
2584 8.867627104763024
2585 11.046864003133182
2586 11.6768756157131
2587 11.824976644631798
2588 14.766319809077933
2589 14.843913159967746
2590 14.991039572505787
2591 14.780140225392632
2592 16.654901499212066
2593 16.23256890669675
2594 15.438073705895869
2595 15.65468195993398
2596 14.771169071907075
2597 15.470742320657362
2598 15.745682007316322
2599 15.800090224448885
2600 16.80582808045292
2601 15.978214645696024
2602 16.829622740290333
2603 16.296816175996064
2604 15.494196331188235
2605 15.685376852005566
2606 15.861588703427326
2607 16.87281942697606
2608 16.438285483267883
2609 15.197115965507281
2610 16.469136518650473
2611 15.07614996927957
2612 16.414094430387795
2613 17.51450529133609
2614 16.904977838120455
2615 15.265128818512439
2616 15.148224342478798
2617 15.334468673105278
2618 14.806861196085116
2619 15.606001983889023
2620 14.129915507331773
2621 14.972812630694628
2622 15.67302760344436
2623 12.334516364498539
2624 10.268783282654043
2625 8.17340416507003
2626 8.578097172175438
2627 13.027759834140959
2628 11.15376401696148
2629 12.976217072345705
2630 11.279933263928626
2631 11.393431958137068
2632 11.968726307670078
2633 12.420054370116267
2634 12.033544038262804
2635 10.514503255888911
2636 8.407484167859206
2637 10.654348144498174
2638 10.899307435568657
2639 10.741396230691702
2640 11.261499606905593
2641 10.436459046188045
2642 11.894376287220176
2643 9.938084350052256
2644 9.745518360815401
2645 10.663334848225915
2646 10.077006943784681
2647 10.063163229571717
2648 11.31424964538148
2649 11.222814793840575
2650 13.419110941577523
2651 10.324044879135144
2652 12.51926755498077
2653 10.01511811386034
2654 12.831463916826257
2655 13.248747600759355
2656 13.678071641761367
2657 12.152602963427135
2658 13.771756469250988
2659 9.054258011831926
2660 7.053749169734564
2661 7.832498049564065
2662 8.095395794717835
2663 8.254157865697078
2664 8.554352691063455
2665 8.883839578630273
2666 9.70820609189218
2667 7.889046124393597
2668 7.806222265983227
2669 7.917593136846696
2670 8.89946315399161
2671 8.366431986817354
2672 9.359871079896832
2673 9.024976635040458
2674 8.220132900009784
2675 7.913859098026153
2676 8.273640382552498
2677 8.335760258328637
2678 8.383852760635367
2679 8.040001364824903
2680 7.370488753348075
2681 6.657817485270656
2682 6.92010109512423
2683 6.397062374666161
2684 8.84735113453764
2685 9.542163738906043
2686 8.847853446905393
2687 9.254588132959173
2688 6.809770244936824
2689 9.985611655214633
2690 8.073026667198464
2691 12.0454171117191
2692 15.047001933887287
2693 14.661049895243888
2694 12.085552352949728
2695 8.197575539215338
2696 7.290168840080931
2697 9.656248698970154
2698 7.624427013056665
2699 7.290051895049344
2700 5.902255190463707
2701 5.854886631418074
2702 7.086649159589079
2703 7.39823497570854
2704 7.491152059964077
2705 7.310093621760302
2706 7.387107415234297
2707 9.031661457071973
2708 7.098831695847552
2709 7.085282271222755
2710 7.345087248294559
2711 6.503335476029438
2712 8.643894152304398
2713 8.637355803196634
2714 11.053498630385686
2715 15.792734489832089
2716 14.210721442575304
2717 17.320118041254297
2718 20.280091187964544
2719 18.55550768039285
2720 22.997543890168522
2721 22.905726690950083
2722 22.633433874282428
2723 17.86912683104766
2724 10.556359678841073
2725 15.449545851670708
2726 9.121298494089682
2727 11.532979140037906
2728 11.464693958605542
2729 9.929947867238056
2730 11.73463593679637
2731 14.06767310771734
2732 13.052338567002957
2733 11.675273242225789
2734 12.458592942199635
2735 11.513764951715983
2736 11.062054112108632
2737 10.125061461672102
2738 10.743331544935216
2739 10.468715305094204
2740 10.91415494802382
2741 11.238638592168522
2742 11.202583656657728
2743 11.445505338984505
2744 10.93152771042262
2745 9.834650321253735
2746 9.791479451025653
2747 9.751729671518412
2748 10.780580077755621
2749 10.105536251885
2750 10.272443365538184
2751 11.08881914865192
2752 10.841836545692123
2753 11.765531168708865
2754 11.357379739088989
2755 11.363639581204698
2756 11.079523063172996
2757 9.641120450459745
2758 10.525755996659939
2759 10.521378375488798
2760 10.22148114561852
2761 10.98834748796349
2762 10.864178572849287
2763 11.259492480290225
2764 10.645194152668745
2765 10.268659320700166
2766 10.124653597593756
2767 10.381793397049156
2768 9.9472785293804
2769 10.283107973095204
2770 10.317665887500548
2771 10.655535946711336
2772 10.454053220257535
2773 9.90834829802576
2774 10.433757480292343
2775 10.384325114914537
2776 11.010516032685114
2777 10.588215100452635
2778 10.786540025314643
2779 10.346192778537922
2780 11.235666066216327
2781 10.5851762480496
2782 10.875014292110327
2783 9.930886630901846
2784 10.606446944766294
2785 10.017041899624521
2786 11.355384685406278
2787 10.206943239553148
2788 10.227226485666275
2789 10.618689660843916
2790 10.803524575845566
2791 10.341748009661433
2792 10.21605718260781
2793 9.926432439461925
2794 9.679169399256205
2795 9.756789399689717
2796 9.84215323776111
2797 10.306248697064273
2798 9.871991001409857
2799 10.540622551967
2800 9.935920796540596
2801 10.505250953578106
2802 9.574739612445592
2803 9.885884075948786
2804 10.489688110644662
2805 9.837084745751753
2806 10.349785406381912
2807 10.393866404466579
2808 10.306726328673689
2809 10.176148036982488
2810 10.804347014704046
2811 11.464363641668756
2812 10.989754886163833
2813 11.435367654342059
2814 11.114887956840972
2815 11.13361779839326
2816 11.291146768453965
2817 10.739891030793318
2818 10.64172405723637
2819 10.439831779046271
2820 10.507565144225406
2821 10.103950776268153
2822 11.012447346257634
2823 10.9831037651156
2824 11.183379169362778
2825 11.03525541248988
2826 10.867149819649033
2827 9.898036226506544
2828 10.199953972059568
2829 10.75808789759618
2830 9.971669607688254
2831 10.466143411481339
2832 10.506477120583638
2833 10.108204192953417
2834 9.938376405043195
2835 9.7918447271616
2836 10.583141057358517
2837 8.842283205724895
2838 9.865696083292425
2839 10.85021236270505
2840 9.538790532967555
2841 9.38494440233161
2842 9.321497553500214
2843 10.198223063835062
2844 10.78204917774016
2845 10.620496739155472
2846 10.456744109415112
2847 10.239214085086962
2848 10.17346594692122
2849 9.671308325728347
2850 10.418873181969339
2851 10.58916842493109
2852 10.141848500871166
2853 10.559526856385572
2854 9.848912258222146
2855 10.693329116713704
2856 10.540993315450416
2857 10.785273803121001
2858 10.478714718103806
2859 10.344504341196483
2860 10.902279473983402
2861 10.127293880751324
2862 10.967106684307394
2863 10.819607246481644
2864 11.26314832486781
2865 10.156486523472061
2866 9.969753303278079
2867 10.618442019290754
2868 10.875925827571137
2869 10.457614726124886
2870 9.866321136371303
2871 10.03896267896153
2872 10.024182332693496
2873 9.857474959820134
2874 9.73320962935391
2875 9.672931685310976
2876 9.851000662511899
2877 10.34562143752246
2878 10.490269268740192
2879 10.062490799014663
2880 9.755129236005601
2881 10.651778612318182
2882 9.976518049288611
2883 10.170790509569494
2884 10.093496194632134
2885 9.950620168207774
2886 10.21660462610151
2887 10.340346728230143
2888 9.805373038221976
2889 10.629925175514714
2890 10.602639986381437
2891 10.641353941829205
2892 10.44124256851255
2893 10.057444512730523
2894 10.270428342552902
2895 11.469301330372078
2896 9.90834644288904
2897 10.937426047261386
2898 10.328140533834556
2899 9.476809063054377
2900 10.049893430385072
2901 10.181796032451818
2902 9.920169101920402
2903 11.059357699094344
2904 10.0513516642683
2905 9.721897534008043
2906 10.265425948861482
2907 10.350293671525838
2908 10.556351493163396
2909 10.207029382833863
2910 10.768064929818685
2911 10.406513437508426
2912 10.029050043403906
2913 10.835592777092108
2914 10.356568929767228
2915 9.646833921353817
2916 9.772490931277202
2917 10.373065583003118
2918 10.790747801707205
2919 10.5706164520614
2920 10.711480186570496
2921 9.4256103285937
2922 9.992721262777234
2923 9.977110258174843
2924 10.352309245934599
2925 10.149987772792775
2926 9.764524891109742
2927 10.262068298059715
2928 10.746131763225595
2929 10.014281601127486
2930 10.217933467201945
2931 11.418963918970205
2932 10.768656433469566
2933 10.835875454310044
2934 11.5648332662164
2935 10.629008422409314
2936 10.965215127429495
2937 11.457496368772722
2938 10.990876183402502
2939 11.394890995870846
2940 10.207216253088571
2941 10.593855887589976
2942 10.874430772943803
2943 11.354813032368678
2944 10.341342757095934
2945 10.116177540259422
2946 11.117620758239418
2947 11.067218314055529
2948 10.495038733263472
2949 10.634559122542496
2950 10.938628794760564
2951 10.981029868007596
2952 11.350036295650506
2953 10.38146479879805
2954 10.597618331280119
2955 10.00272849912333
2956 10.652442756210641
2957 11.060786533063393
2958 10.802222894977938
2959 10.849171355921598
2960 10.929714427994753
2961 11.624335340904347
2962 11.238446541415085
2963 11.360872047046552
2964 10.90256069685983
2965 11.525488476515953
2966 11.568107143140075
2967 11.28045518223132
2968 11.99012769657905
2969 11.6506395837598
2970 11.427280738063157
2971 11.166232344742115
2972 11.403670310639113
2973 10.891801333275865
2974 11.412321292881385
2975 11.270380787218404
2976 11.282460483346002
2977 11.780392752784884
2978 11.026589664877068
2979 11.172986217902642
2980 11.39677961733448
2981 11.762335703289871
2982 11.88707567065275
2983 11.76071347928474
2984 12.51832303159141
2985 12.428584915458929
2986 12.184613058098812
2987 11.474330124402423
2988 10.738412031416443
2989 11.278766739918593
2990 11.471158892500672
2991 10.83346674977706
2992 10.13046875510977
2993 10.84699507074216
2994 10.023530774775315
2995 10.291514741295934
2996 10.505587905548877
2997 9.92243746027233
2998 10.193458136557066
2999 10.555184387978523
3000 10.117831005918555
3001 10.159487388868813
3002 9.909849516984645
3003 10.064390382402506
3004 10.158101355149698
3005 9.356223537170363
3006 10.000454619005298
3007 10.233420112104044
3008 9.548957789958447
3009 9.483968162505455
3010 10.953523605005357
3011 9.650255377256041
3012 10.154918868981078
3013 10.023937380704497
3014 10.21455209736346
3015 9.883713037343023
3016 9.92504618065092
3017 10.142679564771669
3018 11.160943001847812
3019 10.190646523721284
3020 9.707535120129876
3021 10.296864950804052
3022 10.286867100544837
3023 10.6870121990253
3024 9.793020716273903
3025 10.529009671202594
3026 9.92641652151069
3027 10.253718815706154
3028 10.049173010759063
3029 9.858348298380761
3030 9.965467013190453
3031 9.7578915970481
3032 9.72034599154273
3033 9.984149240532705
3034 9.68251666709926
3035 10.170127706223102
3036 10.027188194666886
3037 10.317157604216819
3038 9.756515406731188
3039 10.368714433044694
3040 10.337959956413412
3041 9.669558345323043
3042 9.684814700321471
3043 10.001090849033897
3044 9.663550686400407
3045 10.048285046283729
3046 9.665924486850168
3047 10.033396749725265
3048 10.114579149007962
3049 9.704412477087043
3050 9.911655385095237
3051 9.783456775884819
3052 9.836928259180173
3053 9.91363145183266
3054 9.607986214062587
3055 9.935450223850356
3056 9.877676231449408
3057 10.951136087681489
3058 9.644322493793124
3059 9.413434450407074
3060 9.62973168264095
3061 9.748009759789698
3062 11.092148803972044
3063 10.374867983012553
3064 9.624323684443638
3065 10.780076213060196
3066 9.940996606792407
3067 10.242633272997095
3068 10.418425537752906
3069 10.171384512685458
3070 9.880962803822051
3071 9.737676113239907
3072 9.831993350285748
3073 10.20805232111513
3074 9.600139340855481
3075 10.012878175525925
3076 10.038737798417552
3077 11.19844975600265
3078 10.430552639908317
3079 10.24631347515922
3080 11.141380092347637
3081 9.984895857194532
3082 10.620601597039725
3083 9.759513404821526
3084 11.030381001056428
3085 9.538917108180605
3086 10.206702275130302
3087 10.178730974085855
3088 10.298645840692913
3089 10.310777569603372
3090 10.349726693513976
3091 9.300119588022376
3092 10.621214213170877
3093 10.131424982162384
3094 9.424466266950718
3095 10.305439159258617
3096 10.081390766320071
3097 10.18714843732928
3098 10.452064891741871
3099 10.330972055587399
3100 9.91473333693952
3101 9.760572586499165
3102 9.760200730207757
3103 10.721630944077175
3104 10.295977602547236
3105 9.718560539936378
3106 9.710335712350439
3107 9.883202398369033
3108 10.028679962889116
3109 9.623860842899964
3110 9.667297005848308
3111 10.335735136711248
3112 10.009693709627589
3113 9.588322714956876
3114 9.557388642575093
3115 9.301379508632134
3116 10.043344879904723
3117 11.09976888330373
3118 9.390363103103075
3119 9.762648701869535
3120 10.116725006807371
3121 9.58827031673634
3122 9.665922225036901
3123 9.828527269881791
3124 10.127056519935303
3125 9.835779362520524
3126 9.527124375866974
3127 9.774236666174248
3128 9.64301210025664
3129 8.78451779188992
3130 9.778859355680932
3131 9.772355501839824
3132 9.831105044225207
3133 8.990272480702474
3134 9.5647750063014
3135 10.02212155255743
3136 10.228173965541117
3137 10.59778078749289
3138 9.973307096035951
3139 10.344899196021226
3140 10.477594154629998
3141 9.815998685225702
3142 9.5601084532326
3143 10.028688664043173
3144 10.604775843438247
3145 9.841094182776464
3146 10.015129326173028
3147 10.503474252527372
3148 9.711350745432064
3149 10.378903294984905
3150 10.534779920404457
3151 10.120578337400126
3152 9.722855695925881
3153 9.913182414214813
3154 10.261933398472964
3155 9.750248117099627
3156 10.053352164136275
3157 9.981755119370206
3158 9.90425943419404
3159 10.601825802977336
3160 9.17693930575127
3161 9.30313120127784
3162 10.139033793719713
3163 10.386799462572748
3164 9.967448799668382
3165 10.944965147171157
3166 10.3502289659595
3167 10.115124258948947
3168 11.057680831888426
3169 11.860106558068958
3170 11.046937065220282
3171 10.929891080838477
3172 10.333752767506763
3173 10.027357227619595
3174 10.089771799215494
3175 10.241327941044876
3176 9.401010585600591
3177 10.246290948322684
3178 10.44612808307288
3179 9.729715770401025
3180 11.35426343535689
3181 11.05253300921974
3182 9.921083799382009
3183 10.113839572859924
3184 10.549210030424227
3185 10.337580406764024
3186 10.42918477743301
3187 10.008563063485623
3188 9.915951444763884
3189 9.877240464151898
3190 9.625704687387316
3191 10.027085593220004
3192 10.00274281941192
3193 10.293044842405772
3194 10.099072839020634
3195 10.057774474408607
3196 10.031744554941524
3197 10.201675083826958
3198 10.414269245615095
3199 10.18671152698351
3200 10.234418625120966
3201 9.883135938521523
3202 9.491111672859594
3203 10.327970942179443
3204 10.370536052599402
3205 10.735714643904817
3206 10.531247958389413
3207 10.670740651424543
3208 10.144077841449752
3209 10.422956923704117
3210 11.19347990976591
3211 10.306120092673787
3212 10.381107490208045
3213 10.627074064363995
3214 10.523009680210361
3215 9.954697465961843
3216 10.054601934861386
3217 11.16072036871256
3218 10.143183249773307
3219 11.351465174933486
3220 10.544865198991786
3221 10.254973411705462
3222 10.585132039174121
3223 10.181799778637487
3224 9.82717554083718
3225 9.22431309327449
3226 9.232677920744752
3227 8.930508827635217
3228 9.712778120997923
3229 10.232752061787265
3230 10.423901613655048
3231 9.973032183368188
3232 10.155746205254507
3233 10.009919149774088
3234 9.738011228291645
3235 9.402416481460788
3236 9.85298049677155
3237 10.296996130217059
3238 9.521595484412357
3239 8.859334825108643
3240 8.934194882522508
3241 10.178643784954671
3242 9.738094059602542
3243 9.326025714278181
3244 9.711904186868393
3245 10.558613831481447
3246 10.190442048836807
3247 10.661209601157037
3248 10.781874864877823
3249 9.647062827401726
3250 9.965895609787887
3251 9.378331219555761
3252 9.514235124484298
3253 9.800920051447989
3254 9.795070477455088
3255 9.929195566351979
3256 10.586943769442005
3257 9.89377943865181
3258 10.442606591062217
3259 10.246708431769688
3260 10.138427168181096
3261 10.15666764181582
3262 10.226207748425244
3263 10.327588432322878
3264 9.996416861948093
3265 9.726619278581552
3266 9.947001333736273
3267 9.78781817672007
3268 8.960926228800703
3269 9.67323583493002
3270 9.831124433728034
3271 10.22335215481172
3272 9.830472255320089
3273 10.130081899049886
3274 10.134233804903078
3275 9.800992693150476
3276 10.253305461931767
3277 10.309343136358963
3278 10.33356785057384
3279 10.240777263400759
3280 11.205523188452023
3281 10.852257622749885
3282 9.812239931663589
3283 9.837258460200566
3284 9.985707567903628
3285 9.426455326292912
3286 10.70885776614346
3287 9.164748370931715
3288 9.866105804656936
3289 9.676026470749894
3290 9.447905166111873
3291 9.84695155948055
3292 10.020301749264876
3293 9.780886876678574
3294 9.857860501639218
3295 9.23686118639
3296 10.084776707144803
3297 9.602549816310281
3298 8.780164998417845
3299 9.398215989240942
3300 9.473113685029583
3301 8.822824812042555
3302 10.247352353851138
3303 9.824898045747716
3304 10.238031976259656
3305 9.76640711685183
3306 9.712231070240092
3307 10.786351567513208
3308 11.43090479322667
3309 11.229686774927682
3310 9.577823214282603
3311 10.048601055375357
3312 9.7212127162516
3313 10.188407999702854
3314 10.59795922054407
3315 9.430932840285212
3316 10.110495198424289
3317 10.056981275412394
3318 10.099165476891852
3319 9.787878280068044
3320 9.667610925383539
3321 10.291578638868797
3322 10.305233083452043
3323 10.34106489654544
3324 10.137531749663408
3325 10.07237721456639
3326 10.424794029724119
3327 10.3792059626501
3328 9.798866176195867
3329 9.9839167023643
3330 9.413446514109959
3331 10.38692713426032
3332 10.024724243127917
3333 9.525555456547911
3334 9.868345005053119
3335 9.853451853587035
3336 9.482763787136806
3337 9.12118552946906
3338 9.539337776086189
3339 9.194862695122328
3340 10.164436028977502
3341 9.674726804291144
3342 10.496929190443241
3343 10.887835929221678
3344 11.20260869173702
3345 10.565639484313456
3346 10.479109665616734
3347 9.973902725925337
3348 10.578842139615999
3349 10.944238186816216
3350 11.253719180139091
3351 10.738712800644304
3352 10.046250250114408
3353 9.625758049340691
3354 9.32726440392169
3355 9.958770896826847
3356 9.527860858329374
3357 10.422001653481905
3358 10.528743861444516
3359 9.288196769811286
3360 9.515139063482255
3361 9.89805712768049
3362 9.29531116195428
3363 9.798979404686525
3364 10.585432113584025
3365 10.523296302455464
3366 11.978298517087614
3367 11.880036169820212
3368 9.919081501339557
3369 10.998255146704176
3370 10.479639953866235
3371 10.082500555819689
3372 11.094046530055703
3373 10.320586265025762
3374 10.093007287120692
3375 9.886990207173572
3376 9.495519128079465
3377 9.615067816002199
3378 9.452139296466076
3379 9.968621141457493
3380 10.440563499661673
3381 9.492124907953544
3382 10.394977756771027
3383 9.889878031967784
3384 9.72157188760329
3385 9.427808870995058
3386 10.679165463538581
3387 10.489796457256643
3388 10.372059055314791
3389 9.668152357790914
3390 9.59192543401741
3391 9.966238263215732
3392 10.067767054865278
3393 10.988633026893126
3394 10.320772835107624
3395 10.689795246486018
3396 10.865619423860302
3397 9.766554149891537
3398 9.090117130065257
3399 10.342098120744758
3400 10.514177065947209
3401 9.736391756033258
3402 10.998216704898267
3403 10.226652447137832
3404 9.936485220963917
3405 10.129435807746587
3406 10.793983375513207
3407 9.422316806312462
3408 9.333549868248443
3409 10.506910821721675
3410 10.458438932537003
3411 10.45469165281194
3412 10.232701263038265
3413 10.310648448099831
3414 10.74469259165702
3415 9.686411845058084
3416 9.685779317113779
3417 10.806306633542373
3418 10.395870976496997
3419 10.114091462026932
3420 10.21588620335699
3421 10.047124242475983
3422 10.569115289583653
3423 9.883714676171833
3424 10.115821921327434
3425 10.92374419399771
3426 9.942970710082093
3427 10.375300072029944
3428 9.54145443799704
3429 9.902960299676563
3430 9.895594199688807
3431 9.654916240971604
3432 10.617749962109134
3433 10.939296535448548
3434 11.690975272333445
3435 11.033018042595712
3436 10.858814728440722
3437 10.103997410106384
3438 9.866607617244785
3439 10.230603054482653
3440 10.456048120413408
3441 11.125618269182738
3442 10.032757525411956
3443 10.607604294675955
3444 10.82099470783068
3445 10.44446165501061
3446 11.000575324141458
3447 9.645067791194057
3448 9.562350928249192
3449 9.569198148116408
3450 10.267701228395376
3451 10.568201341537545
3452 10.613700428706984
3453 10.555070166601638
3454 10.042925090909025
3455 10.293163143029917
3456 9.816180022633539
3457 9.44188019577338
3458 9.615567667785758
3459 9.84385018184848
3460 10.057688373957479
3461 9.998976162569512
3462 9.889185639992773
3463 9.726814242100774
3464 9.636075933687911
3465 9.358394213829204
3466 9.558761349466028
3467 9.611875940907714
3468 9.749434819213665
3469 10.18986786280979
3470 10.134691403018529
3471 10.039302094028601
3472 9.526507950879568
3473 9.978702035572024
3474 9.164039562917482
3475 9.843202015258946
3476 9.643850312110997
3477 10.230984745959185
3478 10.41812189989976
3479 10.292972545198523
3480 10.03300837470282
3481 10.451221049650533
3482 9.789462126040348
3483 9.548369593094344
3484 9.991839290687407
3485 9.9765747147264
3486 9.98750722645573
3487 10.664232521666207
3488 9.95877086636999
3489 10.02163991962427
3490 10.027149020417509
3491 10.17363076022719
3492 9.69798311716642
3493 10.799425500058474
3494 10.15037408269123
3495 10.228485928260033
3496 10.090131901682778
3497 10.200147007940497
3498 10.108635814691347
3499 9.821220960772381
3500 9.591166341975853
3501 9.538870935839512
3502 9.836319837102616
3503 9.256152163659616
3504 9.674526538686251
3505 10.043863666129235
3506 10.221481936894488
3507 9.777469450035781
3508 9.747768210931744
3509 10.284541679691884
3510 10.286935204484335
3511 9.880338455441557
3512 10.115026323477908
3513 10.568267467619867
3514 9.709126224907534
3515 10.206805433846158
3516 9.847254290773316
3517 9.826272998640677
3518 10.208303301736608
3519 9.618025150321364
3520 9.637385264236082
3521 9.883002798971491
3522 9.807257345304967
3523 9.488518716080268
3524 9.607655789320644
3525 9.49702159114613
3526 9.942086096537908
3527 9.835229109614243
3528 9.694347665671955
3529 9.850429175413481
3530 10.130542325507898
3531 10.527415420627142
3532 9.987148437017215
3533 9.736170473901097
3534 9.908710922383591
3535 9.896917362843602
3536 10.20811803582777
3537 9.66994170614986
3538 10.171352283752034
3539 10.073332089429554
3540 9.418614001188871
3541 10.014064042539799
3542 10.074748233625371
3543 10.498808588629846
3544 9.949443771721727
3545 10.068612374856258
3546 9.861014595679752
3547 10.321702399920829
3548 10.168291128103599
3549 10.30559316185408
3550 10.379271232269417
3551 9.949151362003189
3552 10.247852895788872
3553 9.770515208447653
3554 9.846372371128375
3555 10.069511517829948
3556 9.937883538290102
3557 9.742123781383757
3558 9.951095558502434
3559 9.848789396023676
3560 10.291917077144571
3561 9.537801223960253
3562 9.894970456281547
3563 10.324036245950058
3564 9.859308445846548
3565 10.34981109368367
3566 9.743424802707967
3567 9.974590915876252
3568 10.04638694324948
3569 10.15941531703494
3570 9.221868179417752
3571 10.00868375696575
3572 9.925565404829497
3573 10.244985251962435
3574 9.543710652706368
3575 9.691546905926527
3576 9.666861778046938
3577 10.20408938801159
3578 9.875595057660124
3579 10.178752119454085
3580 10.203309277659015
3581 9.977577037645435
3582 10.043688234107595
3583 9.65198346383278
3584 10.226012796971654
3585 9.804637510113738
3586 10.47525861631328
3587 9.82635626147076
3588 10.048571301166477
3589 10.257164841189251
3590 10.097627935454009
3591 9.944949166582415
3592 10.011633753605434
3593 10.528294683713431
3594 9.580023266068375
3595 9.98537102026431
3596 9.930881526460906
3597 10.182116932412846
3598 10.59073284501292
3599 9.98192397438214
3600 9.919749382617315
3601 9.980321455854122
3602 10.120225544034408
3603 10.113895210662557
3604 10.126138636119254
3605 9.79996362400109
3606 9.859930092025087
3607 10.00455694821988
3608 9.984031462209577
3609 9.430544901956115
3610 10.785544429667308
3611 10.351262800941385
3612 10.637474388988078
3613 10.25177232446867
3614 10.72492455431431
3615 10.056852562080838
3616 9.985293378371887
3617 10.316369399218674
3618 10.314472627360189
3619 10.019111817421342
3620 10.012354474469175
3621 9.547019634958623
3622 9.735181750791828
3623 10.288986237741812
3624 9.617737158229767
3625 9.634925037509687
3626 9.98869647393146
3627 10.526675489879961
3628 9.687085018669626
3629 9.96891111824494
3630 10.012278837799583
3631 10.406998204838638
3632 10.097257784225917
3633 9.714053782929712
3634 10.6288263514395
3635 9.794265774319127
3636 9.861363864622202
3637 9.721295915600116
3638 9.839058542749065
3639 10.180109650500896
3640 9.514071190309098
3641 9.74690267695732
3642 10.290913089336001
3643 9.789593508955509
3644 9.824776822925973
3645 9.39644466176355
3646 10.096111457365394
3647 10.19998917972692
3648 10.061255950045837
3649 9.490743322495168
3650 9.970208928139042
3651 10.538497820566226
3652 10.31142280631121
3653 10.277309536775713
3654 10.734631127628315
3655 10.249682447230176
3656 10.16487927539333
3657 9.934318763412296
3658 10.515144836763863
3659 9.902801318984858
3660 9.235638322640224
3661 9.651715349329526
3662 9.607185370489457
3663 10.169328077996472
3664 9.398727522545016
3665 9.847891416706245
3666 10.018402496524596
3667 9.385753944215788
3668 10.368492578406107
3669 9.589385390845031
3670 9.897189305812118
3671 10.13692334137955
3672 9.430392906031445
3673 10.058372058541188
3674 10.103971465895453
3675 10.155345466933639
3676 10.300971232905363
3677 10.237554791442674
3678 10.083040017445011
3679 10.226258411780494
3680 10.217140210345121
3681 10.000965875427607
3682 10.056928989654306
3683 10.180738519655307
3684 9.703015091034805
3685 10.13049222822881
3686 9.760158677861439
3687 10.223148194685269
3688 9.730555289521305
3689 9.900394527430795
3690 10.10351944912751
3691 10.31128235201092
3692 10.269837077162677
3693 9.212654889345568
3694 8.776407652580227
3695 9.628135849597305
3696 10.031807211213701
3697 9.725792114933677
3698 10.423817661632215
3699 9.638844837222805
3700 9.878687372087073
3701 9.211852755241337
3702 11.564158357007951
3703 10.790132957098491
3704 11.483317395661695
3705 10.081032194813718
3706 11.838234396032043
3707 10.504013898033753
3708 11.890916143075323
3709 12.053637514441846
3710 9.715227257999489
3711 10.944238662487537
3712 10.592452404876616
3713 11.350603397339833
3714 10.816656989848669
3715 11.254318014605518
3716 11.046721700575004
3717 11.42992855783574
3718 10.809352813127973
3719 11.050829639576747
3720 10.942512739707363
3721 11.113853439705817
3722 11.27594776835724
3723 11.021650438515925
3724 10.085370551333394
3725 9.8595387914565
3726 9.846696547126784
3727 11.41238917221922
3728 10.295867515171745
3729 10.290033720537682
3730 9.872758841148906
3731 9.568307750345925
3732 10.075951281664922
3733 10.809928589181027
3734 9.94966473641848
3735 9.830698945042965
3736 9.70247447741993
3737 7.39670980213516
3738 10.701558884939283
3739 8.13768216206173
3740 8.796650195514244
3741 8.853839949989363
3742 9.775608790086213
3743 9.233675660070626
3744 9.42077070225532
3745 8.872210134070926
3746 8.606445696748912
3747 7.01434644517958
3748 6.524490881275181
3749 8.531517531065699
3750 8.09974203541327
3751 9.277149846420668
3752 9.590235341923956
3753 9.304191383778706
3754 8.523421733987497
3755 6.432282503685256
3756 5.906348227914946
3757 5.176772808787927
3758 5.6886318963253135
3759 5.819360219455394
3760 4.298052565148054
3761 7.7365505116351665
3762 9.571855842325682
3763 9.7895623234252
3764 10.181911231239832
3765 8.669907673634581
3766 10.40775748647817
3767 8.276507788271955
3768 9.47759051024001
3769 8.91607933980369
3770 9.376858001904415
3771 5.703406473836729
3772 5.059166358177222
3773 5.209904996074501
3774 5.904269272814153
3775 3.51672154639897
3776 3.8514316417489494
3777 3.4256949949867965
3778 3.7107962516537842
3779 3.38500688842181
3780 3.8364684343682796
3781 3.4289114293552085
3782 3.558778289398358
3783 4.15138936112579
3784 3.409578234615938
3785 5.8862442167603435
3786 5.529889709178193
3787 6.676589933272107
3788 5.918933692947364
3789 7.975701732180874
3790 8.97299614394448
3791 9.358931823581624
3792 10.2809956501959
3793 10.84958738975085
3794 11.411689698472701
3795 12.578407566567623
3796 10.7897569452027
3797 10.00814582892017
3798 8.702090887369671
3799 10.468402163065521
3800 12.093767474227395
3801 10.880900719773305
3802 11.075740719823626
3803 12.33445036558159
3804 11.198102269032004
3805 9.625280736135219
3806 8.738404435742352
3807 12.207041183775198
3808 10.425569672272722
3809 8.952359454721178
3810 10.962695630464768
3811 13.106545881602678
3812 12.808553489673573
3813 18.27197124490638
3814 17.1880171688206
3815 11.624507454194864
3816 11.22899866635915
3817 12.021400137981257
3818 11.647287263864872
3819 15.190282549888106
3820 9.580258566648125
3821 10.702847712125505
3822 11.692154924686637
3823 7.917942210444356
3824 6.423650736074293
3825 8.661254757768166
3826 10.938157772107546
3827 10.54560156945536
3828 10.854091819005145
3829 12.34643261958248
3830 9.780058155378148
3831 10.807767314497038
3832 12.541761928206743
3833 10.356711791332913
3834 9.051284654097646
3835 9.188175638309607
3836 9.821783448912004
3837 9.568960988085239
3838 9.63103406899052
3839 7.7125116531692886
3840 8.77718280088749
3841 10.75722197469498
3842 9.80295572460479
3843 10.613867919292948
3844 8.738155523725357
3845 8.193274402312767
3846 8.314380133913415
3847 7.647843590393101
3848 7.559576387647656
3849 7.781558020784811
3850 7.698451495456983
3851 8.261064578346318
3852 6.561982998171987
3853 7.386730157646655
3854 6.868086802081858
3855 7.529795393937948
3856 7.100422792458365
3857 7.458219286192212
3858 6.181939045889712
3859 6.804001670183133
3860 6.755077164233239
3861 6.330263311568474
3862 6.833081704946303
3863 6.091966460194302
3864 7.047354382679349
3865 6.80786619598768
3866 5.214561288127454
3867 6.60201043154619
3868 6.203582917144619
3869 7.368394267917749
3870 7.055190322356144
3871 7.715671907672854
3872 6.300889008867337
3873 6.643415602478115
3874 6.851113818868089
3875 6.47392207556075
3876 6.812609951068692
3877 5.596601604549539
3878 6.314264936934735
3879 6.002358658863625
3880 6.567626747086711
3881 6.1477922272015135
3882 6.658131821608984
3883 6.09798262371999
3884 5.232068588930145
3885 6.138730070117566
3886 5.930415211141945
3887 6.034351020659207
3888 6.389071376047608
3889 6.072674493294828
3890 6.105726121231867
3891 6.314093167048152
3892 5.643923181366482
3893 7.070505265450574
3894 6.616911291871953
3895 6.468835832869126
3896 6.646313588885199
3897 5.513272604252765
3898 6.213994645991601
3899 7.319512441389655
3900 6.283668712600851
3901 5.438212953265339
3902 7.11835844709127
3903 5.867335701654788
3904 6.252590683708513
3905 5.788941724075813
3906 7.19184727593831
3907 6.091431192270882
3908 6.246440510328995
3909 6.60356001534058
3910 6.146425476617482
3911 6.1124764295668905
3912 5.4696149253409425
3913 7.459477911933643
3914 6.64296876766549
3915 6.583860872279484
3916 6.0073862654416486
3917 6.121520427236193
3918 5.754445094156315
3919 7.313688878645252
3920 6.033012021131962
3921 7.036438288934548
3922 6.107288796168724
3923 6.902547667118707
3924 7.339762310603261
3925 7.3942685898184966
3926 6.493303118119493
3927 7.118307918967289
3928 6.78753479936863
3929 7.341667721342546
3930 6.835155615693569
3931 6.886389999211434
3932 7.130541584575611
3933 7.219154339502448
3934 7.07266714040812
3935 6.8441800495021115
3936 7.193828494967653
3937 7.412020358880553
3938 6.344777296800391
3939 6.756904469405088
3940 8.149518628321681
3941 6.579920844160346
3942 5.960959239476566
3943 4.748149056576801
3944 4.720713377172723
3945 4.4851449716917635
3946 4.876202949527084
3947 6.278733459799737
3948 4.717220473903815
3949 4.49539929514255
3950 4.684333142155705
3951 3.4356591833178904
3952 3.49527205658146
3953 3.385772955290297
3954 4.739657548981228
3955 5.56863488573113
3956 5.2943816161557296
3957 5.3878235262170735
3958 4.5274764185198775
3959 4.7661324125271385
3960 5.015126973598731
3961 4.251763000913183
3962 5.4516347126907805
3963 5.597190626357164
3964 5.888758497415055
3965 5.528891845435718
3966 4.7208349404345284
3967 5.663385648484226
3968 4.98177160150725
3969 5.783999972212128
3970 5.889007381875669
3971 5.150505065167842
3972 5.512483263124019
3973 5.3337268786562815
3974 4.218928143228899
3975 5.182092132895491
3976 5.54343347010284
3977 4.67340111452554
3978 5.71189231003441
3979 6.1674669856464766
3980 5.863192275171452
3981 6.3393071674465
3982 6.488514640990065
3983 6.582823204477637
3984 5.847422477532921
3985 8.27937997862606
3986 7.646698067965242
3987 8.228248654089583
3988 7.368721243894126
3989 6.61923253167272
3990 5.831245969458301
3991 7.136233079791856
3992 6.988811491786179
3993 7.691911245970199
3994 8.01078428222426
3995 8.475233262936587
3996 7.521000971155908
3997 7.162608800940569
3998 8.266695523699726
3999 8.079785360754112
4000 8.208628645148568
4001 27.49174814442797
