0 32.29589059781323
1 29.02256623435118
2 33.98418956410546
3 29.225890154543404
4 25.00138287023137
5 28.0480586309591
6 24.61112210437167
7 24.186691750190157
8 32.68215929151418
9 33.26882628956991
10 31.307431640404513
11 31.49267547766919
12 30.16140906748342
13 24.574328712338875
14 30.688944630805043
15 31.731480116059124
16 25.7104412303626
17 25.243756900372492
18 29.06930689187297
19 36.283684206999176
20 36.639139842636766
21 37.98297353794461
22 34.70827716931477
23 29.40286563069803
24 26.68792700414051
25 28.37723517455605
26 31.292040550431995
27 26.587561952134642
28 27.027278327093263
29 23.46848824949242
30 25.78138449035755
31 34.478247487455754
32 31.178141477788188
33 24.298725360799594
34 24.89376064248862
35 23.20449513585524
36 25.4304385308468
37 19.024571534237197
38 14.35084883504731
39 13.951689253278477
40 11.119992321480343
41 11.803365586144144
42 6.5694994791839765
43 7.906613593651664
44 8.921739074464643
45 7.981331282746378
46 7.842950713291949
47 8.140681221412445
48 6.832457239303159
49 7.086269508189972
50 7.969584856894054
51 7.981283926111053
52 7.137275238508643
53 7.239992960510648
54 6.887410177824524
55 6.363606709039008
56 6.643345196773309
57 6.765264740796771
58 6.727690437660553
59 6.798860425158219
60 7.372461155341733
61 7.546832873243073
62 7.10500795432747
63 8.270732185398728
64 8.654625087224263
65 7.588580681908373
66 8.163037996896524
67 7.073834875355321
68 7.7091564832272175
69 8.244661532949024
70 9.296082798445427
71 8.846033128660153
72 8.256751162616625
73 8.16124738472269
74 8.475352963460029
75 8.507867687172027
76 8.670760916438264
77 9.78408680658505
78 7.974043517824371
79 8.888487795765602
80 6.893369341951532
81 7.798564873841634
82 6.5936657696784176
83 7.493548667411992
84 8.476708381171154
85 7.205148687159375
86 10.856129931272939
87 12.9417945023199
88 11.54411525622304
89 10.137233646680702
90 13.225431973650043
91 10.485715216830291
92 10.265420168658652
93 8.014736812505275
94 7.965970157945804
95 10.94320423379953
96 11.80486796788796
97 10.849428555121355
98 10.683468753700339
99 12.74330460727797
100 13.396294537367627
101 11.685795833731502
102 12.336969764639873
103 12.385977597024242
104 12.645135468360504
105 12.071194176311186
106 10.49409727942244
107 10.030351681238022
108 11.594158471594113
109 9.444186995551528
110 8.374318707897016
111 9.29259735565871
112 8.907591454711081
113 7.636004489258669
114 6.81188359588504
115 6.911185284551204
116 5.35040515086024
117 5.396564420445712
118 6.335903899539074
119 6.0297877928185795
120 5.787740394695457
121 6.010200840139465
122 6.1542894609324765
123 4.305946500194453
124 5.841803453587444
125 4.055777312449271
126 4.453796604035428
127 6.230430948161828
128 5.335511390614304
129 6.177268878437396
130 5.932372907528077
131 6.2268440820633595
132 5.560934584722808
133 6.097336886184649
134 5.96032699929954
135 6.444887566019415
136 6.67741140657523
137 7.882445518534916
138 6.359093026329185
139 6.733325876831737
140 6.180154938473169
141 6.034860438624133
142 6.316498942920365
143 6.698908659915947
144 6.262635053633685
145 4.785816113783314
146 5.50463274071398
147 6.791893512606082
148 7.394985000977644
149 6.76074989155415
150 6.696493609357398
151 7.611470103086785
152 7.902064437182736
153 8.157006751069988
154 8.113160075234168
155 8.572330420626296
156 9.253262171632349
157 8.086872046123224
158 8.922201183960171
159 9.458280913796113
160 9.411601070204634
161 8.569305164748554
162 8.92983406827759
163 8.601569456745047
164 8.414175991214421
165 7.709468458189987
166 8.472837921368484
167 9.066178613759314
168 8.162815326858578
169 7.9956901000563425
170 8.70199015968889
171 8.017068699277505
172 7.971184289839257
173 7.859114376776478
174 6.887456338793528
175 7.688378336133017
176 7.511497297712093
177 7.176424406402127
178 7.552122709571508
179 9.075532530324896
180 7.750073816354587
181 8.406038277225562
182 8.317869815751616
183 7.698312126848484
184 8.601331350228056
185 7.960633555082195
186 8.015536908825279
187 7.488236647606739
188 8.030106425074404
189 6.050649756103692
190 5.932658989439187
191 6.753815046021291
192 5.979657813276229
193 5.988004797315109
194 6.576156372737698
195 6.7256272608180385
196 7.82311732839982
197 7.87436564498667
198 8.537382229317906
199 7.119425919684395
200 7.774287795245199
201 9.521602896380635
202 9.026241892912022
203 9.634359738308547
204 10.792363248715754
205 10.223644299087601
206 13.125085944428134
207 14.607635487600874
208 14.60006835660372
209 17.278907408346125
210 17.68447983373435
211 13.308440987695558
212 11.977224588275133
213 11.646877711031996
214 9.99131585590493
215 10.844633753334119
216 9.673232532645144
217 11.031961132371855
218 7.721416656497146
219 7.744809992746721
220 6.502232237767937
221 7.01058120407959
222 5.810181647400679
223 5.605207631250889
224 6.073623211863389
225 5.870556359514053
226 6.6040329216402975
227 7.04977426587264
228 8.155939760591911
229 10.71891362962939
230 11.497542075698117
231 15.445876943799309
232 16.551482972378626
233 17.84267528617406
234 19.3496948279666
235 18.67420380127106
236 18.62025190738369
237 15.81628891465839
238 19.69476175846417
239 14.409450858865636
240 15.746264814863826
241 16.137042968614132
242 13.747335719827008
243 15.452371742499983
244 18.703147957241818
245 15.090810664036988
246 13.164550538756965
247 14.532014729175273
248 14.230121735665364
249 14.381612504418984
250 12.022630568837702
251 12.332854067310224
252 13.612394280649038
253 13.198661052538622
254 12.177831438129758
255 12.623385005336246
256 13.643184221281372
257 12.831328225961885
258 13.871916889717633
259 15.775151676665141
260 15.516054378660408
261 14.771235913720824
262 15.717888729047248
263 16.041064889429666
264 14.926204587855938
265 14.973580757661631
266 13.626261988887705
267 15.222906357606266
268 16.025019759959154
269 15.558243802260806
270 15.547334820020577
271 16.377330275407814
272 17.148332414701894
273 16.98128784112632
274 15.232355833839001
275 15.431854208534167
276 16.013460767738774
277 16.760526880030373
278 15.010941598982152
279 15.319325333625985
280 15.505151387706505
281 15.072218893888232
282 15.985032626666092
283 16.149661582495533
284 17.66682482020883
285 18.027217568204815
286 16.057318285824646
287 15.915691991989993
288 14.836583452362254
289 15.469029775525767
290 16.117555156961874
291 16.23424474568459
292 16.253139298814
293 15.64853042488852
294 15.11842108651886
295 15.949867229711481
296 15.1298421827564
297 15.067759932485354
298 15.558281608171168
299 16.00551007264712
300 16.237312476788208
301 15.522362788107815
302 15.816089938701987
303 15.846330814637941
304 15.375706938184663
305 15.88174752620439
306 15.275261316691832
307 16.26537575387176
308 14.929250378914835
309 16.014911488775724
310 14.711813616124855
311 14.802376048328307
312 14.746345098025845
313 14.994501150293344
314 14.797285440796054
315 15.167856026855704
316 15.252575659096546
317 16.146597397913578
318 14.760041595392314
319 14.90093938050338
320 15.406908373921809
321 17.46625560136294
322 15.36125298019281
323 14.650609815073526
324 14.91704057433948
325 16.38098873685159
326 14.64429944603974
327 14.647577263701033
328 16.427366070619577
329 15.594139556484244
330 16.787953235325077
331 15.625518934452593
332 16.633479572889357
333 15.300610394338555
334 15.731734347514431
335 15.438962646385846
336 15.106814532173516
337 15.653483642127638
338 16.955974540906613
339 16.082942375318126
340 15.189721106157473
341 17.027682996190787
342 15.683310988271513
343 15.587720146430401
344 16.473911728153666
345 16.436884886677245
346 16.00968909281676
347 16.20999899824784
348 16.521834628228522
349 18.1872371188029
350 17.15038615049516
351 15.810969701342238
352 16.31017596965571
353 16.6553820772076
354 16.404166530842357
355 16.17564405891977
356 16.53051528815337
357 15.908004113054533
358 15.50975564494971
359 16.312828282212866
360 18.74289270358764
361 17.160737051175424
362 18.776598663743005
363 16.50527148698724
364 18.03671666896297
365 17.415496931414356
366 15.40753208719829
367 14.433034289578906
368 16.414229452296432
369 18.081344142506854
370 20.11729903841267
371 19.35999982692035
372 20.383045118930895
373 19.457405308233394
374 20.14877165253219
375 21.976337192233647
376 20.49658020881522
377 19.341389378147326
378 19.818153042006784
379 19.626354232462052
380 19.021885773188583
381 19.309871349805483
382 18.54306970197205
383 20.356072051889537
384 19.52281789186241
385 17.01883223421904
386 15.892502743846272
387 15.888063702636835
388 16.081367245430084
389 15.257620258286522
390 14.538906118761195
391 15.37833499493367
392 15.633514162517585
393 14.372944015836921
394 17.282578517803223
395 16.566036580702345
396 14.617398541099812
397 12.190384788981353
398 15.314617626313604
399 15.220968699916758
400 14.810121205083494
401 17.09671142285707
402 16.700970953304402
403 17.73615164486414
404 17.490744178081087
405 16.5655334124291
406 18.04959485263024
407 17.266371551132437
408 15.849325329979594
409 17.08848162946862
410 15.548734810487645
411 15.176319089216637
412 15.024197199645833
413 15.480365177357891
414 17.590448848947325
415 16.80766425902915
416 17.10701477781071
417 16.334900768622276
418 17.501426287529355
419 14.391313267444882
420 13.167086243627283
421 12.225361858483346
422 15.666804474301387
423 14.854188312091894
424 19.211453365890534
425 15.090230802335496
426 15.840124288852058
427 16.763199685605688
428 14.576264917150715
429 13.572807042487078
430 16.43239005473061
431 17.9542014075028
432 14.714750070941687
433 14.775520889008451
434 14.415261305057408
435 14.020441539743963
436 14.131768245651381
437 13.766016741864757
438 12.508380706361146
439 15.019354415968875
440 13.46665468369309
441 15.254588075551345
442 13.459323062965806
443 12.788170106455906
444 11.744197323112378
445 14.266820321464996
446 13.791945895968524
447 13.910068068625957
448 11.638196816798489
449 12.878430019027826
450 12.777244319250736
451 13.169071434500605
452 16.480044020811075
453 16.0068650597353
454 14.448887048964998
455 16.93768782129956
456 14.89105323120391
457 15.22044711294703
458 12.321878311971256
459 15.51640242970043
460 16.255603212155865
461 17.531826538223825
462 16.62116951060525
463 16.23106780821567
464 16.165576175057836
465 18.50689653129405
466 17.599382053711743
467 15.267336927225259
468 14.369881757812863
469 10.541125143901631
470 11.868867040620513
471 13.835307338380318
472 10.769314515978328
473 11.833891353407067
474 13.54127096885846
475 12.60134302532685
476 13.848540749477069
477 12.181911034644907
478 10.869798396121858
479 14.612108198336115
480 11.813422927374903
481 10.347703695714424
482 13.042401726360485
483 14.625363381486913
484 12.641745643978105
485 10.500442474201046
486 13.787299446649389
487 15.252621322323364
488 22.60915115646271
489 19.278394137259827
490 19.660075007364558
491 21.232811629116274
492 23.610003375353283
493 26.273099231268052
494 25.988158064033943
495 24.530617572958814
496 25.21811285365546
497 26.13774891180327
498 25.10656141551144
499 28.785168730490483
500 23.501815720234635
501 17.39064978957853
502 18.200190659500887
503 17.39102169021136
504 13.97393251090623
505 9.929961236455906
506 10.567494617589682
507 15.406699582363933
508 14.845138078603947
509 14.21108607330516
510 15.444717318096924
511 15.331286299581764
512 16.105551483840838
513 17.31281644654557
514 18.045900564873477
515 18.570482956415713
516 18.461353679964574
517 17.602268472174757
518 17.4355603859746
519 17.555139763346226
520 17.030933143113767
521 15.10567319666203
522 14.446424470666312
523 13.481466853761164
524 11.040097206559896
525 13.55221570469582
526 15.448038696241609
527 16.96503510228524
528 14.318384918580866
529 12.478300616520166
530 9.71856399297361
531 13.919285414214844
532 14.421689147427491
533 13.705774333113673
534 15.102341088564751
535 13.756021994672507
536 15.692115835678509
537 22.39565616430869
538 21.580408274242256
539 18.923828646613686
540 21.419388433251452
541 22.892698522368843
542 26.899117955264863
543 35.18509927887234
544 33.86350942636637
545 29.633864017531394
546 32.11092173880692
547 32.0431195098476
548 33.342119750684915
549 37.74731155147473
550 43.0069245672491
551 43.04626983527839
552 39.568517778528985
553 37.886753195022834
554 38.337846070878676
555 38.083007799899526
556 33.52877315284807
557 28.882005831074103
558 29.71844444953237
559 30.105152739331185
560 36.19229839005694
561 33.292419951817585
562 32.109196818668515
563 31.982050369982414
564 35.39909310098435
565 33.698407379372185
566 37.44696303890603
567 40.33254024205944
568 43.670657059688736
569 43.06181503350902
570 50.519202540576096
571 51.71278668854883
572 52.66733352047512
573 49.82211358057626
574 52.45267699540083
575 49.77813231868627
576 43.72664341482117
577 38.48413900725886
578 29.548964194590408
579 29.08327593166993
580 25.7768478245658
581 34.332398741180086
582 29.02491213497591
583 35.81710638438592
584 40.722268324031006
585 39.8190844231988
586 36.734341482914864
587 38.19561587316124
588 41.66511010964275
589 103.36933531812234
590 39.40677835903568
591 38.89721417757844
592 34.7057933939276
593 37.969733868646784
594 37.248582664469055
595 34.77346305209741
596 38.22770744676112
597 38.93497908195267
598 36.8350356473114
599 37.950463168085996
600 42.791553312503844
601 47.031490852042936
602 105.32264398021135
603 109.18429237997482
604 44.38423480898326
605 41.52626543121178
606 41.93727262649082
607 41.367395256686585
608 48.190644138303654
609 46.508296109314195
610 43.7352621353369
611 34.92813247436769
612 39.79452680831589
613 46.93958294069247
614 47.971936915794295
615 44.664200673233644
616 50.333617963687956
617 51.28393902898368
618 55.5546189000334
619 60.00121122299913
620 55.50160573145302
621 55.7046940160502
622 57.342457226172996
623 63.986796081904814
624 65.57746441672273
625 64.9359904369081
626 61.66345276542422
627 64.11310557715522
628 62.683759211201135
629 65.23558681270656
630 68.32321721851663
631 67.67540668314999
632 69.63243180178641
633 71.28739471054315
634 69.80132962655276
635 69.3965496053982
636 63.778919116048804
637 62.67799464150426
638 56.14471512283613
639 53.65045116548534
640 57.45519970522619
641 52.81343741939194
642 45.45078169402586
643 45.86356526649989
644 45.088787927570756
645 50.65345086877296
646 55.40078918831424
647 50.58861314925541
648 49.69109826719637
649 48.66546667994825
650 51.16693630560204
651 53.39338816567846
652 54.577626228307246
653 50.783160921107495
654 48.62667320756373
655 45.77505281914817
656 46.695482247364446
657 42.81793953579275
658 43.28001258603186
659 43.530834756143555
660 40.67245568059139
661 38.666340973196405
662 33.9381285790898
663 32.4047598312805
664 39.59030706492353
665 41.16355624970512
666 38.701002233928605
667 36.42061122601356
668 40.074139180153345
669 40.372608472773635
670 40.98506564956164
671 36.537410403037974
672 37.102759305235196
673 38.59081041974312
674 44.48435764877745
675 44.29020842078787
676 44.21303816055707
677 47.42475391500661
678 47.56058016196252
679 46.874811969919655
680 43.28193488714183
681 38.96969271645715
682 39.925108604481515
683 39.056269676073725
684 34.49085326044358
685 33.74859928736258
686 30.32505230663105
687 31.722974815186312
688 32.907570014966325
689 35.43884957894106
690 37.789586641707146
691 36.948007806079076
692 37.138890293411706
693 37.055232985123325
694 37.06671813757805
695 37.15029555631132
696 36.88566799740777
697 31.37758875601202
698 32.29062496148798
699 31.084355604032904
700 34.362914217731614
701 33.05250892047582
702 32.552447435427815
703 33.26793346668229
704 34.48697522653091
705 33.17194787954282
706 33.09998200656491
707 31.55711115670964
708 32.34453525069595
709 33.89747817633566
710 35.61760579115863
711 32.22737794957929
712 33.44307528646411
713 35.603708918107635
714 33.387237234003926
715 32.632737962829665
716 34.74607919628598
717 31.79813872229761
718 33.20421101312395
719 33.07696546518205
720 32.07044615199512
721 32.32406914929655
722 30.506848957905678
723 30.2910677681922
724 29.90643459293406
725 30.13231069319758
726 31.387930508828664
727 31.883849361069554
728 33.481973478771984
729 33.737630887751244
730 35.26859148596831
731 34.3656189992956
732 34.56841740091743
733 35.512584702260035
734 35.44885310721003
735 34.865002019115366
736 36.389876758926754
737 37.67597032725379
738 37.45861675777971
739 36.20979620475091
740 37.36421694437112
741 37.5102517005493
742 35.5229075382589
743 35.30513362468696
744 34.48862458187464
745 34.961042266908834
746 35.56721429958007
747 38.52787740263166
748 38.747977775721395
749 38.523742881152586
750 36.508556857105184
751 38.736261832810925
752 38.12996094064192
753 38.282058096162714
754 37.221168527601876
755 37.58665765003333
756 36.73012328719631
757 35.32825384975863
758 37.15535847636392
759 36.74575210584361
760 37.46194501309088
761 37.50565469125404
762 36.518786831705924
763 37.18151499312356
764 36.27388225589103
765 36.6912853760877
766 35.91356639927653
767 35.98216750729845
768 35.57953414363334
769 35.92099841886173
770 34.97452077406203
771 35.62936610805633
772 34.82541831220768
773 35.85416188656521
774 36.886502498035
775 35.25655047300867
776 34.81818300562394
777 35.36361257579191
778 35.796487111493505
779 35.26621083376667
780 36.112792768297254
781 35.81457280589251
782 35.8264787789732
783 39.02972100735249
784 37.6618088118186
785 36.38521559621707
786 35.415324218894796
787 34.36571706542431
788 34.7051692267031
789 34.36449136061022
790 34.059476499897144
791 34.08532287552298
792 33.23575377352009
793 32.24949861131554
794 33.38795430504653
795 33.08173676840699
796 35.07644456781927
797 35.555971526079475
798 36.22575795490576
799 34.46816672872485
800 35.66023487170028
801 35.377597449905004
802 34.47840566135404
803 36.31273119640313
804 36.37738100838972
805 35.13191612875364
806 36.100582317210765
807 36.53232837726258
808 34.563144335097775
809 35.07030405313601
810 37.59136613718454
811 36.48963603364413
812 38.383626941106485
813 38.02327695655883
814 38.20972353498056
815 32.95764542782795
816 34.76255048014188
817 37.710179042427
818 39.36909398166986
819 36.31386689943847
820 35.7681743095141
821 37.563420581150076
822 37.85989236912109
823 35.534591230491955
824 34.418430583446636
825 35.65937317156639
826 33.2094481430449
827 31.90353892570437
828 32.51970003447248
829 34.49593899637853
830 34.304421590719826
831 31.95529786870219
832 33.34552275647918
833 35.03280202912004
834 35.49406208398945
835 35.29494734492612
836 37.8327964448141
837 38.12142563010408
838 37.67065030064524
839 39.614124473903
840 38.26115066548897
841 38.516061570981144
842 38.21738857823817
843 39.08596028031033
844 33.915524446666716
845 31.372789040722633
846 34.385518774723906
847 35.02591609421754
848 35.7252552446533
849 35.90924047199654
850 35.038511833048084
851 35.32013571124592
852 37.786951589185485
853 41.23785416996904
854 41.32261415740825
855 37.860242981290575
856 37.47755249793484
857 34.72186707449502
858 32.78298508570903
859 31.648867136322277
860 36.107584621217
861 31.9950110500427
862 36.843093399660965
863 33.287722812460146
864 34.952839764356526
865 34.318181847717305
866 32.30040359089059
867 31.259886121195503
868 31.56155972855986
869 32.41419852157238
870 31.403370808345976
871 30.42922109195793
872 30.156856640747353
873 30.11421439641027
874 28.1699276418862
875 33.99171885253144
876 34.27500833043076
877 32.11950734574259
878 35.08355723476277
879 35.556818708872505
880 35.12203212793901
881 31.59766526431608
882 31.44941477514114
883 32.66980054572081
884 35.13540972856121
885 29.07112762993731
886 28.58864985509451
887 32.3542779868882
888 29.756737642622753
889 32.349875668789664
890 33.50637439800336
891 34.56622328136619
892 33.824611158754834
893 32.08433744174941
894 34.43624045845456
895 33.39646108168912
896 31.85337356810354
897 32.68743464465702
898 32.80668902202431
899 32.71847531338663
900 33.15434732930673
901 29.22549141204944
902 32.04326614562989
903 33.93868682159805
904 34.52827372628689
905 35.15176419198226
906 32.05798928126758
907 32.7356742253877
908 31.7409382927945
909 30.591752493852766
910 32.37172561335599
911 33.18222277056843
912 33.49106451708131
913 35.97404573279288
914 34.238558630285866
915 37.481092117870546
916 34.62664646955626
917 35.93297095317087
918 32.685609107935996
919 30.4518057165069
920 29.114742372327512
921 27.309106206526845
922 27.485967166922073
923 26.16853552359402
924 26.301911961785088
925 27.19495836387177
926 27.37354767770397
927 26.468281568975037
928 28.025018618003546
929 28.32810928515055
930 31.957228849440327
931 30.001783321300397
932 32.49806678318258
933 31.371967512163618
934 31.57330446708675
935 30.99510584006414
936 31.128324736490292
937 30.107798809041565
938 31.466888374949217
939 32.01397514889533
940 31.337058184303164
941 30.561957443022337
942 31.613380301254846
943 33.62640064870562
944 29.6474343273047
945 30.025177323529896
946 31.86000467739869
947 30.798182099434868
948 31.038530439118322
949 32.33503728866575
950 32.21760585165771
951 32.75544512904493
952 32.80895620428009
953 32.15422018788775
954 31.048178286818974
955 30.620207975744112
956 30.580812181649602
957 31.206959151220897
958 33.42721039247549
959 32.33114970838153
960 32.18913678664309
961 32.64764179213284
962 34.39507147729374
963 32.62475943664548
964 32.25600210776067
965 35.05765052091249
966 34.20391498800516
967 34.044952521739
968 33.251087362447606
969 31.877235757320108
970 32.815686089504055
971 32.24532913562932
972 31.929789349789313
973 31.702133519432348
974 32.49434905555929
975 32.47563068953017
976 34.245781591216215
977 32.780050392717584
978 31.985298965916396
979 32.11904179332628
980 34.871135622157695
981 31.73445164212889
982 32.516376402572014
983 33.69119458448136
984 32.65331720822571
985 33.001734561626286
986 32.36631083398324
987 33.379139796214105
988 34.72412907149155
989 33.10640806203402
990 33.671952553316366
991 32.34243210288345
992 32.50939924768708
993 36.05798279247332
994 29.93016912777832
995 31.43792868605183
996 31.754667867834893
997 30.55915412221568
998 31.005840539659953
999 30.428032097644145
1000 34.398643389190006
1001 31.32381838375599
1002 31.38853181023793
1003 33.2505829608041
1004 33.12845446789728
1005 31.340930232330933
1006 30.581458520530767
1007 31.199588582334975
1008 31.680179006478376
1009 30.53650116159808
1010 32.48047830220205
1011 32.25783653615343
1012 30.793301102244513
1013 30.767150125917492
1014 29.646245652291718
1015 32.34614221674192
1016 31.565872190050143
1017 30.02729648179785
1018 29.488276300980292
1019 29.240246613607486
1020 29.955800386530502
1021 29.371594864661404
1022 28.891583841600514
1023 29.067661492160344
1024 28.567966009685627
1025 28.05230561293533
1026 29.070730284712734
1027 28.594335756734257
1028 28.854970001749866
1029 29.46702971464821
1030 29.68320600545415
1031 28.853728657598907
1032 31.855864649068476
1033 32.4238018204751
1034 32.88639093349089
1035 31.383743934943766
1036 30.74279267436716
1037 29.28074884629681
1038 30.385761689768586
1039 31.494212800111423
1040 30.655050979146424
1041 31.56997406872791
1042 31.507526027950952
1043 33.083771220452036
1044 31.78648532740124
1045 33.13658519374102
1046 32.27011184502933
1047 34.12306557679058
1048 34.25212588260965
1049 34.227982287305906
1050 32.10932913289513
1051 31.504262899214098
1052 32.33242648242663
1053 32.064175815576604
1054 31.624716994974776
1055 31.9538414783959
1056 32.90677903304148
1057 32.851985764310506
1058 32.49185608962908
1059 32.02281863833789
1060 32.07105974269357
1061 33.63876764274164
1062 34.509605233016494
1063 33.302533544989416
1064 34.68597866174098
1065 34.780213554390656
1066 34.03526164111696
1067 34.32999326582051
1068 35.507153731857784
1069 35.015371828482614
1070 35.65914957099137
1071 35.32732533475524
1072 35.57413628363556
1073 33.2711523316607
1074 32.78140842130555
1075 32.7310241076548
1076 32.87630468556098
1077 33.301171308452965
1078 34.31459859362949
1079 35.90453597514417
1080 35.16138026211423
1081 33.89889831101013
1082 34.00650470529327
1083 33.804646799527916
1084 32.11199121147042
1085 33.47733513917631
1086 33.32670230560515
1087 33.39200216196559
1088 32.90563531568238
1089 31.86039657154412
1090 33.73217308221419
1091 32.55982795557447
1092 32.09842094421306
1093 32.21850933171404
1094 31.66462640124987
1095 31.88538389728962
1096 31.118264481121567
1097 32.966827546882115
1098 32.37354142731344
1099 32.19104174272002
1100 31.45093149321377
1101 31.66929572832561
1102 32.78442930366283
1103 31.133778313590316
1104 30.799607768992466
1105 33.192486518938225
1106 29.884864259833204
1107 29.734965816650245
1108 29.26744800151663
1109 28.319001242273828
1110 28.806111674378474
1111 29.411328238155885
1112 28.434092732862617
1113 26.751260663084082
1114 27.76073005359428
1115 28.074993215369208
1116 26.32217021934509
1117 26.864250242280033
1118 26.650422654914802
1119 28.447728780130628
1120 28.077894085603536
1121 28.526841039491565
1122 28.758736220276354
1123 28.707364012949057
1124 29.202251976233338
1125 28.411342023516845
1126 28.041718547089086
1127 28.912166368776916
1128 27.992308689482197
1129 27.413784777632458
1130 28.2997016211116
1131 28.8748878102467
1132 28.55511248278791
1133 30.382494586538957
1134 30.23000091714416
1135 29.260120911782348
1136 31.00554074228564
1137 30.299355093762415
1138 29.65418015047386
1139 30.360469511018735
1140 31.45297843363766
1141 31.847236189622134
1142 31.201844756438586
1143 31.83576011520901
1144 32.21454381245523
1145 33.39328688304217
1146 31.903296588811717
1147 34.65115555458905
1148 32.442826915012525
1149 32.54356404645916
1150 33.46394827979318
1151 32.07825185122319
1152 32.54720219555262
1153 31.878898506089623
1154 35.945666924431464
1155 33.44384652478773
1156 35.16231070597581
1157 34.604504029184795
1158 35.38715073631369
1159 34.822723097132304
1160 32.80992642009395
1161 31.112713437420332
1162 33.60810715275514
1163 32.792141005829976
1164 30.37052600670126
1165 30.474571018423333
1166 31.138192740388014
1167 31.93155330742283
1168 31.170151439713813
1169 31.966817243939698
1170 34.435671303959005
1171 33.66806212764617
1172 33.98730532849697
1173 31.487851339709522
1174 33.461505813758954
1175 33.2135284651896
1176 33.2415375790722
1177 32.08032790480243
1178 30.74837127614911
1179 31.702619224909995
1180 32.55443402946299
1181 32.90397347157314
1182 34.76277690172922
1183 30.283048895731188
1184 32.03973913415279
1185 34.11374267072725
1186 31.71723415597648
1187 32.02339580849873
1188 32.20932154767927
1189 31.912580137698008
1190 30.188851448847508
1191 31.498780163885133
1192 32.94914200346907
1193 31.678905828394445
1194 30.880854571629964
1195 32.25890827524032
1196 32.26047226174173
1197 32.196478360721564
1198 34.458080684815016
1199 34.20220151447768
1200 37.36433235567438
1201 35.597822743390644
1202 35.37422869081889
1203 33.582851404859454
1204 31.448436904029286
1205 33.14439748730092
1206 35.59057078505131
1207 34.69928569166253
1208 33.17180917116068
1209 33.61210275647893
1210 32.301431240909885
1211 32.109187610035654
1212 33.14849803844242
1213 33.230140082461226
1214 32.60964658267955
1215 33.61586179219818
1216 37.64402209704714
1217 32.99243791099669
1218 35.115887558149964
1219 33.638498742244366
1220 33.88274002579124
1221 34.20067853899272
1222 32.484509021677574
1223 32.463447586937974
1224 34.63793773373259
1225 36.331401523024596
1226 36.01228705612376
1227 37.123420728474585
1228 36.010023116190894
1229 35.68768224016604
1230 34.1073913888568
1231 32.63749534272089
1232 33.27914073164994
1233 31.9608995537334
1234 32.75225749763666
1235 34.068446068536126
1236 33.57614371308701
1237 35.56676359049658
1238 36.166291480763086
1239 35.26168576140946
1240 34.73682521278676
1241 37.08225744451677
1242 37.05685963566208
1243 38.778196362659116
1244 37.505625497728275
1245 36.63905057801578
1246 38.18018542716816
1247 33.85947053102399
1248 34.04899623051311
1249 32.67464035753984
1250 32.65845357528906
1251 31.940927406802185
1252 34.7789806931288
1253 33.83155923504953
1254 32.88377580041342
1255 32.33010506150203
1256 33.62804606183213
1257 35.694416732460155
1258 35.21127142923009
1259 36.53832796037104
1260 36.75143842653067
1261 36.431434184349435
1262 36.59738912865212
1263 34.34028255259859
1264 36.98703874329052
1265 34.18140426336031
1266 36.47657385359895
1267 36.91763270445933
1268 37.66135517212613
1269 39.27469854531553
1270 37.34625573628797
1271 38.29225645239608
1272 38.151473339144175
1273 38.291705530998854
1274 36.35172441194047
1275 37.73289575055733
1276 39.26601048335041
1277 36.48028627758107
1278 39.52988869630018
1279 39.09382222527867
1280 35.33412289738001
1281 37.02731394776151
1282 37.001773268565856
1283 34.68090856002277
1284 35.569632031433486
1285 34.23812437566686
1286 35.34497464480115
1287 37.16468012242671
1288 34.96277286579943
1289 34.71218072747572
1290 32.92174036906822
1291 33.49266895333317
1292 32.5029594209231
1293 31.645827340883784
1294 34.39396387996595
1295 34.970543948605446
1296 36.94249986167275
1297 35.90411175592684
1298 37.49349388132539
1299 35.92187873986556
1300 36.099240248107826
1301 35.9579161328523
1302 36.967755205405375
1303 37.6772043560616
1304 37.024867407460086
1305 36.86323855309403
1306 36.22756466637894
1307 36.34345511882957
1308 37.035125472519695
1309 36.10331195717939
1310 36.84588676306038
1311 37.52680637496503
1312 36.58363664206454
1313 37.38300033145835
1314 36.57753370673499
1315 36.45207378555132
1316 38.90215671207231
1317 36.536685437608355
1318 36.96520008930443
1319 35.46726300239151
1320 36.685293197781526
1321 37.536763456566206
1322 37.31658190348443
1323 37.750520541816734
1324 37.741878790250546
1325 36.28355645989935
1326 38.97309689705824
1327 37.045185161822815
1328 37.23968312895982
1329 36.42294479874849
1330 36.09272388342079
1331 35.14297314402146
1332 35.466801642006615
1333 34.33950047617921
1334 33.86162770432398
1335 33.21482686836277
1336 33.54944465771174
1337 34.87994097000526
1338 33.434440356786396
1339 35.705827557683875
1340 36.529638542268984
1341 37.26261673478541
1342 35.105776982851204
1343 34.4915496201991
1344 36.287718995247715
1345 36.82636881651554
1346 34.68743045944294
1347 34.499584829116515
1348 33.92632307506787
1349 34.55782410363765
1350 34.84631138221882
1351 34.10753201590823
1352 34.64189549852325
1353 34.65534416524293
1354 34.131957974227774
1355 33.76069196448482
1356 34.16697953389257
1357 34.40150139047405
1358 32.19954027660593
1359 35.92086381685063
1360 35.17689978579863
1361 34.75979533540259
1362 37.230107501682326
1363 36.114339827053065
1364 34.04612935486022
1365 32.363663055609344
1366 37.946410251159136
1367 35.50562431462471
1368 35.04583012463508
1369 34.20460485303199
1370 34.7506208358085
1371 36.054329414950736
1372 34.74072218896144
1373 34.104177781707264
1374 34.150613412022636
1375 34.133537101371765
1376 35.28289614591102
1377 33.64519084262413
1378 34.80249327727789
1379 35.48933864748223
1380 36.22154901626799
1381 34.57400341069038
1382 34.45844006187547
1383 34.492940965369776
1384 33.163337945399434
1385 32.498090710237264
1386 34.07635553452749
1387 32.778715605602756
1388 33.40540273690002
1389 33.850419524396216
1390 32.0254612679912
1391 33.18518669688701
1392 33.28648407744843
1393 34.87081895632911
1394 35.52394193474184
1395 36.49738649838931
1396 34.677618970125195
1397 33.53699134780503
1398 35.26743470415724
1399 35.16282285991387
1400 35.23680433442874
1401 33.97410975335172
1402 32.80618207197717
1403 33.429266486490015
1404 35.76542332777922
1405 33.40469733953295
1406 34.543194511032965
1407 34.19640880047199
1408 33.45771971361915
1409 35.23105451328369
1410 35.21954147387052
1411 33.27870996285834
1412 34.69964901309792
1413 34.358389626759866
1414 33.92639514336499
1415 33.55587294699357
1416 33.88868156671351
1417 31.76787187378715
1418 34.32269933657927
1419 33.77386577718404
1420 34.757672801674914
1421 34.47344837068194
1422 33.208770325594706
1423 33.88391451775112
1424 33.215757985561865
1425 34.28761447254719
1426 33.277802627859195
1427 31.742207545531603
1428 32.33171707710148
1429 34.61697702094
1430 34.44350933617684
1431 34.1460248545377
1432 34.631362768684404
1433 32.794449009130865
1434 31.02276753675755
1435 31.952816655158784
1436 31.748565933786114
1437 32.59846307237248
1438 33.75539577247031
1439 32.74813159166222
1440 32.9895713747789
1441 33.48024850183694
1442 33.613796937413106
1443 32.39819581356201
1444 32.94391688657859
1445 33.11428691955215
1446 32.43885733241808
1447 34.689738008769645
1448 34.08919537629497
1449 33.491373192766034
1450 34.1480005024899
1451 33.789489404456646
1452 33.228326587954754
1453 33.125603629984475
1454 34.72974707461122
1455 32.72677154152254
1456 32.64400426731062
1457 33.47690918568703
1458 33.711418528126
1459 33.2153183377475
1460 34.57172622092127
1461 35.41557304697707
1462 34.72134484973853
1463 35.6344811255234
1464 36.34772529797291
1465 36.85819818833835
1466 33.61289137716286
1467 34.29348808162696
1468 35.455290605578234
1469 34.83542399490537
1470 35.18479397274274
1471 34.02597738021945
1472 33.15774655023722
1473 34.564630136806315
1474 35.796756587660056
1475 34.31179272468036
1476 35.55658061199066
1477 37.04296903041796
1478 38.236721037418604
1479 36.673009257826834
1480 38.16044732043628
1481 35.8723881131414
1482 36.930281779590615
1483 33.940005065703666
1484 34.22869571098765
1485 37.000520727607245
1486 34.687394299926204
1487 32.67955327045014
1488 33.845357250571894
1489 34.36665513398556
1490 32.747401217814584
1491 32.25735629975329
1492 32.75408345362953
1493 33.154362761672076
1494 31.774453181186377
1495 33.145104007994
1496 33.375033205166055
1497 31.984672818546944
1498 31.95063574899613
1499 31.983134493683018
1500 32.01114377806129
1501 31.891126504204557
1502 33.00683365088965
1503 31.489083371455468
1504 33.207397695126446
1505 33.10804079085096
1506 32.7632321315967
1507 32.781436353103665
1508 33.73236987811676
1509 33.54793015279709
1510 32.177216863917046
1511 33.022603993827424
1512 32.43991223658573
1513 33.13281517455212
1514 32.88099713080517
1515 34.117835119333016
1516 34.05370194903621
1517 33.955828232297215
1518 35.30512351489701
1519 34.56402233509719
1520 34.918900409442756
1521 34.189075612271765
1522 34.650856629895486
1523 34.283852500589376
1524 34.58031666312333
1525 34.086071452956034
1526 33.31442668917901
1527 32.25743014000242
1528 34.65214358086036
1529 33.85138377006671
1530 35.24567633380568
1531 35.60306622868401
1532 34.72047164998795
1533 34.48671343568454
1534 37.273482978597315
1535 36.87628366761538
1536 35.62618199588074
1537 35.63037858207863
1538 37.81629580496935
1539 37.04581528248438
1540 36.99830170679506
1541 37.435414242547466
1542 38.890809705864
1543 38.261460155337
1544 36.66388119112235
1545 39.162311804921224
1546 37.11322944464502
1547 36.64161783394725
1548 38.82827810249604
1549 36.64150821963367
1550 37.09650807039465
1551 35.95856447046973
1552 36.010889400145714
1553 36.53561865648656
1554 35.611774248199076
1555 36.590775593609706
1556 35.11623328775447
1557 35.889501120991675
1558 34.55765776874113
1559 34.87147522151678
1560 35.60567084541096
1561 35.76103869301554
1562 37.60734282487357
1563 35.38604243699827
1564 36.57963436050388
1565 36.13438449354972
1566 35.398623829878545
1567 35.155596808429436
1568 36.04141834740954
1569 37.460168051724054
1570 39.502868056153446
1571 37.415122775322956
1572 37.35225932975349
1573 37.054868802226025
1574 39.065403103764254
1575 38.77743782068478
1576 38.0726026847302
1577 35.858293091149065
1578 36.71114976167879
1579 35.97494142639211
1580 35.88701096571427
1581 37.09578113024063
1582 37.1918793181968
1583 35.624662505127134
1584 34.60527742620792
1585 34.08282952270767
1586 35.30521636006328
1587 34.195383814869395
1588 34.49582069655972
1589 35.810929146660555
1590 35.896645880829105
1591 35.863249071183596
1592 36.51527984729535
1593 36.887833876140576
1594 35.2607550295154
1595 35.51633572738707
1596 35.229689841290345
1597 34.156046723087265
1598 34.001389694356796
1599 34.8541671069425
1600 34.314139435972635
1601 34.25515114379699
1602 35.125917806669754
1603 36.2553179226632
1604 38.81783684483358
1605 35.43106748931854
1606 35.92497521377232
1607 35.583036885486045
1608 36.7801607664259
1609 34.81144895762628
1610 35.46905106588575
1611 35.04325395438042
1612 31.091141267667155
1613 32.28142440347681
1614 32.78389842193522
1615 32.68314010272244
1616 33.499105330770924
1617 35.92819703859209
1618 34.34530827596107
1619 34.10037968269447
1620 34.60730996198055
1621 34.79826784668172
1622 36.09385130329767
1623 34.23444873065791
1624 35.109315105419725
1625 35.59067750188056
1626 34.5300038219894
1627 32.44877724820484
1628 32.41533606700376
1629 33.13006628580951
1630 33.586629851416696
1631 33.67611689950803
1632 30.54776813846785
1633 33.79566573553884
1634 35.58513778550559
1635 35.29146576036013
1636 35.23662111721671
1637 36.8859442799879
1638 34.75119058331017
1639 35.22799699692268
1640 34.28558753736493
1641 34.95907743978261
1642 35.9485251081026
1643 35.62364627632143
1644 36.042897480426014
1645 35.78353956401393
1646 35.51250030412439
1647 35.08153792504039
1648 32.81128564563854
1649 35.54347613966324
1650 33.57734342880441
1651 34.00400622853844
1652 33.90310941231068
1653 33.795777453970764
1654 35.79078638758898
1655 37.13677975808044
1656 35.75364887649183
1657 37.16745576982878
1658 36.85627565951481
1659 38.02840845798617
1660 39.36005066643766
1661 40.47962120738538
1662 39.87169239892751
1663 38.82315333043786
1664 39.288779453691035
1665 37.85274239373086
1666 38.14777546999771
1667 38.45211912112027
1668 37.4427004768656
1669 36.373424872184145
1670 39.66625978470478
1671 37.987218115145374
1672 40.4470684222356
1673 38.1471866364459
1674 39.56241049590154
1675 35.45056114938572
1676 35.40273099621601
1677 39.62268230000888
1678 35.476015767626606
1679 37.56223435261369
1680 43.35252574591093
1681 34.75912850432095
1682 35.35474013396963
1683 37.324522320541796
1684 35.829285508106814
1685 35.508321423810244
1686 38.88898946954424
1687 37.54429510024179
1688 38.487438665447485
1689 38.16730114256953
1690 37.41726575235676
1691 39.45468216485456
1692 38.0438282692707
1693 37.62880380047627
1694 37.30791490824799
1695 36.044906966097294
1696 37.0941753542502
1697 36.27922521973185
1698 36.614619719122125
1699 37.03159791511767
1700 34.40390052674118
1701 34.59395142861801
1702 36.616544213649625
1703 34.281441814766104
1704 36.66009451879561
1705 37.5527498400678
1706 38.6595912625987
1707 37.06780992583825
1708 37.23177805939587
1709 34.75065227367373
1710 34.706518046071075
1711 34.32451929690449
1712 35.93629836739537
1713 33.495541858200234
1714 33.797108368534424
1715 35.12735148796022
1716 34.64750504435298
1717 35.19504817978339
1718 39.071326372075994
1719 35.07251639223694
1720 33.04641390058724
1721 34.18807265649762
1722 33.87569550803856
1723 35.500725910427576
1724 37.09595438559282
1725 38.71530791041944
1726 33.854925571554496
1727 36.04021453222051
1728 36.00909552000381
1729 37.09359825315046
1730 37.797336956535965
1731 39.784418869962806
1732 41.40831733934957
1733 39.639831359305475
1734 40.818388216475356
1735 37.67465717919633
1736 41.16675730230801
1737 40.39576453731014
1738 39.68284096484366
1739 37.85324514892349
1740 35.761454411187565
1741 36.83275245674915
1742 35.9781842805526
1743 40.222102166833295
1744 41.30334471312227
1745 37.10287304988596
1746 38.557787156915204
1747 39.28245989813938
1748 41.65943937135998
1749 38.24615660574388
1750 41.20469424272853
1751 40.782770784192756
1752 40.39185659449767
1753 40.46697853755969
1754 40.673302979279086
1755 37.42946945686953
1756 39.78227794977723
1757 37.87183320013738
1758 40.632048421603734
1759 40.85162606940703
1760 40.13985075787528
1761 42.89732674204517
1762 43.304677942425776
1763 41.705422869776186
1764 42.44221715525234
1765 42.07504330752374
1766 43.261074206296165
1767 42.345455793576185
1768 38.187660275787515
1769 40.2909963130594
1770 41.790279041682005
1771 43.36120051861667
1772 45.93083380947518
1773 41.5460080487553
1774 41.60811693176762
1775 37.88926365922056
1776 39.39606266200486
1777 40.97357399217391
1778 41.56861116722586
1779 39.764778084442916
1780 41.665240366855976
1781 37.562987401661346
1782 40.42033683145903
1783 41.221759672942326
1784 38.90511673718972
1785 34.388682871446065
1786 33.62423420577337
1787 33.728596932947184
1788 33.566632690454256
1789 35.1879822290692
1790 36.52408382808882
1791 37.62957302036835
1792 38.12959518888068
1793 38.1307611455024
1794 38.401274825194434
1795 36.95478584104828
1796 38.18807568724647
1797 39.40720831805507
1798 39.159463195940575
1799 38.64074545439419
1800 38.64552221813343
1801 40.11077176689174
1802 39.37188345153956
1803 39.43852416591084
1804 39.275255221737005
1805 39.4575446424578
1806 38.99368924587802
1807 37.71901692497959
1808 39.22906133531863
1809 36.898808115581176
1810 38.22923190427781
1811 38.24379436179074
1812 36.809208819037146
1813 37.19159419824607
1814 36.40348434007149
1815 33.80214599965709
1816 36.29492902657117
1817 35.97377846456939
1818 34.819786846685375
1819 33.586345838167006
1820 33.27524002999789
1821 36.294689602910644
1822 34.83197526673859
1823 35.49454368756932
1824 33.47474468589165
1825 34.72605235085671
1826 33.033349308318044
1827 32.709593152904816
1828 33.76081112117888
1829 35.203969363089804
1830 33.40784707584978
1831 31.90630535579006
1832 34.30078475904256
1833 35.40256459057579
1834 31.972838321631727
1835 31.737199969466698
1836 32.118663120073876
1837 33.35458957859532
1838 35.49511333580278
1839 34.174530515514235
1840 34.683296710333465
1841 32.96330015558615
1842 33.687681976993545
1843 33.089564053250065
1844 32.66211653150041
1845 32.616102161115734
1846 33.840303185009766
1847 35.556188448872604
1848 35.07982218868487
1849 35.550406400180414
1850 34.22660934371626
1851 35.13342314480659
1852 33.517420496049525
1853 33.797064477606405
1854 34.73307659545158
1855 36.09425802110539
1856 36.31377020695756
1857 35.47135740218484
1858 34.47149895884211
1859 35.04330262394867
1860 33.48584708475446
1861 35.61125406282661
1862 34.587331091113775
1863 35.63696247043653
1864 36.04498514131708
1865 35.47486669419413
1866 35.773581247919935
1867 36.55200622016473
1868 34.304745178433286
1869 34.99011807378549
1870 36.071662662809516
1871 35.72321007537016
1872 37.2805047899055
1873 37.84959634454321
1874 36.76705999398524
1875 36.716394916953
1876 35.84150539298018
1877 35.328515709331015
1878 36.18228251948402
1879 37.43929489421389
1880 38.67536836502284
1881 38.046647861493526
1882 38.03522164174077
1883 39.82656901008432
1884 38.80087417569692
1885 37.75609275427809
1886 38.426008336355885
1887 36.576262908221686
1888 35.29750733104881
1889 36.244750896625185
1890 34.849040019449774
1891 34.79224200935512
1892 34.800641325818845
1893 38.38262319389688
1894 37.19211295570957
1895 37.537851921411516
1896 37.578875237626995
1897 36.58202841030477
1898 37.038032644953205
1899 37.6393695947776
1900 36.40270302139025
1901 37.09071865682657
1902 37.77601650423059
1903 37.81591811271484
1904 39.57093046153434
1905 41.109424515309186
1906 38.436512621180235
1907 39.51717505258203
1908 40.20093786441953
1909 39.39715348947401
1910 38.21079254390772
1911 37.853909371964605
1912 39.72541691394631
1913 39.66535119398806
1914 37.67104252971892
1915 36.31274888782526
1916 37.922195032225474
1917 38.55947773419514
1918 38.405473719367826
1919 38.7682830983759
1920 40.5486309614209
1921 38.874404700546336
1922 39.16786806554726
1923 37.413722277781844
1924 37.25207913791807
1925 39.51359619462118
1926 38.096656122626
1927 37.51234961133185
1928 38.295894805738584
1929 36.26561487652541
1930 37.24533515278706
1931 36.28234085122871
1932 36.60799659847072
1933 37.66227370583719
1934 37.30242622363646
1935 36.915468000732034
1936 36.80817553765119
1937 37.042307780590605
1938 36.063519306597385
1939 36.20262255801717
1940 35.9788656330733
1941 34.31251764186872
1942 35.33616689773794
1943 36.139473335132784
1944 35.6893076708599
1945 35.20321427070395
1946 35.34373004049521
1947 36.624195921982945
1948 35.69314277640365
1949 36.66793752495663
1950 36.625304530085266
1951 36.22143614383663
1952 36.56198778095118
1953 37.40429009889747
1954 35.20592052602713
1955 35.794943031088096
1956 35.09824883573073
1957 35.38771191282495
1958 36.163687201350996
1959 36.50682022043875
1960 35.9802502742713
1961 35.77081952690619
1962 35.93117472481694
1963 35.58215855724337
1964 34.510506074102565
1965 34.748173837511146
1966 34.80288377739761
1967 35.390441008852456
1968 35.26579506130795
1969 34.800078805661244
1970 36.56727025822731
1971 35.71674778596285
1972 36.150760256718684
1973 35.6158796946796
1974 35.95546097208626
1975 35.84468715929801
1976 34.644588948422516
1977 34.60395334183063
1978 32.56231431717081
1979 34.58217848076462
1980 36.058765313142715
1981 33.99847550818376
1982 34.96143582169388
1983 35.08844011054775
1984 34.385139409801795
1985 34.96631461913725
1986 33.92012666822595
1987 34.317219102588545
1988 36.053555111213456
1989 34.35967665603642
1990 35.08646320773113
1991 35.1652746433322
1992 36.00058227682831
1993 35.411661861305795
1994 34.02508404109212
1995 34.43395038866916
1996 35.00388411353067
1997 34.51348758076794
1998 35.877746772271976
1999 33.98875070981412
2000 34.67247670039768
2001 34.83657371097147
2002 33.79838690774095
2003 35.46063503568148
2004 35.16710656883586
2005 36.191962554202874
2006 37.70788177019935
2007 37.74871437357325
2008 38.159066688392556
2009 38.71347550813844
2010 37.7679170875611
2011 39.640564599045106
2012 36.39485146114123
2013 38.028853124819115
2014 38.22361243318991
2015 37.50291622620848
2016 37.87440188273422
2017 38.160423760432934
2018 37.618292318683025
2019 36.550329156231605
2020 37.61636129321348
2021 36.702766864307584
2022 36.418275749663735
2023 38.52946245283343
2024 38.85687457962418
2025 37.282541526311746
2026 37.694019009057904
2027 36.95118980726305
2028 36.85191961792324
2029 37.37817488801478
2030 37.597818554154806
2031 37.58491867168433
2032 37.77467187595998
2033 38.88858692094469
2034 38.444427458863544
2035 38.71962534711518
2036 38.483662593720176
2037 38.22927264739829
2038 36.70499925820158
2039 37.77276207190892
2040 36.19281715936587
2041 37.412558360454796
2042 38.03544334605578
2043 37.08722084673252
2044 37.27986714024362
2045 37.18817382571376
2046 37.360402731881656
2047 37.45778875082227
2048 37.21169463307522
2049 37.27377736588289
2050 35.863440909115724
2051 36.857894622568004
2052 35.975822281083296
2053 36.43650336131208
2054 35.69420358900349
2055 36.647087066757805
2056 37.543453810757356
2057 37.815072456885545
2058 37.30163665991469
2059 36.44469774702607
2060 37.598292141052376
2061 36.709048752854024
2062 37.21103278244374
2063 36.83267907649813
2064 37.34133208993801
2065 37.06333798399701
2066 36.98098524275893
2067 35.99347761806969
2068 35.306428191976956
2069 35.64203559371267
2070 34.285931162025705
2071 34.011231694474084
2072 34.39297597642688
2073 36.40968180437012
2074 37.960099930949134
2075 36.920593405240425
2076 37.32174567037419
2077 37.31353691932517
2078 36.7725927489222
2079 35.742838773908204
2080 34.552573933452
2081 35.5586205648971
2082 35.15731676686696
2083 34.963466946577334
2084 34.43561127168002
2085 34.63567358869583
2086 33.07051215071435
2087 33.18341957247914
2088 34.7226679901056
2089 33.92244163146636
2090 34.431072649018326
2091 33.18103880876698
2092 34.182808390376245
2093 34.52921426815425
2094 35.66844228767203
2095 36.35960129415555
2096 36.44151957058164
2097 36.73004851190828
2098 35.226314968584504
2099 34.70428746160189
2100 36.31155597522707
2101 35.743566438671515
2102 35.10504228829375
2103 35.61740034380726
2104 35.28732997484606
2105 35.70964389150363
2106 36.40569699134108
2107 35.907827859069506
2108 34.973141743898694
2109 34.83880390676337
2110 34.05848644367921
2111 33.605816214297306
2112 33.60661516473869
2113 33.36308800129409
2114 33.25467706310451
2115 33.88496980618365
2116 33.431461757661374
2117 32.47292974901016
2118 31.20243165854894
2119 32.29031080404283
2120 32.72942436385842
2121 33.3517128283175
2122 33.46974425770706
2123 32.96574631741861
2124 33.08862881609119
2125 34.29351067265563
2126 33.17184823594484
2127 35.58934261052532
2128 33.958640031307816
2129 35.32636940725008
2130 36.735763117573654
2131 36.659644840412625
2132 36.72104637953067
2133 36.48256475392556
2134 34.61704321321939
2135 34.256990693357764
2136 34.82940721921394
2137 34.79064335385328
2138 35.185851093347544
2139 35.4728499156136
2140 34.87291889945278
2141 38.27733190260786
2142 34.21910968253331
2143 33.22697530016468
2144 32.235768812127965
2145 33.174508533094695
2146 31.184476801239857
2147 31.0836968654504
2148 31.578835057472777
2149 32.97837689279976
2150 32.93496128615835
2151 30.766689953328367
2152 33.15217859262997
2153 32.49291440766004
2154 34.40992200129264
2155 35.01816500212894
2156 33.35316327564115
2157 32.734132277126115
2158 36.13335439124961
2159 33.899034668089385
2160 33.24761313465946
2161 34.84400798268436
2162 35.80614717676391
2163 35.0665697336025
2164 35.30761713898952
2165 34.46587310884979
2166 35.39602067424606
2167 35.35914463549301
2168 34.912970817913
2169 38.17025085646756
2170 35.6363168846335
2171 35.96052752866389
2172 34.23271078058368
2173 35.831147658727375
2174 37.29099188236758
2175 36.53016906385931
2176 36.294231089556234
2177 36.39787942664256
2178 34.06858662068884
2179 33.446360487570715
2180 34.27005271388914
2181 33.743660874220275
2182 34.128989534148836
2183 33.3711680862253
2184 33.91891506698039
2185 33.921604533775024
2186 32.619285263894994
2187 33.262084045815016
2188 33.421233873812895
2189 32.55367048358431
2190 34.25557957940942
2191 32.834747485750896
2192 33.0541821875709
2193 33.72447423200781
2194 33.34795278993282
2195 33.129729837455876
2196 34.91251808052069
2197 33.6033867555563
2198 33.8710721191171
2199 35.68909615712389
2200 35.18654672249814
2201 34.44031391465959
2202 34.63509688557592
2203 33.37128698558922
2204 34.526813634175795
2205 34.72525351868208
2206 35.4774779406733
2207 34.613350982774904
2208 34.78719262541988
2209 33.6426925233912
2210 34.92965906155472
2211 34.850158238362305
2212 33.24384877780073
2213 33.98950692497342
2214 32.06485233874287
2215 33.88953027273201
2216 33.1507928345783
2217 33.165517242277986
2218 32.55356938905902
2219 32.847737158795006
2220 31.437425466643695
2221 33.69838065391323
2222 33.666373967515746
2223 37.65295168022249
2224 37.50353929701125
2225 34.31223146342861
2226 34.56416221796439
2227 36.50753373441595
2228 35.10901672890106
2229 34.70271143022148
2230 35.37831403175354
2231 34.69977604849451
2232 36.27226990257872
2233 36.472310476959436
2234 37.20554014523776
2235 37.97574232296908
2236 39.46704724714287
2237 40.555658289935636
2238 38.46314692532322
2239 39.00191635110847
2240 38.03193446998821
2241 38.86453208363961
2242 37.078849291472466
2243 35.795414698789706
2244 35.43469063958753
2245 36.346506572276844
2246 38.63421282168209
2247 38.41721254705111
2248 38.37167338015571
2249 35.51708341524192
2250 35.89788497738703
2251 33.761330524639575
2252 32.642612127378804
2253 33.66133184299388
2254 31.227412707877615
2255 34.923771679784124
2256 35.017416661094714
2257 36.29891479686039
2258 35.11993759458328
2259 31.524343951498015
2260 29.523187929937343
2261 29.55524178945975
2262 29.93737308575171
2263 28.159332496144692
2264 29.54279204493716
2265 30.791158587572156
2266 30.37537569503518
2267 30.361233598628907
2268 31.87872367161104
2269 31.387127657429797
2270 31.71696095583947
2271 32.460750618022914
2272 34.0628730382038
2273 32.393315553061015
2274 31.064297098204094
2275 30.105239607703048
2276 28.76406473205342
2277 29.64405651931226
2278 27.22115612532066
2279 27.55891718067726
2280 30.01976431439804
2281 30.224937552237474
2282 29.429652329056392
2283 32.29578479170717
2284 30.832317708390054
2285 31.083598168548242
2286 31.0966432725635
2287 30.7718517857821
2288 30.862585463934813
2289 30.643083021568536
2290 30.527698612482542
2291 31.830179498515278
2292 30.346998186006196
2293 32.796124525930914
2294 35.048252230397885
2295 32.33551842602744
2296 30.110246926280194
2297 31.07862845871892
2298 32.40356578429732
2299 32.57658635296122
2300 31.447803268250613
2301 30.993087987976082
2302 34.067794002441374
2303 34.271577932000106
2304 31.95988834118216
2305 33.00069991147558
2306 32.598663668432955
2307 31.965929190993666
2308 33.017749155595034
2309 32.09086140675736
2310 32.807847830921624
2311 32.40899187376922
2312 32.22210541754136
2313 31.385875097560895
2314 31.193785073660433
2315 31.140861489563015
2316 30.927275871690718
2317 30.148081773258323
2318 30.079022885239382
2319 30.22738021563209
2320 31.254383735348586
2321 31.418430581626566
2322 31.432377132782
2323 31.660525012023456
2324 31.173417792336064
2325 30.420532965371635
2326 31.49182445117006
2327 32.111487317420995
2328 32.202745624226736
2329 32.161951871637186
2330 32.07071421614081
2331 31.360844052887057
2332 31.557187333763082
2333 31.81792086581767
2334 32.145879607953965
2335 32.04647996246739
2336 31.34572291886845
2337 31.813259805524286
2338 32.56057595359886
2339 33.02921839681919
2340 32.911735994031474
2341 32.945429700029464
2342 32.23800752370876
2343 33.01973640918987
2344 32.430853734431984
2345 33.153395538375676
2346 31.688640791930165
2347 32.446969650241364
2348 31.977716479338618
2349 32.07904805623727
2350 31.453412412188644
2351 32.033829317692025
2352 31.059484926069693
2353 31.85362036353658
2354 30.719998296004988
2355 31.68175523321898
2356 32.017367753888344
2357 29.873830204465907
2358 30.209954106066093
2359 29.83016692045518
2360 30.544894554318063
2361 29.978525148853247
2362 31.268790286301734
2363 29.458565373732785
2364 28.954397357195745
2365 28.38491788733076
2366 30.010783436462543
2367 28.973836094441417
2368 28.836527393598267
2369 27.798083255144366
2370 28.204337236384163
2371 28.177008432017654
2372 28.776998435960294
2373 28.326619752746577
2374 28.997419107442198
2375 29.181699653945067
2376 30.572056607993577
2377 29.227229767177764
2378 27.700417377509172
2379 29.765785383837002
2380 28.24326462454853
2381 28.971947807379753
2382 29.05211649563649
2383 29.047346511201212
2384 29.19726384347437
2385 30.964426248693904
2386 30.159155186930658
2387 30.22286923428808
2388 29.35955760019743
2389 30.54267991884279
2390 31.37664742755894
2391 31.096201438237493
2392 30.756130741267096
2393 30.032897151558075
2394 29.91813381372773
2395 29.719595187525513
2396 29.30293656745845
2397 30.023977607847637
2398 29.905802029518195
2399 29.756414498278556
2400 29.615581382134366
2401 29.898512874302256
2402 29.670465241614863
2403 29.500283393766424
2404 29.51678372764992
2405 27.76794674100047
2406 28.20738451543868
2407 28.27363021287608
2408 28.895763772012003
2409 30.936012318144805
2410 29.381017279416167
2411 28.90955837069622
2412 30.356018140671978
2413 31.631613824748
2414 31.46475730440102
2415 30.886437033863654
2416 30.276440172259463
2417 30.097951592839017
2418 30.64221697110022
2419 31.152584139991724
2420 30.172299980521288
2421 30.134067860414085
2422 29.997179401706507
2423 30.100972899877334
2424 29.51042608015172
2425 30.2902618431157
2426 31.08326771077506
2427 31.053887056950785
2428 31.49361861704266
2429 31.306529133422828
2430 31.526089041695748
2431 30.876290382907886
2432 32.23501893793588
2433 31.808042377627054
2434 32.469200692216084
2435 31.31430092389644
2436 31.391486548072738
2437 32.30200855569574
2438 31.31091738316767
2439 32.3255648039245
2440 31.780025114478647
2441 32.718887351222826
2442 31.887781854752653
2443 31.830749076494605
2444 31.967314845138706
2445 31.53591492742977
2446 30.422761779662263
2447 31.105195538917652
2448 31.71145139612948
2449 30.44902235775113
2450 30.22355381658575
2451 30.40710829162869
2452 30.309151469064453
2453 31.40713701406075
2454 31.91130287712122
2455 30.20763216055006
2456 30.774140556279956
2457 30.09447376025174
2458 31.33431756362101
2459 31.912843255379627
2460 30.27089660627356
2461 30.57497760458145
2462 31.584985804082496
2463 31.680367912989084
2464 30.836313317956733
2465 31.210317326149067
2466 31.56362008706475
2467 31.131603893673987
2468 33.00799301411466
2469 32.746093169771925
2470 32.23700706693857
2471 32.0310196026415
2472 32.7199822812864
2473 32.8483234190194
2474 31.29538825798148
2475 30.80094170574974
2476 30.972315821720073
2477 31.302684916089774
2478 32.374737298721435
2479 32.813308510037686
2480 31.21223593459587
2481 32.65086649727975
2482 32.345700477379324
2483 32.35285940749061
2484 32.375004128452254
2485 31.68276877827013
2486 33.37266733823605
2487 32.70790780126819
2488 31.552589316683655
2489 31.40480409645909
2490 30.830627627646205
2491 29.52476354493023
2492 31.784243491056454
2493 30.792431163545725
2494 32.23362740128271
2495 31.924663357125418
2496 33.343496188793075
2497 31.819599635534686
2498 32.88137088753292
2499 32.76845557383804
2500 33.01565844140279
2501 32.31120473445301
2502 32.62641367108805
2503 32.34752177528715
2504 30.749057519678036
2505 32.180462677584
2506 31.538041905378158
2507 30.996674047272244
2508 30.60787732191676
2509 30.439869324634028
2510 29.822165189923123
2511 30.73034690594284
2512 30.361135309377957
2513 31.061633191374817
2514 30.199055483621407
2515 30.332879253178735
2516 31.666154084527975
2517 32.02906774092565
2518 31.74184741835231
2519 32.47151666894482
2520 31.758447376611468
2521 31.8355352462144
2522 31.8536027309524
2523 31.633223645629123
2524 31.426282771112184
2525 31.14766039854822
2526 31.495840216593255
2527 31.9749303519868
2528 32.14152792925461
2529 31.169062251604686
2530 31.283340356039197
2531 32.27341357040448
2532 32.44314734985053
2533 31.872788277185254
2534 31.320826278837345
2535 32.03110372789607
2536 31.09105668062106
2537 30.320675493129755
2538 31.7301597500793
2539 32.02465075764869
2540 31.44845116672973
2541 31.402622297578613
2542 32.30281398592552
2543 33.65277598745805
2544 32.492226166689
2545 33.69420976257383
2546 33.37090402656207
2547 33.14321209187092
2548 33.2219499693452
2549 33.262607447851686
2550 33.41025243376898
2551 32.43067825266867
2552 33.65312488129701
2553 33.81921662445991
2554 33.97202839704313
2555 32.75948029926975
2556 33.73654636197949
2557 32.67309539138187
2558 32.668525815971975
2559 32.43983508575213
2560 33.13939938458668
2561 33.174088245458805
2562 33.099292780027305
2563 32.60104332191736
2564 32.23564577672803
2565 32.56066022602041
2566 34.24782937319597
2567 33.555902949828926
2568 33.30691342146631
2569 32.334911805825264
2570 31.880731249217252
2571 30.888667537247645
2572 31.95909812189497
2573 33.14610007515805
2574 33.72440060297122
2575 32.6647656960066
2576 32.59856569830531
2577 33.628379016233986
2578 33.71258927981161
2579 33.73436133251104
2580 33.11147755134238
2581 33.42774177891385
2582 33.96299524481273
2583 33.618394584200445
2584 32.806460647428
2585 32.74410778820521
2586 32.85244294891825
2587 32.00005380917015
2588 32.191860200829545
2589 32.628743859353776
2590 31.934871996158655
2591 33.126415386644204
2592 32.875708605190795
2593 34.71954363167078
2594 34.62511213563569
2595 37.97988089917954
2596 35.06823756188053
2597 37.50855758631598
2598 38.92070746916797
2599 38.73868572327763
2600 38.038650385705836
2601 37.37107734840182
2602 37.94165134795745
2603 36.164289500429724
2604 34.05109887902949
2605 35.03546176541312
2606 35.75070214773282
2607 33.97879985106694
2608 34.2031284057899
2609 36.086559634383526
2610 33.8205885011985
2611 33.480706741412426
2612 34.67472536469289
2613 34.88153362061229
2614 35.95515174160182
2615 37.54577624711663
2616 35.99970588030138
2617 36.83694167511443
2618 35.903112174211046
2619 35.212836351376765
2620 36.42754990122288
2621 35.99515630108353
2622 34.72193679932057
2623 35.8212580290287
2624 35.17673274914169
2625 36.3190057916737
2626 36.97094442398065
2627 36.87618900203507
2628 35.72213378825339
2629 36.95601654149443
2630 36.393162022113316
2631 36.97395521799574
2632 36.29223140454837
2633 36.18293910553891
2634 35.67239428484824
2635 35.09814778406009
2636 36.38997928238272
2637 35.170281127510414
2638 34.69130184586791
2639 34.93379791607139
2640 33.7029139013886
2641 34.166199375909684
2642 34.07451166397819
2643 34.20893746874638
2644 34.426874442693126
2645 32.92570044887226
2646 33.751945168827525
2647 34.3351010094798
2648 34.882692728833675
2649 34.313535479978356
2650 34.427799530754704
2651 33.87635275637413
2652 34.762566503239135
2653 35.15672246132387
2654 35.35585588302163
2655 35.6117514533782
2656 36.4644360259439
2657 35.814343880419294
2658 35.16075486111941
2659 36.27981841617124
2660 34.932695808602375
2661 34.15833584196033
2662 34.31988077890061
2663 35.30226090485024
2664 34.72287107023606
2665 34.54144088810354
2666 34.5595103373117
2667 35.32469455431037
2668 34.34701374160951
2669 33.4902487144225
2670 35.5342637253353
2671 34.87422181363995
2672 33.70506263341267
2673 34.52439773615793
2674 33.72287487676105
2675 34.062522175089164
2676 34.2621932571319
2677 33.40977255717958
2678 35.032114913350775
2679 34.15574295716913
2680 33.785933151379126
2681 33.265715651710906
2682 33.32217515964461
2683 33.085737523469945
2684 34.272724997847895
2685 35.02311704618481
2686 35.25385816175957
2687 35.131882676936975
2688 33.764042578734674
2689 34.8411213113864
2690 33.7138387284507
2691 33.41157754776604
2692 34.210111638311616
2693 34.60228960684316
2694 34.36576730827089
2695 34.88424633771921
2696 34.46603330328691
2697 37.02860456383458
2698 35.72915122765783
2699 34.09802180824326
2700 35.46973317650702
2701 33.39753436745195
2702 34.711832656946335
2703 35.52703195656871
2704 35.794063687016575
2705 34.816636772682365
2706 33.985548758243134
2707 33.529371751860836
2708 34.383584122035806
2709 33.78396408509512
2710 33.41738117301233
2711 33.05054026918493
2712 31.073811191496834
2713 32.31347507430678
2714 31.832944605199387
2715 32.920668872283414
2716 35.231683161102026
2717 33.67627046481641
2718 33.80375270908425
2719 33.39741057704992
2720 34.662467477161606
2721 33.80658686851334
2722 34.23838937973229
2723 34.12826302571187
2724 34.79662975863933
2725 34.3096790538223
2726 34.972168552226066
2727 33.96262586791774
2728 34.687205343274314
2729 33.90122360825679
2730 33.74349625997538
2731 33.99526819068654
2732 33.78579560783247
2733 33.547454471127935
2734 33.78387673862139
2735 33.72607279150216
2736 34.11801390288884
2737 34.468518887608816
2738 33.571671468143386
2739 33.03612684561007
2740 32.69278628364245
2741 32.192219932685596
2742 33.05498601555218
2743 33.038392505104035
2744 31.784759728733416
2745 31.97885099793453
2746 32.563493208944216
2747 31.842316612763288
2748 32.31618379540326
2749 33.49630475639697
2750 33.109180409510905
2751 32.48560059988041
2752 32.37181309715535
2753 30.810546922445674
2754 30.9327068461859
2755 29.620221224417545
2756 30.414805076385438
2757 31.226934218668926
2758 30.602463521439663
2759 30.538488804390255
2760 30.12025887229956
2761 30.692835748496744
2762 29.93513243830027
2763 31.664256507268732
2764 30.839957337653644
2765 31.91796081788897
2766 30.924862231355743
2767 30.995289241983688
2768 29.479921515476917
2769 31.245989129765956
2770 31.323682174158744
2771 31.384306728746367
2772 31.951267362673285
2773 32.88578812522519
2774 31.43201222856861
2775 31.85104039599591
2776 31.276243413247652
2777 32.33759043425238
2778 33.49504089353036
2779 33.22959670087116
2780 33.46943770219984
2781 34.43139722623223
2782 33.39528498311596
2783 33.01293212686389
2784 32.709761638700805
2785 32.913662399193704
2786 33.39993359866469
2787 33.66400928344425
2788 33.679999042747006
2789 34.32083830163131
2790 33.734086018992876
2791 32.25772796150657
2792 31.88185015844172
2793 34.67128782492131
2794 33.985623938392486
2795 32.68763838085503
2796 34.11712132348314
2797 33.22650032866226
2798 32.596030216104424
2799 31.124372163060055
2800 33.11896189984101
2801 32.9379378604286
2802 32.95987427192262
2803 32.014038310182364
2804 32.865729264806845
2805 33.538008692117074
2806 31.88388103836151
2807 31.457358055422873
2808 32.3847598580452
2809 31.526991529395225
2810 32.42824737499479
2811 33.55153888862698
2812 33.715157111940734
2813 33.0450098628251
2814 33.00787265661185
2815 33.115550635103084
2816 32.826537719316455
2817 33.30973570600622
2818 31.403118150408407
2819 31.96985065605622
2820 32.215391283799136
2821 31.63275950273927
2822 31.808406695673106
2823 32.285311487310764
2824 32.750024940167435
2825 32.22261315270235
2826 32.28790852889736
2827 33.99652461566648
2828 33.610756069399194
2829 33.97109402516187
2830 32.17578822358349
2831 32.45720873580652
2832 33.259189100582645
2833 30.147052452941175
2834 33.2527970675302
2835 33.22888716178444
2836 32.962393377083025
2837 31.916992306757617
2838 30.649423965344365
2839 32.410291290152195
2840 30.00381900817121
2841 30.628548403078998
2842 31.913283416133932
2843 32.24958674884463
2844 29.727256046802783
2845 29.657923424760074
2846 32.30922735850702
2847 31.245274038058238
2848 30.001860778271197
2849 30.90974803336997
2850 31.164135121500525
2851 30.453581640109462
2852 29.010103849997428
2853 31.09098301337089
2854 32.1002471325364
2855 32.9080136245223
2856 33.83635999167236
2857 35.31783414548702
2858 35.31197833365913
2859 34.673403344631765
2860 34.36157786951057
2861 34.85515359435737
2862 35.75565750552536
2863 34.19974300020504
2864 35.49566857335589
2865 34.5180728926998
2866 33.6858271642932
2867 35.34115503367911
2868 36.10578690811927
2869 33.39483423280313
2870 32.45357271974151
2871 33.36361163140664
2872 32.29511502030711
2873 32.4490352215176
2874 32.03752297316913
2875 30.947647605870056
2876 32.285554041806314
2877 30.608060829232635
2878 32.474825529764026
2879 35.04177407463828
2880 33.87112255663383
2881 35.41210157960595
2882 32.89210821046184
2883 33.40784479186262
2884 34.31582167962196
2885 32.53942643985428
2886 34.16896967106336
2887 33.88959174906764
2888 35.151165911943195
2889 34.027065752743866
2890 34.5022636689102
2891 35.44624574202478
2892 36.90728473619475
2893 36.18466493505148
2894 35.01722033856167
2895 34.76025916618849
2896 35.314501984914465
2897 34.19645433863233
2898 34.46922114135104
2899 34.46881539399037
2900 34.35021179644888
2901 35.23552400894741
2902 35.01979987696793
2903 34.05771710713489
2904 33.87684456364169
2905 33.37311010420644
2906 35.40640877612401
2907 34.358520066316714
2908 34.22806582688792
2909 33.63358298868869
2910 33.00317287020721
2911 34.00628451503345
2912 34.203201439330016
2913 34.003797988951035
2914 35.5196052469197
2915 34.456850025473884
2916 33.82793772636973
2917 33.462653272629424
2918 33.65582748787715
2919 32.96792656948309
2920 33.41235400361181
2921 33.57615600018446
2922 33.005249819715104
2923 33.68093512118136
2924 33.67095765902666
2925 37.190496394678846
2926 37.04943218715579
2927 35.88768324501484
2928 36.84668489229345
2929 35.53688112556457
2930 34.72215707912214
2931 36.23555418142241
2932 37.525420942554646
2933 36.12231497890051
2934 37.48202444970348
2935 39.122498899269225
2936 37.55976259168869
2937 37.05623805343537
2938 38.56334937796087
2939 35.480952003334345
2940 34.23081409508454
2941 35.04562597150413
2942 35.256781425563005
2943 36.33056117881613
2944 35.26074416385358
2945 33.120083105195086
2946 35.93686963216794
2947 33.26578350438686
2948 35.730913211951
2949 34.73929157920686
2950 34.6044154846274
2951 35.2489265001416
2952 35.677340682962225
2953 34.38437076935463
2954 34.52396351237903
2955 34.903897176278264
2956 32.95653392038837
2957 34.20684166917485
2958 35.14165847264824
2959 37.46042498179245
2960 36.79124108090001
2961 34.80122400433234
2962 36.47187794596242
2963 36.00225805783933
2964 34.92056957396547
2965 33.20527862519291
2966 35.024049672122395
2967 35.25586594851981
2968 34.79763985964004
2969 36.20357264534883
2970 34.353028246623744
2971 36.843454581950525
2972 35.9508199638063
2973 35.655795193542055
2974 35.196441216250705
2975 34.44872374887416
2976 35.820525647285045
2977 35.157231620757806
2978 35.116944794941936
2979 35.54688445411169
2980 33.53243938925701
2981 35.71337353002754
2982 34.066274623366034
2983 34.90843891090157
2984 35.56662502965933
2985 36.83236284319006
2986 36.11569209059406
2987 35.871632841673765
2988 34.93292901921471
2989 33.98503331070462
2990 33.147648506734285
2991 33.73849722237587
2992 31.495692646376746
2993 31.335329114307054
2994 28.28203930134566
2995 32.4036037869088
2996 31.46922584839784
2997 32.477757180956765
2998 32.46772429461284
2999 35.54654272093237
3000 35.33392895081848
3001 33.675780957586746
3002 36.66852241741241
3003 36.888228734697755
3004 35.82106813884164
3005 33.09071682580053
3006 35.526122283260705
3007 35.53118169492814
3008 36.03542025403165
3009 33.5434921031048
3010 32.511990669153526
3011 31.997538307299855
3012 32.69726947128312
3013 33.48984376982125
3014 33.70852416916645
3015 33.600676986005304
3016 33.81496981290048
3017 34.336848271437454
3018 34.65525856422506
3019 32.73031575485264
3020 32.06747737182773
3021 32.44659105270337
3022 32.587448716383385
3023 33.25222780760319
3024 32.03154006423613
3025 32.11902228512335
3026 32.79124596660343
3027 33.44737342715294
3028 33.338688813294084
3029 33.05344658249111
3030 32.79439943541101
3031 31.35153516390372
3032 31.898345823348958
3033 32.60591909022566
3034 31.7333099959599
3035 31.52537810810612
3036 31.648081523754787
3037 31.083134970429338
3038 31.74925805566224
3039 30.86406983566362
3040 29.689324130945085
3041 32.20079347189665
3042 32.35893047111998
3043 31.177203405122683
3044 30.960172036504044
3045 30.861625275550207
3046 31.11149823889088
3047 30.721858875888234
3048 32.490223889529965
3049 31.008538770893363
3050 31.245736112135713
3051 31.940850924896825
3052 32.22891646942622
3053 30.884974255396674
3054 30.942940521938734
3055 31.597388658380204
3056 31.77526632545383
3057 32.675407021075436
3058 32.6976323146563
3059 31.506688824100248
3060 31.60747709479151
3061 31.22782002160031
3062 32.02796878049253
3063 30.755202660659677
3064 31.93149645836558
3065 32.423238995428356
3066 32.04564116418886
3067 34.00927949487164
3068 33.16104424994119
3069 34.25867360012208
3070 34.02920503621033
3071 33.10246346637568
3072 33.15524886034334
3073 33.461928477192686
3074 32.80658964506194
3075 32.6164942502125
3076 31.998668080364034
3077 31.365186638589474
3078 31.91536740170102
3079 31.041696832181973
3080 32.214201357633854
3081 31.548430805243175
3082 31.759764824196136
3083 31.490856044518406
3084 32.5608513909648
3085 31.480771971355402
3086 31.409498122371776
3087 31.89732809236356
3088 30.551521960368444
3089 32.3124885715261
3090 31.983977850032705
3091 32.40305446704132
3092 31.151689430238598
3093 32.149619917976764
3094 33.55162456362233
3095 33.018953508167925
3096 33.47261663406833
3097 33.085399993285186
3098 33.88086134332505
3099 32.4319314137925
3100 32.59427241283864
3101 33.82367623023015
3102 34.1055974857723
3103 36.741872714122806
3104 35.3633288543116
3105 34.93038244737678
3106 35.222336353575216
3107 35.13115787373491
3108 34.667723376729654
3109 33.70806697915145
3110 32.95950193982652
3111 35.227058762479984
3112 34.24150547808972
3113 33.69479880826985
3114 32.00457104908528
3115 33.21190770988493
3116 32.05101802700493
3117 31.443525625473818
3118 32.23431828041535
3119 31.876213387406235
3120 31.29159591082132
3121 31.93925083359229
3122 30.919792275515487
3123 30.459312417881765
3124 30.56867315355981
3125 29.948900350366557
3126 29.470139545256664
3127 30.314398044937512
3128 29.792929236772537
3129 30.614077469420337
3130 29.307097577140787
3131 29.127249536699793
3132 30.100633275161094
3133 29.5155043072785
3134 30.000003535363344
3135 30.13583978936445
3136 31.636122063986623
3137 31.238339380436905
3138 30.30066667902439
3139 30.9536427113333
3140 31.06305531302853
3141 29.685376361854136
3142 29.583212670407725
3143 30.886393336615487
3144 30.146651737064953
3145 29.91254322694175
3146 29.912829278904564
3147 29.744264474389702
3148 31.560854626534315
3149 29.671179960090697
3150 29.7109068057246
3151 29.693720914415533
3152 30.121583620061724
3153 31.559485657228397
3154 30.17467152829048
3155 30.93625111194684
3156 30.35738513471576
3157 31.085450781416288
3158 31.649851863811566
3159 30.523888708683067
3160 32.959041235785534
3161 34.90418902731695
3162 32.72596243794273
3163 33.23335191993311
3164 33.95443602413792
3165 31.734389914044883
3166 32.150274572552014
3167 32.40494351667526
3168 31.98665680330092
3169 32.42131985264582
3170 31.721310479368114
3171 32.07494425849039
3172 33.341302237706586
3173 32.76569829007313
3174 32.19027063152388
3175 32.74386286505201
3176 33.84869727544834
3177 33.2324233253747
3178 31.850382570518697
3179 32.76604346921523
3180 33.86341069636334
3181 32.91043260974496
3182 34.36499031829382
3183 33.360327008517984
3184 32.609444344990486
3185 32.85771946200825
3186 32.05739693157533
3187 32.96352858969868
3188 31.184909553783122
3189 29.763060066808574
3190 31.49519542526424
3191 31.379140969767445
3192 31.970357244774537
3193 31.265051800387557
3194 32.33273849839448
3195 31.29092551584457
3196 30.765402614687567
3197 30.198073661504186
3198 31.516226210441904
3199 31.848957956033512
3200 31.458020444507813
3201 31.624595724859894
3202 30.798381578258024
3203 31.154174716815053
3204 30.542601892670422
3205 31.396530869959914
3206 32.375358598739886
3207 31.49160354219001
3208 32.1374155770871
3209 31.100907277160882
3210 32.82190532772449
3211 32.24087024091687
3212 30.585036241710725
3213 31.460886186075985
3214 30.807609776758227
3215 31.401554344582408
3216 30.785976594246673
3217 30.35007225553545
3218 32.006129487842045
3219 31.42667378840561
3220 31.529098658480887
3221 31.605631320021185
3222 33.215784668504625
3223 32.544481142696206
3224 32.464809634427944
3225 33.64104061576634
3226 33.3742668761034
3227 31.357930378206742
3228 31.128307920373885
3229 30.92525064333244
3230 33.07522509110215
3231 32.84089097695084
3232 33.331013353512205
3233 32.34744661417168
3234 32.479601512494504
3235 32.76971729714283
3236 33.621071614849264
3237 34.33635859814809
3238 33.40045560163012
3239 32.873596581411576
3240 34.4205593962282
3241 32.93354768772401
3242 33.26220795515217
3243 32.01656908705236
3244 32.03699768339458
3245 31.4782894669287
3246 31.775344395271038
3247 31.23032744808763
3248 32.080799477146165
3249 32.89310624933268
3250 32.44032260673292
3251 31.801851407312114
3252 32.91366001855916
3253 32.53531669719468
3254 31.574505595416767
3255 32.8953397898384
3256 32.08623792460154
3257 33.12853344320631
3258 31.01170004054101
3259 32.60341650934674
3260 31.44002360607697
3261 30.556904580396747
3262 31.037748168644168
3263 31.545360902037658
3264 31.889872274208646
3265 31.638189785001916
3266 32.57330269681042
3267 32.09901851986143
3268 31.940118334176304
3269 32.30742743760553
3270 30.2252599170206
3271 31.232825288966275
3272 30.804667027994345
3273 30.04798747737452
3274 30.02113963612805
3275 29.538743867142824
3276 30.349805696019732
3277 31.091036259659834
3278 31.40559231577828
3279 30.86394164163883
3280 31.71036615242777
3281 32.32236591338251
3282 30.397556489971006
3283 31.19476695244456
3284 29.95568143143096
3285 30.46552071228259
3286 31.722652996379637
3287 30.31567376501962
3288 30.67853097345463
3289 30.557142955883783
3290 28.86143690972245
3291 29.534899302002103
3292 30.38215856988858
3293 30.634784439048342
3294 30.935579851882473
3295 32.166774521987406
3296 31.524152644219264
3297 31.39925492368567
3298 32.131964239352115
3299 32.896682428677124
3300 32.1560527033069
3301 33.70559723000657
3302 32.11176676401398
3303 33.17179490130918
3304 32.433520208915525
3305 32.64543107400167
3306 32.803276099374465
3307 33.5144301073605
3308 31.9374441068956
3309 32.66118439656706
3310 33.163161644313085
3311 33.62823559531778
3312 32.188269644593596
3313 32.61540276203607
3314 31.915739295621005
3315 31.074095693601375
3316 32.168510393466136
3317 32.04691240551271
3318 30.482780525809115
3319 31.168474539426207
3320 31.39721342330096
3321 31.060094988471327
3322 31.69773652370844
3323 30.148363318156687
3324 29.879295914257167
3325 30.26570128693132
3326 30.550653382751985
3327 30.81210663400436
3328 30.210724200927544
3329 31.166947191947326
3330 30.355315521667816
3331 29.685614288796316
3332 29.77377222161695
3333 29.616279725212202
3334 29.266178183329934
3335 29.391629871190265
3336 29.32690028680395
3337 28.20354004076996
3338 28.612579643275932
3339 28.589897904695846
3340 28.3761036369899
3341 29.84140454819481
3342 29.32834055641572
3343 28.818927593093555
3344 29.593873577952273
3345 29.65042664770146
3346 29.461840328583563
3347 29.678456710989547
3348 30.26944711685011
3349 29.498870473673136
3350 29.888137828292802
3351 29.235663191698674
3352 29.197934117330544
3353 27.997668862279536
3354 29.468612428327774
3355 28.628041775135664
3356 27.669594063547986
3357 27.690935459833693
3358 28.111430614577454
3359 28.71414110140324
3360 28.901989700674196
3361 28.74542389744818
3362 28.728934216064694
3363 29.733077944658554
3364 27.619072199548064
3365 28.754932143866935
3366 28.800339421182116
3367 28.420263425397295
3368 27.47088138795376
3369 29.23801223438256
3370 29.324047290153896
3371 28.544678355530852
3372 29.890326409700776
3373 29.774431698645856
3374 28.291987113218763
3375 28.29226419114536
3376 27.595936444888526
3377 28.476668186533914
3378 28.97451784664093
3379 28.590452797646066
3380 29.637699909824807
3381 28.136553815418115
3382 30.354611471346225
3383 29.647104515337485
3384 28.849298080501132
3385 30.299125108535048
3386 28.416787374770273
3387 27.95946231183237
3388 28.54479882799401
3389 29.99491877882513
3390 28.981085513410072
3391 29.661686781638004
3392 30.652124630347473
3393 30.05250476054952
3394 31.058105483827568
3395 31.054075396682492
3396 31.263181505563523
3397 31.780260812159334
3398 32.526137719138376
3399 32.236107537874496
3400 32.29130600751117
3401 31.913798034639267
3402 32.491442222581384
3403 31.805978522240594
3404 31.186092059874934
3405 31.194428949011897
3406 31.630210445981298
3407 32.81834175147005
3408 31.992167469042293
3409 31.840736643546794
3410 30.855656094251124
3411 31.268209875218584
3412 29.697884242621736
3413 29.469185984916077
3414 28.42377024211814
3415 30.367934022231744
3416 29.30983628111896
3417 28.348916940067
3418 31.493779289206735
3419 30.5565165911142
3420 32.038969897976145
3421 31.7953719008022
3422 30.733997551958623
3423 30.223486982796242
3424 30.122384079382712
3425 31.002464562087756
3426 33.47938745523995
3427 34.54703287680185
3428 30.62771888207066
3429 32.92157846757237
3430 32.02010287423843
3431 32.2609497502835
3432 32.54555689396534
3433 31.617029593286457
3434 29.48568683938966
3435 32.88666434014811
3436 30.462822236472427
3437 31.06719247996445
3438 31.008748898134797
3439 31.247101010407288
3440 29.801442475605047
3441 30.93424790120146
3442 30.7577760762066
3443 30.046973389046656
3444 28.526590454803888
3445 27.636209496467764
3446 26.750246011961305
3447 28.910307576230373
3448 28.168886128790504
3449 28.796552489570864
3450 27.569050121749658
3451 28.80835482745282
3452 28.90868930813119
3453 28.778554868118867
3454 28.933447498831224
3455 27.894900326152438
3456 28.550701912718164
3457 29.182601057480966
3458 28.876039270817877
3459 27.60044235649041
3460 27.674088037202072
3461 29.117741284018198
3462 30.482846702344567
3463 28.703603158708553
3464 28.235623773165877
3465 28.99811400980519
3466 27.88431822825938
3467 26.886148349048618
3468 27.625768585477655
3469 27.314024757772632
3470 27.683949545963785
3471 28.370329524249478
3472 31.044679168700117
3473 29.719956673891353
3474 29.61215430913221
3475 29.14090486267179
3476 27.24780911199808
3477 27.566055105005024
3478 27.025669212899672
3479 26.931114463312227
3480 28.713034034424727
3481 31.008028189600992
3482 29.920660209005415
3483 28.379406823861057
3484 28.50611647671462
3485 28.651706864994583
3486 29.351998991445054
3487 31.444783042808176
3488 30.805080209959574
3489 31.18131476531849
3490 31.956493264605076
3491 31.84644547581475
3492 32.30330503758795
3493 33.74797134378992
3494 30.855415208860837
3495 30.651892461155278
3496 30.146364314124156
3497 31.18121309124036
3498 30.583951895260757
3499 30.245577703891442
3500 28.849669336444645
3501 32.03746065228053
3502 32.62598267287202
3503 30.260921824776126
3504 32.01661137236402
3505 31.620515801785196
3506 30.81820808031183
3507 30.696832130935363
3508 31.574819549458912
3509 31.62645904625153
3510 31.459758565114672
3511 32.20085742221171
3512 31.65265731325359
3513 31.636351311204724
3514 31.509311355771658
3515 31.68036362174589
3516 32.3950043255926
3517 31.537505884147304
3518 31.36261654185336
3519 31.13307914855086
3520 30.640719941849177
3521 29.386739793896396
3522 28.84428422684838
3523 31.49277707886806
3524 30.839772424911157
3525 29.08734961103342
3526 28.879102096125894
3527 28.80370901728765
3528 29.974811583727828
3529 29.986965523120475
3530 30.008796506076433
3531 30.35272844366112
3532 30.75325810832707
3533 30.36222474974818
3534 31.644447007202213
3535 30.445082889572284
3536 30.660789104342893
3537 30.635931304132193
3538 31.63708417306818
3539 29.879029419444446
3540 30.45757546076228
3541 31.656650063316388
3542 31.612148669311352
3543 31.867748218150442
3544 32.54477990103462
3545 30.55519259152971
3546 29.601928107591476
3547 29.742364150013195
3548 30.312764917297056
3549 28.7936560394648
3550 27.600885889404644
3551 29.716658933760993
3552 32.01291776649915
3553 30.098412928772746
3554 30.95614955250729
3555 29.68844430637444
3556 31.352138472929077
3557 33.10880704426128
3558 30.1550574266803
3559 29.945047508380565
3560 29.992276095024813
3561 28.636287240027794
3562 29.913997432150612
3563 29.795180843577427
3564 31.250536571665442
3565 32.13888145651091
3566 32.71725311403066
3567 29.851520466430948
3568 32.16509271514455
3569 31.019793673235053
3570 33.02187779388279
3571 33.33058524075097
3572 32.88209648567471
3573 32.72746602045141
3574 31.39496191842488
3575 32.20676080892172
3576 31.32678311428612
3577 32.629362477452
3578 30.284393539113342
3579 31.362298907904417
3580 31.569286576464027
3581 31.59366057596837
3582 31.59096586117315
3583 30.70993101514346
3584 31.076305025131187
3585 31.01556619582777
3586 30.718954965778483
3587 30.809156199303082
3588 31.02099579728512
3589 31.72855953309902
3590 31.962229725876977
3591 31.3958639010439
3592 32.202141156440696
3593 31.448896534592244
3594 31.175326489488175
3595 31.07502338141691
3596 30.662111811611698
3597 30.431666278429876
3598 30.988455002005683
3599 30.791068317529948
3600 31.39957612974975
3601 31.75021132564529
3602 31.59912731926227
3603 31.461804700773538
3604 33.009979302216536
3605 32.40035344527094
3606 32.17027880253066
3607 31.69954152663266
3608 31.943278524719386
3609 32.13507401366119
3610 31.461167105036527
3611 31.9998989708753
3612 30.973361413359005
3613 30.778432911125513
3614 30.61306684452451
3615 30.500450896286434
3616 30.1922983572532
3617 31.07614762938337
3618 31.00218758219615
3619 30.74692283644016
3620 30.813536133912944
3621 31.022804552769745
3622 30.725485912332903
3623 31.437228666229814
3624 32.057464914120835
3625 31.223859690972326
3626 30.37164381656504
3627 31.165108509020786
3628 31.441485106795238
3629 32.41234100841929
3630 30.151299814322716
3631 31.501009591627806
3632 30.544335151864487
3633 30.575540870855043
3634 30.00163908252309
3635 29.19307137447243
3636 29.619422605042192
3637 29.926695056964785
3638 29.852843621760957
3639 30.103544974196957
3640 31.871920762295588
3641 30.0501038607872
3642 28.318246676595805
3643 28.620430015784606
3644 30.811373628022938
3645 31.449738320967047
3646 30.301105791016347
3647 30.004976793869282
3648 32.35616070925159
3649 32.22688593748734
3650 30.13604801794353
3651 30.343737606605025
3652 30.20672999125461
3653 30.405097936327937
3654 29.259881252483787
3655 29.257830967013188
3656 31.964512098680608
3657 29.30183902908742
3658 29.283223946793715
3659 31.04915917975372
3660 30.797007742503055
3661 30.365219144968552
3662 29.63475572928579
3663 30.494980356510894
3664 29.589068528111255
3665 28.860197814084465
3666 29.940840204206303
3667 30.063617212069296
3668 30.534454792081984
3669 30.17248794584567
3670 31.553289733245858
3671 32.02281047988977
3672 30.87858486011395
3673 30.76642396936941
3674 30.93806349066643
3675 30.62877061370146
3676 31.892397535508426
3677 30.31205184445432
3678 30.313213493838393
3679 30.041510167367306
3680 30.736416461974343
3681 30.971132404687438
3682 32.08792107528669
3683 32.38314877379492
3684 30.91008860022185
3685 32.9157346349754
3686 32.06844875665157
3687 30.794639687961293
3688 32.58675495637919
3689 31.63978874637736
3690 30.435729244664863
3691 32.11115417877245
3692 32.18271991243251
3693 31.607349298178036
3694 33.471086159786246
3695 34.14416111572481
3696 33.41693915873621
3697 34.76021781888548
3698 33.39893355338072
3699 33.312045499994454
3700 34.02153093893085
3701 33.07562996359168
3702 35.26959165505062
3703 33.18516220749785
3704 33.10175884379795
3705 34.85162164754631
3706 33.61534592679417
3707 32.432933036297854
3708 32.99174283357289
3709 31.70821450973095
3710 33.42672687839597
3711 32.87052756373479
3712 32.67366588481322
3713 31.385160453013278
3714 31.69488170846909
3715 32.02031926955602
3716 31.253056197039946
3717 32.4921138804422
3718 31.083482382846316
3719 30.239342790457016
3720 31.21275558324272
3721 31.196868004612448
3722 30.90969055519607
3723 28.96957481633325
3724 32.98577742741333
3725 31.60954699685635
3726 34.212045763584456
3727 34.90731105094204
3728 33.6545088320244
3729 33.02168421058591
3730 33.10575408196582
3731 31.829429627396586
3732 34.794885341864564
3733 34.82418088590735
3734 36.12588170361427
3735 35.6537627267166
3736 34.20718474039038
3737 36.05221074768589
3738 34.16738125499881
3739 35.081286715460905
3740 36.81829382607341
3741 34.69459743857229
3742 36.44466291740922
3743 35.24250989837168
3744 33.1093565926912
3745 36.307274328628324
3746 35.73975602069435
3747 33.565781915615986
3748 32.19580631408229
3749 34.388592479195815
3750 32.55186649115113
3751 31.069624383705296
3752 31.38264199094754
3753 31.02701823885345
3754 33.66641342003958
3755 34.21333326678424
3756 34.683654955548434
3757 35.89640683690681
3758 34.15887081861813
3759 34.676172240319374
3760 35.12448491350232
3761 34.762173246481524
3762 34.576952148538375
3763 34.03224489047436
3764 33.194133718628585
3765 32.960461560925005
3766 33.88796148261838
3767 33.70635042471819
3768 34.5408017995497
3769 35.09936137109149
3770 36.035186932238645
3771 35.7891014222941
3772 36.60838072295935
3773 35.44222179595667
3774 35.73992198361417
3775 35.8498363699063
3776 37.00763469246724
3777 36.08515172257716
3778 35.27895677620373
3779 35.411577547232014
3780 33.61918499446156
3781 36.629766477466816
3782 36.44317271861899
3783 36.26670955872504
3784 36.42917222767855
3785 35.94193326714675
3786 38.734894367477274
3787 39.877414568368934
3788 38.952477434575925
3789 40.014253428095344
3790 39.17962021593574
3791 39.37907404642673
3792 38.768484546325915
3793 38.840235503177354
3794 38.557389321056476
3795 40.4429456947278
3796 39.097177589346856
3797 37.603389350190206
3798 39.763735321936046
3799 40.1046324713682
3800 39.42264353376557
3801 41.359517671883005
3802 41.11344423394067
3803 41.182529692131915
3804 42.01645305339511
3805 43.1192161630723
3806 42.2487274660162
3807 44.0779819299008
3808 43.22289078199132
3809 42.606529483729595
3810 41.83465798230253
3811 41.59101936993473
3812 43.51690386568273
3813 43.28588251625
3814 44.113864433879066
3815 42.85868166421264
3816 43.54326284404092
3817 43.3807012369232
3818 41.77905063505719
3819 41.72905607178459
3820 39.47163009145982
3821 40.03800892257393
3822 39.147160430008725
3823 39.590532641549416
3824 41.63622849247268
3825 42.40011721274559
3826 41.92063041416906
3827 41.781208062499736
3828 41.19681218890265
3829 40.46328017955912
3830 39.555312720500176
3831 40.269396770535785
3832 40.12442158573511
3833 40.00998628428754
3834 39.675214291587665
3835 40.35382353872351
3836 40.71793699475914
3837 41.29547115768016
3838 39.521590141709254
3839 41.72725250435925
3840 42.85943478060913
3841 43.663657335986606
3842 43.727683156939925
3843 43.976693819546995
3844 39.39522066079957
3845 41.50179976345582
3846 41.78303634501174
3847 42.236585964964895
3848 38.744912747196494
3849 40.395107330697684
3850 43.42907951797249
3851 44.28039264625576
3852 44.31513206313377
3853 42.59070433805218
3854 41.076266843926405
3855 42.064470566565824
3856 38.9101151662764
3857 40.750938336538155
3858 40.76044374211389
3859 40.973638965767435
3860 41.204640058980885
3861 41.52073479702412
3862 40.74880038641039
3863 38.577865241885895
3864 37.834561294869964
3865 39.12659185134518
3866 38.148206951436414
3867 36.31699026014299
3868 36.98708861028234
3869 36.742217294884284
3870 37.34894952639529
3871 40.915473577711715
3872 42.224813784472715
3873 41.31207304718149
3874 40.36500352541872
3875 41.66231283824907
3876 41.05332693236608
3877 40.931302743064606
3878 42.00224156943084
3879 41.84632630833463
3880 42.20127262973664
3881 40.935430417107945
3882 42.24398638280165
3883 41.31342847660554
3884 40.30421937225145
3885 41.24030760183389
3886 39.42643190733651
3887 39.97987844611947
3888 42.26575273230527
3889 41.14399086696031
3890 41.51919009552522
3891 41.91697307036016
3892 41.11298309949813
3893 40.86981430978537
3894 40.45618370428231
3895 40.49572978948441
3896 40.060814772201
3897 40.65716884718186
3898 40.261527195188734
3899 39.393427720546065
3900 39.512893605285925
3901 39.88451936778415
3902 40.28826638823565
3903 40.68281390117831
3904 40.003671384476505
3905 39.359070551723
3906 38.79722592581359
3907 40.5676029763013
3908 40.14332211601718
3909 39.66911155396298
3910 39.53830796414527
3911 39.36270125850565
3912 40.97245791365305
3913 42.19915751479644
3914 42.854075008705216
3915 42.12294317249516
3916 41.68761242869281
3917 41.340857967744995
3918 40.59871206651788
3919 40.05654490235239
3920 41.64607801716864
3921 44.6876004174539
3922 43.28545340705235
3923 43.14670482804552
3924 39.37042959702251
3925 41.358401170299196
3926 40.269369384436594
3927 39.625517727504615
3928 40.098662627220406
3929 38.72376411596686
3930 39.64749099593816
3931 37.28112166190846
3932 36.03683854338847
3933 37.06458409375902
3934 41.20058442499454
3935 41.76097547794986
3936 39.804899599917256
3937 36.27070638927503
3938 40.42092468933275
3939 40.10257679601218
3940 40.42511100985025
3941 40.30731285376943
3942 38.84309348008103
3943 39.164710479021444
3944 40.98859464601516
3945 41.65705583876003
3946 41.83836900380506
3947 40.422918032074854
3948 37.75797811800936
3949 39.43327627364188
3950 40.53978995902551
3951 40.96827308715497
3952 40.115516807121
3953 41.1894555455084
3954 39.630845180820025
3955 39.46580508219177
3956 39.16226230079511
3957 40.645585039425015
3958 41.28805683167354
3959 40.135163226130274
3960 36.51853031322398
3961 32.55257330416743
3962 36.26290639844933
3963 34.82964762353775
3964 34.11597170042357
3965 33.34348584936943
3966 33.37198372897886
3967 35.637127549927804
3968 32.47532841052102
3969 31.90087948037064
3970 31.99697058638447
3971 31.891258270331743
3972 32.16224278714508
3973 31.982546052765375
3974 31.172733962604394
3975 31.471183223198803
3976 30.617139641075433
3977 31.556746532335794
3978 31.132255418822457
3979 33.13230479731724
3980 30.938985705774073
3981 30.413590342994958
3982 30.73640215739639
3983 31.0599295821318
3984 34.15666451578932
3985 34.459017636627415
3986 32.93419953866145
3987 32.94769325974057
3988 32.62563479452769
3989 32.94049953714364
3990 32.4844437289781
3991 32.90311788270849
3992 33.35991686428729
3993 32.67589282487167
3994 31.392662394023052
3995 30.635343817465102
3996 30.672997831408683
3997 29.918049998310575
3998 29.61401825441579
3999 29.147324715342187
4000 29.728150188643614
4001 32.29588018342143
