0 31.908104842580624
1 32.14451958913417
2 32.634403452516
3 34.97579739195415
4 33.66045831804865
5 32.153088075157605
6 29.84516500320264
7 30.155156731466796
8 25.86614462554784
9 21.455437296578726
10 17.749137546897757
11 20.524342013934394
12 21.672044183089998
13 30.141994814092598
14 24.872384174869982
15 29.207942343464214
16 29.275024135443385
17 36.0645668373814
18 32.26053546979364
19 32.39658179520849
20 31.63216385482971
21 26.786855508929563
22 34.99386516519634
23 41.298725283135546
24 47.16759245474801
25 45.003566524993275
26 40.73794825476901
27 46.40562672033743
28 49.473912243092926
29 50.86778939307112
30 48.35098970171937
31 48.432775205313085
32 56.217625479165484
33 59.156872570582664
34 61.13113347522322
35 57.40486735633759
36 59.08005436301313
37 57.487282751963505
38 57.630937847170394
39 57.872930522121095
40 61.372452146037055
41 57.876079781941684
42 50.4648303751028
43 51.73240751329519
44 56.38786221106299
45 52.17330528523093
46 54.758714459060045
47 54.92976089311774
48 54.735243088241624
49 55.69661773087067
50 55.53884537089768
51 52.769566288807155
52 52.205344238037846
53 52.10375026486894
54 56.63132364166401
55 53.928349106490806
56 54.50239065385055
57 58.67337923293885
58 60.30728965187148
59 59.354117340861784
60 59.99046818549376
61 57.238245930803515
62 51.10002774073669
63 53.262895846611585
64 53.81379342955158
65 52.43499172006254
66 49.86337620622852
67 50.29017161816973
68 46.75114576683561
69 51.155932060451605
70 47.20735281808198
71 50.01080304937921
72 45.926916627006136
73 50.44537537522542
74 50.76671565979412
75 51.86870492681576
76 53.763050211372345
77 50.08977552519386
78 55.45832530408691
79 50.70856686629471
80 51.30278938874207
81 56.36617221005367
82 54.96229930159171
83 55.13727883063182
84 52.986791916635426
85 54.3807407628103
86 56.49763410627008
87 56.96931055087935
88 58.39366507467246
89 60.95317584616097
90 61.93773501566555
91 58.648132796321235
92 59.92051574887453
93 53.753648433857904
94 53.25949838779555
95 53.84057474701556
96 54.46153181143613
97 56.14115522128055
98 56.29349898467413
99 57.506336926873566
100 54.65329638068139
101 52.314383954191406
102 52.7397552424604
103 57.449617784180155
104 53.50455773325305
105 54.898802693409486
106 55.98538976754787
107 56.9225082057036
108 54.097260929184884
109 56.1636330295719
110 54.97140402549199
111 54.18606865803858
112 54.71515486852025
113 49.00284045315542
114 49.70748662796577
115 49.24078872357501
116 53.46370043742422
117 50.10600614197643
118 55.24690299290732
119 58.302587331968574
120 60.26304570350897
121 59.4905908950901
122 62.281051343784014
123 58.71351646890895
124 54.75758540712139
125 57.44931826953952
126 55.37258951450166
127 54.393645371801966
128 56.82237844928184
129 59.16669521053937
130 60.29913345870197
131 56.956580544601835
132 58.48281930552125
133 56.921651130432735
134 60.07729324547896
135 60.09636616909052
136 58.12160283244672
137 60.9159258827219
138 61.70478131523547
139 61.428626215952704
140 61.49881330027443
141 63.39658419882123
142 58.33720034732658
143 61.635922212526864
144 63.6686327395319
145 62.20636424512431
146 61.92395242787107
147 61.44665904243571
148 58.85403189046088
149 59.84983669405872
150 60.84512015322862
151 60.404007826763596
152 60.67726290047008
153 59.919797135748475
154 62.52987170907774
155 62.69274266986736
156 64.37639099498917
157 61.30010123587257
158 62.51034343179247
159 65.26998642681218
160 62.32094966866236
161 63.30625323888301
162 61.962213732567555
163 61.16957691698742
164 59.216943354901574
165 54.93868157368697
166 57.17414960883768
167 57.79445923052976
168 57.728966162329634
169 63.715858323843854
170 60.70085922592031
171 55.63020708339421
172 56.64148181217744
173 54.02355800886017
174 50.95958323608681
175 51.57548315424971
176 58.62639654529224
177 58.1278491643532
178 58.52413654842684
179 58.180449320958374
180 56.770745695373385
181 59.13557999212712
182 56.924319610263
183 60.65769611621273
184 58.05644959522309
185 62.69447773770744
186 59.63861598606913
187 53.53898858785279
188 52.90864281900234
189 51.94665922667497
190 52.082872550365586
191 49.191066285486244
192 50.83868105810212
193 53.10803296709761
194 51.00870234852614
195 55.79307950312706
196 52.66455055674172
197 52.51797844940928
198 51.17064927713279
199 53.5050362632766
200 58.57837338680462
201 56.693932488729246
202 55.4381195104269
203 55.18677180511316
204 57.26988064669311
205 54.46069784983681
206 56.92776346074495
207 59.61824553329418
208 58.746317549578876
209 59.54450364770625
210 57.23547641659989
211 56.62291996009365
212 55.943143746391705
213 59.6310306518748
214 60.99507574887088
215 58.32587041715689
216 55.188386601924606
217 58.644774712875105
218 58.70775284170667
219 57.877987640382244
220 53.27861373024597
221 56.826963559775514
222 57.329807415897506
223 59.26494125755668
224 58.26697798097456
225 60.281006953072705
226 58.93827087884044
227 51.50680038978085
228 51.089160530237486
229 52.964664961088005
230 53.05051052948956
231 57.7220052830522
232 55.35764513116519
233 57.81399487585594
234 55.1072321683332
235 51.37150821695195
236 50.33233934507629
237 48.47607506398335
238 47.12965714924055
239 41.68306714260314
240 44.676421123470824
241 48.01717417178736
242 47.155703694939774
243 42.84495937733823
244 47.24963100032655
245 46.62697734895829
246 43.0761553573973
247 41.98893483067784
248 42.4676512888694
249 42.32558403877712
250 43.622895849504395
251 41.30359840742524
252 39.14339492628693
253 39.917832936145125
254 43.410153638752945
255 43.61651740675623
256 45.83997243677441
257 45.49654924037986
258 47.77624829904407
259 47.18329354872588
260 46.93623794552409
261 45.0651383268746
262 46.355812380481886
263 46.44161015590472
264 46.83907923897006
265 50.01297870379455
266 51.63534816587889
267 49.32568968000817
268 50.31855205048357
269 47.927728465616674
270 48.58071790762542
271 48.2499521033772
272 48.145300447019274
273 47.03380390018717
274 47.614815104979236
275 46.24888749831772
276 44.74312968973773
277 44.40707427662034
278 45.82515209203343
279 44.140255085129425
280 45.64136515325264
281 45.38760263662836
282 43.49870726622716
283 43.9454633648258
284 39.95151687762991
285 41.908451175027274
286 42.986591773697825
287 43.283712709400184
288 44.06023320089454
289 44.95365578890676
290 43.134907537123894
291 45.7666909584783
292 46.631026708949896
293 45.38740856396056
294 45.605522390129906
295 49.38623035013665
296 47.670349944864704
297 49.970777459363305
298 45.931445011776404
299 47.053433004765644
300 46.0833242948099
301 45.664775189168374
302 43.33754334305479
303 42.0131006482906
304 47.40121678061414
305 40.65401665713927
306 41.42544883364246
307 43.37111740731823
308 41.74365251298854
309 42.926431158627906
310 41.00804792788853
311 42.438305005541835
312 40.59010335239699
313 42.81415117510493
314 44.501709688256476
315 44.4981700928173
316 46.791608931657734
317 45.502094115022544
318 43.20179886233205
319 45.828061030468874
320 47.14791309587697
321 48.83303830546746
322 50.85513518599784
323 46.69451856358751
324 45.709701636015296
325 41.024297302444346
326 43.76791130893729
327 41.514355737959065
328 39.61801458220019
329 40.94507366200001
330 40.81583901545495
331 45.8464024340682
332 43.15689893590558
333 40.525787577630695
334 41.161842754384054
335 43.5164653399428
336 44.95192158905
337 43.12584570157529
338 41.31966614639175
339 42.035374778076886
340 44.11960594326273
341 44.91158771990761
342 42.705617502633906
343 37.429429742907566
344 42.20804510441824
345 40.46119489325842
346 43.62704291683282
347 43.830757838807294
348 45.3083066472595
349 42.147312309913964
350 42.994454846439325
351 44.254783295308115
352 42.948651721591624
353 42.4734018646687
354 40.516629685129345
355 41.19142502595571
356 42.86590987055706
357 45.914692460262444
358 43.80509103383066
359 42.01554628461586
360 41.20517120440496
361 39.04667679440417
362 41.27697582908053
363 42.75187135368466
364 42.463145002615015
365 38.638605095858985
366 39.55401493279098
367 42.23651853522357
368 42.1403591469929
369 38.23754311676364
370 35.88352280378971
371 43.183320719460326
372 42.4881554037372
373 37.61553113647431
374 42.08482032316442
375 42.21000867791997
376 41.212580977576145
377 39.380774274959016
378 39.8301751168218
379 42.53199546894469
380 42.17239533631889
381 42.058429625881246
382 37.62603052151271
383 40.748334883604656
384 42.54093461384312
385 43.66900975277013
386 39.68441147167705
387 44.95896379880156
388 42.770388418788876
389 41.40285743940084
390 44.58408077807024
391 39.308217397065256
392 40.012449857387644
393 39.30656250208609
394 38.61434104078722
395 42.5947456567351
396 43.125570572621854
397 43.515344368410936
398 41.82180143452592
399 45.40010717981706
400 43.84452652425721
401 41.17819527163805
402 38.75328573749147
403 39.817493775086994
404 39.88050859224566
405 42.48739040833271
406 43.300235129267165
407 43.15365840383402
408 42.30518071024997
409 40.686416209597404
410 40.20101422102442
411 39.08024409668331
412 38.762960481966864
413 36.774751441776765
414 36.976238555377144
415 39.870102598891705
416 39.223720955535406
417 39.23163920289858
418 38.9395827757713
419 37.96276118520707
420 40.156225930598275
421 40.78358535692103
422 40.928436422046374
423 39.909452960003826
424 42.10992991218405
425 41.80587608320733
426 40.72285893915901
427 45.15547440960965
428 46.11330043428124
429 46.85391137065682
430 48.821613922307996
431 47.80989563539143
432 46.05974590330451
433 45.16088897890938
434 42.46221589806733
435 46.47125803707338
436 41.547798039912784
437 47.16836400758175
438 46.283810125739464
439 44.903100470015914
440 48.0391875572832
441 46.733429240604956
442 44.698849884172965
443 45.81995002811068
444 43.23918431169363
445 41.9137613514792
446 44.554185244486625
447 40.477587612473755
448 43.11438052060496
449 41.92005804710043
450 42.76066372281465
451 46.93056422442296
452 41.49145167768793
453 42.76505886465712
454 43.64801615207362
455 48.1420496269653
456 45.76234422746609
457 45.070067801724946
458 45.1547630825548
459 47.09002515559462
460 48.238452478584165
461 43.944061473576625
462 49.250732930152985
463 44.01502589508209
464 46.842732773063716
465 39.42985445983499
466 41.42512731067468
467 43.3380172860134
468 39.883277204111735
469 44.02676887840799
470 40.14614086507869
471 46.93382785617155
472 42.69881219921647
473 40.06829929842331
474 42.49400895554069
475 39.06470197054793
476 42.908845310106834
477 47.4026460262661
478 47.62859496832674
479 45.14274679796737
480 49.77829471217457
481 47.57678996551239
482 48.565406328948036
483 44.327191118601405
484 46.57809151583049
485 43.74240003883998
486 46.27819627078652
487 46.25072326755676
488 43.110725750799055
489 49.708838252204785
490 47.030872107074856
491 43.23155056889325
492 43.44194041743406
493 48.291900585044004
494 44.726737833293186
495 43.906214423969374
496 43.11985670326018
497 45.71032450150358
498 49.08412826959109
499 47.45293555672136
500 54.550103195298604
501 53.84111436829963
502 52.2494023332876
503 49.71468863980826
504 46.47547440191275
505 43.12556888487388
506 40.66971035269364
507 43.009158341967925
508 40.615847675970755
509 39.490947961427636
510 34.29355735943936
511 35.57496762629982
512 31.772864176610522
513 32.64164268039369
514 36.92772095869133
515 39.78082032038043
516 39.27076736562423
517 37.85980102248901
518 40.163587231335136
519 39.4154935797784
520 43.386266411560975
521 45.93651857336082
522 46.24628764646616
523 48.629892020054015
524 44.19109035401468
525 49.326101707989956
526 46.505408407496795
527 45.88366329332603
528 43.68221383931117
529 43.07803135516033
530 43.162022545726366
531 43.36048173655477
532 43.2498446434353
533 39.33502193297488
534 43.041508171407756
535 42.707487435967664
536 41.74652713902629
537 41.191608036706896
538 43.30741092846615
539 46.64655667046688
540 41.420661075359
541 40.21548741303297
542 39.972346665264645
543 34.35190397695175
544 39.312849659811626
545 36.30939597285831
546 41.77158569860063
547 41.47221414255888
548 39.02938499988162
549 36.15256587454624
550 38.74979214876623
551 39.34902003401287
552 40.54061067044016
553 37.58061643731584
554 34.8794328404416
555 41.08701161168684
556 44.178136930858486
557 44.52668293121583
558 42.24633457637036
559 39.71416844123356
560 35.7652874867134
561 39.991617953000805
562 39.75122944328468
563 35.63652925989094
564 35.9954437211179
565 31.05769387417613
566 37.84125154853504
567 36.5803351126908
568 40.11748043866819
569 39.37031347684075
570 38.64652770947883
571 45.47186409902194
572 40.9688063774937
573 42.02576903711048
574 39.87207175843287
575 42.16892652309693
576 40.118138360734186
577 45.41222194159165
578 52.17382746567451
579 46.784121583558175
580 52.56182549602453
581 50.83037195533772
582 50.09724937132568
583 53.78724606177179
584 57.32265854088414
585 58.61084034012595
586 55.135342711309605
587 55.87745457480566
588 58.94635827500954
589 90.02402324618501
590 59.64049676891267
591 60.62904356051764
592 60.34029740575219
593 58.705214021172736
594 60.73428384940902
595 59.740223906429364
596 55.5799658931554
597 54.831013984763246
598 55.32241741661579
599 55.98019685914557
600 57.62361217292131
601 56.94248966155482
602 79.57279977608613
603 76.1626981858198
604 58.962325033014416
605 53.28383085032096
606 52.86466119814166
607 54.15197143587642
608 49.39709277866875
609 59.903618303525214
610 59.810220767435645
611 54.056420655699604
612 43.76877623394021
613 45.34162441785437
614 47.89625945603753
615 40.260485536852556
616 31.67899926344543
617 33.402298033667314
618 31.351391180716895
619 38.59649783866622
620 37.630770107394
621 43.88005894983849
622 37.76210206511927
623 32.353821891635114
624 29.253926974376277
625 28.996650572064098
626 29.29697182061618
627 39.23408336477577
628 36.3045974275291
629 38.885778981002524
630 37.95676136441372
631 38.910740908350675
632 39.156451715255265
633 41.443267895893776
634 34.773504170767325
635 41.27894115890391
636 45.204874637188524
637 43.28688226938622
638 48.2529721944058
639 48.853407767795126
640 47.19716616129575
641 51.9330270193218
642 52.4772946355319
643 51.53047954327419
644 47.89061639691105
645 43.145349021697946
646 42.2121877133286
647 43.56085173746437
648 41.53590681557802
649 39.06832827026217
650 30.03153602889679
651 35.232029892336364
652 34.27790378556628
653 28.76585483948186
654 28.802982303261285
655 32.00797316452711
656 30.389494695546478
657 30.23239293752797
658 33.880178780397344
659 30.924197254166238
660 30.738854236163817
661 28.19199962362356
662 29.283764590468333
663 31.836110076345584
664 36.470073826180105
665 39.725847780377286
666 38.22391812717369
667 33.47579564930348
668 32.687314404187575
669 33.617776074894145
670 35.30520439327116
671 36.83704841569824
672 32.45079739500773
673 32.926303549725816
674 37.37593726898297
675 37.55353741702521
676 41.24422053981143
677 35.90995161015924
678 33.49027289220878
679 33.08576445207333
680 30.68081094101702
681 32.92310044697203
682 34.224144631324954
683 30.666822511039893
684 30.64689998923311
685 23.33324701297598
686 27.224425943037918
687 24.194838143575442
688 21.515318352296937
689 23.570412068290906
690 24.78551396143018
691 22.82664131598398
692 28.002603237166074
693 27.17439869082591
694 26.41311032659616
695 22.47439304366869
696 22.943065728545214
697 24.020739925446687
698 25.585441259302282
699 22.916668972978286
700 22.388822468335345
701 24.938205778154792
702 26.481773200061063
703 20.077237661645423
704 25.635638855048388
705 25.593237067112483
706 24.504167342032183
707 28.858595747463387
708 23.88926111549811
709 23.729189339389794
710 24.046348825287808
711 21.729174177637912
712 21.828199103473164
713 17.673785828786766
714 20.45179562888133
715 13.917438245011132
716 16.797915096255778
717 13.425678588047692
718 14.78910312977117
719 12.543956001223659
720 13.142587533053687
721 9.964402628551424
722 7.491555198672218
723 6.6358297460194136
724 7.733387506821596
725 7.006031715328973
726 12.944803124081107
727 6.982239911929981
728 5.990813685314127
729 13.886070455328955
730 13.840684667262554
731 12.273226535332237
732 19.444374554774708
733 14.99401763537811
734 19.084559371615768
735 13.028992588529055
736 11.260525888509642
737 9.609985270186733
738 8.63772544010962
739 9.817262562220863
740 8.754393944281032
741 8.935553427385054
742 8.904996284571723
743 7.038231690024262
744 12.267949249831469
745 16.908815324076603
746 10.59698005377948
747 12.232383025960482
748 15.642879360681007
749 15.93670768262325
750 15.602613555858952
751 10.513946478330748
752 10.213637345016958
753 16.684696894564414
754 5.771404534652639
755 7.934205255940337
756 9.1438299785426
757 8.75238727164785
758 8.115573207596944
759 8.157927213199294
760 8.28624897583301
761 7.7522952982124345
762 8.141897264635384
763 8.047404966358846
764 7.852976822935366
765 7.341193970859601
766 8.151157415926695
767 7.3810814561284905
768 7.894797148734488
769 7.909781332462633
770 7.7318457806406755
771 7.993467737490176
772 8.279176512581905
773 7.709381941146516
774 8.353564889565638
775 8.287775578704197
776 9.294001370177591
777 8.718706291466614
778 8.47902507516156
779 8.857093666934603
780 9.036455331281793
781 6.869314117183502
782 10.503356612404696
783 7.799336411948883
784 7.75457081503028
785 5.862101187655127
786 8.67877957928758
787 8.53116544964957
788 8.645534133178945
789 8.341545319755037
790 9.593936998586702
791 10.96098327285433
792 9.014548597418079
793 9.430900318691227
794 11.297540528737231
795 11.552571955043689
796 10.792382097293347
797 11.1883041207354
798 9.714471266294952
799 10.073960667879675
800 9.928907133458432
801 9.748920387596742
802 15.213984569215144
803 10.234378496153777
804 12.01580371342791
805 15.434408582403577
806 18.299231461944693
807 17.800568433804916
808 20.340452472285108
809 10.392163079302815
810 12.951790223988146
811 11.034327885276127
812 12.810982246858543
813 13.553416362993573
814 17.49086904127798
815 18.543855234223482
816 18.560817518253355
817 19.457727826933173
818 18.218067439823084
819 15.665048569938191
820 19.56269225387012
821 17.520875136643312
822 17.335355406602964
823 18.346970563902545
824 19.075745644557834
825 17.71189840132583
826 16.4331397721609
827 16.955670384002577
828 17.684904553456082
829 15.665170852981996
830 14.853568471969194
831 17.529101024691816
832 15.658227419779438
833 12.896048296487805
834 10.955404387109883
835 10.122435591058164
836 11.026303988239786
837 9.700526820278693
838 6.939458398394382
839 8.07719300130211
840 8.13429558734937
841 7.40741449623857
842 5.728239588728862
843 8.931368973229047
844 8.702852862048308
845 8.508249666493674
846 9.2645784958346
847 9.031509544750993
848 7.449555930959619
849 9.455001182706559
850 8.116549629930093
851 9.311970067075004
852 9.732847274681378
853 8.255943071355901
854 8.404342384621229
855 9.049649860146461
856 8.534762154307362
857 9.605404630177997
858 11.131577597904855
859 9.734084624154077
860 4.101016489410737
861 6.447196098346186
862 4.182577068246444
863 3.6582263985985426
864 4.633100423552217
865 4.031185834751727
866 3.9150097526295173
867 5.183121505026384
868 6.143281425455346
869 6.275527789873534
870 5.4132513049452555
871 5.908580441369708
872 5.307253788652878
873 4.685424454952967
874 5.330527906824197
875 5.629487371752422
876 4.729740278571709
877 6.769036856977342
878 6.243400691033335
879 6.135123258304979
880 5.637374976691307
881 5.179372085733667
882 6.3198573127585105
883 7.044817785866924
884 6.947525152937538
885 6.435769979141841
886 7.193045947251851
887 7.198002353792979
888 6.730355923183734
889 6.620957601794795
890 6.736249081523282
891 7.235228521769393
892 7.0441957279256275
893 6.208532373906059
894 6.307840192907046
895 5.867905867442518
896 5.201070511514192
897 6.304998149517573
898 6.6027658643986795
899 6.842199545342581
900 6.422297644428632
901 6.7978243473434015
902 6.864505346670317
903 6.643973608992104
904 7.083590941481476
905 6.578537122884374
906 6.440424801220985
907 6.159388988893063
908 6.475505567716448
909 6.688002410227387
910 6.723253838156738
911 6.675428767603046
912 6.559047066501115
913 7.025732458495442
914 6.559699606816709
915 6.948503328331729
916 6.989009025486619
917 6.276785778455964
918 6.211248050959937
919 6.547850793562256
920 5.8491325644757515
921 5.793157183067166
922 6.6703858438862405
923 5.796533791715428
924 5.3833470134428545
925 6.42430566472929
926 6.262498786946141
927 6.207946837354506
928 6.940277516842662
929 6.867921224957083
930 6.373424297094289
931 6.601274658509661
932 6.314273010920538
933 6.906108141770462
934 5.780034656004803
935 6.004344126905218
936 6.064918905127346
937 5.955716157626259
938 5.77472617247834
939 5.954206612228929
940 6.302187407259342
941 6.202800782305204
942 6.477307809385669
943 5.764526944515564
944 5.856932273479639
945 6.1445313634603105
946 6.308063876503061
947 6.401055139165106
948 5.793774575081364
949 6.4306960211605
950 6.973443450522642
951 6.988776542478632
952 6.397269494545416
953 6.821303854489083
954 6.7858783379743
955 6.861261893241461
956 6.607621978136314
957 6.982665682286209
958 6.156796989585789
959 6.730687867598835
960 6.42106259764613
961 7.332616344106095
962 4.408502140423301
963 4.3750084865772605
964 4.8452496543548085
965 4.693582305936241
966 4.516840581402672
967 4.628469579004259
968 4.272890925270304
969 4.5741572363984035
970 4.701546940486605
971 4.412113140493463
972 4.145518531781246
973 4.411504093410058
974 4.413652242416395
975 4.767502415873542
976 4.412179788158657
977 4.523970811136816
978 4.589456127328452
979 6.420656719326611
980 4.183491128244299
981 4.5758042263699386
982 6.043170162524468
983 4.621965016496895
984 4.957091783272742
985 6.800208099899575
986 7.425140902844816
987 7.537788732184568
988 7.900262657510291
989 7.3082268578726435
990 8.069989634460068
991 7.433843326471089
992 7.697204567941781
993 7.062843351307239
994 7.298105505371731
995 9.038051472403316
996 9.144408545037374
997 9.411534723991528
998 9.449962201061556
999 9.28749196093666
1000 9.051845331829439
1001 6.743940968370315
1002 6.842906633972623
1003 6.566982146210413
1004 6.253288801316436
1005 5.563441079932494
1006 7.1264689187023595
1007 7.331223232709931
1008 6.549945021666842
1009 6.450889263993963
1010 7.100889241882362
1011 6.7000230878963905
1012 6.265683047213835
1013 6.629399615236258
1014 6.366387787095718
1015 5.622585227079065
1016 6.672850356458828
1017 6.625905178987849
1018 6.729134267383451
1019 7.121509600992892
1020 6.568157254215741
1021 6.164080142133962
1022 6.858365515818559
1023 7.176869770797755
1024 6.147745131163061
1025 7.162197578135973
1026 6.705811880855115
1027 7.268508902183651
1028 6.823254864883039
1029 6.588231241750947
1030 6.507941261079971
1031 6.164245908719139
1032 7.497555773256126
1033 7.100821131223436
1034 6.492532489970528
1035 7.315893308489058
1036 6.407702840400919
1037 7.617733872167658
1038 7.1480985141143965
1039 7.2563996909363695
1040 4.694656790714129
1041 5.055185883147715
1042 6.283461770531845
1043 6.227217770900519
1044 6.784358131772928
1045 6.2558986363718745
1046 6.2694745686058635
1047 6.209155848488767
1048 6.2473773156629475
1049 6.138845692186707
1050 5.956235407394779
1051 5.739385876210622
1052 6.172388547859939
1053 5.258580852956337
1054 5.886088228303142
1055 4.579233888608526
1056 4.510982719786043
1057 4.835165909549757
1058 4.663408517330739
1059 4.940326235115577
1060 5.7972960414767725
1061 5.3468049563061095
1062 6.316637259558134
1063 6.226374667358131
1064 6.314435442728708
1065 6.02677329859945
1066 6.724652405435213
1067 7.295379506205472
1068 6.941286462000053
1069 6.163155100842155
1070 5.518370649727058
1071 6.750348180461488
1072 6.219540164167534
1073 6.648196097879645
1074 4.2539945280237
1075 4.796449177252972
1076 4.35242816829731
1077 4.560139956754874
1078 3.9452639398634464
1079 4.1722046413771166
1080 3.956274512042105
1081 4.201279005572313
1082 4.227967249755211
1083 4.775552691595507
1084 4.317061814808668
1085 4.410706813818744
1086 4.279035209323779
1087 4.597627709473354
1088 4.208871545803678
1089 4.407854685928409
1090 4.215534894048011
1091 4.335507595586779
1092 4.2643688493673455
1093 4.280537888567745
1094 4.6793205620468665
1095 3.947595951360074
1096 4.6294230745036575
1097 4.166376373355346
1098 4.379505638708376
1099 4.17736938765488
1100 4.425551897669736
1101 4.496978741529533
1102 4.3376051080889
1103 4.272783489730409
1104 3.9959907084619086
1105 4.276769867409859
1106 4.536735483694805
1107 4.366946259306453
1108 4.167385028001571
1109 4.124528056656312
1110 3.9578556387566413
1111 4.2875660504685555
1112 4.394306313117392
1113 4.251689828446333
1114 4.274391856820084
1115 4.188454792526141
1116 4.107353746067375
1117 4.354030152946206
1118 4.208045432721869
1119 4.158996320350223
1120 4.421979112322103
1121 4.301490477058559
1122 4.2936051738052505
1123 4.289947878574675
1124 4.46038956059549
1125 4.101184951708323
1126 4.327645950392004
1127 3.813770185367842
1128 4.235616002977465
1129 4.218316301895367
1130 4.112666704392065
1131 4.162686762927508
1132 4.19537592797461
1133 4.125261974917364
1134 4.267021795098171
1135 4.247296592511272
1136 4.574260390451669
1137 4.706892268366805
1138 4.416401608140607
1139 4.055861311801321
1140 4.07385111863104
1141 4.07351337226476
1142 4.58305284289095
1143 5.527438090669742
1144 6.000136186779214
1145 6.588572647017065
1146 6.214823858197589
1147 6.452991873354118
1148 6.557324161400446
1149 5.988537091907584
1150 6.32026729772421
1151 5.386811238969739
1152 6.234077486036058
1153 5.86116093268669
1154 5.933448658660584
1155 5.975063932810517
1156 7.708197951253213
1157 6.679084691597939
1158 8.769543472506333
1159 7.934321642204064
1160 6.317128051551931
1161 8.234182923019326
1162 6.891361922105508
1163 4.832804992706415
1164 4.606255354699466
1165 4.864362793007953
1166 4.762095672291581
1167 4.626907214673569
1168 4.549121321107557
1169 4.480057460725222
1170 4.842999104142873
1171 4.646703985604252
1172 4.416305413192262
1173 4.169679174078722
1174 4.764216345404211
1175 4.516989764925431
1176 4.6129742047512865
1177 4.876136645785054
1178 4.870812106212793
1179 5.207381800907484
1180 4.333174668777686
1181 4.362223716715759
1182 5.0506329294787395
1183 4.812850394006365
1184 4.239762994595149
1185 4.293692753877382
1186 4.725766705242395
1187 4.460878569812759
1188 5.185318074690482
1189 4.556563635098715
1190 4.7960137208064655
1191 4.598713219272935
1192 6.123024030988889
1193 4.317382906357765
1194 5.470949374919901
1195 4.834214622007969
1196 4.058253088964414
1197 6.01210256092492
1198 6.120543612955324
1199 6.099111419037864
1200 5.93108115297424
1201 5.855861826791978
1202 6.518074353176522
1203 5.704508768328159
1204 6.089161432530583
1205 6.013478188573157
1206 3.454022625121134
1207 4.0649572852203315
1208 4.29161522679871
1209 3.8189718221095803
1210 4.271059300055799
1211 4.5896342536061825
1212 4.110258272243727
1213 4.229370279979898
1214 4.186991680232162
1215 4.224253002779016
1216 4.551001218256996
1217 3.640240644532731
1218 4.445033377529301
1219 4.058070553983231
1220 4.279319253547533
1221 4.513289044182792
1222 4.889918602143297
1223 5.859684057521513
1224 5.115152345010277
1225 4.520616451812196
1226 6.088602920385426
1227 4.377766124260232
1228 4.4773272427353
1229 4.891176882955385
1230 4.86961898646532
1231 5.843411119976352
1232 5.352528874375271
1233 5.146227319048256
1234 5.356326522506706
1235 5.41055612946502
1236 5.6789837158347956
1237 5.497880186889081
1238 4.720490677135651
1239 6.518388011343815
1240 5.82063336442638
1241 4.1882647373439985
1242 5.117321039330388
1243 5.3277179094318505
1244 5.193491051094023
1245 6.010024432563956
1246 4.634223456491978
1247 5.286105681613933
1248 4.992653445979958
1249 4.355264800909919
1250 4.191482543827272
1251 4.533669610568437
1252 4.308658016562177
1253 4.5840998234321475
1254 4.37312628719404
1255 4.2707440011499385
1256 4.300505026156045
1257 4.7240945999085815
1258 4.4939545415873665
1259 5.4025746509220065
1260 4.622843126284726
1261 4.3598404310245975
1262 5.420223296787403
1263 6.005663180911979
1264 4.385016856521125
1265 4.60849029332914
1266 4.063652281317289
1267 4.094826005451539
1268 4.47118071402999
1269 4.213335192820163
1270 4.1588005071373715
1271 4.145622767986988
1272 4.491737777989996
1273 3.863991461398327
1274 4.391068506778756
1275 4.207790672545474
1276 4.239911691819107
1277 3.9900133364017436
1278 5.910383311590935
1279 5.700661280597796
1280 4.648783544180333
1281 5.6455433444661
1282 5.041387908690128
1283 5.847266661562917
1284 6.127666803721819
1285 4.160306442173657
1286 4.072370281015661
1287 4.2196355680850015
1288 4.211907901837907
1289 4.400425938932047
1290 4.501495797924803
1291 4.477546141608714
1292 4.4838262665838196
1293 4.642183712812415
1294 4.354156549112736
1295 4.043942629305921
1296 4.3754591422257585
1297 4.858053765101035
1298 4.131116459814846
1299 4.315667120786554
1300 4.194264444665039
1301 4.170508607447251
1302 4.518351269440204
1303 4.263004422679246
1304 4.204035152827077
1305 4.10638287770678
1306 4.223001782482382
1307 4.201360602102151
1308 4.185362121237762
1309 4.153361517914657
1310 5.28397246498806
1311 6.503790289472285
1312 4.596639336341233
1313 4.545012198438788
1314 4.148008268686346
1315 5.770632610745966
1316 5.081461014165321
1317 6.170127838329799
1318 6.446394492178503
1319 4.265716437583755
1320 5.44412260341334
1321 6.336272903111013
1322 4.159360292555468
1323 3.896327497126255
1324 4.182349304133622
1325 4.268198160368905
1326 4.239824731593301
1327 4.622968857237935
1328 4.213684040295825
1329 4.427261955369197
1330 4.174243175730824
1331 5.950316136272535
1332 4.886950128082758
1333 5.448546625419913
1334 5.618974842652094
1335 4.6062662684523135
1336 4.966901247755321
1337 4.170388955416801
1338 4.142677260757968
1339 4.222374937578527
1340 4.071289322968286
1341 4.385149242977942
1342 4.182218685720264
1343 4.190085373214886
1344 4.226309153422251
1345 4.122738437979416
1346 3.6393312164264975
1347 3.50940360984633
1348 4.425119910637723
1349 4.389233283789754
1350 4.471292352931767
1351 4.413300380201237
1352 5.727493151532201
1353 5.5504627454154765
1354 5.683292022123163
1355 4.727998076370737
1356 4.307842474578921
1357 4.347035903265533
1358 4.254609379685937
1359 5.749944179469267
1360 3.87484880400299
1361 4.594658268434663
1362 4.493652473762346
1363 4.961911552559915
1364 5.899800346777914
1365 4.0194345632265485
1366 5.948845191512567
1367 4.68744404290931
1368 7.674837834091662
1369 4.78419529741422
1370 3.8210475349080677
1371 4.757762227844095
1372 6.418584018323177
1373 4.185022848422051
1374 4.067383883451502
1375 4.349227815184436
1376 5.187244971298925
1377 6.421614200102178
1378 5.811579463282357
1379 3.971830588295197
1380 4.079968573594672
1381 4.196148980483499
1382 6.303718719375584
1383 7.193292389001149
1384 6.6472356620313535
1385 6.602924348562397
1386 5.88810116560136
1387 5.771093801189634
1388 7.131024931649019
1389 7.261839990971367
1390 9.70532005113894
1391 7.711715516600718
1392 7.720959508111544
1393 5.775305959021452
1394 8.603026135230136
1395 3.812047665838674
1396 4.164356271889
1397 4.041007615304629
1398 6.488082247750427
1399 4.18303293716
1400 6.001807289556842
1401 5.687443285165967
1402 7.093236065645306
1403 3.99343538161543
1404 3.882520626926452
1405 6.754375981194135
1406 5.079278689818261
1407 7.479319120960193
1408 6.810635967238938
1409 6.537371368926871
1410 6.519450110914651
1411 8.968092906449316
1412 7.253927438659967
1413 7.038166238757586
1414 6.842078100341321
1415 4.387629967335548
1416 4.368048444006163
1417 6.344781727121527
1418 5.963753705776907
1419 6.514084942578277
1420 6.191713243944451
1421 6.325315105700016
1422 6.212878159433043
1423 8.891315725897808
1424 7.035789276062733
1425 6.173879935838407
1426 8.685339034833833
1427 12.055924136034347
1428 9.65496634988301
1429 9.75918787077165
1430 9.324383595366564
1431 10.363712960635452
1432 10.702846607638675
1433 10.097921977182546
1434 9.964229010623525
1435 10.578079303960763
1436 9.72244820049592
1437 7.965046957730206
1438 8.56350617208248
1439 6.423724530128828
1440 8.82819657400577
1441 6.160752963182929
1442 6.657718146065074
1443 6.678579504157461
1444 7.384919093426173
1445 7.302278486596558
1446 10.761178906779158
1447 5.333565532859196
1448 7.332644036910302
1449 4.787707678284712
1450 6.539009828172043
1451 6.716663167898277
1452 6.991455808181433
1453 8.054362124167877
1454 11.5150251268043
1455 8.488384299932772
1456 6.306769799485336
1457 8.246415231151738
1458 4.346388428238919
1459 6.303241425586869
1460 7.069236636692249
1461 6.535572814211714
1462 5.734335808314911
1463 6.091803434096823
1464 4.102121423561554
1465 4.280958711402861
1466 4.095641752768335
1467 4.184851828796311
1468 4.348658410807556
1469 4.5715646094302125
1470 4.214939260379082
1471 4.753735128598396
1472 4.060679265367455
1473 3.4800614609877765
1474 3.3932137944463387
1475 4.589897933526638
1476 4.074316838348722
1477 5.921404868590871
1478 4.742748561818138
1479 4.681022163500987
1480 4.30513382711101
1481 4.873527432644031
1482 6.071908420886718
1483 6.36467731607492
1484 6.540437433857229
1485 4.45307599906891
1486 4.443410133188818
1487 3.6388238293598354
1488 4.626777716565402
1489 4.685551252158153
1490 4.394966742355136
1491 4.816878830027198
1492 4.116143816367307
1493 4.537043384200143
1494 4.645659942089228
1495 4.736517551632236
1496 4.869880466310425
1497 4.6479846707690395
1498 4.182668856475439
1499 4.621552192711126
1500 3.6566283213316657
1501 4.355514261565302
1502 4.455679040590689
1503 4.065550534344881
1504 4.0096958182025055
1505 5.5824786927134165
1506 3.484369745778945
1507 3.4312229896951254
1508 3.5059034595176692
1509 4.8433457138737674
1510 4.513002048152293
1511 4.551194464417572
1512 4.359602620298716
1513 4.981349909101566
1514 3.5877290977511604
1515 4.105923927588894
1516 6.0824986476655765
1517 6.2886622722768095
1518 6.664007936637525
1519 4.728944501710812
1520 5.738487104457264
1521 4.511259065424747
1522 6.448689633527993
1523 4.69133614994274
1524 6.237774121254612
1525 4.751298919477974
1526 5.815774937411712
1527 6.056184500798186
1528 5.006787003918333
1529 5.7590986630102075
1530 5.171131355922469
1531 6.16918127485588
1532 6.004276109409079
1533 4.6230771508969815
1534 5.760075087412973
1535 5.679304712815567
1536 5.351257510098219
1537 5.999927550470961
1538 6.368481053577673
1539 6.160163160328129
1540 6.102958144540851
1541 5.926551732537494
1542 6.536260940538442
1543 5.935419207049545
1544 5.742906971577497
1545 4.5750205750459285
1546 5.116569413115338
1547 5.596314499353149
1548 5.75648993302995
1549 4.622087265302449
1550 6.471727501623909
1551 5.8756984817648865
1552 6.303802948298173
1553 6.077738515741048
1554 6.560678936179
1555 5.30936848063843
1556 4.651066798084321
1557 5.551583267851109
1558 4.639181104147207
1559 5.81900867877333
1560 6.095416938417174
1561 7.828882648661494
1562 5.563403255404049
1563 6.050946223909333
1564 6.074901983676353
1565 5.875383558038123
1566 6.77832387540728
1567 5.561352505882469
1568 3.78930940278526
1569 4.900471553301364
1570 5.893840333468686
1571 5.195488802378654
1572 5.563054360232776
1573 5.826221445097853
1574 5.7902059384407005
1575 5.779177303790123
1576 6.349485760846226
1577 6.421740596586707
1578 5.636994931805972
1579 5.812791521476836
1580 5.883410004113997
1581 5.378501753701271
1582 5.562615591527522
1583 5.008547805556472
1584 5.899221683384122
1585 3.7371482539248078
1586 6.714220363982559
1587 4.71230347209704
1588 5.957806376488593
1589 4.874039895258387
1590 6.145743594364059
1591 4.670255139117472
1592 4.673982199586062
1593 6.106050183914715
1594 5.0220132130062325
1595 4.967216367507974
1596 4.8838245430192
1597 4.524181184256876
1598 5.267190502950073
1599 4.694449277696175
1600 5.736213576702232
1601 4.787858650714385
1602 5.706486914884885
1603 4.585073100837318
1604 4.739092281649068
1605 4.63351416202794
1606 5.75140923869824
1607 5.664789178358448
1608 6.033224373439571
1609 4.2483448075446555
1610 4.148867079680482
1611 4.960694858118151
1612 5.743142307967001
1613 4.611287347809457
1614 4.719125553339214
1615 4.618235684531869
1616 4.6049669402406455
1617 4.300623358326008
1618 3.9319152452699946
1619 6.327704648702966
1620 4.371995289971587
1621 5.5799748587796385
1622 7.033210965569947
1623 6.975700232138444
1624 6.683716022956097
1625 7.2130991015843335
1626 6.5291093660273365
1627 5.483766419696779
1628 6.155354888214136
1629 5.219825863880534
1630 4.68610064623589
1631 4.812148601177223
1632 4.22354468401333
1633 7.1195529645730895
1634 6.860266108690193
1635 4.293107679611381
1636 4.476395824743583
1637 6.067611784101674
1638 5.684056139165796
1639 5.393928720017516
1640 7.650172890910431
1641 5.734820472032051
1642 6.457671062174602
1643 6.061492322533998
1644 6.372441863385964
1645 7.046514291839632
1646 6.922750903362822
1647 7.340697400430309
1648 6.064800803085199
1649 6.978726240053449
1650 4.775570017081863
1651 4.724641442265525
1652 6.664093216987238
1653 6.667256928380777
1654 6.325149456623717
1655 7.030956877909377
1656 6.875638178204188
1657 6.374966303372778
1658 5.979174342479889
1659 5.619009631718383
1660 6.098101112163768
1661 6.253237210589015
1662 5.246034626748148
1663 5.085477180177744
1664 5.020500047677444
1665 4.8821750011102445
1666 4.911483167715695
1667 6.0443536968249205
1668 5.337537968579089
1669 4.320270658337124
1670 5.98144254134075
1671 5.878884129408603
1672 5.428329979584786
1673 5.777202152103872
1674 5.081368166650453
1675 5.275168547161779
1676 4.449973947594523
1677 4.6108145118799655
1678 4.76768793596717
1679 4.957741799122034
1680 4.469430147700019
1681 4.531921097186155
1682 5.477307645500483
1683 5.969562159506729
1684 6.3288492249319335
1685 5.73903098767139
1686 4.923588556000661
1687 7.414322776024816
1688 4.741948514299373
1689 4.60764437789908
1690 6.164563792646954
1691 4.342659567636212
1692 6.8623024730645215
1693 6.0112714446394415
1694 4.983567053257172
1695 5.573532700518043
1696 4.825953196037377
1697 7.505209298477419
1698 5.111946190089736
1699 6.400603922608092
1700 4.240513274460135
1701 3.751453708289469
1702 4.44208811675884
1703 4.340415147828774
1704 4.71173713082129
1705 4.277414294873219
1706 5.233975101885739
1707 5.464230644813536
1708 5.72168925194309
1709 4.454844072202266
1710 4.385172542443959
1711 4.358130295760421
1712 4.711325009257466
1713 5.812791331471521
1714 6.2945340181485925
1715 6.587132372989208
1716 6.747632737661474
1717 6.215410518141545
1718 5.684370295279169
1719 5.822399528034001
1720 5.757753336416023
1721 5.875054444405971
1722 9.022343481596776
1723 6.4675618919835705
1724 5.0233579547542515
1725 4.268339200110287
1726 6.901703609249681
1727 5.837492422531307
1728 3.9430805934267044
1729 3.5106866781342165
1730 4.27819885077151
1731 6.351583887258825
1732 3.9930667518648697
1733 3.541049725847306
1734 4.537709481405132
1735 5.67367570217559
1736 3.466924106188191
1737 4.123953313332454
1738 4.459363760185943
1739 4.047757160542437
1740 4.00520673316016
1741 3.9196186540211735
1742 6.564263888305406
1743 6.224622731711873
1744 9.951362284583304
1745 8.055612153891163
1746 8.402201061261168
1747 7.108278221310257
1748 7.004931563399756
1749 6.381559008845524
1750 6.245621760019985
1751 7.051499871848805
1752 6.541819446817033
1753 7.15263404802449
1754 6.862451541819476
1755 6.86699527431047
1756 6.79621812370389
1757 6.789252278067072
1758 5.590800291785839
1759 11.752822946208905
1760 4.922275817549318
1761 4.182747716171842
1762 3.4162559606588117
1763 4.833718612053098
1764 4.691011166124807
1765 4.582263291342492
1766 3.669325408681953
1767 3.838971319323558
1768 4.751404426463113
1769 4.03640426729818
1770 3.5530804439500554
1771 6.724011649024273
1772 6.068741334194363
1773 5.859617593954917
1774 3.3746833753254486
1775 3.4396931092593337
1776 3.611968765385125
1777 3.4635943050910183
1778 3.4732357783709213
1779 3.5838339034235984
1780 3.472738637285228
1781 3.461621033168731
1782 3.5537085932484658
1783 3.3959696263736063
1784 3.5578379761935603
1785 3.534152924880226
1786 3.6038458424362063
1787 4.014783568546453
1788 3.907746894811607
1789 3.532984544466447
1790 3.4825673499945173
1791 4.25774099276669
1792 4.121920702869706
1793 4.5920070205355525
1794 4.9939213421920225
1795 3.417931304211366
1796 3.449905674971288
1797 3.4930009700137536
1798 3.376514794619936
1799 4.167394739268854
1800 3.4496810563697164
1801 3.464817079307241
1802 3.290311847737873
1803 3.4349215133626707
1804 3.3876563783749654
1805 4.79384521756114
1806 5.488737333110613
1807 4.471169359233616
1808 4.157240189850356
1809 4.183668633184931
1810 3.4987839198898802
1811 5.876002037013783
1812 4.769128489360067
1813 4.540883485067743
1814 3.451886596577143
1815 4.085352522355368
1816 3.5381911268998767
1817 3.3783597435578328
1818 3.5422256923012436
1819 3.5216925265987244
1820 3.347949970736235
1821 3.4417871897813215
1822 3.350640882529822
1823 3.3731419575142962
1824 3.726643926890373
1825 3.674591650667475
1826 3.565999445438355
1827 3.473796538254337
1828 3.8589485205109946
1829 4.175942833082861
1830 4.042629440649389
1831 3.4098623317227146
1832 3.388984595272764
1833 3.4906532727232547
1834 3.4435279644067007
1835 3.4605549932689965
1836 3.423093815951558
1837 3.431030739845351
1838 4.471293314680071
1839 3.5124284689654046
1840 3.4103918734374723
1841 3.3721494956180598
1842 3.4766313106483366
1843 3.4621758333131636
1844 3.4856957665024084
1845 3.4212088616951917
1846 3.4875463387341403
1847 3.545412403266822
1848 3.87839729467978
1849 3.591294313725095
1850 3.531995331141312
1851 3.357371912764137
1852 3.403515746895105
1853 4.301059235240347
1854 5.477523514103173
1855 5.434029538006848
1856 7.8394173849863
1857 9.0922891045135
1858 9.742997743054968
1859 10.875145153596204
1860 7.722499299933132
1861 5.95046623204283
1862 8.704476160099624
1863 6.053026702806219
1864 9.667191119822238
1865 8.781501371651084
1866 8.48263265717708
1867 9.050441922195002
1868 7.610012355400769
1869 10.712483783675877
1870 8.882444015658406
1871 9.084190884665821
1872 6.085171546355811
1873 6.0854696116119245
1874 4.763733394509545
1875 5.54584272380804
1876 5.372630120197823
1877 5.29453308637601
1878 7.764130070481117
1879 8.327525693565164
1880 6.633086693043747
1881 8.203335487204287
1882 7.034536462605383
1883 6.801089741286601
1884 4.4743774372426195
1885 6.4382017784509395
1886 6.325412825177588
1887 6.936264184418797
1888 6.930731184736916
1889 7.266905541840848
1890 9.016597309657078
1891 9.90877897301155
1892 7.860721546582309
1893 8.328923062504646
1894 8.110127749021473
1895 8.609118053210437
1896 7.735026233730499
1897 7.590197113165049
1898 7.079638524931139
1899 7.468174759088704
1900 7.956452806475817
1901 8.05430282603626
1902 8.461152306678883
1903 9.14737262253646
1904 9.455525576753178
1905 8.498271409907144
1906 8.664562567659093
1907 7.873734714476037
1908 7.8245239113019105
1909 6.963504387088345
1910 6.688288338226065
1911 5.860028170640369
1912 6.907579812428145
1913 6.091807199329343
1914 8.382655027907418
1915 7.781170655865141
1916 7.750847106698659
1917 9.192653092475823
1918 8.774287290234792
1919 12.134686168254532
1920 7.73635001935407
1921 9.121951304504329
1922 6.957831278453174
1923 6.588175408172996
1924 6.625430142830203
1925 6.447975686481318
1926 6.037850155098092
1927 6.379821110050195
1928 4.343905321327679
1929 6.263628508783847
1930 6.028429458905225
1931 5.566912690881661
1932 4.378695352954281
1933 5.3309322075285595
1934 4.822177358096303
1935 4.342022280060106
1936 5.844992619420009
1937 5.519506173014294
1938 5.070064270469462
1939 5.353355276271087
1940 5.219696738416726
1941 4.61040252375563
1942 4.097575954782069
1943 4.906176781735034
1944 5.837037433228718
1945 5.428222235706697
1946 4.272713260149711
1947 5.307181492504021
1948 5.973539680142603
1949 5.506923487096837
1950 5.514786424417182
1951 4.796358463459002
1952 5.65835950639277
1953 6.198169951964029
1954 4.876881793743118
1955 4.3608967493766455
1956 4.5868623160255515
1957 5.727432002513798
1958 9.102865592054517
1959 9.551750887180921
1960 7.6117594131699695
1961 13.189344181921168
1962 10.084174071500227
1963 9.96686292959996
1964 9.367358590870367
1965 7.17840038593434
1966 7.096673708594688
1967 4.611161451426956
1968 7.359245851714837
1969 8.143693412498099
1970 8.267408627612529
1971 10.113572213007547
1972 7.859601763862425
1973 6.3231634798971506
1974 3.4980821109977023
1975 3.3452283581254143
1976 3.4812130211466052
1977 3.561482189915384
1978 3.413825247585666
1979 3.4476919656479317
1980 4.892877084353014
1981 3.4636505837879183
1982 5.222749955319113
1983 5.491342802172554
1984 4.141676990131351
1985 3.6292155480012975
1986 7.5871069012268935
1987 7.5543197873200265
1988 8.011607826217848
1989 8.78892307632513
1990 8.867864229790216
1991 9.432529110320624
1992 9.444355478891232
1993 9.441284645624526
1994 6.514136075027625
1995 7.897294023735324
1996 6.23410789510913
1997 4.948399273924246
1998 4.100440015035991
1999 5.3928549369786705
2000 6.990720367381516
2001 4.659615391007585
2002 4.316413504885507
2003 3.9173010041434866
2004 3.3911683529756607
2005 3.462384388014345
2006 3.9728532336833737
2007 4.021462942993186
2008 3.2514481441084637
2009 3.7585175159446482
2010 4.617517526422639
2011 4.043855770898863
2012 5.491580845042473
2013 4.204115134473015
2014 4.550686365081882
2015 4.146077572214487
2016 3.7247430023427657
2017 3.6914417662599983
2018 4.020666039002625
2019 4.461684123538816
2020 9.53353036244208
2021 10.844004610490417
2022 7.93644308814357
2023 5.297859685718279
2024 13.221662245022804
2025 13.984142976908496
2026 7.741142142385728
2027 6.64513212430335
2028 3.9600928809887104
2029 5.334461307313061
2030 6.234851216697375
2031 4.283543676870444
2032 4.141059346162517
2033 4.167584035650616
2034 3.8798888400994094
2035 3.9882999292641825
2036 4.042836545726173
2037 4.6304682879084815
2038 4.385881451689082
2039 4.209826085195976
2040 3.857058415592035
2041 4.039245040174329
2042 3.7983165604140963
2043 3.957310679664379
2044 3.7998301208018272
2045 3.669027554616823
2046 3.707393259701605
2047 4.072505985904091
2048 3.763059744841595
2049 3.90176347776088
2050 4.348836375677591
2051 3.9218622984852805
2052 3.8769954333883994
2053 3.9595733848429795
2054 3.974189447813097
2055 4.0380282831948335
2056 3.865426805847984
2057 4.124593504988373
2058 3.8403914543475612
2059 3.674958076062061
2060 3.8653841865567466
2061 3.7052358126623486
2062 4.14371432730404
2063 3.580906030056532
2064 4.319710728615877
2065 3.6240429166543304
2066 4.011920962207149
2067 4.044738396965551
2068 4.242274671326142
2069 3.815760191860005
2070 3.7146785506847197
2071 3.788607530526777
2072 3.9138530264852966
2073 4.043689774789064
2074 4.21360556533932
2075 4.104788959764864
2076 7.24785192019006
2077 8.963810947244596
2078 5.923516124781166
2079 4.132192042679569
2080 4.751383293033007
2081 3.709083977100485
2082 3.5086921717903645
2083 5.845986405661228
2084 6.401359320689106
2085 4.231688503088823
2086 4.623385219050925
2087 3.516428445229746
2088 3.7885838091570863
2089 3.799263522616493
2090 4.7145966335015945
2091 6.063051778129122
2092 4.433881092209614
2093 4.164745467505584
2094 6.282073164132552
2095 5.782977710560413
2096 4.076777898854646
2097 4.708630939076095
2098 5.308480939206919
2099 4.700085933434747
2100 5.65393927252404
2101 5.633197344130814
2102 6.852031302074621
2103 6.08814106124732
2104 4.494455207534888
2105 4.250029387511744
2106 4.071516260574013
2107 7.258326826348981
2108 8.563129975977388
2109 4.130787685550176
2110 4.379074273217116
2111 4.017054569664883
2112 3.963704213532651
2113 3.804891046499721
2114 4.033983433583932
2115 5.57672842383799
2116 4.805836988180467
2117 4.378823996515831
2118 6.729058862339575
2119 3.4823962757159506
2120 4.521083490055174
2121 4.393298416251453
2122 4.478530989331554
2123 4.616074194805067
2124 4.131073470216626
2125 5.043447523873172
2126 4.426533100001012
2127 4.236963859767302
2128 4.837017245025641
2129 4.264703686165883
2130 4.099777366798559
2131 4.323756089304901
2132 4.2588475447397816
2133 5.077471360978338
2134 4.859787260337225
2135 4.284485017111956
2136 4.081993016608712
2137 4.425034955497898
2138 5.186778111998706
2139 4.762322279504811
2140 4.136965058821211
2141 4.691090969690117
2142 4.5349641253506485
2143 4.858301976604056
2144 4.069742085346981
2145 5.657204600252459
2146 5.340316873835991
2147 4.4293056836815285
2148 5.648444893972471
2149 5.653256606344845
2150 3.868795466774615
2151 5.225310809448376
2152 4.0713420984879285
2153 4.59660850064318
2154 4.328832178309892
2155 4.437243815793349
2156 3.4865557926628044
2157 3.483267779211858
2158 4.136281398283427
2159 3.548247514974538
2160 3.483325568407386
2161 3.5138826170577278
2162 4.654182965265493
2163 9.191927878189833
2164 12.505038755718932
2165 9.62063828453218
2166 9.918309875097
2167 12.252089074311707
2168 10.966142054826879
2169 8.56487958324134
2170 9.491547725552286
2171 8.053120489804844
2172 3.5185851603171288
2173 4.149683908112159
2174 3.963273540890197
2175 4.359709962928193
2176 3.8336545684233374
2177 4.399527900262397
2178 4.004122874902599
2179 4.720515625157675
2180 4.134847279973822
2181 3.635441542043192
2182 6.127031822615427
2183 6.2665368097279615
2184 4.3902949353612355
2185 4.360802576140327
2186 4.0291147665926905
2187 3.557518684521735
2188 4.294432503837084
2189 4.316392479418846
2190 4.181756179890071
2191 4.477039079594484
2192 4.596429041547537
2193 4.809405638114887
2194 3.966771713968363
2195 3.474981987877071
2196 3.464072005019703
2197 4.251864328410886
2198 4.342034163910675
2199 5.073103021432473
2200 4.404117941461212
2201 7.921765401161777
2202 8.070504122208755
2203 5.251668130981705
2204 6.270205001118075
2205 5.8782659840520735
2206 5.169104745213871
2207 6.303361138648964
2208 5.272326247074651
2209 4.9664335415822904
2210 5.037816568909795
2211 5.465866718460566
2212 5.266550834514197
2213 4.330330075281506
2214 4.19872687885096
2215 4.509937060770725
2216 4.137912502931968
2217 3.5902845154409593
2218 3.9129026233847712
2219 4.354970142154525
2220 8.146357219044527
2221 8.335971944592256
2222 7.65777961725792
2223 5.636994859411613
2224 5.558153871856915
2225 4.435383349762709
2226 4.744838289239857
2227 6.983872739649669
2228 5.865824478796357
2229 5.332470206300841
2230 6.4719460936121
2231 4.928662001095245
2232 6.2853913202570375
2233 3.964459449039985
2234 5.573704341941755
2235 4.3015876975410645
2236 4.78952852078059
2237 4.357559794285122
2238 4.7937577815476855
2239 4.549199825293738
2240 4.939968266940621
2241 8.017071663702852
2242 4.9588344714132955
2243 4.440391822462217
2244 4.346572878408816
2245 4.423110901781582
2246 5.055966358883274
2247 4.463074279519743
2248 4.692574937632972
2249 5.199401211591331
2250 6.370300384369657
2251 6.1746563247041095
2252 3.952639239552588
2253 4.048372821039255
2254 4.258941512880145
2255 4.602766872751212
2256 4.553055361098166
2257 4.651160182396213
2258 4.535384329530328
2259 4.818850726924016
2260 4.935331842821148
2261 4.777308367993806
2262 5.213025972494358
2263 5.110389773143108
2264 5.59692507180275
2265 5.643584248037512
2266 5.566134196324897
2267 4.968772892695216
2268 4.497147026492355
2269 4.552819949096957
2270 4.603980565964265
2271 4.663201929187967
2272 4.437602834871621
2273 4.741653737771139
2274 4.602495677405036
2275 5.470130121314923
2276 4.623551747091905
2277 5.811509652379617
2278 5.903028308435078
2279 4.727147535489647
2280 5.375036850981359
2281 4.554132231655282
2282 5.2326774317291225
2283 5.023809555860719
2284 5.3861547136342836
2285 5.167315781513828
2286 4.668089755268823
2287 4.495529841759045
2288 4.297524976623853
2289 4.606555471580337
2290 5.405868559626974
2291 5.779005201652163
2292 5.596235656063294
2293 6.116341033889977
2294 4.883793938536816
2295 5.6871792610030925
2296 5.426879695771869
2297 5.143020282942823
2298 5.736995449132702
2299 4.990462057025121
2300 4.582836662696852
2301 4.734798905736868
2302 4.8029527993634895
2303 4.697504017337273
2304 4.71975773292077
2305 4.750173349710027
2306 4.611128420913129
2307 5.3363359247067255
2308 4.728250029136319
2309 4.466355670316735
2310 4.518400100222313
2311 5.254442222346058
2312 4.321878537462098
2313 4.571857340868976
2314 4.292945452798348
2315 4.181853948147606
2316 4.377975763604075
2317 4.514674258635641
2318 4.621751702848329
2319 4.293799393085383
2320 5.203267567048855
2321 4.5780502414399775
2322 4.6489486500031765
2323 4.661354036097337
2324 5.241619477935043
2325 5.170514102318418
2326 4.954065922831612
2327 4.6577951895636165
2328 4.671678178737967
2329 4.687664834959205
2330 4.7393873276440175
2331 4.735283440993604
2332 5.1110066104632725
2333 3.9140755094226605
2334 4.3855812027255086
2335 4.514368786086012
2336 4.640772938485341
2337 4.597128156626914
2338 4.634274379939335
2339 4.726585103221809
2340 4.6081239250158
2341 4.591361364057359
2342 4.640839975741423
2343 4.509124165145055
2344 4.353301753294084
2345 4.448159921010491
2346 5.191372372650295
2347 4.634022381207832
2348 4.579640146859446
2349 4.4826906658857055
2350 4.85490099997317
2351 4.98228429014166
2352 4.879093366231356
2353 4.816506321704089
2354 4.75947148861233
2355 4.732247841962502
2356 4.777708374733964
2357 6.5282790169619265
2358 6.2967964833232015
2359 4.847344282148428
2360 4.701932051198112
2361 4.739704058304324
2362 5.195369917953211
2363 4.479633706502582
2364 4.868049321114042
2365 4.621352989964525
2366 4.654732395401886
2367 4.673654014625002
2368 4.5599194274976815
2369 4.654533852251054
2370 4.503214335143071
2371 4.634464559105979
2372 4.81870437884511
2373 4.708753565294811
2374 4.197395138973502
2375 4.229594134817504
2376 3.990550543395638
2377 4.544372398972901
2378 4.1276020057854135
2379 4.11140844987863
2380 4.264303058219793
2381 4.707861572206314
2382 4.694948973476031
2383 4.830621885356977
2384 4.664720773995104
2385 4.747231481716726
2386 4.725876224858306
2387 4.707182070708506
2388 6.271525633080833
2389 6.820870778618178
2390 8.558372889096548
2391 7.062478720438051
2392 6.770197761661787
2393 4.73907879828094
2394 4.455828297294563
2395 4.11572076203248
2396 4.698646077745645
2397 4.6776778660412255
2398 4.140639103223924
2399 4.913047794277099
2400 4.779482435766628
2401 4.590886236058652
2402 4.552222160648071
2403 4.3589522847766276
2404 4.164556302807064
2405 4.465100639893333
2406 4.771648296403198
2407 4.552717730610646
2408 4.662477635845261
2409 4.80552630318739
2410 4.585174001807894
2411 4.7993658464624085
2412 4.607134701518778
2413 4.963305575959436
2414 4.906675640112688
2415 4.862122618574775
2416 4.404608881153559
2417 4.045894827996912
2418 4.957535819542675
2419 5.357793117236115
2420 5.641243423146189
2421 4.8682249081493305
2422 5.159427783946373
2423 5.22165004412651
2424 4.831233498549889
2425 4.824668328909463
2426 4.7731098830290515
2427 6.133338704151438
2428 4.798998190378106
2429 5.593555544542726
2430 7.327082355544988
2431 7.819491832844404
2432 6.827197723917736
2433 4.546782988536791
2434 5.6736015891472515
2435 5.874025703666423
2436 4.74302694382782
2437 4.684094305318685
2438 5.158549730670357
2439 4.662512386584775
2440 4.099964278533746
2441 4.367933840949952
2442 4.875222567935854
2443 4.938771257163457
2444 7.753685315934547
2445 4.92674038221762
2446 4.323798461446564
2447 6.069262011144734
2448 6.736491079181323
2449 4.420048464188045
2450 4.770335042062944
2451 4.855886139402862
2452 4.409232848115002
2453 4.6494536924027825
2454 4.496544871547005
2455 4.871863817873842
2456 4.743089061285553
2457 4.617203165885973
2458 4.884217558020102
2459 4.8582243246555175
2460 4.601613827100268
2461 4.812976340309016
2462 4.733501280608065
2463 4.566262792567648
2464 6.2926161607689854
2465 5.620327681096153
2466 7.0391031348634705
2467 4.38660987587725
2468 4.928840540864273
2469 4.726206549223446
2470 6.706775007038128
2471 4.780333360297879
2472 6.373260458154611
2473 6.738613725122949
2474 5.70425220201673
2475 6.493423801971457
2476 6.229555102161262
2477 6.237653079873003
2478 6.3022346035519154
2479 5.150657977482375
2480 6.379221207002203
2481 6.614422070640927
2482 6.864346518462041
2483 6.548916101262506
2484 6.31529173277682
2485 6.439778936107942
2486 6.211412841318114
2487 7.252294742746079
2488 5.538230283196262
2489 4.932415375924775
2490 5.876119252950989
2491 6.465769233481915
2492 6.034775709969282
2493 6.728068537485501
2494 7.4218259635526085
2495 4.799641605384522
2496 6.2674867961682414
2497 5.460936836356014
2498 6.883229958586054
2499 6.638111083114361
2500 7.163209042355906
2501 5.944282085345698
2502 6.8653782358102005
2503 6.152231359179006
2504 6.347928708617159
2505 6.815129140949155
2506 6.627361326647088
2507 5.00072476687863
2508 4.437768527690027
2509 4.753447960916678
2510 4.720921162270905
2511 4.790903851729261
2512 4.76350172314681
2513 4.740952687014374
2514 4.8694839483037695
2515 4.567553328411812
2516 4.354116848028642
2517 4.78829996920885
2518 6.980824697332605
2519 5.284790694775507
2520 6.778186052115872
2521 5.7936722836662975
2522 5.432145808173523
2523 7.663860547024293
2524 8.849682963712723
2525 8.132734218860032
2526 5.944520919180323
2527 6.872509383564082
2528 6.098245190890317
2529 7.394287726262482
2530 6.686218104760812
2531 8.060933642272001
2532 7.804014385999885
2533 8.582557999521523
2534 7.983847272637838
2535 6.791572396235371
2536 9.39972988704781
2537 7.213016175278142
2538 7.3421471240604745
2539 7.575493282700232
2540 7.262005090971617
2541 8.94626069265782
2542 8.960753681183638
2543 7.976914969275342
2544 8.454500753817044
2545 8.831955956102703
2546 8.763383351280815
2547 9.771533224774137
2548 8.83880451739373
2549 8.809993239348506
2550 9.09795747883576
2551 7.043569325696703
2552 7.05590984829323
2553 7.0934484350995115
2554 6.054812747699117
2555 6.748245359055528
2556 5.969559189492116
2557 7.013510464222108
2558 6.886414825181334
2559 7.28908745903992
2560 6.292822873461092
2561 6.717027349667506
2562 7.90198151564698
2563 8.895725295199268
2564 5.701111908446763
2565 5.947316453501241
2566 6.659004589915186
2567 6.739754001205298
2568 6.236086960588238
2569 5.827259569710008
2570 4.737307082977016
2571 5.526306768868625
2572 6.08289909329391
2573 6.251148032953645
2574 6.541911529236052
2575 5.801010296083399
2576 5.05045387241473
2577 4.669320803153584
2578 6.177357790568832
2579 6.237261170546009
2580 6.7398938405584525
2581 8.212078985776047
2582 6.668602421617231
2583 7.071635901608181
2584 6.864471627189048
2585 4.544360854046884
2586 4.128685270122054
2587 4.898591846683508
2588 4.239696126414367
2589 4.238941291211623
2590 4.698581095221948
2591 5.413644846927881
2592 5.033971484089427
2593 4.709803990467114
2594 4.642189276906457
2595 4.50925529759351
2596 5.019339815584643
2597 4.70581330885602
2598 4.378514126218377
2599 3.8470671910603467
2600 4.760379799835846
2601 4.919240687921038
2602 4.743185765468536
2603 4.351591347756563
2604 4.627903622299088
2605 4.22242563466908
2606 5.384468514323349
2607 4.768308363265007
2608 4.702340706727363
2609 4.66835210258654
2610 4.648272383642661
2611 4.8726915179581205
2612 4.597627251293013
2613 6.475089326525874
2614 4.291176459252895
2615 6.454193882933113
2616 5.846673817814671
2617 4.402363286562342
2618 5.672395585885233
2619 6.825489424588694
2620 4.364835965893696
2621 5.741172633748544
2622 8.089862633375551
2623 7.105955770649332
2624 8.805711460641863
2625 9.875907806982692
2626 10.121100212710912
2627 9.828586242706038
2628 10.22176672985942
2629 9.886984457133725
2630 10.09966229952677
2631 8.411204794410276
2632 8.30542436318464
2633 9.081540517839139
2634 10.210354233072694
2635 9.409399076459895
2636 9.551356847503023
2637 11.389712980730934
2638 10.03681452935882
2639 10.327574448301883
2640 10.132135187148435
2641 11.636413898873991
2642 10.697187086336443
2643 10.112154194406578
2644 10.219271646016113
2645 7.294745208659322
2646 6.750291837638271
2647 8.763990115597073
2648 9.71286548809363
2649 8.911006722819687
2650 8.651044521235956
2651 9.1028362683701
2652 7.5669441874254755
2653 9.781459360749354
2654 10.797266024620257
2655 7.307896548227193
2656 7.803518754882808
2657 8.124584930661307
2658 7.581747521147735
2659 9.899246957178486
2660 11.060635634660384
2661 11.448184972267825
2662 11.234258635735436
2663 12.370836105895421
2664 12.530383411020516
2665 12.065843068821845
2666 12.212826994808058
2667 11.41597714006813
2668 7.955713835057693
2669 9.382187927164379
2670 9.710287001941882
2671 9.699105182062238
2672 10.84447341651238
2673 10.935275389404907
2674 10.924134365680263
2675 10.56888285158583
2676 12.021621617976013
2677 11.962067117142947
2678 11.785818759607391
2679 11.769334826876015
2680 10.858841025402578
2681 13.105812717202792
2682 12.662263827908772
2683 14.123893767039716
2684 12.505784679711319
2685 12.039484160904417
2686 11.271171607056854
2687 12.95548759741415
2688 13.811067063468768
2689 15.518247797794011
2690 13.495174735731378
2691 16.40429350160403
2692 17.348438906569037
2693 15.79856235726097
2694 17.071506169305078
2695 14.117634859931874
2696 14.987120269018659
2697 15.345060151946742
2698 13.599661454147277
2699 15.907703583956778
2700 13.999017984276849
2701 13.383413949853178
2702 14.697972857749155
2703 13.73247033518247
2704 12.787459936361012
2705 10.890262731613095
2706 12.907516214935717
2707 11.16899544342719
2708 10.897953449403088
2709 11.338866192157958
2710 10.863579472605483
2711 9.972272787063083
2712 12.2549540883293
2713 14.909563149566702
2714 14.217735060707607
2715 18.77814381872986
2716 16.453730440299825
2717 18.1550974358596
2718 18.95730153972783
2719 18.71226318633559
2720 19.244168165172795
2721 19.119711715169217
2722 19.285888168463046
2723 18.574379827328947
2724 12.155734270896213
2725 14.872317930955374
2726 11.993934970805014
2727 10.902677662876117
2728 10.212396467674347
2729 10.491917256574688
2730 6.592018981110157
2731 6.88324362571525
2732 6.86171135335264
2733 7.22484545382089
2734 7.657217787386245
2735 7.006339333200382
2736 6.142124509300623
2737 6.400622440286773
2738 6.181145801037343
2739 6.664786830786831
2740 5.6135074335078246
2741 6.437909107142736
2742 6.59094399310255
2743 6.015054773902552
2744 6.6018220122572675
2745 7.138972671058228
2746 7.196779225553395
2747 6.106604315042219
2748 6.035302910027744
2749 7.058026572908604
2750 7.6271206643104055
2751 5.8093351921624015
2752 6.5800654050188125
2753 6.592650357068202
2754 5.697379570720981
2755 6.381748296851925
2756 6.922397657782996
2757 6.355503472849464
2758 6.584911689886355
2759 6.765494804524094
2760 4.5645595877092395
2761 4.2721021513903406
2762 3.9025785151051466
2763 4.027767537265194
2764 5.2749646349271755
2765 4.693975994340206
2766 4.002768366221304
2767 4.305690999449978
2768 4.2827677165100315
2769 4.233443547996956
2770 4.3576012711956995
2771 4.304493045852776
2772 4.106585770585431
2773 4.459302302838242
2774 4.642639270770998
2775 4.4764084778251165
2776 5.09733637539597
2777 4.54992533798464
2778 4.493194907007563
2779 4.26888029413072
2780 4.346244053240322
2781 4.652706545473597
2782 4.716759114172602
2783 4.5205657064288145
2784 4.7192664502979245
2785 3.8964751487147806
2786 3.9442491078008146
2787 4.093743069383016
2788 4.359309346625057
2789 4.231511876374836
2790 4.215484949658945
2791 4.224684894775696
2792 3.8930738195211085
2793 4.343949639099611
2794 4.2813452522068305
2795 4.365864181690193
2796 4.069792508140212
2797 4.580978748483627
2798 4.25181463455585
2799 4.29319270316734
2800 4.238623421138348
2801 4.6321764393908245
2802 4.7850460945208795
2803 4.5312560458097355
2804 4.4034235169378775
2805 4.432632640356399
2806 4.3222582929912114
2807 4.0518712106048405
2808 4.064902531277573
2809 4.244795687431527
2810 4.459071121616917
2811 4.389841572358043
2812 4.6301078519875345
2813 4.704822365443308
2814 4.588011110529626
2815 4.4627939574287465
2816 4.366330000080669
2817 4.459482120921411
2818 4.671365045637526
2819 4.727925535864648
2820 4.755097324373826
2821 4.470826974757755
2822 4.330789685803902
2823 4.606664333917409
2824 4.553825386541023
2825 4.435375432442694
2826 5.0277565972696525
2827 4.603754582828007
2828 4.743803525261451
2829 4.218465138862631
2830 4.2539699734919
2831 4.398067792376603
2832 4.517031238415619
2833 4.501758431488336
2834 4.679891423731651
2835 4.52386213419702
2836 4.8443970331899
2837 4.592687515175036
2838 4.61978842254176
2839 4.651941066069586
2840 4.515729594228415
2841 4.056228623754101
2842 4.7313323713914945
2843 4.528894963695625
2844 4.227059478040342
2845 4.000473660297767
2846 4.458175973675367
2847 4.737909186841959
2848 4.484340175677463
2849 4.395783963117669
2850 4.6355860924508
2851 4.618291786405621
2852 4.695395652505146
2853 4.227041211949954
2854 4.2485867026109
2855 4.579951127047699
2856 4.049525431225004
2857 4.08005505997736
2858 4.268335265994791
2859 4.456097314270392
2860 4.3519834403001205
2861 4.672675889997118
2862 4.034816946052702
2863 4.5405743679753305
2864 4.686218294518034
2865 4.321731429242145
2866 3.9996848863691223
2867 4.197849326414294
2868 4.023954761956758
2869 4.787084364720237
2870 4.912935930056962
2871 4.603725789821661
2872 4.305830976882821
2873 4.875503825180872
2874 4.736758707453484
2875 4.564003919686696
2876 4.980813298479687
2877 4.465228432582231
2878 4.862140023081224
2879 4.691135206388588
2880 4.220213341718546
2881 4.196666028363142
2882 4.714808524548036
2883 4.777252130653842
2884 4.824081124930017
2885 4.7964505235975645
2886 4.819000814567184
2887 4.818514937404327
2888 4.660079571910998
2889 4.489814433698644
2890 4.646836393080215
2891 4.653732528597775
2892 4.657146692323841
2893 4.886263136786906
2894 4.549798969198987
2895 4.6480253588694485
2896 4.618829553266089
2897 4.707108710007053
2898 4.492821001872391
2899 4.536712823318822
2900 4.609761353814649
2901 4.6659762602449355
2902 4.741567975976139
2903 4.558106069050463
2904 4.805440579726061
2905 4.6921517073979775
2906 4.758805110930279
2907 4.828275339629408
2908 4.76607510560295
2909 4.783387062402612
2910 4.430834865966803
2911 4.986335794301624
2912 4.74388245235307
2913 4.806844104436736
2914 4.99217605727677
2915 4.6908132228808865
2916 4.724508977227291
2917 4.739543665810406
2918 4.801578153213298
2919 4.917253024193382
2920 4.6113864175149955
2921 4.64228304760083
2922 4.363266410387584
2923 4.895797295969255
2924 4.851159021213069
2925 4.423233692242663
2926 4.918372184908438
2927 4.548026337091551
2928 4.65028874783363
2929 4.679113412912927
2930 4.485023068825981
2931 4.449592685304235
2932 4.633402329039719
2933 4.572837918056405
2934 4.812342456020922
2935 4.482701378665453
2936 4.800290650364606
2937 4.290543315277306
2938 4.568410448391938
2939 4.8494284237570975
2940 4.664985560785807
2941 4.630978268753221
2942 4.741231525930868
2943 4.6670260510485875
2944 4.669490901218357
2945 4.84877791129991
2946 4.624962188589398
2947 4.805295115742594
2948 4.8462391879863445
2949 4.856767371763224
2950 4.74747133247148
2951 4.37959738716398
2952 4.788361775820624
2953 4.753740487456132
2954 4.7315089906983525
2955 4.735149245793184
2956 4.524944096551536
2957 4.705689019603473
2958 4.672283757358348
2959 4.876667344013421
2960 4.598571643892885
2961 4.562417571549446
2962 4.632120483767192
2963 4.411814392195769
2964 4.629187036219363
2965 4.299912141894549
2966 4.621426932627717
2967 4.6502137979585525
2968 4.760998798448121
2969 4.8516253817443715
2970 4.6448923692309165
2971 4.779605606055529
2972 6.568089704733033
2973 6.634823806111648
2974 6.923617343193537
2975 6.521725554643722
2976 4.708639562541833
2977 4.602589396026589
2978 4.875964774352614
2979 4.856375629981354
2980 4.270975608539487
2981 4.655845025371004
2982 4.566219847680064
2983 4.573459702409585
2984 4.769823002694767
2985 4.733262326350683
2986 4.701752559974296
2987 4.572968435704885
2988 4.805005492789605
2989 4.572157411233819
2990 4.698761913308029
2991 4.3922507688980925
2992 4.989713296565553
2993 6.696722352891729
2994 6.414363645407293
2995 6.949440923064447
2996 5.480702928135939
2997 6.911416397417292
2998 7.0355613306710785
2999 7.247709674099955
3000 7.602646899994577
3001 6.857992651828722
3002 7.112383488505101
3003 6.572136588277058
3004 6.544056485301199
3005 7.040268198084599
3006 6.9937735406956945
3007 6.338405900264177
3008 6.310257814009488
3009 6.507984978874319
3010 6.861184453952289
3011 6.967276875230465
3012 6.777695272292283
3013 6.66569481704006
3014 6.775972693881014
3015 6.903346310911075
3016 6.474941467260314
3017 8.331931108124934
3018 6.956059943158278
3019 6.221846475022359
3020 6.842600583221782
3021 6.920882473017307
3022 6.697693127582469
3023 6.90693252934468
3024 6.987839647316085
3025 6.7238165868394955
3026 6.928713024027694
3027 7.135659566704476
3028 7.162130728698896
3029 7.562001921760807
3030 6.619875113770974
3031 7.0029234527150654
3032 6.83262565049734
3033 6.608260950748273
3034 6.450410305583602
3035 6.723677608193421
3036 7.05055841193017
3037 6.652188554258338
3038 6.669503411260568
3039 7.008638021287695
3040 6.627698435504569
3041 6.785651132865438
3042 7.052029851515435
3043 6.6429718096887385
3044 6.858465874209828
3045 6.814499137046534
3046 6.901852207217645
3047 7.924681244687581
3048 8.64277789701638
3049 8.441311056470356
3050 7.207222239266613
3051 7.348852534669749
3052 7.321786428811917
3053 6.9384798904979075
3054 7.011456136937508
3055 6.910795940555555
3056 7.080021505294894
3057 7.0671102687931775
3058 6.881505903029331
3059 7.325431951072582
3060 8.116487473369453
3061 6.746103545475475
3062 6.803748366266127
3063 7.04335406668725
3064 7.050153147857813
3065 6.025108620910815
3066 7.083892422168168
3067 6.993593439988897
3068 6.736547686058335
3069 7.138468898449356
3070 7.526881076935332
3071 7.241342999815279
3072 6.8167446559453495
3073 7.0011583343277515
3074 6.7206746901638414
3075 6.839732626548167
3076 6.692380112738686
3077 6.7082924906568016
3078 7.261978395952739
3079 7.918158158956412
3080 6.995172184792424
3081 6.9576221250961225
3082 7.535443934410278
3083 8.216630418704506
3084 6.898125670151907
3085 7.119336500993248
3086 6.738877147891929
3087 7.108352403326115
3088 6.897508219770953
3089 6.910743988531058
3090 6.418488202807417
3091 6.799022575255132
3092 6.833019149159651
3093 7.290433427059196
3094 6.804121972660538
3095 7.724756220995806
3096 7.205124471155229
3097 6.803399664368386
3098 7.088837765884437
3099 6.719482835046944
3100 6.966176908837248
3101 6.405559146306192
3102 6.512385892286137
3103 7.39763820556186
3104 6.749810422856111
3105 6.373329033023116
3106 6.726403340536353
3107 6.741426087743206
3108 6.4825727826545485
3109 6.831130264020426
3110 7.762268700223167
3111 4.689881081530734
3112 7.058395380917935
3113 7.010296470389427
3114 6.732240249269176
3115 7.014374686608305
3116 6.752932691682251
3117 7.029101731064762
3118 6.3532386210791145
3119 6.685068916194658
3120 6.406242642921101
3121 6.6961635430384225
3122 6.299931059661266
3123 4.6765800592407265
3124 4.367259203094293
3125 4.676951377254139
3126 4.724641476261071
3127 4.662400770517202
3128 5.000074851808282
3129 4.866209024052071
3130 4.74184105367294
3131 4.5480392315569125
3132 4.809455537075517
3133 4.808951307568388
3134 4.589820845615276
3135 4.476421182985962
3136 4.610137053910267
3137 4.915255591736795
3138 4.599219575359032
3139 4.771586708282836
3140 4.367191458677275
3141 4.724303894105611
3142 4.685566933305177
3143 4.6573664785961135
3144 4.7976946118177946
3145 4.9538897444201915
3146 4.857174277609961
3147 4.533856240094444
3148 4.581357506889337
3149 4.899663492892551
3150 4.734673352235862
3151 4.771942272519402
3152 4.788546881352936
3153 4.705258676877069
3154 4.64232993942149
3155 4.660674034637739
3156 4.774360175995939
3157 4.872192345753175
3158 4.847558115680596
3159 4.442435608648055
3160 4.783428073213346
3161 4.835534718530748
3162 4.628812011099793
3163 4.8583923603983115
3164 4.7340418418490176
3165 4.850632527756242
3166 4.548635786322916
3167 4.697501975863632
3168 4.745478884397365
3169 4.684673589150896
3170 4.418804847970432
3171 4.621627938280104
3172 4.569733705376003
3173 4.5737952448655275
3174 4.51683990015275
3175 4.861936068982611
3176 4.673383405555834
3177 4.760435610100362
3178 4.821140978757842
3179 4.70500962756858
3180 4.7628184591271046
3181 4.836520811897956
3182 4.826765027425517
3183 4.654775592087814
3184 4.751405837517141
3185 4.7919411247778285
3186 4.844904485032787
3187 4.751834291855431
3188 4.7051448479122575
3189 4.663125074900164
3190 4.6320705679747265
3191 4.491251492464951
3192 4.839804046631235
3193 5.067009587494304
3194 4.890469040865249
3195 5.96316496587132
3196 4.542496876886623
3197 4.830682073278547
3198 4.632688138252635
3199 4.489159239792414
3200 4.983743949046127
3201 4.812261995658835
3202 4.7415526546048135
3203 4.548577021167658
3204 4.778049796830644
3205 4.640174858710402
3206 4.681758438581909
3207 4.749925518149203
3208 4.3489692008897896
3209 4.511357783184383
3210 4.488617233028465
3211 4.704419236313989
3212 4.901684627906642
3213 4.744731092930268
3214 4.714751200923918
3215 4.797023997800461
3216 4.369952664801396
3217 4.598390735223731
3218 4.7186934184036256
3219 4.2595130707476265
3220 4.477616607438866
3221 4.65686194038404
3222 4.965633036273659
3223 4.547717078566936
3224 3.9198484740215087
3225 3.8492391776243693
3226 4.23933103902964
3227 6.749357971882138
3228 4.683281141528951
3229 4.65225677371148
3230 4.828015481190788
3231 4.693174380277653
3232 5.088450874669012
3233 4.9095647947348535
3234 4.618524056590885
3235 5.417285419576315
3236 4.833237804243616
3237 4.767280680595842
3238 4.497570269424757
3239 4.724740149907977
3240 4.8110817370876635
3241 4.832333032276001
3242 4.644218325801166
3243 4.805515946744923
3244 4.814720151209347
3245 4.768848330347933
3246 4.861913508100868
3247 4.627772562882528
3248 4.508878092331438
3249 4.740965521441631
3250 4.910127423636836
3251 4.595744174438002
3252 4.840535768090506
3253 4.754540641916295
3254 4.72913786397323
3255 4.806847426592397
3256 4.872300551361876
3257 5.076240434928729
3258 4.666940163274559
3259 4.448079863811088
3260 4.4001328843222005
3261 4.682248184017939
3262 4.520961448615431
3263 4.520298431109862
3264 4.890170602888182
3265 4.722757896530133
3266 4.77706391469535
3267 4.886297324440747
3268 4.706210350488839
3269 4.95004133625086
3270 4.7596822261939185
3271 4.597344697999481
3272 4.891998342334048
3273 4.756028255153372
3274 4.60162666666604
3275 4.706988832744632
3276 5.158911325048667
3277 4.724944131734773
3278 4.76455088294501
3279 4.733418108406083
3280 4.823114557730805
3281 4.862367891320619
3282 4.832268953102256
3283 4.555399446721498
3284 4.930752812798936
3285 4.849169270898919
3286 4.793338085642474
3287 4.809059676418224
3288 5.001511978704084
3289 4.786146691424757
3290 4.82321786411697
3291 4.8639640720551
3292 4.786274257437206
3293 4.891617692627874
3294 4.717270249643705
3295 4.911363568102608
3296 4.684725139337003
3297 4.841469936698969
3298 4.817258158316469
3299 4.802197556112196
3300 5.010906124106205
3301 4.797721012648505
3302 4.723236528950929
3303 4.614642850925402
3304 3.987776478228276
3305 4.0601814339051305
3306 4.068641383581496
3307 3.9100410191205133
3308 4.1143131624538
3309 3.9396775287756367
3310 4.202097984455618
3311 4.288792929923035
3312 4.334312388738503
3313 4.516324303596989
3314 4.745683125362093
3315 4.593384938760856
3316 4.08991723033168
3317 4.465480682318193
3318 4.428734922777834
3319 4.501525737018213
3320 4.223380822274686
3321 4.219431753567001
3322 4.469408149105566
3323 4.287151134918995
3324 3.945111038764345
3325 4.256424625923541
3326 4.432370537531877
3327 4.117897572132765
3328 4.4082077474671815
3329 4.391418032863936
3330 4.296201094450158
3331 4.03142315679866
3332 4.171600917944981
3333 4.31165287451741
3334 4.232013523731601
3335 3.7741396059899923
3336 4.357858900508733
3337 4.316550111672473
3338 4.247441952306274
3339 3.977722102220814
3340 3.772603428399179
3341 4.283715488395115
3342 4.760118250161652
3343 4.291814758394895
3344 4.352852588309215
3345 4.2848567854611455
3346 4.653071918498865
3347 4.598305713633672
3348 4.6394588100789536
3349 4.5250513385801865
3350 4.746476248921509
3351 4.884147617824095
3352 4.831642795210219
3353 4.698151175702844
3354 6.518740407092008
3355 7.2505031725052795
3356 6.378834957100329
3357 6.427138384347279
3358 6.5436309814664835
3359 7.151734612620443
3360 6.753316279306946
3361 7.644571888754529
3362 7.019710997201161
3363 7.017381057922121
3364 6.437474680571638
3365 7.3309626366681755
3366 6.4926156143844596
3367 6.977496125279844
3368 6.765934935136233
3369 7.079936738172771
3370 6.629370131126003
3371 7.158989838818975
3372 6.763837308073762
3373 8.596070174446721
3374 8.410212128909299
3375 9.281109765097197
3376 9.549451809814087
3377 9.04726252670752
3378 9.155631063159344
3379 8.297359065601428
3380 8.254450949520784
3381 8.537434319068739
3382 8.488531265390233
3383 8.763604948844021
3384 8.93859724531964
3385 8.839306116697296
3386 8.673158220104243
3387 8.60849249406226
3388 8.673761096594248
3389 9.606053748274944
3390 9.05771822818401
3391 8.646115080364584
3392 9.515061664626028
3393 8.812948160571842
3394 8.541669906216732
3395 8.612028542201635
3396 8.316366876731827
3397 8.240541311374232
3398 8.457337293172998
3399 8.735085460894272
3400 8.816175376728252
3401 8.699222023284168
3402 8.681932808873926
3403 10.030778250392014
3404 9.108820201225257
3405 10.025534325683322
3406 8.634072749824657
3407 8.862092941643837
3408 8.552635541350131
3409 9.266639093784285
3410 8.86582218953913
3411 9.020136869121211
3412 9.218690330033462
3413 10.184533324928118
3414 8.816821303687957
3415 9.619018302822907
3416 8.95395105554162
3417 9.315542250113479
3418 8.17950631624832
3419 9.137496475235894
3420 8.917306212528192
3421 9.328908511868615
3422 10.211844852538384
3423 9.307477022742269
3424 9.162575090904259
3425 8.903672068436869
3426 10.823042968843954
3427 9.590506104488266
3428 11.137730561108363
3429 9.717904106097471
3430 9.793042322611111
3431 10.246149175330565
3432 9.932330202754274
3433 9.723903511268688
3434 9.995530993129119
3435 10.191702923249961
3436 10.056952372081492
3437 9.704960090505816
3438 9.288500083076334
3439 10.31518146960458
3440 9.9379312115738
3441 10.333127657618897
3442 9.758183152252384
3443 10.003081858575433
3444 10.164949118378875
3445 10.285818542523577
3446 9.12118131906531
3447 9.326479250183606
3448 8.561885802195368
3449 9.934904513269037
3450 9.08162837913239
3451 10.379965450660402
3452 9.360159761140297
3453 10.316662764492184
3454 9.967295979359793
3455 9.939615495794486
3456 9.998520100627012
3457 10.258118065410757
3458 9.46552287173375
3459 9.589546129983024
3460 9.524978841318692
3461 8.967730074520356
3462 9.39062289791716
3463 10.012878967928229
3464 10.359785413760697
3465 9.06303511994951
3466 9.25097617102165
3467 9.880852227618924
3468 8.866595041107686
3469 10.516396257232083
3470 10.12497314683375
3471 10.437616688824845
3472 10.265174607059501
3473 9.801824688036003
3474 9.74835335908664
3475 9.800739183677035
3476 10.08638491828644
3477 9.41489829445841
3478 9.309141218881315
3479 11.357477919403193
3480 9.394438766780452
3481 10.62961725805005
3482 9.831785072139509
3483 9.280127797162008
3484 9.213383253474207
3485 9.21922995334705
3486 8.945964796164843
3487 9.305428603731976
3488 8.361766760076593
3489 8.934613646663088
3490 9.470394850356769
3491 9.046293357046677
3492 9.887342306105166
3493 9.83164796851601
3494 10.287275729918598
3495 9.845552230547062
3496 9.764728515666906
3497 9.321452455783348
3498 10.244448932280859
3499 8.729780953542742
3500 9.37152323285208
3501 9.619369215188572
3502 9.658088894324989
3503 9.808860491810306
3504 9.108391608845013
3505 9.531483874904525
3506 9.181261903452473
3507 9.654297800095877
3508 9.8858757757099
3509 8.548720075479887
3510 9.684045739368221
3511 9.141706849525464
3512 9.785259036802312
3513 9.206531609040528
3514 9.330460489732836
3515 9.082216223177698
3516 8.714796345737371
3517 10.087574281892609
3518 9.833699530508358
3519 9.181260356117207
3520 9.535662457687925
3521 9.235787614678616
3522 10.039855815266892
3523 9.989801706820575
3524 9.2666411747081
3525 9.087964209217274
3526 9.757653518257854
3527 9.746772388802743
3528 9.434575958118112
3529 10.467610326261495
3530 9.760253626687543
3531 9.553748528067361
3532 8.968045144785425
3533 10.143925687218664
3534 8.92143960247017
3535 10.279998078205876
3536 9.200948095572421
3537 9.74491164596611
3538 8.560801394028243
3539 9.03892052097205
3540 9.661947604230855
3541 9.29265902172659
3542 9.102418138095057
3543 11.702938331906244
3544 10.792904000056458
3545 12.117762075213621
3546 10.390993695831128
3547 10.049030321331452
3548 9.997970439456916
3549 9.449127729847142
3550 9.519521648297117
3551 9.203303930045173
3552 9.876085236596696
3553 9.982655731457704
3554 9.531162497201105
3555 10.664844488689319
3556 9.721704192510277
3557 10.075960267840577
3558 9.504553909105196
3559 9.343442573325188
3560 9.196244658185675
3561 9.673917278663813
3562 9.536116427236218
3563 9.992445531041723
3564 9.994999010960857
3565 9.577205635342995
3566 9.639828575162007
3567 9.392431660016983
3568 8.85841065067533
3569 9.611721444012838
3570 8.28985542857513
3571 8.947860100674298
3572 10.636446470979191
3573 9.331702660789729
3574 9.419112132409817
3575 10.169235888192576
3576 10.644976771337808
3577 10.05165718032444
3578 9.236757321940747
3579 9.734930259222617
3580 9.767739805736232
3581 9.421301956572687
3582 9.273258434174332
3583 9.628197412742836
3584 10.054379333084848
3585 9.811709843824516
3586 10.069976032486315
3587 9.38875121594248
3588 9.114154762378384
3589 9.877539770284683
3590 9.74946025835739
3591 9.704481659436913
3592 9.313230864895518
3593 8.953174469287793
3594 10.661510770742236
3595 8.960026940962134
3596 9.106156548912713
3597 9.10946463469301
3598 9.221227757320028
3599 9.13501203683058
3600 9.328560900425677
3601 8.314644045797117
3602 8.877096894960118
3603 9.293364193751584
3604 8.545574443575402
3605 8.788829344865613
3606 8.826009380698132
3607 8.445068742571463
3608 8.86702931156406
3609 9.916902368137958
3610 7.881165210147767
3611 8.9466083663239
3612 8.192422742164554
3613 9.141880104231598
3614 10.613120706016893
3615 10.350116360759449
3616 9.987010688289168
3617 9.940310472125946
3618 9.940126428603413
3619 10.585509575557785
3620 11.030302355200366
3621 10.499741119055063
3622 11.000829257234955
3623 9.187709619820486
3624 10.006541718136925
3625 10.551811306262248
3626 11.244078577419229
3627 10.456248292761693
3628 10.874193285109596
3629 10.137836335012011
3630 11.0776976471593
3631 10.794023456193582
3632 10.821328683559452
3633 10.521392976451938
3634 10.996017728686951
3635 11.03982845706215
3636 9.930280463784552
3637 10.78339327846376
3638 10.315068598886397
3639 10.330535659226275
3640 10.729832407100151
3641 9.624357924199156
3642 9.666699219118183
3643 9.896196360203787
3644 9.557906411706625
3645 9.841568789284992
3646 9.518857699482238
3647 9.41616511193253
3648 9.36134988539953
3649 9.823298136900515
3650 9.949187196911533
3651 11.160681362987885
3652 10.936990230804069
3653 11.040861045000305
3654 10.761897112214022
3655 10.131575781828667
3656 10.782534437194721
3657 11.121534857207324
3658 10.713876261774972
3659 10.159829516386925
3660 10.46346219307287
3661 10.441505834434828
3662 10.29354520087282
3663 10.40542234367051
3664 9.11228718642709
3665 9.658838469248492
3666 8.378431625240172
3667 9.33817793381559
3668 10.314315858418684
3669 9.495440762787739
3670 9.623598152371759
3671 10.481003105364895
3672 10.468766608324156
3673 9.80747889381401
3674 10.906799744860427
3675 9.736805164729342
3676 9.145968183274828
3677 9.49487572694948
3678 11.092693666673732
3679 10.698900701327618
3680 10.891450810336282
3681 9.53842513681288
3682 9.924657893578486
3683 8.559057725687406
3684 10.793228911402302
3685 10.994297012988058
3686 11.396875577822337
3687 9.563202097039868
3688 10.349412031420236
3689 10.674351999700985
3690 9.89619648092229
3691 10.682856764225647
3692 10.514884853151088
3693 9.354115671809106
3694 9.938999230121068
3695 11.080811370739413
3696 8.24627553005708
3697 7.662145782842209
3698 7.178460705173523
3699 6.6629913494475455
3700 7.146632738987025
3701 6.2661870554580545
3702 4.9800820781004145
3703 6.083945647342405
3704 5.706873776195953
3705 6.118081161886102
3706 5.758576569370359
3707 7.902821197843359
3708 5.774786862651813
3709 5.924527131818085
3710 6.664171193591114
3711 6.639747658614837
3712 6.74950188473967
3713 4.721340126952671
3714 6.111663353096275
3715 7.830245380136875
3716 7.1715921421152355
3717 6.353735065178584
3718 6.571814574772053
3719 6.618653862918538
3720 6.300846741223854
3721 6.43102314946057
3722 7.908240349699507
3723 7.09347246930676
3724 9.08656158969206
3725 9.407847368096848
3726 10.462321812109954
3727 10.536030827354288
3728 11.277474586892632
3729 11.818074426669794
3730 11.618123326204131
3731 11.373813593656006
3732 10.946557160181218
3733 11.39425596968584
3734 11.924391056449172
3735 11.99302199191044
3736 11.024970574150334
3737 11.237821214015433
3738 11.279107240049322
3739 9.402350863692181
3740 12.716177138694132
3741 12.418834637409216
3742 11.100213753629866
3743 11.131687801316573
3744 11.131609466739297
3745 11.335589812031097
3746 11.482647723168245
3747 10.954969567500385
3748 10.785220719376962
3749 9.919631608666732
3750 10.343614962770674
3751 10.723045558862253
3752 10.755108052162038
3753 10.705650646320457
3754 10.111492132583138
3755 10.144950588577705
3756 10.061339845698267
3757 10.731421705097537
3758 11.092948814356932
3759 11.649100183175058
3760 11.487657147605356
3761 9.87684256031689
3762 7.404216955482559
3763 7.515941299560942
3764 7.912785582598034
3765 7.789005573552459
3766 8.051910952921338
3767 10.47349870223824
3768 10.446923369662798
3769 11.994992658120632
3770 11.747012664139984
3771 11.16421853390597
3772 10.945771059268578
3773 11.239023012343639
3774 11.90743758168963
3775 11.816951615759406
3776 10.37515054103621
3777 12.08661285915952
3778 12.142916520718524
3779 12.649409679050548
3780 11.029532679779617
3781 11.91247218650004
3782 11.553016184253089
3783 10.110567327414136
3784 10.877171120200032
3785 11.223202496697095
3786 11.676081676642239
3787 10.642936402330516
3788 10.073958626087128
3789 11.146748338156346
3790 9.035804747936865
3791 9.481444611001988
3792 11.005016728858534
3793 10.489379401830078
3794 10.430664427592394
3795 10.28070170246408
3796 9.768206951370441
3797 7.3052344696454785
3798 9.790901641145481
3799 10.773422291536196
3800 9.825347801485536
3801 12.650311095725678
3802 11.264176806980855
3803 10.143518314858033
3804 11.080622665648434
3805 10.66241162780753
3806 9.84847076802924
3807 10.630337658371865
3808 11.715799234173081
3809 10.718456575939841
3810 10.764065932063493
3811 11.477777965735694
3812 10.33389184944855
3813 10.76181602142805
3814 11.364553930801955
3815 10.3543920497313
3816 10.37973520629283
3817 11.096248690270551
3818 10.630960816003718
3819 9.42967739750421
3820 9.985767432890698
3821 10.659580881795428
3822 10.063001270238722
3823 12.312240223886379
3824 11.27307859804347
3825 10.786407637502839
3826 11.861093465508073
3827 11.370095566469839
3828 11.943504144496712
3829 11.323304228599325
3830 12.352993076029406
3831 10.78249931186438
3832 11.671179404962814
3833 11.525804179665867
3834 11.529571281111167
3835 11.76072683093702
3836 12.453263409120558
3837 12.299299571055757
3838 10.128818227765887
3839 11.710369184156441
3840 10.084395604180973
3841 12.333199690471924
3842 9.646280750122164
3843 11.098684495265587
3844 11.603537062936056
3845 11.431532595933579
3846 11.253321228852608
3847 11.745450255897008
3848 10.509133135369419
3849 10.231880782501833
3850 8.878800051417908
3851 9.92907439665601
3852 10.258328265218742
3853 9.130316868159795
3854 9.544553132426364
3855 9.740085741189306
3856 9.887914147021686
3857 10.204658007489936
3858 10.23201387073136
3859 10.610142114991229
3860 10.394617446484702
3861 10.315301486191665
3862 9.433275666205986
3863 10.60232889703631
3864 10.919439909393752
3865 10.453627236598193
3866 11.455340893076967
3867 11.241835913559003
3868 11.725229338218172
3869 11.148724863521908
3870 10.728151480484158
3871 11.051733958481584
3872 11.656918419106326
3873 11.64630130712335
3874 10.957660392131602
3875 10.302217176213304
3876 10.278194564114672
3877 10.73501675000528
3878 11.231086276766115
3879 11.045731965578959
3880 11.13622129960119
3881 11.086875827734486
3882 10.265857671615572
3883 10.571803921185712
3884 11.60847603339728
3885 11.65417853794511
3886 11.352921245143996
3887 11.421532107461248
3888 11.476861188210522
3889 11.384186494982414
3890 10.88502946588009
3891 11.557549446389134
3892 12.028216909814228
3893 11.66696504356458
3894 10.295237221431787
3895 10.64819786706499
3896 11.403873185746303
3897 11.419045567536276
3898 11.559006621840096
3899 11.144965124869652
3900 11.343918943250843
3901 11.610086655836959
3902 11.55674087356889
3903 11.255018307549436
3904 11.572987780965304
3905 11.97199931611942
3906 12.27658417328087
3907 12.259882613384763
3908 11.607868757399453
3909 11.659158808802111
3910 12.295727362977322
3911 12.35644006302695
3912 11.989047430819472
3913 11.190849860932213
3914 12.15064606455449
3915 11.78167855422837
3916 11.588252161778627
3917 12.099962673109843
3918 11.838909040801632
3919 11.378300761552897
3920 11.800947820786455
3921 12.285066853560076
3922 12.369154134764655
3923 12.493120571023741
3924 11.633806380881076
3925 11.422318807688209
3926 11.92088105342976
3927 12.43440595402886
3928 12.626201934334265
3929 11.31663339216685
3930 11.659967652320606
3931 11.737068481693075
3932 11.589232641537153
3933 12.183980050445774
3934 11.888335737732234
3935 12.051785929459927
3936 11.584860540268469
3937 11.584343681275708
3938 11.911533110829328
3939 11.827898427913123
3940 11.512281986042435
3941 11.334613822407674
3942 11.173410178324865
3943 11.82431593992124
3944 11.635752482635803
3945 11.923369169011828
3946 11.718518355119079
3947 11.981674153796055
3948 11.714585912159253
3949 11.578260237717538
3950 12.377786272079152
3951 11.89596195194861
3952 12.04736451057792
3953 12.164568069870215
3954 11.825538753684487
3955 11.709170903913622
3956 11.026671698101563
3957 10.518605214976441
3958 11.511081521707933
3959 10.787166171334599
3960 11.589646529645556
3961 11.300113703831085
3962 11.45855891718896
3963 10.40620993031515
3964 9.81184012549468
3965 10.913050701110606
3966 10.51667255952572
3967 10.385982204020369
3968 10.642852854111023
3969 10.479253357540856
3970 10.226242283703247
3971 10.614494461322193
3972 10.66584812873368
3973 10.61750692899153
3974 11.027412671474124
3975 11.001272925460901
3976 10.090437988297296
3977 10.804636962981505
3978 9.960568778156349
3979 10.41245317114295
3980 9.749210477105121
3981 10.29543459580734
3982 10.076721777262303
3983 10.224365140351694
3984 10.383360044377293
3985 8.948306300879949
3986 8.831997633977446
3987 9.295182143068924
3988 10.179045435537668
3989 9.517636644649325
3990 10.448591693561431
3991 9.89586296695831
3992 9.419632375503424
3993 8.829707703203017
3994 9.465223951023376
3995 8.829680460530035
3996 9.890580704898548
3997 10.980530392970213
3998 10.192616937706603
3999 9.500827244449978
4000 10.9274967869342
4001 31.90810289745724
