0 34.750188596344124
1 30.704985277069458
2 32.72871391886432
3 29.04971219764432
4 25.95953599641543
5 29.891497702523914
6 26.408062237157615
7 26.548085231090965
8 37.53126197059364
9 36.32801263757559
10 33.261539588732816
11 33.350317082718135
12 32.22985763253292
13 25.430464545540143
14 34.0949622770275
15 33.86279406716524
16 28.644908321060015
17 29.96637788443219
18 33.40991800089837
19 39.138791316009645
20 39.07891881526776
21 41.29997580579758
22 36.29489010931003
23 34.164404723015885
24 33.19131140352213
25 33.08017813176849
26 35.69942183935253
27 31.293463282171523
28 31.45360663781073
29 26.94002779998298
30 29.757025016655366
31 37.4908729738124
32 33.52191939819652
33 24.766574386932888
34 26.457698622637132
35 24.799832471435884
36 26.512379248678688
37 20.857827682985864
38 13.132190539165801
39 16.561603785914446
40 14.363537892052246
41 12.312011665322112
42 10.046007983539587
43 7.636728659182875
44 6.554836167329139
45 6.439514194917387
46 6.219214277532985
47 6.026390424043688
48 4.749426250306675
49 5.907791115802626
50 5.795266328341925
51 6.0052342291526735
52 5.629565686269144
53 6.819865070590479
54 6.735953463530131
55 5.88449813920006
56 6.1144774436316665
57 5.7155908196843175
58 6.780176243477269
59 5.492392874620244
60 5.959027443601939
61 5.353246426161609
62 6.168889580815577
63 6.2385230018342215
64 5.942825267146254
65 5.793453093691228
66 5.813277797713179
67 5.77946117227372
68 5.718049301899782
69 5.850994278367373
70 5.698959655057371
71 5.704651644719225
72 5.961106165709001
73 5.7412662877143035
74 5.7236198623580306
75 5.221620687816438
76 5.838373179317321
77 5.290220243488289
78 5.639411410200656
79 5.681051250751382
80 5.512205298079288
81 5.380773473977123
82 5.568446599207306
83 5.631847382594335
84 5.482634692337866
85 5.525300176140389
86 8.092514948613422
87 9.119644635623587
88 7.994718773378467
89 6.556493134887973
90 9.274161590932396
91 7.294715831683695
92 7.62371717384646
93 4.985814911138008
94 5.356181692898219
95 7.658427201598682
96 9.30539991139512
97 8.487008097222292
98 8.673570389594627
99 9.38550530351249
100 9.748934856433603
101 7.179226480123836
102 8.057503281659772
103 9.232170118677805
104 8.014015973681435
105 9.361345992513607
106 7.536379279129819
107 8.115636929605156
108 9.387404436261422
109 9.543777955422701
110 7.579720692184056
111 7.20199375099013
112 7.685918496322559
113 5.851705754500003
114 4.543818332675975
115 7.234285304922403
116 5.244946443279088
117 6.22126721098568
118 5.880800867103406
119 6.391204448488227
120 5.922656656551664
121 5.273303570928644
122 5.275867562944331
123 5.285378197717176
124 5.0085555769398855
125 5.431445528967587
126 5.482454511514227
127 4.615099514998435
128 4.853846364487633
129 5.296014216966807
130 5.097953685949011
131 4.8382471357970545
132 5.326712131832658
133 4.849269064504896
134 4.86951561745645
135 5.06291514019492
136 5.146169005849441
137 5.0853884454295315
138 5.042166474058059
139 5.174024193804272
140 5.382176793128857
141 5.10884475071538
142 5.246985846387813
143 5.514212604109669
144 5.185232749284027
145 5.258845770498798
146 5.174095417524153
147 5.148923290108738
148 4.45373437580242
149 5.0094416239080015
150 5.361259420100212
151 4.920711860644453
152 4.726836064533634
153 4.256592100768082
154 5.19658205707026
155 5.295105641495933
156 6.623324642833944
157 6.336725098198707
158 7.390432537574207
159 6.669685759914465
160 4.868421946691448
161 4.358122372328689
162 3.991625580817489
163 4.217940678664228
164 4.529894163065192
165 3.528349598123825
166 4.4828384346572765
167 4.04961827982532
168 4.03283649306284
169 3.498730444492638
170 3.8413762074305136
171 3.391052330548056
172 4.20122654562785
173 3.396947033080855
174 4.088735857966033
175 4.003703472571303
176 3.4770603470855037
177 3.827226560910923
178 3.48445115616479
179 3.4656016584103657
180 4.0627201363925245
181 3.7980835963130914
182 3.7064922187026514
183 4.091486851326978
184 3.942556403125582
185 3.5575532498917966
186 4.007873251254229
187 3.832278998595316
188 4.514795128795611
189 4.7375593167877295
190 4.423278188952469
191 4.426840019815794
192 4.4579233203347135
193 4.15236308846784
194 4.706501237678332
195 4.811448902005465
196 3.784286773291266
197 3.716120355212042
198 4.116981313421685
199 5.287990880816138
200 5.986866384734131
201 3.5294194018333775
202 3.602176922749932
203 3.501105168940645
204 3.888750330393947
205 4.01844889234774
206 8.25858920188514
207 8.715076324253939
208 9.857345832318492
209 12.433120786785487
210 13.257301732033497
211 9.515752042409659
212 8.815630898061878
213 7.81784048775667
214 10.85526762124508
215 9.456909722572076
216 8.922501000436634
217 10.698893229138935
218 7.7149251263512575
219 4.193270633967667
220 4.09537579835166
221 5.663746237937954
222 5.431323368401386
223 5.367430270790256
224 7.11089327076692
225 5.630197623056103
226 5.910415540314379
227 7.392512633878119
228 6.849202349938444
229 11.64054296944427
230 11.933862340473771
231 17.06123650133886
232 18.86616324127707
233 19.27830926205241
234 21.932840364782834
235 22.744505391088403
236 22.31851817592374
237 20.856644060026305
238 25.388399479628898
239 20.186450041746852
240 20.486785174949677
241 19.98725822786345
242 19.010856954091
243 20.094478067012478
244 23.256903027441883
245 19.189875426730982
246 16.997776488490906
247 19.552926583486393
248 18.967663595999582
249 18.686032318311195
250 16.26308870945757
251 15.903308998740156
252 17.923588082394193
253 16.610745347200478
254 15.329221454019725
255 18.041628103904603
256 19.134737979798835
257 18.498448946252836
258 17.78060910077608
259 19.839508238206673
260 19.52421737989843
261 20.92166343727834
262 21.80354670407942
263 22.5315761131362
264 20.27920088997704
265 20.598421591870334
266 19.480695500422986
267 22.170148379769053
268 22.645775788291296
269 20.448143484594585
270 21.21734182227603
271 22.960466909113826
272 22.103443411274146
273 22.358309889436285
274 20.536276640572506
275 21.308474454008508
276 22.14307022957567
277 21.962465227094587
278 21.070608346612282
279 22.283950865701946
280 21.850614229068075
281 21.597696221343195
282 22.487236417913376
283 21.881777906347082
284 23.633266318958935
285 23.711334855350582
286 22.081565449893716
287 22.70181825603836
288 20.921956803688662
289 20.866876763836174
290 21.84727334656376
291 21.969295034163537
292 22.363954496279934
293 20.892564532911912
294 22.02681905242705
295 21.71017426999485
296 21.297445835869713
297 20.443114459980848
298 21.49051604924612
299 21.796570071967707
300 22.64690295807832
301 20.504454678380856
302 20.8051686151349
303 20.852865034018166
304 20.06923949222149
305 21.370038123093053
306 19.827242363823096
307 21.78540564810131
308 20.17915340110931
309 20.646401779431077
310 20.2569074796197
311 21.61479958576838
312 22.347853397111212
313 22.456617554746938
314 21.97574241222587
315 21.030436530160937
316 21.535767818002515
317 22.902602360579262
318 21.136670901199523
319 21.516575911934364
320 21.49101301376932
321 25.195020456520552
322 20.205916639199877
323 19.08758095610894
324 19.716691036740933
325 20.581775035103522
326 19.585874502074653
327 19.816900623816366
328 22.496810563197954
329 20.95271962891805
330 22.70838249375972
331 20.940706892718104
332 22.79659535235202
333 22.063426542215115
334 19.947853082309848
335 19.960214849551633
336 20.414094078263464
337 20.564912803127996
338 20.279896159161662
339 19.498061640723034
340 19.39840853705444
341 20.914997068183062
342 22.26560753960458
343 20.336719514413126
344 22.773813856976577
345 22.32389465377498
346 21.188968856588204
347 21.26505134355924
348 21.06623660083767
349 22.12738354398127
350 21.829399899856732
351 20.33296761821686
352 21.072695997468188
353 20.54716560738815
354 20.451509956486206
355 21.094846077353527
356 20.104845755707483
357 20.66684137199697
358 19.581547571926343
359 21.298586017332337
360 22.506243222470104
361 20.609611707101102
362 22.372093237056724
363 19.256036868772178
364 23.248792213620806
365 23.032983371175128
366 20.761377765897823
367 18.339022762924955
368 22.705206216576435
369 24.261555089711514
370 24.60954606596854
371 26.146289566404484
372 27.256616058727097
373 24.16111461935792
374 24.88071926187367
375 25.570072924945546
376 24.85415470949119
377 23.276694507381286
378 24.62514410562827
379 23.4562302006947
380 23.286044577116556
381 23.022514941645763
382 22.502636782617845
383 23.998197253932034
384 23.41264203766558
385 23.68886882781837
386 21.30349321857699
387 20.23003319417556
388 20.18623036646797
389 19.310900753631017
390 19.079896980824746
391 19.741209407891507
392 19.802774570307296
393 17.731205506886464
394 22.227736964008574
395 20.486523562965814
396 18.76276857997011
397 19.536663164274028
398 20.664746387956637
399 19.354644256220556
400 21.246261059580487
401 21.98655855360982
402 21.08943652923783
403 21.856314535377532
404 22.879640289160147
405 21.46162825046732
406 24.223790000342763
407 23.72842775305555
408 19.59246675018131
409 22.361321309242776
410 19.095139812388467
411 19.53748818760463
412 19.676870730932105
413 19.21387317066519
414 20.630896895305774
415 20.768376595350762
416 19.398061115710977
417 17.512488468272817
418 21.733767882553085
419 17.62587536442918
420 17.54456484072776
421 17.66521432962229
422 19.213857502500147
423 18.3544577669528
424 21.532500406582887
425 20.779499787964923
426 20.687461913327425
427 21.906555891197396
428 20.043675186022647
429 18.712868602072398
430 22.35292947216608
431 22.978509117018252
432 17.61856256915375
433 20.487763755455983
434 20.228077574959233
435 18.909589742230423
436 18.768661793931624
437 19.14367127656364
438 16.78765620605389
439 19.32626939879585
440 16.44427078643813
441 19.211145752750678
442 16.87399828733089
443 15.067973338585713
444 17.089139533973004
445 20.347130824957656
446 18.7114811850976
447 20.36551298578748
448 16.970050695700323
449 17.59136940419055
450 19.065748497101236
451 17.797524405302838
452 20.346570248987298
453 20.364532894302556
454 18.09668303817748
455 21.386935639133863
456 19.581822528280064
457 19.277534603760763
458 16.11537557961972
459 19.956804278269598
460 21.936027463488777
461 22.461976733295348
462 21.92713120983482
463 17.612206176127888
464 18.784651922515
465 21.200473502146824
466 21.009533966285545
467 16.36948223518742
468 19.94620969158932
469 15.225263046223379
470 16.355917855481785
471 15.972071754876671
472 13.91612490746604
473 15.822200143414479
474 17.253682828609197
475 15.358968101054996
476 16.064168516572117
477 15.988054719395908
478 14.273557734331401
479 19.07383257444056
480 14.997628059382839
481 12.40483462757482
482 14.871120490448783
483 17.371705267242074
484 12.746380936111393
485 13.667801171017485
486 16.870930996969392
487 17.22904300921415
488 24.86663563672035
489 21.592111794225897
490 23.60953891761206
491 23.69873351345478
492 25.089573137068783
493 27.728046417672182
494 28.938900740705368
495 27.283987406626792
496 27.81663824531293
497 28.362762621469138
498 26.596793371711414
499 28.924527266034318
500 22.210593009428777
501 16.419219834104045
502 18.369222262287433
503 19.557131372974816
504 14.954258607620629
505 11.684160687490394
506 12.93215373070103
507 14.518417480234898
508 15.110715040891211
509 15.606154019395245
510 16.277960692015036
511 16.351735941993084
512 17.094003130180315
513 15.912060380859495
514 16.41778178259503
515 18.248169683820926
516 17.091913351738967
517 16.380444398100813
518 15.34474110146116
519 16.79119236368696
520 16.048537783276238
521 15.49403258355074
522 14.620770257477266
523 11.420883179834737
524 12.722933895055352
525 13.900071981340439
526 16.25343688705842
527 16.42494966737972
528 14.155370263932003
529 13.423103562399643
530 12.278904795689341
531 15.751564133255371
532 12.744650520811001
533 9.476825319276065
534 11.503601380260411
535 9.606693213341348
536 14.072075729062242
537 19.108538731989917
538 17.065728249847627
539 19.9351391201749
540 20.99058052557855
541 20.945096356355
542 25.196884356976373
543 32.699628665693936
544 28.857457050660937
545 25.903849136214593
546 27.53690350216671
547 26.952604516006478
548 29.028663475185496
549 33.91500854861123
550 38.82820504296892
551 39.13823734070667
552 36.73698067742552
553 34.02407220797433
554 34.30103955842854
555 35.723120073020965
556 32.01902085155269
557 27.07480486173276
558 28.59139332271873
559 28.35812822129211
560 34.67853543287819
561 33.0665665139822
562 29.02622078553873
563 29.10240889575341
564 32.92122509990944
565 30.04059699962596
566 34.41762478002762
567 37.55521693388849
568 41.29211957595295
569 43.19163581942378
570 50.813274344740265
571 51.660261450227004
572 53.02504946772087
573 49.65035297210737
574 51.573860518604164
575 49.20458281959074
576 43.580694026069565
577 38.5659223274559
578 30.91484497658444
579 30.197045549143063
580 27.20853632928788
581 36.43597313427461
582 30.96886562094158
583 36.78715115196278
584 43.01142001953182
585 41.32103981491638
586 38.702234329349196
587 40.98590971667624
588 43.57656132573704
589 106.62197747709273
590 41.25338734175963
591 40.21754468670677
592 36.040994296526335
593 39.36464373851495
594 41.25686223534691
595 36.79284906649959
596 40.10132657516202
597 40.971851458364604
598 39.73053822688681
599 41.04759938644447
600 43.60495397568242
601 50.07408975946537
602 108.78035728213568
603 112.4280407109877
604 47.016316170319904
605 44.770712854003555
606 45.87082283690808
607 45.61116768897734
608 51.44766165090832
609 51.614719549997446
610 47.26919027146224
611 38.66091432594423
612 44.102695553253085
613 51.866612671210675
614 53.56853117395541
615 49.65456081796608
616 54.57311077703222
617 54.97216660740423
618 59.106729534362266
619 63.903480881135444
620 57.99793204937037
621 59.06834218561206
622 61.784102782122424
623 67.91181457396203
624 68.81184130093988
625 68.02828145752318
626 62.93426734479282
627 65.4530938970838
628 63.89356917763432
629 66.55251887284001
630 69.33988475038515
631 69.4891997840039
632 70.93324093931832
633 72.61037556795839
634 71.40283767649782
635 69.27492746160657
636 66.34353060668467
637 64.95258557402441
638 59.33049019638576
639 58.42945463578622
640 59.3588940686543
641 55.642788524490754
642 48.03295239764125
643 51.2285591084295
644 52.10015756529812
645 55.979392572482666
646 59.908754320256214
647 54.21920558880828
648 51.55136478995066
649 48.55887862563665
650 51.0546637623686
651 54.384351683085335
652 55.529106899439206
653 51.93154060236755
654 48.84000443209441
655 46.56562214055216
656 49.31899365895171
657 45.49152251028083
658 46.43237067277217
659 45.87608865802628
660 41.869726909370854
661 39.93768680408846
662 36.505252565086636
663 35.57407441949644
664 42.98823812728661
665 46.71887586565637
666 43.81297882457608
667 41.76604502823374
668 44.022158409594596
669 46.17541275350608
670 46.76371730934968
671 42.99324533519169
672 43.79442762443124
673 44.57993162691612
674 51.11982482878733
675 51.609592348561286
676 50.29526467884452
677 53.528212404581865
678 54.347732610971256
679 54.697835067447805
680 50.77090756930428
681 46.179290546174066
682 46.57300212067261
683 46.74199211210741
684 42.45015394893306
685 40.84128116802561
686 37.640998950800714
687 39.608027076347874
688 39.77317629213408
689 41.52290753230019
690 44.24378305912693
691 43.33837560805546
692 43.30488080538552
693 45.0345665542483
694 43.901609849509754
695 44.69764276243303
696 43.31149422575852
697 38.50937688537031
698 38.61189899624717
699 38.24471498678235
700 41.103105314907346
701 39.829132803887816
702 37.62250272675037
703 39.59949325603368
704 41.529308629535784
705 39.874264559823224
706 39.768089384188684
707 37.90395205089076
708 37.088036381179656
709 41.252693766544155
710 40.89585123889113
711 37.951718826672675
712 40.180317674732194
713 42.52510108877672
714 40.77552345610706
715 40.19977043036976
716 40.6599706522841
717 38.21893760444412
718 38.97141775299563
719 39.0259497851888
720 39.67588587273343
721 39.00930700387422
722 37.44576559438623
723 38.76658667946644
724 38.13124025218121
725 37.11022121617673
726 38.58181331654599
727 38.359642247191786
728 41.1781383420414
729 40.50835953151223
730 41.91113251403391
731 41.3058643545699
732 41.33230001470587
733 42.18842316217501
734 41.48399065922955
735 41.9812571749069
736 42.4839100139565
737 45.10058463837156
738 44.660332580094554
739 42.73534501127196
740 43.453262409501804
741 43.80392261505201
742 42.01447867576282
743 42.87913890885001
744 41.88632249574771
745 40.47125582419436
746 40.409829706986635
747 45.97863123313042
748 46.348587618348354
749 45.27955390046575
750 43.93227717901907
751 45.598997763411816
752 45.88426917204261
753 45.87784848291091
754 45.44596692396744
755 45.637357600178454
756 44.71443181931556
757 43.58860895582445
758 44.22776346408652
759 44.250386423681036
760 45.0167768749173
761 44.30739085410842
762 44.48277030310851
763 44.76409264342028
764 43.62222328834186
765 45.171764399078086
766 44.44016881404345
767 43.757687327052984
768 43.629811201891826
769 43.915639495276196
770 42.41690747014814
771 43.1433159910482
772 43.76000127039221
773 42.71197907375049
774 43.68815999129865
775 43.17190010934861
776 41.66502499723273
777 42.62522702876997
778 42.78200175819972
779 42.14369433463384
780 43.18170562709666
781 42.619462975529295
782 42.50274278772504
783 45.91633078354009
784 44.46723469077361
785 44.21862539365944
786 43.36441545069405
787 42.165930153507915
788 43.050993087993156
789 41.59185542200669
790 41.93802593022324
791 41.216512167014294
792 40.31534812299178
793 40.71041390958582
794 41.181300426069896
795 40.513479546447016
796 42.83608227116619
797 42.50326524304039
798 44.00419159351311
799 42.15206662416307
800 42.045450989464676
801 42.29167206593059
802 41.413438917944816
803 43.09220092269565
804 43.657902953061104
805 42.541076955826306
806 42.06408475804623
807 43.207435606361926
808 41.71685044152508
809 40.957424054730396
810 43.67301389346247
811 43.13379481149574
812 44.68294500417675
813 44.66201041025979
814 44.33381200706014
815 40.30120225348446
816 41.95124428887338
817 46.316929220950506
818 47.27771179928135
819 44.741859211019985
820 43.76672769147672
821 45.58879757576869
822 45.46672014762102
823 43.03226843568944
824 42.29854303910761
825 44.17649498432897
826 41.53135841315813
827 39.73359294926543
828 40.80679528018039
829 42.15060515010837
830 41.91992434331066
831 39.85707753731689
832 41.23489104325813
833 43.16872026332978
834 43.15775121580786
835 42.95985371104792
836 46.034677828476624
837 45.671048436720326
838 45.70945830842689
839 47.23945565493934
840 46.19417004528983
841 45.95186132984449
842 45.65935423275351
843 45.76406728353591
844 41.31864424472753
845 39.51485044829356
846 42.51802802963391
847 42.53913413215336
848 42.555887975043284
849 43.54786851258911
850 43.01178663178094
851 43.093189529504315
852 45.468779885555044
853 48.39240103352324
854 48.34337736996321
855 46.14759955689936
856 45.52426673912846
857 42.920884337831204
858 40.35924347704447
859 38.42660372463143
860 43.26808843020268
861 39.124814171182614
862 43.90472079010267
863 41.195272590189234
864 42.356934053740105
865 40.6817839939315
866 39.36584695233204
867 39.13270475385322
868 38.83204342075121
869 39.13475538164525
870 38.646995843952986
871 37.683351396271625
872 35.8822783367908
873 36.144151132517734
874 33.95231719822641
875 40.56958863299881
876 40.68671259086275
877 39.55200177783112
878 41.92977903068254
879 43.2994756244862
880 43.10651700678856
881 39.2938259806299
882 39.56577987795299
883 40.634699677159944
884 42.84628132402093
885 36.91026164034327
886 36.693831440145836
887 40.34673551328168
888 37.48163898450798
889 39.85712520024771
890 41.43329414565583
891 42.30618224985864
892 41.58922728928558
893 40.201073755946275
894 42.02265709019846
895 40.82288554084144
896 40.15939839284874
897 40.59643139013376
898 40.55508478213492
899 40.195261428464775
900 40.4991590727738
901 36.93072859548738
902 40.370487714444714
903 41.321267133563374
904 42.31775240556213
905 43.07339649466438
906 40.3701403169095
907 40.792147944075566
908 39.01676148901212
909 38.62229055904568
910 39.46995384544196
911 40.66921262310561
912 40.75657701646374
913 42.562727270977895
914 40.95192220265659
915 44.124679801112734
916 41.78873079394107
917 43.55179589928417
918 40.033031538184424
919 38.19164799528963
920 36.38867141378162
921 34.727590222157566
922 34.964290914940634
923 34.0534555631443
924 32.622634852197216
925 34.78352442208849
926 35.07692618397335
927 33.85445042317603
928 35.453443584890046
929 35.693676913474185
930 39.00124425450646
931 37.438952396564574
932 39.55787122566652
933 38.83847551074623
934 39.467255874298544
935 38.676867419619626
936 38.86384462045638
937 37.188779170797254
938 37.14113438346353
939 36.45112829978605
940 35.559810946234094
941 35.05423718126487
942 36.697321067554476
943 38.52602850905811
944 34.38712292526686
945 35.20760410602622
946 36.90561155429892
947 35.85078633632225
948 36.046892344923236
949 36.908389693205436
950 37.74682710390079
951 37.748365796217435
952 38.521935257552734
953 37.887877703360175
954 36.3334850705505
955 36.33184603624577
956 35.88824059177577
957 36.44636827424783
958 38.89572914731803
959 39.16495668161289
960 37.58850782497171
961 38.27900780255931
962 40.0869697607403
963 38.44739971229045
964 38.36924323377067
965 41.190776067963256
966 39.41889432100665
967 41.186396071473666
968 41.190672967558974
969 40.27052819191093
970 40.25635460902404
971 39.84137318558018
972 39.23228522928768
973 39.28880271580735
974 39.70190872896459
975 39.89521564458424
976 41.126279589639076
977 39.80879418324246
978 39.609590031468095
979 39.622490117341236
980 41.581228213682394
981 38.649433007901806
982 38.95044285290705
983 39.358901544457396
984 38.28667515432192
985 39.69422845000671
986 39.04539599954464
987 38.82811463951582
988 39.88062502157973
989 38.105275857486596
990 39.353414375545476
991 38.240126394358875
992 37.575003003027284
993 41.10252026648132
994 35.68156014961768
995 37.03967551297347
996 36.21198691415276
997 35.94040543448041
998 36.64700273310371
999 36.54718014949898
1000 39.26971205636886
1001 36.448553698822266
1002 37.29074068880189
1003 38.777766624224924
1004 38.73086017605937
1005 36.34445398944695
1006 35.80884608156946
1007 36.39204269223646
1008 37.30182288428922
1009 35.362662783990416
1010 37.97688955250801
1011 37.25821161824157
1012 36.50388334333804
1013 36.9161800803835
1014 35.80411669515892
1015 38.14926503808711
1016 36.65053966086407
1017 34.93416292744103
1018 35.15671831337458
1019 35.1376569445525
1020 35.33197264179994
1021 34.67652466635631
1022 37.10839170113867
1023 35.96368076806428
1024 35.87603603652972
1025 34.27240176780957
1026 35.068631281753994
1027 34.10141121154165
1028 34.33902845609205
1029 34.41413864483424
1030 34.949867067709334
1031 33.98573784363518
1032 36.69596305314272
1033 38.0316756812531
1034 38.536866027626125
1035 36.94705345040523
1036 37.17898487348963
1037 35.447516079719136
1038 35.99097138268713
1039 38.20013701521288
1040 36.42273297347115
1041 37.293971644989774
1042 38.35057825739347
1043 40.75862414444223
1044 40.39583857016738
1045 42.19467984382549
1046 40.594469358620344
1047 42.732297502990015
1048 42.434660540117854
1049 42.50895972943324
1050 40.123886602071856
1051 39.592678551344896
1052 40.07653955656258
1053 41.00387439925952
1054 40.82104991902776
1055 40.59671163559728
1056 41.41411335255033
1057 41.62655276582675
1058 41.704096726068336
1059 41.13429008606699
1060 40.66889496198152
1061 42.014313790727044
1062 43.569030156053024
1063 40.91211390249869
1064 42.735706706980984
1065 42.91345866179044
1066 41.56213540907175
1067 40.30960968476013
1068 40.62839938369129
1069 40.362092301302724
1070 41.11670591426285
1071 39.86724434420429
1072 40.087244980869905
1073 37.66615744358574
1074 37.772286564600115
1075 40.6438731776962
1076 39.37888932864176
1077 40.58645782320762
1078 40.78781029609402
1079 41.94578052419808
1080 40.66962428842143
1081 37.891057360553035
1082 38.165391718433206
1083 39.11990637744654
1084 38.10459273699962
1085 37.830818259143264
1086 38.08080444319938
1087 38.61223277534567
1088 37.76540775761336
1089 36.22971176984666
1090 38.359753769014404
1091 36.52732694984222
1092 37.35978631270992
1093 37.6636385010361
1094 36.85543604148734
1095 37.54064957070569
1096 36.60889223350011
1097 37.83651909326687
1098 36.67025029636292
1099 36.85909122147827
1100 36.65087573099408
1101 36.47246014752331
1102 37.88368427915518
1103 36.2083867874816
1104 35.81044374397258
1105 37.309701665638464
1106 35.500819735818425
1107 35.583065916530735
1108 34.23640030950146
1109 33.93525227088888
1110 34.74728593230878
1111 35.08763871491519
1112 34.08388890630469
1113 32.510302479610836
1114 32.955363555834225
1115 34.30407449696851
1116 32.36853759865764
1117 32.38242895581137
1118 31.03430902414074
1119 33.82362501951095
1120 33.33638763061758
1121 33.660861919541375
1122 34.20929752510707
1123 34.323329789306534
1124 34.22862856405256
1125 32.923443852267624
1126 33.90037718375781
1127 34.3217543898292
1128 33.40393767804457
1129 33.044669927357035
1130 33.951589633766865
1131 35.2674641038966
1132 35.13688639673506
1133 36.64506103173419
1134 35.75415362517795
1135 35.23011671278209
1136 36.68333383088145
1137 35.82173235701556
1138 34.759636826677166
1139 34.53867765863007
1140 37.392733531829435
1141 37.56616819594574
1142 35.37754172380931
1143 37.284804338840004
1144 38.13774359787272
1145 38.43140321358091
1146 37.88258771563148
1147 40.800466176343576
1148 38.5106300732976
1149 38.26192924736346
1150 39.48079730387312
1151 38.45281976789013
1152 39.550534384801814
1153 37.69345900920141
1154 42.17441585289585
1155 39.993993643438124
1156 40.96375437960989
1157 40.31565069658418
1158 40.454603508899915
1159 40.77721022548271
1160 38.17356806669491
1161 37.12010117665026
1162 38.905428777807934
1163 38.585648814549444
1164 35.74161321964429
1165 35.94811447695675
1166 35.80156029345376
1167 37.71313641769302
1168 36.70832752160031
1169 37.04073682880189
1170 39.851426232981545
1171 38.88825223419212
1172 39.88605476338073
1173 37.14695491802527
1174 38.32370740683821
1175 38.42397805830992
1176 37.97926067771891
1177 37.095363202814504
1178 35.93764816133801
1179 37.03253960113804
1180 37.74312114325117
1181 38.42588084417763
1182 39.46910948043399
1183 35.403862488932134
1184 37.34941421370319
1185 39.379915335640156
1186 36.236006984140076
1187 36.32724417279075
1188 37.44339498375985
1189 38.07875845728598
1190 35.475471603861756
1191 37.042671560749234
1192 37.64901084421371
1193 36.641212377563576
1194 36.26104717579511
1195 38.09654615623897
1196 36.99353729091092
1197 36.74163152769497
1198 40.073379565702965
1199 39.45898678398657
1200 42.32011654012139
1201 40.62562995823187
1202 40.52440422106932
1203 39.507757769282684
1204 36.87173968997855
1205 38.78915423044362
1206 41.04800413997247
1207 40.0146912125879
1208 40.28909454903822
1209 40.90409995090105
1210 40.807617982622986
1211 39.91200900437747
1212 41.420855866103906
1213 38.59846239464714
1214 38.65995075137915
1215 38.83013516691664
1216 44.10690998124069
1217 38.13712136593889
1218 40.34111412117666
1219 39.27867136592419
1220 39.927106538257696
1221 38.89580996367256
1222 37.74656564040322
1223 38.449633572583075
1224 40.32971102530902
1225 41.094371748803994
1226 41.45336000566008
1227 43.62484885549561
1228 41.04585309205767
1229 40.877787521907614
1230 39.02354571028741
1231 37.263964079658315
1232 38.78834609228784
1233 37.038116279390955
1234 37.796586357381976
1235 39.71413409329909
1236 38.34460816272256
1237 40.607173536505876
1238 40.50999717672865
1239 40.66523553659865
1240 40.134597152488496
1241 41.826034095545104
1242 42.32599458866764
1243 43.502789408064814
1244 43.73737863975283
1245 42.54295991095685
1246 43.9986426352163
1247 38.78281193903122
1248 39.4313865322658
1249 39.5104371088262
1250 37.105376622672196
1251 38.05920801378085
1252 39.405970100802584
1253 39.16978008589423
1254 37.93740049949526
1255 36.60478167661205
1256 38.38250940262571
1257 40.60316256911679
1258 40.50951342951414
1259 42.524864218666536
1260 41.13141390910813
1261 41.43263030094141
1262 41.43313745329739
1263 39.689097734281106
1264 42.552458849749144
1265 39.39762655789309
1266 41.43155930196258
1267 42.61886719326522
1268 44.187999923550386
1269 44.126796922549765
1270 42.902390680422414
1271 43.99635805281651
1272 43.767377834723916
1273 43.52463493962757
1274 41.321117017998766
1275 43.60323704313371
1276 44.86662276193292
1277 42.27591195906102
1278 45.15592269017345
1279 44.21380673907149
1280 39.38883473342553
1281 42.09751402188173
1282 42.201614759676026
1283 40.7500697739105
1284 41.15141971576236
1285 39.65929824140983
1286 40.67947079988641
1287 42.293837435319254
1288 39.63561555659987
1289 39.58855098765861
1290 38.24272976377666
1291 39.21894090750516
1292 38.324973079626
1293 36.188133746281004
1294 40.113727608036044
1295 39.98511830575612
1296 42.020260246230755
1297 41.054034418606
1298 42.79707211916859
1299 41.831483928634086
1300 41.22548763540687
1301 41.40833769125236
1302 42.25570679051527
1303 43.382055569529285
1304 42.35615138620308
1305 41.7829985368434
1306 41.07504480695133
1307 41.83539032013748
1308 41.771568402048565
1309 41.52070027556547
1310 42.349384695743026
1311 42.60959112265351
1312 41.75237078149315
1313 41.83823588906477
1314 42.45113601688695
1315 41.42362031338075
1316 43.80403752283621
1317 41.18536666401278
1318 42.34294326477286
1319 41.38667268835683
1320 42.06921922558127
1321 42.52939475781738
1322 43.420985340235084
1323 43.318931219878586
1324 42.6469527557578
1325 41.35826980491521
1326 44.69836059223307
1327 42.69383671944218
1328 42.28669541598302
1329 41.74580806307047
1330 41.07264001505651
1331 40.455204450246235
1332 40.78657641958938
1333 39.844317515644235
1334 39.81580669079854
1335 38.420697410565104
1336 38.63437684996378
1337 39.46209962275387
1338 38.34265708197346
1339 40.465453890450796
1340 41.3925846756225
1341 41.87644528790527
1342 40.713933378497146
1343 39.93002901996721
1344 41.26795040264603
1345 42.140139178013726
1346 39.45681809977509
1347 39.136825597897996
1348 38.926882146766516
1349 39.34820518252956
1350 39.009639260531905
1351 39.4346276170821
1352 40.41265296057104
1353 39.320477902175725
1354 39.27521758638835
1355 40.810688969603
1356 39.378790721218884
1357 39.47085963606145
1358 37.71879249723362
1359 41.67190600971138
1360 40.119404513009755
1361 39.758256784368044
1362 41.81632850588298
1363 40.125166246796745
1364 39.504824803568496
1365 37.34229114207191
1366 42.36988006729781
1367 40.183298708189284
1368 40.45837317235434
1369 38.78227700964093
1370 40.41435916179773
1371 42.18489449115638
1372 40.96293325337257
1373 39.779662525554514
1374 39.64104337179583
1375 40.087124890144636
1376 41.11900662168608
1377 39.36417193655949
1378 40.547239351313024
1379 41.67559329879703
1380 42.14692373259217
1381 40.67683042618398
1382 40.48969408997117
1383 39.89288028653238
1384 38.9017960136052
1385 39.46797742847194
1386 40.70333951284119
1387 38.2358727895016
1388 39.085744344244596
1389 39.107215742642516
1390 38.001971381720516
1391 39.27891434855162
1392 39.285202293735075
1393 39.91535285515715
1394 42.00407695917197
1395 42.49220559992419
1396 40.35667284420516
1397 38.86739666279342
1398 41.40292700901716
1399 41.61371809751053
1400 40.881104693709545
1401 39.735430071567514
1402 38.50291623189705
1403 41.535891554662015
1404 41.62844150022172
1405 39.91558381510128
1406 40.684480062283505
1407 39.444973892356494
1408 38.78355698472545
1409 41.029090040484384
1410 40.45311391544846
1411 38.78560187593423
1412 39.67737896626664
1413 39.64442012829026
1414 39.060586865065595
1415 39.17858183124215
1416 39.6099643151043
1417 36.07427035279504
1418 39.26364070170207
1419 39.20376984676506
1420 40.41133105743478
1421 40.62880040074152
1422 38.42057441309876
1423 38.96272241184701
1424 37.70785838691912
1425 40.16231403420576
1426 38.694527924929375
1427 38.28093725852872
1428 39.23226516053599
1429 39.5851231837605
1430 39.80247811535823
1431 39.926947284141534
1432 42.00638376618381
1433 40.21400578323916
1434 38.035265379083576
1435 38.90152825516587
1436 38.078312411921026
1437 38.768232908912566
1438 39.7355030907463
1439 38.7045850661818
1440 38.360375577780815
1441 37.98948736067518
1442 39.68731286571385
1443 38.00050599719075
1444 38.55712263764583
1445 38.70730480690642
1446 38.09175074064388
1447 39.86940509100699
1448 40.04999276529599
1449 39.45178843988383
1450 39.00231325627035
1451 39.26499938537385
1452 38.70161634171871
1453 37.17729426868169
1454 39.25477234769195
1455 37.05316152047143
1456 37.57215202343603
1457 38.2806711989501
1458 38.4198513753343
1459 38.66987106937079
1460 39.732928448607694
1461 40.89401930894804
1462 40.357295409698416
1463 41.0760734782085
1464 41.748264018826454
1465 42.238541255095754
1466 40.01546480127682
1467 40.47136201354267
1468 41.514219830466935
1469 41.73096528199102
1470 41.00585118726162
1471 39.69014210805186
1472 39.33155786070547
1473 40.13476597758805
1474 41.36279437071967
1475 40.857067305134805
1476 40.58286366155258
1477 41.94166960566089
1478 43.14647265234188
1479 41.4987776310891
1480 43.52078593361419
1481 40.985822211499645
1482 41.644316613943786
1483 39.43068309075235
1484 39.16185748401059
1485 42.325903872578714
1486 39.245484465216
1487 37.71522075820634
1488 39.97132723198806
1489 39.3071949947326
1490 37.4636674671256
1491 37.19579196235222
1492 37.84163823071804
1493 38.49218450014919
1494 38.054469305602126
1495 38.32154395861598
1496 38.843496202794405
1497 37.248738877135864
1498 37.6800288693101
1499 37.18918389114486
1500 37.17029014566541
1501 37.623947219588786
1502 38.2822205307865
1503 38.38993014115428
1504 38.675736264619616
1505 38.10055887966838
1506 38.5760676521696
1507 38.37484006093668
1508 38.87681198389526
1509 39.030273179005846
1510 39.04237059114615
1511 38.7246190594731
1512 38.53305052315851
1513 39.080837665549126
1514 38.70750791235706
1515 39.90961370313224
1516 38.99127329942683
1517 40.11434419801852
1518 40.27096880317598
1519 40.16568237051855
1520 40.38496553616757
1521 39.42512321918372
1522 39.61122310773443
1523 39.30347342360235
1524 39.94276310848705
1525 39.48008575639196
1526 38.35575265268555
1527 37.15249345364109
1528 39.369943613133785
1529 38.843781385709434
1530 40.809459820037276
1531 40.90083010197261
1532 40.00918029303994
1533 39.92070057581121
1534 42.44493042574331
1535 41.86195183932685
1536 41.3832855177715
1537 41.20841726667014
1538 43.525606721544506
1539 42.2244327119047
1540 42.99562661763196
1541 43.12814354097387
1542 44.723104861370935
1543 44.10353432770157
1544 42.56862762888077
1545 44.450614337705765
1546 42.882931257806426
1547 42.17926391679227
1548 44.169809384150085
1549 43.71116772734713
1550 42.65693724975125
1551 41.35969734417014
1552 41.6273829990233
1553 41.17043213479258
1554 40.74993657422022
1555 43.87621061473615
1556 41.06810814270683
1557 41.1941198948343
1558 40.73246475567584
1559 41.41949613897429
1560 41.088278364710575
1561 41.49460607260636
1562 42.29939534112797
1563 41.17237523724773
1564 41.51586782293449
1565 41.264037217307724
1566 40.53957458641921
1567 40.75937147638673
1568 41.41872507525001
1569 42.69919782436295
1570 44.90542488212354
1571 43.03429642891292
1572 42.42522761849577
1573 41.69288215174517
1574 43.8160583033987
1575 44.59498367880785
1576 43.4583703122529
1577 41.29942872124826
1578 41.36263912716453
1579 41.06877475141625
1580 40.76841703789425
1581 42.812527249365814
1582 42.16947294561302
1583 41.20687784999237
1584 40.00763355376431
1585 39.37817759581183
1586 40.817091330443716
1587 39.969674679843095
1588 39.97599572052061
1589 41.37101314872666
1590 41.578994943896994
1591 41.34321621022423
1592 42.00176630142623
1593 42.40432839764016
1594 40.72535270216988
1595 40.205946975674166
1596 40.79522213718014
1597 39.63402113114726
1598 39.51436840314939
1599 40.52731215104198
1600 39.74150071956727
1601 39.22054066901561
1602 39.7378795749605
1603 41.62954382982657
1604 43.63451091881771
1605 40.6730159831139
1606 40.37623644745741
1607 40.21579528333369
1608 41.827916188127915
1609 39.70018571342283
1610 40.51800076635497
1611 39.72544743983476
1612 36.20800076502533
1613 36.822509970911575
1614 38.00307740638125
1615 37.39367265047399
1616 38.44634715513851
1617 40.440324076818065
1618 39.244622658851696
1619 39.12572790365231
1620 43.1067880504387
1621 41.19240025377629
1622 40.93760003963266
1623 39.02118910987167
1624 39.695734954270065
1625 40.8643810380589
1626 39.81860274411401
1627 36.68745650935861
1628 37.69851993905641
1629 38.3725899714777
1630 40.040179883724406
1631 38.03322877717773
1632 34.52526123911587
1633 38.983995318068345
1634 40.81821792061919
1635 39.74195747553854
1636 39.53417220513608
1637 41.7574079385262
1638 39.288915538468096
1639 39.603021677734574
1640 38.9661713571998
1641 39.451253807575746
1642 40.583075590736534
1643 40.13556233108354
1644 41.18047367766545
1645 40.87197279590875
1646 40.38725892605525
1647 40.12421353502514
1648 37.297889147923634
1649 40.45102850599746
1650 39.10285763285021
1651 38.871362222738725
1652 38.548529988625
1653 38.6585731719837
1654 40.4932145800364
1655 42.05555318473828
1656 40.21174070051824
1657 41.49998678754404
1658 40.63272768205089
1659 42.574893815254015
1660 42.6317171325552
1661 44.96597172786155
1662 44.985645980008286
1663 43.379336844179306
1664 43.68550198417189
1665 42.24959099078455
1666 41.892421409140404
1667 42.489554577597204
1668 41.77551510625809
1669 40.9104022992968
1670 44.768591378423565
1671 43.343114720669924
1672 44.987456506182035
1673 42.3680215561921
1674 43.82967699465019
1675 40.20475019233439
1676 39.6780779586485
1677 42.668607913496196
1678 38.904712261395545
1679 41.369802078260896
1680 47.49995624034329
1681 39.363531534352774
1682 40.11462896151585
1683 41.33832094603915
1684 40.799525594141535
1685 39.72267528020206
1686 42.62036153517426
1687 41.45194189216968
1688 42.53583783976721
1689 42.73652727673295
1690 42.46866273742289
1691 44.249137103032744
1692 43.583532629996974
1693 42.39745678317207
1694 41.773379867358884
1695 40.84022843576392
1696 41.90372054544343
1697 41.34827451821573
1698 40.88842447023378
1699 40.33168944119889
1700 38.85514387313074
1701 38.627656016977184
1702 41.131817031631556
1703 38.13665770894387
1704 40.664032725246024
1705 41.53978555007986
1706 43.72255945247377
1707 40.81374805374016
1708 42.11674019370627
1709 39.11132916225921
1710 38.89891854769297
1711 38.609261130273545
1712 41.45147407713934
1713 38.843596478377265
1714 38.90860734489072
1715 39.968472391676436
1716 38.80221950302105
1717 39.658350713374574
1718 44.331421597277966
1719 39.8108093486662
1720 38.347966578881746
1721 39.60604431255071
1722 39.47226060492616
1723 41.61936512077604
1724 42.81594972476026
1725 44.0154781914554
1726 39.12172238008355
1727 41.13724557337641
1728 40.818805549675375
1729 40.94011506109712
1730 40.99531793442482
1731 43.58648488314246
1732 45.989649931672695
1733 44.082955186824464
1734 45.53808338511422
1735 42.88223081728626
1736 45.544667066227866
1737 45.297027771796174
1738 44.851369717507
1739 42.86421713186048
1740 40.07033539729018
1741 41.88192403611061
1742 41.33240080396375
1743 45.3916125405904
1744 45.7659300503688
1745 42.61136037578571
1746 43.74032854051902
1747 45.925687278793056
1748 47.874062921677
1749 44.43431101402641
1750 47.25415789885478
1751 46.90523036523263
1752 46.85866021442733
1753 46.59832966157874
1754 46.6916465077769
1755 42.616387777284174
1756 44.7672934619684
1757 42.26314081938607
1758 46.905560057359
1759 47.949304990535644
1760 45.42374659678543
1761 48.64155171736359
1762 48.66232983917565
1763 46.59940828132728
1764 47.02520339793751
1765 46.23758077886169
1766 48.244562759562676
1767 47.029861473027935
1768 43.20449427192833
1769 44.97990784014539
1770 46.54064928566725
1771 48.32155744774206
1772 53.33442610176838
1773 49.00114902696942
1774 48.12095980114382
1775 45.28044389685926
1776 46.17805054446863
1777 48.03448563682494
1778 48.91229886488199
1779 47.652706649250455
1780 49.06790208984311
1781 44.54472158889933
1782 48.53180797659092
1783 49.2689188533515
1784 47.464803091838675
1785 42.18018157131387
1786 41.60767912558682
1787 41.58367868147903
1788 41.68427710844541
1789 42.71294075043406
1790 44.37890265209671
1791 43.138414888544126
1792 43.601372057840784
1793 44.05799119424569
1794 42.795856802898186
1795 41.965560413712765
1796 44.40973733365214
1797 44.906289264593134
1798 46.95819695335438
1799 44.505984998739436
1800 43.99476612844527
1801 45.68455614886223
1802 46.813044818995785
1803 47.52693828112698
1804 46.46928370876605
1805 47.4320959331917
1806 46.53077474303716
1807 46.36909080227766
1808 44.72079089801364
1809 42.744184291517485
1810 43.863880718046744
1811 43.524813586525326
1812 42.61282034667467
1813 42.65545541341582
1814 41.95204348371924
1815 39.91614242748077
1816 41.82726512611142
1817 41.70499180247549
1818 39.76658648418628
1819 38.901102148137774
1820 38.89109088606597
1821 41.34423940082887
1822 39.96041280455027
1823 41.00997101335257
1824 39.45853301626219
1825 39.38215643961662
1826 38.03077581023144
1827 38.54380646827632
1828 39.256628965952835
1829 40.90096025230558
1830 38.852762399682454
1831 37.425806410159936
1832 39.352314179092765
1833 40.23649877091715
1834 37.41292654819179
1835 37.127097986321836
1836 37.4075874359514
1837 39.26025329710264
1838 41.183974397836124
1839 38.54485570708633
1840 40.779613700653634
1841 38.19522910834307
1842 38.32102350668129
1843 38.246929129286286
1844 37.69452687327083
1845 38.17074801772683
1846 38.80582487735911
1847 40.35544389649203
1848 40.11119399346975
1849 41.369324043529815
1850 40.357877113496286
1851 40.80432356761893
1852 39.41607375880779
1853 39.66449898460524
1854 40.25708372504435
1855 42.00844863602374
1856 41.190484673153854
1857 40.82925836435775
1858 39.84646374294758
1859 41.01309392395035
1860 39.412814042146906
1861 41.79739930786299
1862 40.788787129302115
1863 41.402896950782804
1864 42.51972344991462
1865 43.15808503900926
1866 43.52568910021584
1867 44.60715747156407
1868 42.51948334763194
1869 42.34767096051851
1870 42.660344059340225
1871 42.91830817456699
1872 44.827364639572714
1873 43.89750115693671
1874 43.749577794873
1875 43.86911517894288
1876 43.116957829088165
1877 43.04157716165927
1878 43.35299543339322
1879 44.887945741799875
1880 46.039883326839714
1881 45.38848700322063
1882 45.227710475322134
1883 46.02858013869636
1884 46.33468059656619
1885 43.845139674164166
1886 45.090256822861065
1887 43.04564900445482
1888 41.357002415265256
1889 43.127141659379525
1890 41.44309506291263
1891 41.29529490328635
1892 41.80360528859382
1893 44.92212198016439
1894 44.39118294074894
1895 44.06966067469851
1896 44.35946273409581
1897 43.521702021667465
1898 44.17830467977861
1899 43.86923782416983
1900 42.8510935897249
1901 43.613991304956805
1902 43.627669171106916
1903 44.060592528666405
1904 45.35350672512162
1905 46.40286164129887
1906 44.6873680652907
1907 46.12288737655734
1908 46.398582592789914
1909 45.34740707311613
1910 45.03691169043367
1911 45.23797917251678
1912 46.38263148881272
1913 46.36303825724627
1914 43.73125936223547
1915 44.66814442043099
1916 44.8191272836857
1917 45.0403979761896
1918 44.65430048492038
1919 45.8634347165625
1920 46.06419606812305
1921 45.34241978057932
1922 45.26264073077102
1923 44.06402095900487
1924 44.12433775333222
1925 46.497882201601755
1926 44.471486425793444
1927 44.73797522017003
1928 45.91136948259882
1929 43.06296225295372
1930 41.762383495326155
1931 43.28652781420653
1932 44.324058542304705
1933 44.832855645098206
1934 43.56236844902191
1935 44.52810584651466
1936 43.48980619975514
1937 44.12064088044718
1938 44.039078084701956
1939 42.90163331720883
1940 42.855737582526615
1941 41.430533961640336
1942 42.6863113758112
1943 43.9053763166204
1944 42.21804647526122
1945 42.972761239405
1946 43.092903780173636
1947 42.55802330145044
1948 42.58143020084285
1949 42.42826278122278
1950 42.805290545465446
1951 42.21369619013213
1952 42.088699256155216
1953 43.599908327198825
1954 41.66981705642236
1955 42.466638709362904
1956 41.99943918119009
1957 42.90205950227549
1958 42.572041460928794
1959 43.148851785688485
1960 42.561968112611254
1961 41.395822036088674
1962 41.429574738719786
1963 41.68322255037953
1964 39.82672419419314
1965 39.32798206381482
1966 39.86060103963013
1967 41.13788376995087
1968 40.34705005225038
1969 40.35049310606571
1970 40.42104836242113
1971 41.03570143940419
1972 41.06607527719119
1973 40.853553543527816
1974 41.373653474389506
1975 41.76805674976408
1976 40.485342369465016
1977 40.80966251206648
1978 38.545352485243946
1979 40.517800358362706
1980 41.77566101373166
1981 39.73531486646652
1982 40.5297518389999
1983 41.03843945802731
1984 39.77412369491352
1985 41.017390690082586
1986 39.73112057971866
1987 42.69810920917434
1988 43.26461775989766
1989 42.19262209364361
1990 41.75373178611011
1991 42.09793297266896
1992 42.75468905544328
1993 42.61535921967066
1994 41.4481419991304
1995 41.97589973009854
1996 41.922038265481596
1997 42.19013920654656
1998 42.87937932401578
1999 40.89799815877473
2000 42.114472296990456
2001 42.4297332075967
2002 40.8738427444387
2003 42.91843453064972
2004 42.646913012573215
2005 42.99850465961941
2006 45.21352805444489
2007 44.116918884555766
2008 45.104152936358126
2009 45.20291214504404
2010 45.05148629270077
2011 45.988427820276925
2012 42.57910349484984
2013 43.29663610727355
2014 43.64991376970271
2015 42.51276331321235
2016 42.40203832398125
2017 43.48927250597401
2018 43.207962157829236
2019 41.4941874368156
2020 42.90156213800023
2021 42.07147919800457
2022 42.08234265242921
2023 43.902796741041634
2024 44.385562954868554
2025 45.3774003850417
2026 45.630767809086045
2027 44.22021853798223
2028 42.90194895448998
2029 42.50220498990542
2030 43.43083934864457
2031 43.44893665434027
2032 43.83716526699302
2033 44.361362819085215
2034 44.76435767652234
2035 46.883435517984594
2036 45.88966500920439
2037 44.145917491652945
2038 42.07351973448333
2039 43.19541168670314
2040 41.45667957273765
2041 41.720436869425946
2042 43.54816658353028
2043 42.065942437803194
2044 42.6288900239188
2045 42.51900020672783
2046 42.73663476982801
2047 44.66785953268853
2048 45.401930966993255
2049 44.45786103042442
2050 43.188034172357305
2051 43.88727225518144
2052 41.62325974398388
2053 42.28693633089327
2054 41.29548086034015
2055 42.5800936463077
2056 45.80700456040416
2057 46.08801584268101
2058 44.98596526996861
2059 44.222543220764365
2060 45.84959813758069
2061 45.155662494624025
2062 44.41001706791971
2063 44.77806558565015
2064 45.5311038631866
2065 44.788975403078446
2066 44.87575216821424
2067 43.84989131723555
2068 42.63340900225081
2069 42.242200596303896
2070 41.825421811692756
2071 41.15933365192583
2072 41.74279023870616
2073 44.811963649052814
2074 44.998819883954226
2075 43.36413028013462
2076 44.44304045981226
2077 44.3199744945413
2078 43.362632597646076
2079 42.52694462801138
2080 42.05960522878667
2081 42.31258066632972
2082 41.10703751576077
2083 42.12154144973297
2084 41.62266026912561
2085 40.84407708062952
2086 40.320208052144444
2087 40.25845681791441
2088 42.52165816220229
2089 41.12156220708112
2090 41.20079039524906
2091 40.80580091201152
2092 41.856340477554134
2093 41.97918513141002
2094 43.30960523049952
2095 44.05639632962786
2096 43.7484300045974
2097 41.783642763866645
2098 42.91133923547861
2099 41.88857260713867
2100 43.920632917955764
2101 41.007864564832815
2102 39.77813218006304
2103 41.22568361884094
2104 43.175719718107956
2105 42.30792899768348
2106 41.97901319727958
2107 41.74836632140276
2108 42.249294198058216
2109 43.01788769569748
2110 42.52829924590586
2111 41.309898571037564
2112 40.74523942102585
2113 41.52417616091397
2114 41.074810536501715
2115 41.02304786232228
2116 41.050138115951846
2117 40.55584216088531
2118 39.26168441216058
2119 40.5655469886744
2120 40.52446802378286
2121 41.01321628046327
2122 41.1169356422944
2123 40.70155235790553
2124 40.648789468944855
2125 41.66823590617799
2126 40.121172676634174
2127 43.044810317307935
2128 42.331491192642446
2129 43.3752417458434
2130 44.299997271570234
2131 43.38448885279096
2132 43.91340525038145
2133 43.70668287241699
2134 42.094739849566736
2135 41.22531055884749
2136 39.54385463798563
2137 39.93563962971336
2138 40.49715550227169
2139 40.59820406481016
2140 39.38807041908951
2141 43.38711095188818
2142 38.71434730033822
2143 39.06873349310644
2144 38.229205346537675
2145 38.72861718389985
2146 36.579624561783994
2147 36.75143773916726
2148 37.10481891649122
2149 37.846753055381534
2150 38.670139605476855
2151 36.26904031826546
2152 38.66373903529819
2153 37.84760105526146
2154 40.19066550336755
2155 40.749838668336025
2156 38.51836067908596
2157 37.54013321710167
2158 41.10346666389095
2159 39.44966866812241
2160 38.73165253998265
2161 40.25856003681472
2162 40.74851546514272
2163 41.26257100363234
2164 40.12654094568849
2165 40.384296354868475
2166 41.33279231863915
2167 39.902944347269624
2168 40.199945624168116
2169 43.40033246270805
2170 42.88966814899572
2171 44.07514101657069
2172 42.487852460296615
2173 42.84178026863545
2174 42.89029043820199
2175 42.37946558825584
2176 42.3528570931237
2177 41.65737488799832
2178 40.00567710792637
2179 38.87335239471663
2180 40.378598482922904
2181 39.775069167005434
2182 40.161750072936
2183 39.21172869571737
2184 39.51515505538754
2185 40.50515431158987
2186 38.46901156538732
2187 41.2015228980555
2188 41.26364200810592
2189 40.062879674884506
2190 42.06249428681996
2191 40.74385477259575
2192 40.498156175835184
2193 41.82518197440861
2194 40.55178287742025
2195 40.7829262669971
2196 41.957346805443265
2197 42.09230420081524
2198 41.155955656559485
2199 43.4707183439631
2200 43.29209688296355
2201 41.96658299011591
2202 41.96095406305009
2203 41.38523131655112
2204 42.05776112139747
2205 42.02353157944728
2206 43.60354630783506
2207 42.50955384836326
2208 40.999201644754365
2209 42.47083660662579
2210 41.97520267556305
2211 42.5661776352897
2212 40.96174318795223
2213 41.345425565639886
2214 40.62832964006907
2215 42.55292662089267
2216 40.733519927942
2217 40.29844490318488
2218 40.20282222011685
2219 40.396110451015396
2220 39.29739769280933
2221 40.85293135817225
2222 41.296098665975805
2223 45.69043240448479
2224 45.458175527748786
2225 41.75306940866234
2226 41.72763018603922
2227 41.369886856496194
2228 40.43349287356269
2229 40.12374262444183
2230 40.61915996466202
2231 39.376209035122784
2232 41.06430939908764
2233 41.88742485330644
2234 43.11084289187152
2235 43.21927527588442
2236 44.719528913286325
2237 45.29636043423771
2238 43.6055958113129
2239 43.49320994593783
2240 44.0779088056684
2241 45.60126823264567
2242 43.55807426865354
2243 41.71925690366898
2244 41.43061508843673
2245 42.93136937496785
2246 44.53062775617248
2247 44.501956241309294
2248 43.54507973248788
2249 42.029428432084366
2250 41.72895185908094
2251 40.339259231813564
2252 40.0706613532257
2253 38.47328863705123
2254 36.08600455944323
2255 39.10799684213441
2256 39.49370338935941
2257 41.51941373866949
2258 39.839179128288094
2259 36.21119688165657
2260 34.466517093
2261 34.595248934505086
2262 34.88105140803191
2263 33.27626528586313
2264 34.38115000170235
2265 36.00456818690371
2266 35.86270888737535
2267 35.80776323563344
2268 37.54363435593162
2269 36.29711430528492
2270 36.91902291093135
2271 37.34303223255691
2272 38.74974197825556
2273 37.01410776394816
2274 35.628076114581354
2275 34.65998674263802
2276 33.18700554162035
2277 34.20289065837039
2278 31.693016395729522
2279 31.370387296905136
2280 34.22649818243267
2281 34.765762090671366
2282 33.827969333414785
2283 36.57064379652493
2284 35.310849981089895
2285 36.15082846753619
2286 35.757251406354484
2287 35.56860444337158
2288 35.728310547783096
2289 35.8851662311216
2290 35.21932607700399
2291 36.42873420026443
2292 34.528727879297264
2293 37.21851499240444
2294 39.53901314919738
2295 36.72151707397253
2296 34.8991597706999
2297 36.29772571015652
2298 37.612573648937705
2299 37.80637085752914
2300 36.28991648879133
2301 35.69599710059672
2302 39.024647140286575
2303 39.279484293423025
2304 36.39931867802391
2305 38.43194581242901
2306 37.42424614136228
2307 36.24601196871862
2308 37.847480213521905
2309 36.99442428015128
2310 37.74986771259593
2311 36.73910780644413
2312 37.24030770999344
2313 35.768272647865004
2314 36.06463217127402
2315 35.567641591907574
2316 35.02075401949741
2317 34.506112713763706
2318 34.95404187189788
2319 34.8046205024442
2320 35.479604011829
2321 35.843547150111924
2322 36.05756368691198
2323 36.255545482792854
2324 36.26027846993775
2325 35.35747482889104
2326 36.1282231049934
2327 37.0776056636778
2328 37.465229612407484
2329 36.30801553817537
2330 36.34175611234497
2331 35.99621890679648
2332 36.66553034160768
2333 36.60536204200603
2334 36.96427683422995
2335 36.74757975773609
2336 36.194060865905016
2337 37.12944016778187
2338 36.45015977796843
2339 37.19561845046078
2340 37.51629470970577
2341 38.49247858921054
2342 37.27705097060401
2343 37.87625897130695
2344 39.52300466316258
2345 39.74112796482511
2346 38.395007540572344
2347 39.696188667972415
2348 38.85500672062213
2349 38.9114738069557
2350 39.10388290111008
2351 38.412431771673404
2352 38.42088826341715
2353 38.70395234334445
2354 38.01483402953088
2355 37.87693759225014
2356 37.089005940958195
2357 34.69685555947131
2358 34.52617546799726
2359 34.80400874857919
2360 35.45066686289967
2361 35.09693346935958
2362 35.68877533168773
2363 33.590777569396685
2364 32.89136288290486
2365 32.72812282872766
2366 34.688275903617125
2367 33.757727811316926
2368 33.438886271643966
2369 31.60880762619147
2370 33.105206871800014
2371 33.179881964365975
2372 33.43036439729597
2373 32.10315714605404
2374 32.50793994995841
2375 33.30416921310534
2376 34.52309794814632
2377 33.08707988066517
2378 31.49586127402497
2379 33.77261920550827
2380 33.125894544506885
2381 33.60503076834399
2382 33.81242997500471
2383 34.11269690081422
2384 33.40451659505054
2385 34.929383681982664
2386 34.42399662387898
2387 35.38551682247418
2388 34.65147342247546
2389 35.374241752474
2390 36.92154942419954
2391 35.85703342228253
2392 35.887268926469424
2393 34.113568716807634
2394 34.10247698948118
2395 34.58939702951377
2396 33.50166431526583
2397 34.28814339024457
2398 33.871631943092254
2399 33.806773470053685
2400 34.68260288687174
2401 34.192086638612665
2402 34.25486727629781
2403 34.453468450315526
2404 34.303458983461844
2405 31.828542624764964
2406 32.42292187685704
2407 32.86994214750632
2408 33.386435204634175
2409 35.7421978525436
2410 33.80023464907002
2411 33.819361327293144
2412 35.0282236387293
2413 36.17171262779155
2414 36.17475626968766
2415 35.57114717994652
2416 34.82186630988122
2417 35.12161679775971
2418 35.24751155551101
2419 35.20013780196295
2420 34.684419401847144
2421 34.47942611488966
2422 34.16124306983264
2423 34.483971017755465
2424 33.823296865324515
2425 34.1864684551719
2426 34.91895147617515
2427 35.53005321398949
2428 36.22318668430537
2429 36.30442040078955
2430 35.943038649918826
2431 35.16986252797765
2432 36.46853837590783
2433 35.29669792646913
2434 36.36463598572113
2435 35.19839830244359
2436 35.62951736037736
2437 36.571358902687265
2438 34.90068704806604
2439 37.01942543746416
2440 36.540584153057246
2441 37.4369627611555
2442 36.20665226468755
2443 36.56356022453443
2444 37.280489363385605
2445 35.78322932605488
2446 34.76824712228271
2447 36.45907839932299
2448 36.645129107825454
2449 35.02759309415044
2450 35.099758015596514
2451 35.38980829420492
2452 34.44132811281984
2453 36.27223262414155
2454 35.79623887074329
2455 35.50548126178381
2456 35.98994115309158
2457 35.22153964367109
2458 36.84506077478237
2459 36.48457159434288
2460 35.272398013326054
2461 35.20548243461524
2462 36.447517448435484
2463 36.4608440874201
2464 35.41652169180954
2465 36.30491100797022
2466 36.664967596544614
2467 36.23614467012544
2468 37.79773821842707
2469 38.37282989978511
2470 37.18496980539504
2471 38.345539892666615
2472 38.236597607453255
2473 38.50256547884599
2474 36.64363869171508
2475 35.7828750399443
2476 36.3465873786644
2477 37.05916486142033
2478 38.61242115960987
2479 37.65382976097174
2480 36.237937865250764
2481 37.48496649928159
2482 37.13858599278578
2483 36.73003750045959
2484 38.50352607219361
2485 36.961109045283045
2486 38.45481858897855
2487 38.00707978762869
2488 36.3548657229962
2489 36.70652184638034
2490 35.80753569966847
2491 34.73513086903102
2492 37.40960946767315
2493 37.06775266498906
2494 37.71182749356041
2495 37.631524857771375
2496 39.41924396813753
2497 37.21194603840042
2498 38.05683090801679
2499 39.06694498124017
2500 38.884844843293095
2501 37.397624113698214
2502 37.9525281087897
2503 37.480397793198506
2504 35.85882541347928
2505 36.73014555879768
2506 36.554403432664756
2507 35.2614695459912
2508 34.9726304738893
2509 34.46135723622798
2510 33.92716037979857
2511 35.94549568151983
2512 35.48869640657416
2513 36.16206140079621
2514 37.11776347232221
2515 37.779363192538504
2516 38.686827131779324
2517 38.10209797274952
2518 38.81484623725437
2519 38.92962076915205
2520 39.65388805380704
2521 39.32165982488931
2522 39.116123304481434
2523 38.74467003123214
2524 38.21559100256983
2525 38.25182641114721
2526 38.03373556009934
2527 39.461470499263505
2528 39.98834998093922
2529 39.015877429131315
2530 39.169876463741964
2531 39.605191373379334
2532 39.47533909578432
2533 39.47893917216159
2534 38.89458704260278
2535 39.223883103760244
2536 38.41868053066995
2537 38.437066274707526
2538 39.727188761926435
2539 39.15602337839155
2540 36.890644465892635
2541 38.62963610761135
2542 39.700313805560846
2543 41.96342391053532
2544 40.112005673832826
2545 41.33074302409775
2546 40.71754288595335
2547 40.36262482390542
2548 40.23903666649553
2549 40.97565617834869
2550 40.520100796830725
2551 39.77766277829276
2552 40.782148940494444
2553 40.72391449401362
2554 41.81975188361879
2555 39.6362818671577
2556 40.65768852086537
2557 40.22047268260205
2558 40.28590569945668
2559 40.192905903493376
2560 40.0302639743509
2561 40.589673049260654
2562 38.30356490549697
2563 40.18135665232431
2564 39.12551715740795
2565 39.542541043642636
2566 41.008666653616835
2567 40.067094171890155
2568 40.65610178610386
2569 39.352212031349495
2570 40.10554434722337
2571 38.832423525937706
2572 38.96550068662262
2573 41.087621536471566
2574 39.950526457143134
2575 39.12805374515188
2576 40.13467123457586
2577 40.3564691883071
2578 39.90466198945299
2579 40.09095963195252
2580 39.60253914046534
2581 40.1007070306494
2582 40.498971801779774
2583 41.26019695440324
2584 39.69541244359877
2585 39.84627583093904
2586 40.10474333813047
2587 40.188183194470625
2588 39.16300933465866
2589 40.074614875187244
2590 38.99055918646562
2591 39.456252015428056
2592 39.229432069169235
2593 40.55576005759937
2594 41.26543228379851
2595 44.412340416745415
2596 43.210933887197015
2597 43.702166904035565
2598 45.34203976007845
2599 45.92952548392623
2600 43.88488630972255
2601 43.98604405338356
2602 43.55936738191607
2603 43.20129685313318
2604 40.30706229972833
2605 40.687727301152194
2606 38.81206851985553
2607 38.82702566017204
2608 39.02019322999152
2609 41.342405789396366
2610 38.866455450706724
2611 38.218569777201544
2612 39.3383561478687
2613 41.25724181752324
2614 41.538532666671586
2615 43.554451007976766
2616 41.309714854340115
2617 41.70152514393474
2618 41.12366322631746
2619 40.31531999251562
2620 41.60660856706195
2621 40.36399216827521
2622 39.94076617916345
2623 41.23687117535793
2624 42.709197964025385
2625 43.103831439403805
2626 42.63084772114274
2627 41.79232582121331
2628 40.544663947084096
2629 42.30267904108168
2630 41.90198003681795
2631 42.317845078627954
2632 41.792065045886794
2633 41.38213656234978
2634 41.33068502206001
2635 40.7400947792183
2636 41.439400506046866
2637 40.58629638887348
2638 40.34618149356333
2639 41.74568028259325
2640 41.385664350950584
2641 40.73673190418114
2642 38.77195329497586
2643 38.534705679821215
2644 38.90328186677293
2645 40.22861535856818
2646 41.607413740015296
2647 41.664695152633755
2648 42.32812835405447
2649 41.365391579288115
2650 40.98993129321629
2651 41.73603113224463
2652 41.041334079601995
2653 41.97345194445684
2654 41.28670968646728
2655 41.82378055572879
2656 42.46145919851264
2657 41.51027932264629
2658 41.16957685789235
2659 43.14394660028945
2660 39.774518248935976
2661 39.08847753874555
2662 39.25437705016459
2663 40.377112444229574
2664 39.62283373370239
2665 38.90245411660604
2666 39.26277042900048
2667 41.63687296182462
2668 41.45656738196582
2669 40.634785075774346
2670 39.72112487345125
2671 39.94126706959362
2672 39.149758023193
2673 38.85673421349365
2674 39.808374870898746
2675 42.493308148704614
2676 41.86474664476431
2677 37.6759924518613
2678 39.93508232210447
2679 39.69813615516228
2680 38.67625726109438
2681 38.76810811962199
2682 38.08268129137285
2683 38.354959582468965
2684 39.40835591249337
2685 40.801450201814845
2686 40.727340887357975
2687 40.67837426886078
2688 39.22755156889729
2689 40.0582358928977
2690 38.15715638176027
2691 38.541518507708815
2692 38.93550723094389
2693 41.99612092391858
2694 41.58431552284685
2695 40.11856181490798
2696 39.05615546851334
2697 42.43985859833894
2698 39.63831976167645
2699 38.576605090802516
2700 39.98219371223619
2701 38.950537202121886
2702 40.100120665181464
2703 40.217870538148404
2704 40.63335616753969
2705 40.226319998336834
2706 38.45528910913989
2707 38.011762309540686
2708 40.8065607191227
2709 41.17809477791078
2710 41.20762409191902
2711 40.223757416589656
2712 38.544390596458896
2713 40.0662619094053
2714 38.407628139567194
2715 38.86212774273791
2716 42.0789463657931
2717 38.905488931025026
2718 37.5107278556457
2719 37.45932018158279
2720 39.48963588002923
2721 37.80989460306708
2722 39.27531383852845
2723 38.82054952371228
2724 39.71281514656522
2725 40.30478627583497
2726 39.2259317784312
2727 39.14900092094216
2728 39.495402745832415
2729 41.47240542031021
2730 40.229272931816446
2731 40.445997205616464
2732 40.96992896429885
2733 40.158755399484974
2734 40.099083946172016
2735 39.76628507917213
2736 38.07642814419488
2737 38.38228537791905
2738 39.762447111593964
2739 38.72524414229942
2740 37.9163020379048
2741 36.408059197143
2742 37.301941061370606
2743 36.45928959726207
2744 37.899658211810156
2745 39.16064411541617
2746 37.7688845685546
2747 36.863265925054144
2748 38.002461814562736
2749 39.633272873799
2750 39.40991624948624
2751 37.55130434260411
2752 37.148937764197
2753 35.60681117823892
2754 35.36137415908575
2755 33.77138971317816
2756 34.88627678420953
2757 35.21781209645671
2758 37.34166697691487
2759 37.201189671967256
2760 37.70622242581784
2761 35.56735399066836
2762 34.314130128610316
2763 36.64481144173071
2764 35.0490859164831
2765 37.39098483323004
2766 37.40826779651972
2767 38.2197866178561
2768 37.69418944337982
2769 36.404917518827546
2770 35.80406836216225
2771 35.12443480956033
2772 36.64468659533407
2773 36.86995874966016
2774 36.48048283194803
2775 38.71702817747583
2776 38.17075882215165
2777 35.79194812444934
2778 38.4337175831268
2779 37.99845607223238
2780 38.56932637064319
2781 38.58026824070887
2782 38.065455027278205
2783 37.5431090727161
2784 37.52674631986621
2785 37.31370784406913
2786 40.500180513069985
2787 40.70375912500143
2788 40.24527256372291
2789 40.90029993983521
2790 40.53467345231736
2791 38.48434059754733
2792 39.16312043698925
2793 42.07222587085043
2794 38.90290640160881
2795 37.68643612030728
2796 38.58564525104825
2797 38.191098777785385
2798 37.10122419175097
2799 36.321064161474865
2800 37.53871985356884
2801 36.900562900292584
2802 37.6854429934276
2803 36.82228801416928
2804 37.224569471915956
2805 38.180937708855346
2806 36.42609530427704
2807 36.53890255499935
2808 36.585342144787205
2809 35.689227794268824
2810 37.34898555382135
2811 38.8508828972837
2812 38.25147778465658
2813 39.209459876087514
2814 37.64180154926127
2815 38.55563516644997
2816 38.05438178583159
2817 40.355729817217686
2818 38.150658824747254
2819 39.70945362342586
2820 39.23144612327183
2821 39.165282419201354
2822 39.15322778425965
2823 39.129683988929756
2824 40.605700192719645
2825 40.376631316363465
2826 39.526032474938035
2827 40.71785461661154
2828 41.29764880003681
2829 40.08833419958706
2830 36.757130549434294
2831 36.758859090523856
2832 37.48643818160699
2833 34.313908290825765
2834 37.45118082072979
2835 37.26124584316395
2836 37.23151965957864
2837 36.62216041079946
2838 34.67741917996098
2839 36.824958419497186
2840 33.677207429442596
2841 34.88679890050768
2842 35.75321354882788
2843 38.906271750787475
2844 37.34164150007413
2845 36.286748969663236
2846 38.58714730961502
2847 36.00397459466972
2848 35.80455440142414
2849 37.524927517571825
2850 37.148866981120726
2851 35.3684584228454
2852 34.74525438875254
2853 37.530836049828025
2854 37.30007888466666
2855 35.734150639954215
2856 36.405016054522875
2857 37.81588590196393
2858 36.960770309854716
2859 36.50306362264957
2860 39.33695214997683
2861 39.83330422156276
2862 42.97508777620657
2863 39.90845206149031
2864 41.523188915354865
2865 41.3946956533694
2866 39.234070346436255
2867 40.765715084179554
2868 41.21391517234225
2869 39.49335177619929
2870 36.23913236131213
2871 38.80071063454723
2872 37.87008716542133
2873 37.179370642266626
2874 36.86764673348942
2875 35.21647967389689
2876 37.6451504165022
2877 34.432160859031136
2878 36.76407695265769
2879 39.33293122081132
2880 38.862011670255946
2881 39.19131838875049
2882 39.96643061161631
2883 39.437034210522015
2884 40.96441925430598
2885 40.09792773962161
2886 41.56275670386186
2887 39.86472460058512
2888 40.844753763346695
2889 38.66053944195147
2890 38.982566429762095
2891 40.24105904029294
2892 40.680719617219694
2893 41.2596658848292
2894 39.572231716591894
2895 39.845851141175956
2896 39.67479913586912
2897 39.118892579192725
2898 39.28084250399304
2899 39.834085257442474
2900 39.13363127953001
2901 40.274774992680896
2902 40.03095327095778
2903 39.30419929235335
2904 39.160867826394885
2905 38.10168631006348
2906 39.97751204561655
2907 40.45052240154733
2908 38.61510567843969
2909 38.570044111564194
2910 37.93234103484491
2911 39.16510877516495
2912 39.217672611785225
2913 40.095681353964245
2914 40.72198994643812
2915 39.7755729187298
2916 38.7166560254547
2917 37.61241526274294
2918 38.905089916659655
2919 38.44861981666721
2920 38.87440487158496
2921 38.15607774758351
2922 38.45985415307668
2923 38.8453387357464
2924 39.35148359085969
2925 42.407021086237016
2926 42.333377310742975
2927 41.202004282374126
2928 41.70521558438179
2929 42.54569595106776
2930 40.51288746834006
2931 41.70353179802485
2932 42.607423512777956
2933 42.11585221476537
2934 42.947669057653755
2935 44.21597299452857
2936 42.94600274680772
2937 42.341648323147126
2938 43.4085617295023
2939 40.87863633580163
2940 40.15771949503496
2941 40.63968675372663
2942 40.82708215023298
2943 41.00554624352143
2944 40.86302147559593
2945 38.66480836555236
2946 40.90261701088032
2947 38.86579597713211
2948 40.915973019946044
2949 39.633148991979795
2950 40.32748857286787
2951 39.892364921211666
2952 40.53329430299988
2953 39.228365155651666
2954 39.622365703250985
2955 39.99821450852973
2956 38.088948246142415
2957 39.928417923651665
2958 40.23985743400704
2959 42.29940546318789
2960 41.54023228256716
2961 40.354136221391265
2962 41.274039429289964
2963 40.71519445426205
2964 40.09564218193581
2965 39.96182102601934
2966 39.8018707660394
2967 40.30741256733918
2968 40.41476368097083
2969 40.560843893560886
2970 39.6178111191635
2971 41.99897998879181
2972 40.87948206685488
2973 40.89911169267368
2974 40.23592441217968
2975 39.45230322881615
2976 40.847168101732734
2977 40.40551481774586
2978 40.496169752886665
2979 41.59094848723488
2980 39.396781467847916
2981 41.12347382060315
2982 39.692746267653924
2983 40.37696765266602
2984 41.03565179871736
2985 41.1758028794143
2986 41.03913592070304
2987 40.47512323411001
2988 40.09696985500002
2989 38.430098646893235
2990 38.26689821614202
2991 37.751760734755706
2992 36.589962028283274
2993 36.564818709738404
2994 32.644680544669214
2995 37.10443061497785
2996 36.12159742415973
2997 38.80658050334583
2998 36.93005494833393
2999 39.13454704454435
3000 38.913904817873124
3001 37.555530302864234
3002 41.90874781149527
3003 42.67780293986725
3004 40.093351898857364
3005 37.01604463621628
3006 39.29791029247575
3007 39.53542687180586
3008 39.938630446638385
3009 37.4055183941548
3010 36.140341653101395
3011 36.32590325212395
3012 36.98606739888068
3013 38.40297590244154
3014 38.68644893832453
3015 38.59003800626904
3016 37.941982626585656
3017 39.214446236989446
3018 39.91157404572176
3019 39.519669202471505
3020 37.669795203162515
3021 37.90211573901053
3022 38.14399988937291
3023 38.325336451557966
3024 37.138489872352096
3025 37.32556403134752
3026 38.1190674244447
3027 39.4642642812226
3028 38.124776906449284
3029 38.84250291512923
3030 38.99205795930764
3031 35.93872435974982
3032 36.599933147265865
3033 37.88493184420227
3034 37.0359255642898
3035 36.8924478388327
3036 37.35924242983376
3037 36.64865969727306
3038 36.75763704260082
3039 36.013387242922676
3040 35.088549458312755
3041 37.29765057411075
3042 36.85125555533561
3043 36.60548416988981
3044 37.35716334260472
3045 36.572809300302644
3046 35.99512288448446
3047 36.17831024327619
3048 37.399721828181995
3049 36.01922814198362
3050 35.899745780533564
3051 37.4801242869466
3052 38.70523913407308
3053 36.28790610925807
3054 35.927003923373235
3055 39.01245717336232
3056 38.222113928710634
3057 38.31779920605439
3058 38.044062000994664
3059 37.82985625435181
3060 37.081832702718906
3061 36.71417967904339
3062 36.56636078991875
3063 35.842282453135205
3064 37.68805728827531
3065 37.374316226443085
3066 37.144913459952036
3067 38.76344248409648
3068 38.28730620513786
3069 39.5754320198238
3070 39.41532547035032
3071 38.611746550417486
3072 38.21754244638201
3073 38.861323940522
3074 39.27968897919848
3075 37.70829313034347
3076 37.98016297014751
3077 36.79062245017932
3078 37.73323081675561
3079 36.09263017578602
3080 38.099643827921255
3081 37.63850352029678
3082 36.95174564290231
3083 36.48580714630138
3084 38.28019613975216
3085 38.25592677726864
3086 39.39115855496323
3087 39.601201846642525
3088 36.381723624612874
3089 36.93751795891576
3090 36.814590490743825
3091 37.85718367317096
3092 36.5162549752049
3093 37.58091188576077
3094 37.99479466224848
3095 38.04508917160616
3096 38.79113328152131
3097 38.342459768989514
3098 39.55154752749227
3099 37.63404701385765
3100 38.02927465978511
3101 39.24320851203239
3102 38.62761564237047
3103 42.16016132123103
3104 40.52058103229614
3105 39.66229849872064
3106 39.62352871751114
3107 39.92204357566198
3108 39.507384793513
3109 38.14234501275379
3110 37.44227383176683
3111 39.44274256779028
3112 38.970611890729124
3113 39.38160607474111
3114 37.30153230828481
3115 38.05005220655817
3116 36.79544836456261
3117 36.109334347724165
3118 37.24263869204537
3119 36.16838200834363
3120 36.115131263035416
3121 37.12672104415909
3122 35.94308457772343
3123 36.02404426286561
3124 35.847383207768665
3125 35.260601072159666
3126 34.736839381956834
3127 35.725343977238104
3128 34.33513033514311
3129 35.61520849305953
3130 34.61914595812896
3131 34.09199223747293
3132 35.055522093221576
3133 34.906683829162475
3134 35.84824528199712
3135 37.82736080731761
3136 40.51588795829703
3137 39.77284336917076
3138 35.915661703796246
3139 36.36053095901126
3140 37.35370204152857
3141 35.45556733712181
3142 35.44205647049924
3143 37.040232078451545
3144 34.831919595731044
3145 35.094388175835505
3146 34.82001825718921
3147 35.46152310223939
3148 36.73807675664155
3149 34.61401710090319
3150 35.11315664036174
3151 35.13104282307106
3152 37.58144712083015
3153 37.81164238713082
3154 36.889613480315674
3155 35.922537632197134
3156 35.55270832871765
3157 39.16228710127708
3158 39.626268029636385
3159 37.826480386935636
3160 40.764798728347124
3161 42.28397212985578
3162 40.7577927870609
3163 41.023463974749895
3164 40.67372487910878
3165 39.890631338973456
3166 40.138449819194605
3167 41.077257079360045
3168 37.70376014867439
3169 38.67256617288008
3170 36.709307207362976
3171 37.179321216710214
3172 38.52377373252698
3173 37.9931456550576
3174 37.14157137141715
3175 37.167274295992414
3176 37.86813693488118
3177 38.46136424286884
3178 37.46726463390215
3179 38.220332549568624
3180 39.39056452532348
3181 38.91579964486902
3182 39.26873653037552
3183 38.84284069732199
3184 38.27382988084174
3185 38.45510863623592
3186 37.34656204578977
3187 37.67029282523222
3188 36.96749766514878
3189 35.59335321765922
3190 36.848179195065406
3191 36.94869548166395
3192 37.425174347639604
3193 36.73915303387534
3194 37.59370627035092
3195 36.457616093431106
3196 36.05910708142319
3197 35.624970062008096
3198 36.28016756580535
3199 36.955651536745734
3200 38.189976889503725
3201 38.545430580730205
3202 36.54585176378019
3203 36.14807440544298
3204 35.18169698112913
3205 36.76689160269662
3206 37.75544380797258
3207 36.610704396195196
3208 37.07178429507206
3209 36.895351048000805
3210 38.37781804822623
3211 37.16897142273684
3212 35.064098209419235
3213 36.207244693926135
3214 35.96378852406709
3215 37.16165752789711
3216 35.84358767744866
3217 35.43452530857534
3218 37.36469437506857
3219 36.43003491077826
3220 36.89083660394249
3221 36.59650356503814
3222 38.18942487624792
3223 37.08924999722417
3224 36.83095339400573
3225 37.67847091076916
3226 37.89141354068547
3227 36.548550901771904
3228 36.00139104796246
3229 35.9103221264232
3230 38.38196957474888
3231 37.71984337127987
3232 39.351532110883475
3233 36.58230013545024
3234 37.8043918426205
3235 37.389873258871795
3236 39.00975440991673
3237 39.4927395045598
3238 38.90069397769751
3239 37.77476025036056
3240 39.13719493933275
3241 38.21043527730159
3242 37.78552397155366
3243 36.36430735649962
3244 37.97315506325664
3245 36.64336496260258
3246 36.628030597337286
3247 36.75062750447575
3248 37.24097030596637
3249 37.39436791624561
3250 36.635563978746575
3251 36.98039364169519
3252 37.92069980494697
3253 36.88441352157774
3254 37.14985114224707
3255 38.54721164377125
3256 37.13779670330268
3257 38.38512909387088
3258 35.8893750038702
3259 37.91775873691199
3260 36.12452761597468
3261 36.09932189482065
3262 36.10891787775193
3263 35.43796761934811
3264 37.030484999228925
3265 37.05989567597448
3266 38.612135728852444
3267 38.92704393814162
3268 37.4002672550637
3269 37.28110490332258
3270 35.575664016929174
3271 36.711908463906624
3272 35.062243536386134
3273 35.27147653278014
3274 35.810022812287464
3275 34.16846983969267
3276 34.72182381124871
3277 36.47665808867433
3278 36.87988427708782
3279 35.99677951835955
3280 36.940481363598316
3281 37.43842694497203
3282 34.60516592254166
3283 35.466657769163554
3284 37.19964877518618
3285 35.66592667687622
3286 36.7550613703398
3287 34.832438196341386
3288 36.378669224664925
3289 35.57928642097805
3290 33.103638446500916
3291 34.86521995848376
3292 36.02330673349071
3293 35.61287993541635
3294 36.40893013107134
3295 37.73786192327896
3296 38.840538022120136
3297 36.4413375727515
3298 37.37131146913392
3299 40.17629945073352
3300 39.83871592061011
3301 41.04661994487597
3302 36.9024606706958
3303 40.208704275464285
3304 37.788425495773815
3305 38.145123509187584
3306 37.835662874345516
3307 40.98987553561168
3308 39.30992054560913
3309 39.899881069379376
3310 40.416650228906455
3311 38.38557693451388
3312 37.425511983120224
3313 37.14635219382994
3314 37.121734506968316
3315 36.66205049980993
3316 37.35803163125809
3317 37.64423213763912
3318 35.94779149562054
3319 36.627228255196826
3320 39.259753581483224
3321 38.47210824308771
3322 38.7837648512115
3323 37.099574437048716
3324 37.486909273699375
3325 36.05220008987418
3326 35.76004973081873
3327 35.624283985874705
3328 35.191182406423344
3329 36.001322293178475
3330 35.24608726518349
3331 37.53711147188384
3332 37.64707226421691
3333 36.713857022625405
3334 35.81160956674203
3335 34.199667278434084
3336 34.271056278581725
3337 35.83033998756682
3338 34.75260472042643
3339 33.34600207398601
3340 33.37229420396663
3341 34.49337827458649
3342 34.35944747271885
3343 34.674379149981554
3344 34.936088953645346
3345 34.33384295997141
3346 34.127940779138754
3347 33.82070845125311
3348 34.77038209715671
3349 34.260068353696056
3350 35.18956638191591
3351 34.00208763885301
3352 34.775759045893196
3353 33.05954140014544
3354 34.63630608740688
3355 34.66931329809114
3356 32.969904351644345
3357 32.408958367944315
3358 32.913438708661836
3359 33.96440693131281
3360 33.38467797478848
3361 33.66969620112592
3362 34.001201464396175
3363 34.434407807177536
3364 32.247988052892765
3365 33.860428030076775
3366 33.51309986995834
3367 32.95749750447187
3368 32.58486489886681
3369 33.83535021389264
3370 34.334831759384315
3371 33.38041312847307
3372 34.14835590239922
3373 35.22543785144822
3374 33.53409802904418
3375 33.35128671674207
3376 33.66964562955069
3377 33.79568921213551
3378 33.778728359085804
3379 33.13645547148078
3380 34.70245207780627
3381 33.72483987789208
3382 35.800416356954
3383 34.65107192136867
3384 37.0932666022796
3385 37.13309570944362
3386 33.32519517163654
3387 33.52304689443855
3388 34.52916787760901
3389 35.205542026982066
3390 34.53071860924044
3391 33.98962651491212
3392 36.209920066235725
3393 35.49827634451344
3394 36.18826299195995
3395 36.31550917050035
3396 35.81643539647579
3397 37.10403390983741
3398 39.4390125969721
3399 39.51819710990015
3400 39.81079670208352
3401 38.997414629416376
3402 38.02901443195646
3403 36.797826323292774
3404 35.761766880429356
3405 36.06604781866523
3406 36.828880163730545
3407 38.729151715426255
3408 38.09770057175477
3409 37.7516592673946
3410 36.67969492403785
3411 36.12343510216641
3412 33.5597850067022
3413 34.616740431915076
3414 33.628681283097364
3415 35.48340038902344
3416 34.26369699278176
3417 33.482586778272974
3418 35.99161648292918
3419 35.60965616516137
3420 36.91654303537578
3421 37.32097753121591
3422 36.245360800092264
3423 35.73960686440397
3424 34.837810306348686
3425 35.78737883219985
3426 37.40967458290312
3427 38.49955567648028
3428 35.25337221972706
3429 37.05142202962288
3430 36.895544305755834
3431 36.50657113097186
3432 36.50824039039959
3433 36.23708771344891
3434 34.325614712272944
3435 37.23284370789887
3436 35.85404607978387
3437 35.88982296325873
3438 36.540125744754306
3439 35.802291427931486
3440 34.47269489646936
3441 36.108745350578516
3442 35.9438057205659
3443 36.08334388483631
3444 34.27665310237275
3445 32.02462200497448
3446 31.638997307477677
3447 33.49984160751979
3448 33.808772621657454
3449 33.657312017722916
3450 32.467472041827314
3451 33.48740661845056
3452 33.987032519433114
3453 34.43721032025959
3454 33.99656837630469
3455 33.3063771744839
3456 33.90168443637237
3457 34.39005682698582
3458 34.16620683385266
3459 32.814182849796836
3460 32.604643544691754
3461 34.567147055159694
3462 35.84816816323887
3463 34.12626901776383
3464 33.278078912897065
3465 34.024710888467354
3466 33.2720000584212
3467 32.31810078196252
3468 32.14812914090292
3469 32.23674812927062
3470 32.88230878186495
3471 33.663923613263364
3472 36.271593174259095
3473 34.672834384878634
3474 34.58954864573679
3475 33.93960870902937
3476 31.92443356315565
3477 32.49766858449604
3478 32.25536762894505
3479 31.457966113736028
3480 33.34172670978979
3481 36.0405010274939
3482 35.05239237423786
3483 32.82956785021735
3484 33.296936886005916
3485 33.22747052392418
3486 34.24679213778311
3487 36.72022968309799
3488 35.29027465013021
3489 36.0572769267553
3490 38.49351745557066
3491 38.42611699733528
3492 36.8285428182603
3493 38.96487722046001
3494 36.27692633910804
3495 36.547004977024365
3496 35.49043505615107
3497 36.47947495028422
3498 35.47700841538009
3499 34.85156610914473
3500 34.0155849713215
3501 36.89856994785568
3502 37.90317307991355
3503 35.479033865026956
3504 36.563062942777776
3505 37.02763551523178
3506 35.354672237622
3507 36.24610677908224
3508 36.23743924270702
3509 36.13357816959096
3510 36.35766685780771
3511 37.16118696134117
3512 37.30092431113103
3513 36.750323363395964
3514 35.97286187107852
3515 36.3631468683348
3516 37.073057918251976
3517 35.87851339209912
3518 35.95322504688603
3519 35.239749120973904
3520 35.691985750630735
3521 33.458688016984254
3522 33.27840151900331
3523 35.89777220148452
3524 35.34749680958774
3525 33.209973244729866
3526 33.927903650195645
3527 33.30887631159006
3528 35.041498177912196
3529 34.65338619104422
3530 36.13946628630391
3531 34.53382746302224
3532 35.548845871274004
3533 34.810138976782454
3534 35.97763114243264
3535 34.91170501037737
3536 37.821087267099415
3537 38.23220230919554
3538 39.72236795314539
3539 36.626831996930626
3540 38.1176350224818
3541 39.08987184505124
3542 39.100131273600574
3543 39.530738504789234
3544 37.33709894411075
3545 35.71754932604511
3546 34.46063195041705
3547 34.48191166776016
3548 35.963670802371006
3549 33.80440207153611
3550 35.767487692116816
3551 35.69098360539868
3552 38.46876892388902
3553 37.37687855986696
3554 37.80616175644132
3555 34.81367180855499
3556 36.61228030641234
3557 38.369892829942884
3558 35.38547813248872
3559 34.934091602145074
3560 35.49255690555444
3561 34.01544057426036
3562 34.82947654898285
3563 34.72935263555768
3564 36.278309736698034
3565 37.14474105015609
3566 38.1499687067917
3567 34.621943129778366
3568 37.47496334403477
3569 35.81521157574776
3570 37.36362207543874
3571 37.70969865175331
3572 40.7749581181863
3573 39.933061743673356
3574 36.97742591250943
3575 37.37671355131106
3576 37.665802912938084
3577 39.065282798886756
3578 36.701848231538655
3579 37.85090259410124
3580 38.48781285701125
3581 37.73053266491543
3582 38.89808949589577
3583 37.5291935749491
3584 37.83830641051629
3585 38.02690675684799
3586 37.67028131682322
3587 38.27736423829432
3588 39.32747826909684
3589 38.883561954600125
3590 39.140151179767045
3591 38.30775851808839
3592 39.55157374626558
3593 37.54610122095965
3594 38.23978780639946
3595 37.8149714629267
3596 37.54271632102642
3597 35.16481919323469
3598 36.20278288422344
3599 36.33371787076291
3600 35.94403122054254
3601 36.06561163388773
3602 36.71618595918149
3603 36.57101395146434
3604 38.00530922889284
3605 37.39355294559699
3606 37.107488699098774
3607 36.27996301062629
3608 36.77790756675051
3609 36.94886517272131
3610 36.19961796857246
3611 37.16013248149056
3612 35.872936792721426
3613 36.321507704441885
3614 35.64535541966801
3615 34.927560831085174
3616 35.00615138971538
3617 35.625515836580746
3618 35.52609541538059
3619 35.77086310894108
3620 35.36659707198702
3621 35.960354210082464
3622 35.72043094806575
3623 35.557542529931645
3624 36.99281620423413
3625 38.804426933808685
3626 36.35471537136939
3627 36.8755284491077
3628 36.84061537395608
3629 38.58215762158815
3630 35.22338194744421
3631 35.88258678314549
3632 34.81752662134658
3633 35.32966763972744
3634 34.02660835934801
3635 33.15819721779017
3636 33.48956223596739
3637 34.385124179738085
3638 34.80910795253023
3639 34.733671837484756
3640 36.59687325405574
3641 36.85890939251035
3642 35.807781400497156
3643 36.508541975579334
3644 37.53393391711349
3645 38.04336725610678
3646 34.841261903879754
3647 35.60683697642117
3648 37.311200361571075
3649 37.41927435647952
3650 35.519808372849646
3651 36.197673405316245
3652 35.65775070122662
3653 35.14761590352622
3654 33.8329557332237
3655 34.62820550810465
3656 37.271004677945434
3657 34.951777502570216
3658 34.42605672134469
3659 36.2689985400269
3660 36.129745489218436
3661 35.1647824092996
3662 35.00934822005441
3663 35.55044382810348
3664 34.517954232519116
3665 34.23417695193037
3666 34.73628423695463
3667 34.78043922256759
3668 35.659140353495026
3669 36.2619252093475
3670 37.18419731526588
3671 36.77504024368093
3672 36.334376117206084
3673 38.41315751846504
3674 39.24166149825575
3675 38.7486703494237
3676 40.808633365794705
3677 38.167802450689564
3678 37.92642916710129
3679 37.596769666211244
3680 38.41620061990027
3681 38.854371889839086
3682 38.54337887734564
3683 39.78188456137785
3684 38.330487106258246
3685 40.62993714241758
3686 39.894397917642564
3687 38.55967858968451
3688 40.375361586141565
3689 39.42413457019826
3690 37.520795057288254
3691 39.85467569533586
3692 39.4218679526486
3693 39.814092878629594
3694 41.02148864235946
3695 41.39029760021088
3696 41.20095215332539
3697 42.45986964575636
3698 38.95888096629928
3699 38.90303960387353
3700 39.34430510333567
3701 38.42605780205412
3702 40.52402764765468
3703 38.47203499021046
3704 38.38531749209013
3705 39.36037462715346
3706 38.958272732783094
3707 37.675155421877754
3708 38.474360917503134
3709 36.57540486585334
3710 38.11233167936074
3711 38.27331064601671
3712 37.9984419369597
3713 36.528798786488025
3714 36.642985506487555
3715 37.26441094913155
3716 36.90676800393773
3717 36.68065316919851
3718 36.240876206802845
3719 35.68974187431183
3720 36.48562606477277
3721 36.714106674621505
3722 36.227799759129624
3723 34.32233598690942
3724 37.943147924215104
3725 36.76036262532629
3726 39.484484034811004
3727 40.78462021417455
3728 38.222628984006946
3729 36.91088468158574
3730 37.6444801795884
3731 36.56584791271183
3732 38.4590772625032
3733 39.62660719008044
3734 40.37664934643678
3735 40.86331929770361
3736 39.348874475071234
3737 41.332001261242375
3738 39.63436372529537
3739 39.39913015379505
3740 43.18651723949123
3741 39.69235780155535
3742 41.722794888327684
3743 40.07155568799906
3744 38.84443997161538
3745 40.57969172571727
3746 41.31152451649087
3747 39.35712761051093
3748 37.27337204884622
3749 39.90720661982959
3750 37.78525915416806
3751 36.68236172364261
3752 37.014591089896996
3753 36.492040385864144
3754 39.38268010246733
3755 39.97898044982693
3756 40.423656241672596
3757 40.95737952451719
3758 39.77816056376867
3759 40.52258655042554
3760 40.610501134918515
3761 40.423637810815535
3762 40.05110675923807
3763 38.84132014332367
3764 38.4766321514688
3765 38.943619706346595
3766 39.34035504959327
3767 38.53584264419775
3768 39.31599528504855
3769 40.833859458849325
3770 41.39511819162208
3771 39.70204734292951
3772 41.10792818543158
3773 40.640405228464765
3774 40.549487812237615
3775 40.269173973901566
3776 41.13204650302508
3777 41.028019353342614
3778 40.672034434301764
3779 40.52910715659083
3780 39.06892733243574
3781 41.70177156764456
3782 41.10607933777773
3783 41.29087229806305
3784 41.267679056025486
3785 41.155959293114826
3786 43.4315821344311
3787 44.6083643056757
3788 42.802084639683024
3789 45.12542866088574
3790 44.15482196017386
3791 44.646971951901925
3792 44.89788235193431
3793 43.353242173439405
3794 43.369658727626415
3795 45.04035903580994
3796 43.11631933887694
3797 42.67192098680972
3798 44.459296216521324
3799 45.09776269696407
3800 45.530264056584755
3801 46.33299577318055
3802 47.1178140296429
3803 46.367193879858284
3804 46.5112851805418
3805 47.51808461564464
3806 46.95137584531916
3807 48.16588447036807
3808 48.00867515488853
3809 47.563165803526964
3810 46.773052638577596
3811 47.31209515915621
3812 48.98850253337713
3813 48.670248450951675
3814 49.66981625723609
3815 48.35720005906715
3816 48.878356710117885
3817 48.60187818547904
3818 47.95440716862939
3819 47.856944693361896
3820 45.461666859530744
3821 47.15100647267456
3822 46.0625053594673
3823 47.39695678042381
3824 47.757451455540156
3825 49.094048245415806
3826 49.00456832974402
3827 48.65793199719143
3828 49.566360127076855
3829 48.30039087615291
3830 47.13936334710211
3831 47.96143200076748
3832 48.22496694624136
3833 48.29076258522012
3834 48.11516562403204
3835 47.49181828189039
3836 48.68948578928718
3837 48.46361030962614
3838 47.55906418684199
3839 48.63783892868983
3840 50.44749940165658
3841 50.916376756824185
3842 49.89731300788767
3843 50.80889352937337
3844 45.52828689365247
3845 48.64147471915347
3846 49.80629919328663
3847 50.379483832865
3848 46.0449050103696
3849 48.799060128182376
3850 50.662003437341106
3851 52.01221677568719
3852 52.03603855422615
3853 50.22107546464273
3854 49.199556106240095
3855 50.28391286794023
3856 46.95897300744424
3857 49.092596864068454
3858 48.712060442275416
3859 49.23219239775388
3860 47.79844441306395
3861 48.151081615180125
3862 48.15232727881788
3863 46.23989427567652
3864 45.51076710023756
3865 45.72007468056454
3866 45.798583743924176
3867 43.72346540121159
3868 43.966326743059064
3869 43.88409911264747
3870 44.49391515494562
3871 46.236575288369885
3872 47.856557795548994
3873 46.765475497374766
3874 46.90138784971791
3875 47.87710529117932
3876 48.103052926361066
3877 47.88393202864697
3878 49.750641667784485
3879 48.543057197044725
3880 48.974911799603014
3881 47.67951563211545
3882 49.42269408718689
3883 48.57604760372811
3884 47.673832920811115
3885 48.70979000759834
3886 47.401106162865915
3887 46.45094401210324
3888 49.970066194794214
3889 48.74370429468874
3890 49.9794221830465
3891 49.974851552356625
3892 49.22936323908293
3893 48.04897604190575
3894 49.031167323271674
3895 48.5634866307739
3896 48.314563590094174
3897 48.28375282442641
3898 47.87655097244441
3899 47.00417910257382
3900 45.95389409514003
3901 46.114265015814986
3902 47.33476709392725
3903 48.033063822138736
3904 46.95327501893438
3905 46.51530556668874
3906 46.129592908927364
3907 48.09349551129578
3908 47.71203786872606
3909 47.02965369267266
3910 46.32298456393478
3911 46.233942823100676
3912 47.66561000429348
3913 49.78582290019957
3914 50.025207670758256
3915 49.76963326256022
3916 49.2414601357263
3917 48.75999156498321
3918 47.634849312920366
3919 47.61779880574532
3920 48.450257282436894
3921 52.159023539671786
3922 50.5656012799246
3923 51.241121833829645
3924 46.53314593097271
3925 48.35300844943265
3926 46.57145785654128
3927 45.32295907079786
3928 46.989451095028095
3929 46.19589114656976
3930 46.810974662199854
3931 44.12956843341947
3932 43.477077454133926
3933 44.48323277921244
3934 48.28650222212843
3935 47.36961475867245
3936 46.34013899043578
3937 43.283952498548175
3938 47.807652264966684
3939 47.80789940814312
3940 47.52115835030351
3941 47.68982985764025
3942 46.567025039536006
3943 46.60395036333718
3944 48.562361013434995
3945 48.99087924443178
3946 49.68093926762746
3947 48.75546391496177
3948 45.41927381533818
3949 46.50598491705666
3950 48.25239418021003
3951 48.114558943941375
3952 46.42947053047542
3953 47.92837637189003
3954 46.99449757609114
3955 47.716909422578404
3956 46.60135427889332
3957 47.642677602173485
3958 48.46182632893625
3959 46.84356021254414
3960 43.51291079555859
3961 39.80270985361848
3962 42.32109961121366
3963 41.11085700717201
3964 41.661556437807484
3965 41.02564725126617
3966 40.159045443419934
3967 43.4219482184071
3968 37.8242253425783
3969 40.084100020429034
3970 39.29178659235053
3971 38.135307495911185
3972 38.327691626065224
3973 38.31173966706064
3974 36.52684858737172
3975 37.31127789585245
3976 36.95386205961799
3977 35.78887065370859
3978 36.00701997493987
3979 37.416033470749134
3980 35.34417553498003
3981 35.151185904109724
3982 36.03515275863838
3983 36.42868436688597
3984 38.819329744948625
3985 41.37871627143919
3986 39.93842813820971
3987 41.557005238433895
3988 40.764130797967894
3989 41.14761832200029
3990 40.62898980821129
3991 38.26058728578851
3992 38.37862389992545
3993 38.119381726467886
3994 36.549388493549095
3995 34.94311050029158
3996 35.718964019396815
3997 34.56154512430577
3998 34.22856196734016
3999 33.11070546556907
4000 34.48333471064167
4001 34.75018348028475
