0 26.131498142980213
1 26.70134516661433
2 28.781088252591832
3 27.28658449834438
4 24.586125468323555
5 28.409552477246102
6 31.468631231981316
7 31.804265170905126
8 34.67301734689765
9 33.94213584972655
10 36.59933915199365
11 35.28064019476807
12 36.054267733180126
13 31.566533060802932
14 34.75018577815877
15 39.151292762333796
16 39.03907412072191
17 38.250444447647304
18 41.3514395763
19 45.75138970707653
20 43.90397784397911
21 45.57984012457279
22 46.221552346793665
23 40.91941847316271
24 42.52810795331703
25 41.96334378771572
26 42.31242379605146
27 38.53999211703799
28 43.25871224582414
29 40.9165731064011
30 42.89754801680991
31 52.2915384793397
32 50.92036847470471
33 40.7969000314848
34 41.92124228820775
35 37.785634633270085
36 40.004423340250455
37 31.399310175565304
38 22.54501362225099
39 28.012494373681623
40 23.460522361983568
41 23.24353691254241
42 19.894477699290597
43 18.04799011816433
44 17.991632996300705
45 15.29295024285127
46 16.129137715364127
47 13.529403144714966
48 12.403114103228928
49 13.814587131093086
50 16.113608541705293
51 16.02962470897747
52 18.580967337739157
53 19.97559546133833
54 19.62124938035648
55 19.259093317262234
56 19.90957474841245
57 21.291041114117768
58 21.200616298284988
59 20.35442520829418
60 20.59758613243416
61 22.709797175991785
62 20.754440090869135
63 21.504488343053406
64 26.223975357737874
65 27.631671034889607
66 27.243206838603886
67 23.43881514331036
68 27.242126174607247
69 27.253230020074817
70 26.07747477019323
71 26.633602570600445
72 28.880758780818187
73 28.934417358354413
74 27.546028832435606
75 28.41853248270371
76 27.75213629211195
77 27.57078327498395
78 29.12693131154762
79 25.628097819433442
80 27.129726723781527
81 28.65750356978193
82 27.437993498029016
83 26.907538716098127
84 26.933543851478046
85 28.74873826529374
86 30.667976346912248
87 31.69534630305403
88 30.679901373555012
89 28.073834154525112
90 27.212037623896226
91 25.828579822743485
92 29.403638023588865
93 25.51929466277473
94 26.57479089523098
95 28.897186085865464
96 29.65416009161636
97 27.372298826683465
98 25.819456787009656
99 27.33804917243784
100 27.05997624945357
101 24.70097475743189
102 27.298326098424177
103 29.058785726405123
104 27.3323389350452
105 29.151962133755998
106 28.242182030710655
107 29.456658648634154
108 25.968489206235542
109 26.373520580409462
110 25.84756080653545
111 28.262257982962264
112 27.97282383506948
113 26.60238313772466
114 25.160789796293734
115 25.643196333664985
116 24.628117588173456
117 24.602519492417134
118 26.914790570422532
119 27.44741104365913
120 26.57756558145136
121 28.011892870485333
122 28.12804594286527
123 25.828095415280554
124 26.761675858474995
125 26.8841640938263
126 25.261981057825945
127 27.688968241196676
128 27.290536481225775
129 26.89332683112416
130 27.214392782400935
131 27.641514812260326
132 27.260978687209192
133 26.436717094354556
134 27.415643763256877
135 28.14792615449232
136 26.23381232535068
137 27.031142188753257
138 27.061066484320666
139 26.921093691733827
140 27.314787849944953
141 26.6123492527145
142 25.65869869432073
143 26.64363935143881
144 27.919160554640282
145 26.558128589286962
146 26.02539648463831
147 25.908894124637445
148 25.27100377684628
149 26.50140141725116
150 25.73900195616745
151 25.0855203637152
152 22.931615533926617
153 23.498580522887295
154 23.255211099386525
155 25.332498304714058
156 27.54870274599921
157 25.41213302132829
158 25.150922143978057
159 25.604040057038866
160 23.58794299696251
161 24.54087551212402
162 23.73496930641385
163 24.9242813488544
164 23.37081758184819
165 22.382283872740615
166 21.499133683604963
167 23.77192544343714
168 21.98466990063786
169 24.924749273082416
170 22.736110496909657
171 20.629258321650696
172 20.93738412624132
173 22.29338344738714
174 23.04592182417584
175 23.43975623378569
176 22.239512397032072
177 23.28822637972938
178 22.20627633693783
179 20.018081409772044
180 22.422818832419832
181 22.091520811463244
182 20.554383569084507
183 22.273532508984722
184 19.355004695497495
185 23.694722453398178
186 22.425691003064006
187 15.981145592066538
188 19.246173144071424
189 20.378792195567534
190 21.49288675054162
191 21.39225741651114
192 20.795176196847674
193 22.685392689930474
194 20.386336766218363
195 22.725547681028182
196 21.792653686395372
197 21.457403435133553
198 20.815215554442972
199 23.622221990624194
200 23.322125653908472
201 20.832302510854486
202 20.173906399684565
203 23.41977401025042
204 21.414456982940973
205 19.08719772849105
206 19.197564134498975
207 22.307074813168487
208 22.09204646431776
209 23.43198183786532
210 24.72885278739545
211 27.14376949363586
212 26.840903306220902
213 24.460769338260736
214 30.82765469920737
215 26.968294937274052
216 26.67618015768358
217 26.615004508956137
218 23.49548338138557
219 23.748263286915368
220 19.82496116086056
221 25.428889489267448
222 25.962878401580088
223 25.073747287361822
224 24.296638191547764
225 24.17602741205091
226 24.753189978800954
227 22.603551894839207
228 23.856614521747026
229 22.06183876110998
230 23.186564203723055
231 21.92758686605899
232 15.083624475851298
233 22.34048440017129
234 19.87513754651446
235 18.985594724312314
236 15.477859394411531
237 8.707531033776531
238 9.574002310148622
239 11.1733754924151
240 9.20989431355981
241 11.364442158950224
242 15.004464970387549
243 9.532899534199114
244 17.67548908857607
245 15.572332838814221
246 19.49745441093571
247 15.345230964024157
248 17.3216529827412
249 16.711013334769234
250 19.232457738205746
251 17.932222598260307
252 14.966349874399711
253 16.648184438792494
254 16.55257388289081
255 17.975214560469134
256 15.68193804820996
257 16.215451931368083
258 16.87160978106803
259 13.466493315901609
260 13.06436067940377
261 17.33418820025638
262 17.178559645380613
263 14.515229763957485
264 12.138236534581221
265 14.41445154687758
266 16.2586228393471
267 18.005845127669097
268 15.240837038537665
269 18.830049546674804
270 14.819327170923337
271 12.256569865986279
272 14.92610105640488
273 15.854341507600846
274 16.73113189936147
275 17.45956216829183
276 18.241035157536572
277 17.837155979616504
278 19.157402809889664
279 15.27868475131987
280 18.042290221448294
281 20.172518507397903
282 19.545440156498906
283 19.032138844270158
284 19.790626194143975
285 21.683342080625547
286 18.14333749529431
287 18.04701214419633
288 17.375883718201273
289 18.050199825121595
290 17.381878663471046
291 20.483300658217555
292 16.030291126580625
293 17.145919741939633
294 17.31667403934348
295 19.0480469791392
296 18.83263659412763
297 17.530110919643143
298 17.768868192696164
299 16.737393177925284
300 17.132536396619216
301 17.593104721373805
302 17.09786978899484
303 17.101226411621056
304 16.919646431363216
305 17.392782327199143
306 16.187014667556976
307 18.750882623432307
308 13.86767172207047
309 18.095604996826
310 16.273866608704648
311 16.292087097228933
312 19.82208628778585
313 19.764065703764064
314 21.57394854016567
315 19.574535637893348
316 19.684113619041266
317 15.696504744252787
318 21.883714328553186
319 23.761168102747234
320 19.369646881461808
321 17.53220770243882
322 20.385957344635802
323 17.593223266913505
324 19.29139503754732
325 19.188350240971086
326 20.29150515456474
327 21.85521562367549
328 21.621923593775964
329 18.438250371880052
330 18.394582584723366
331 20.773160021301337
332 20.346827000457417
333 20.816233828591834
334 18.453276257996595
335 18.105499250328894
336 18.426068579154425
337 19.101704623464826
338 20.861177208107975
339 17.73085785935208
340 18.428269439519536
341 19.008366979083426
342 20.89684453541251
343 20.260707126264833
344 21.080498553539186
345 21.268077798279617
346 20.89676316241216
347 18.848356198872455
348 19.56753196747907
349 18.2363631559593
350 19.25779877392687
351 20.72818653438918
352 17.95195122019638
353 19.50786054024617
354 14.778528983459479
355 16.836132723275387
356 15.831890371091157
357 15.30629246844797
358 12.623418412595363
359 14.092247361346558
360 15.344135878055448
361 14.334214865744205
362 14.90613536719345
363 15.087632740717615
364 18.741363209960433
365 15.235375196334614
366 16.936586207080463
367 14.241325568962877
368 18.002483275715537
369 16.18166801771444
370 13.93907342455747
371 18.482879542351707
372 13.858442224592746
373 14.186116986354364
374 12.7644462196988
375 14.3997757855036
376 10.047432672484657
377 12.175167326045718
378 8.014599319886683
379 9.214950991258082
380 7.939545626390319
381 8.515057861173222
382 8.638456987776555
383 9.966159764172158
384 9.894959871386298
385 9.912926438851116
386 6.307827223897382
387 11.348115736113018
388 8.684853415827154
389 8.688512749218798
390 10.10239566242185
391 12.202493921993014
392 11.101118405542996
393 9.537262344223633
394 10.965051850468605
395 8.525613187780936
396 11.146755072649306
397 7.971744639326974
398 7.779654661824463
399 8.657514477553113
400 8.87525774265095
401 6.82564650484237
402 7.2930493064945585
403 7.545484325115935
404 6.687028703576824
405 8.960615225516065
406 5.586549241669237
407 6.93547804611938
408 8.109978757047871
409 7.205674317445987
410 5.162347480646256
411 4.888051291516901
412 5.313406902284815
413 6.190202342165802
414 4.706861753951533
415 4.870033621701545
416 4.753116533405001
417 4.731040174381957
418 7.440858451481799
419 9.606918318305691
420 12.60261902247312
421 11.830521381852819
422 11.482347667837344
423 11.655943919307154
424 9.240419819202037
425 9.851779924480656
426 11.511276257086106
427 11.063980261437212
428 9.168998645368024
429 10.412918862738868
430 11.685301692797392
431 9.507224510471668
432 9.021330723264063
433 11.580884840502193
434 9.095401421529928
435 9.826793659831573
436 7.637745624695155
437 7.559660689403303
438 9.383588416673772
439 9.034346558460031
440 11.101018354976064
441 10.946202720199913
442 9.549728851786949
443 10.516442335889362
444 9.714746739048225
445 10.83606769760209
446 8.740200679755059
447 9.397077101203735
448 9.934604766157255
449 10.559464659776408
450 9.2239752909235
451 10.378036638215423
452 9.160537722268232
453 7.074208406197323
454 8.239021475755179
455 10.953958011940403
456 9.305115952957244
457 10.775973238510076
458 9.244138621450034
459 7.92990476717181
460 11.100534259208828
461 10.041681635331472
462 9.533523866508341
463 8.15492669480186
464 7.991323541535876
465 6.974509118312382
466 9.491699785649518
467 2.8210344657333803
468 5.062982210236794
469 8.927927011295056
470 6.226805453473533
471 5.356557700509305
472 8.023834305282916
473 4.915109596933509
474 7.08146277128818
475 7.157086275531737
476 8.521349127703017
477 7.100260047451539
478 5.672829867003981
479 8.353159367222178
480 12.04941164852121
481 12.705311853274216
482 12.127993792797959
483 13.588798576621512
484 10.850989549516857
485 14.314696288144576
486 11.612240954644514
487 11.633375028901666
488 15.240235576962505
489 20.5421222229291
490 17.716522070960444
491 18.408849489316506
492 20.823424685022715
493 19.365083300714392
494 21.733632892048686
495 14.807518074611396
496 17.6566935804448
497 17.847658858868954
498 21.071143661372417
499 30.495903316242693
500 30.813636422479572
501 24.619004019913596
502 27.565828780971614
503 26.90693245150038
504 22.1716206071066
505 19.306874835019137
506 18.300001007748314
507 22.048567033428498
508 20.562787578503762
509 16.060526703575547
510 19.134814033213093
511 20.545103323467313
512 18.58689551871201
513 19.472360465289547
514 18.20623020008463
515 19.968456060778145
516 19.62688266722624
517 27.143988527548384
518 26.029798059724936
519 23.35186411900217
520 22.616347602135665
521 25.24289414560593
522 28.823058578529093
523 25.6192873882934
524 28.30617689353467
525 24.935870627011248
526 25.52357261601727
527 21.554985824825597
528 24.846413772902352
529 22.703368177749386
530 23.362633122358584
531 27.023042816235588
532 23.18863896148448
533 21.370167871797296
534 21.52964428704927
535 18.962729478005883
536 23.06581217707173
537 24.311051037695545
538 22.535843660835653
539 22.317247700009414
540 25.747403631657377
541 27.325080470464
542 32.169202091163
543 38.29833204449208
544 33.95052918396274
545 35.19821387167994
546 35.80552170753617
547 37.72451783374838
548 38.89205913721764
549 41.12158613648865
550 46.53042952635487
551 43.004547213869834
552 40.33965827407712
553 37.10728820577982
554 37.85567094129045
555 36.22539527908034
556 33.14801232686424
557 30.416740894278036
558 31.236324863661793
559 30.124899239881046
560 30.58484012369357
561 29.002187872760757
562 28.4682632835214
563 31.007198984989763
564 33.41501427243356
565 37.07349194818653
566 38.4274936196806
567 40.732423239538534
568 41.08344540824166
569 43.9149541347287
570 46.54852101208147
571 51.84962545738248
572 52.331342056972446
573 53.7690352098955
574 56.21212331803945
575 48.53859383535089
576 50.50408556939855
577 41.850499952732534
578 39.255142624406446
579 38.055669727158666
580 36.53720871284729
581 41.74036600454256
582 44.41093178121888
583 47.07001053702458
584 49.92704762448136
585 49.141265803357385
586 45.089942522146
587 49.111973413562716
588 51.641339003579844
589 97.21142174600163
590 45.899683156850436
591 42.194404665149634
592 41.21675444556603
593 42.59598681798342
594 43.85167270585414
595 43.02873427463736
596 43.78994303572302
597 44.9777622737922
598 39.43456112243664
599 39.52452776365862
600 39.256907245396185
601 40.01746894919594
602 111.61756363851372
603 114.76935144501618
604 36.47348416150631
605 33.20380939327031
606 34.3258127727056
607 32.28296787771191
608 37.90885127765145
609 37.939643714128934
610 34.29612966125035
611 28.14971237219986
612 29.624886787939626
613 37.426232876517304
614 38.05795948915177
615 36.59449390981382
616 41.33078577156345
617 39.95974526941918
618 46.593781112183784
619 50.86791838182704
620 46.364169119551875
621 50.06909390846576
622 51.340622203476116
623 56.74401814472389
624 59.05617828852497
625 55.404366637742456
626 49.339523785059384
627 54.5546072626412
628 55.27016802642693
629 57.3466950199567
630 62.909626252497354
631 61.64103145615313
632 64.61847053103942
633 66.04896207371948
634 60.80838490881202
635 58.64620002245541
636 51.94478060143018
637 50.05839505125863
638 49.21773867277028
639 52.3253987614676
640 55.35484296191885
641 54.019161784164176
642 45.18827062397074
643 50.5379034994373
644 47.41336248685393
645 53.92897697900206
646 53.943935209580694
647 48.8293538494433
648 51.82786328241553
649 47.024018544284004
650 52.249275718524295
651 55.16746757510276
652 54.95771284086416
653 58.56461742922689
654 49.34170658452277
655 54.338473156288515
656 49.34086824306548
657 49.34782436694736
658 41.12733503757008
659 38.17110850145037
660 34.93139845312912
661 39.75631019027319
662 34.59463886397263
663 36.94645970843505
664 41.948944236901504
665 41.103336116264
666 42.48471438733625
667 42.62257039081593
668 41.36802485235351
669 43.125469069714654
670 39.86556172129141
671 37.42972099418361
672 42.92926603484719
673 42.383287831508746
674 41.266618218187844
675 43.12631312505399
676 40.18637633929081
677 43.98751641212387
678 43.54300218723708
679 44.0539080273096
680 41.137882711294445
681 41.57437924855906
682 38.066324029080825
683 38.35068525423798
684 37.52745759446928
685 36.477537696039796
686 34.41906286166415
687 35.052666576827185
688 34.771436719858606
689 33.57870867508693
690 37.20597396951794
691 38.73727900676635
692 38.278604726047696
693 39.49691714575035
694 40.61998628876438
695 39.446294849297075
696 34.48414411781711
697 36.91617385835244
698 34.69585691333714
699 31.966068556737437
700 35.61622004360024
701 37.374568164956976
702 38.02727260554474
703 37.03084620362709
704 37.09538311123166
705 36.95711150660944
706 37.817211132418684
707 38.315869302846394
708 38.03860874229214
709 41.99415339878892
710 39.82030917899821
711 37.03089098075633
712 37.173749893236575
713 39.82703384234874
714 39.44463190952195
715 35.84393749784993
716 35.84142017846118
717 35.93762713849164
718 32.93776439976184
719 33.976617943758
720 32.98195307820432
721 38.2524632832538
722 34.65234157696957
723 36.61612640477737
724 34.593685893464645
725 36.43420560519277
726 37.13496762669919
727 35.01306999340203
728 37.08533463453512
729 39.64934143366147
730 43.05180216054092
731 40.96913037171243
732 42.1802914737724
733 39.83605962072541
734 39.30486231994419
735 41.42842886676466
736 42.01294949430078
737 43.74196086313472
738 42.54424728524042
739 42.24047735208249
740 43.49105644200792
741 42.8042818454583
742 39.30648368058744
743 42.616175910045726
744 40.95595090391636
745 42.2016723220101
746 41.11017109597124
747 39.36360597335982
748 40.22343436309235
749 39.74347646891678
750 40.51458627568053
751 40.20901165244466
752 39.07826760469103
753 42.852670966926446
754 42.608494756970465
755 42.62628181865132
756 43.45326636251241
757 43.180931670973216
758 45.85209384316381
759 44.913674128095046
760 44.00164123957696
761 43.14330285135241
762 44.563628391766784
763 43.81125554568577
764 42.186930190669024
765 43.902544513395675
766 44.02550164580201
767 42.31318489073537
768 45.26350792156145
769 43.58378477428874
770 42.04992746364633
771 43.82549228278212
772 43.33999380167148
773 37.31246853743775
774 36.52565026126283
775 35.91818701937278
776 34.000905345666986
777 32.97764808356069
778 33.22956837151496
779 33.500798403778006
780 33.29600243948253
781 34.575982414207104
782 33.445737199613106
783 35.21191291412369
784 36.46773560536104
785 36.29710011631765
786 34.46665049787224
787 35.91820852761222
788 35.385633806086446
789 33.9838778342545
790 34.76314309333516
791 33.86643036508633
792 34.71822673299381
793 36.947759482958894
794 36.71633371479727
795 35.78293926186211
796 36.521454172756535
797 39.17607954916618
798 40.11318853764256
799 35.48649092037442
800 37.015634138547384
801 37.869372285849096
802 39.08143660453518
803 38.82321758300088
804 35.558710831531045
805 37.633054895048154
806 39.600140373387276
807 39.73072546873971
808 34.10111037433876
809 35.24809299551776
810 33.61423339612075
811 38.32618671424898
812 36.68941545750275
813 35.841486452263794
814 33.74456291608771
815 30.60407056469553
816 30.362098713938312
817 33.92495552157911
818 31.979740759138647
819 29.86520930410029
820 31.8671741971527
821 30.252529798468476
822 30.5603307957758
823 31.73377428470928
824 30.961825606220412
825 30.456654810873303
826 31.52913052938649
827 32.32338201298556
828 31.413889233875494
829 30.851427707028815
830 29.731814987591573
831 28.576695901657363
832 28.653634654212915
833 27.12467644755699
834 26.2946502845667
835 24.517241529254207
836 27.376443232593797
837 28.07932241616785
838 27.79290574897959
839 27.979284727922675
840 27.75073765015313
841 27.591743055301215
842 24.226833324021882
843 25.931857420499032
844 23.170326459066782
845 24.84005617697825
846 27.880654970355504
847 25.89222047545061
848 25.866327331012705
849 25.17426424456458
850 26.001253198325376
851 27.874561168662307
852 29.092951181783434
853 32.22796578966603
854 27.471591476455316
855 29.486204994632082
856 34.00398382094797
857 33.40015674508688
858 32.4447862555711
859 32.841794560102976
860 33.31991330514591
861 34.68263410130046
862 30.415167338262986
863 35.71464497017729
864 39.648854120136846
865 38.09109815917932
866 35.75474017164541
867 35.58392613835914
868 33.71710631508497
869 33.478605497163564
870 33.98257707735128
871 29.313780970998568
872 28.5903126481304
873 30.2785923489308
874 29.750991942108485
875 30.205832360375208
876 30.08612872519002
877 31.061553716174426
878 30.582775250304284
879 28.44023369297586
880 27.011426942228347
881 26.246874015707494
882 27.896510756547947
883 27.147360392583355
884 28.831870820857148
885 28.45849082741356
886 30.14836187636343
887 30.52305544008954
888 30.805542180052466
889 31.225154957395866
890 28.701566528234316
891 28.406656722048492
892 31.23492619319736
893 31.759355047534232
894 31.39959997955011
895 31.395535465808905
896 30.65717813991928
897 31.00466260315974
898 30.6143204650286
899 29.892571754305777
900 28.559627779025856
901 26.413532486225563
902 31.400195643842537
903 28.75244599184975
904 32.2556992929069
905 33.18573305369622
906 32.71659312687535
907 33.00609714829129
908 32.45413727187987
909 29.081492003873368
910 32.55964805197319
911 30.860289247731266
912 31.648625518555743
913 26.372613485744928
914 26.523063295207912
915 29.004525226140967
916 28.786744659519773
917 27.78760645389585
918 27.77465942448788
919 27.68353928815769
920 28.120554922009717
921 28.51371545682633
922 28.611715278235277
923 28.150254168758643
924 28.86795390067535
925 28.10974386249882
926 28.474225582804422
927 25.952774441563548
928 28.16429577876775
929 28.44890646990743
930 29.23128972800232
931 33.15297154995566
932 34.87883851090593
933 32.151617742888405
934 30.674924186782174
935 27.432297642763935
936 28.368007842542237
937 28.77509050343695
938 29.413906228108406
939 28.97159460041008
940 30.74232941805425
941 31.69172253211248
942 33.88597822218651
943 34.03916710674069
944 28.09780336445923
945 28.44540948185174
946 29.775001780474852
947 29.509885277779127
948 29.38886975950248
949 29.914061723085783
950 29.452674276331216
951 28.70933499912415
952 28.069591887592605
953 28.187577602617225
954 31.10287885508973
955 28.0673015697763
956 28.297265497499133
957 31.6482254196144
958 32.32989907524914
959 31.712116289018677
960 30.383623292238575
961 31.686543479817697
962 32.45535301062393
963 33.50740351055843
964 33.9761008966542
965 34.80528121380908
966 36.31216146408168
967 36.45607452947865
968 36.404227531923446
969 37.6810990792451
970 36.77050878673449
971 35.26804382817844
972 36.23098224193911
973 36.59164003594322
974 36.432615904899514
975 33.3400655123853
976 34.80474123220306
977 33.445697544379016
978 35.04030769927221
979 36.597898244745004
980 34.35861174033865
981 33.13569392727949
982 35.5565008547022
983 35.73088215313181
984 34.77475392731878
985 32.201236143564785
986 34.59330478467712
987 31.618425712749122
988 35.01765121827181
989 36.236518330938694
990 35.34965513272244
991 35.6618860788119
992 34.1008123202857
993 34.80574786230968
994 35.10878729829137
995 35.51824114878207
996 33.32006252150222
997 32.07457071732134
998 33.018674950219385
999 33.73367847794812
1000 32.29673869190355
1001 31.323499804840484
1002 34.799753723018604
1003 32.61604847828816
1004 35.5085991075684
1005 32.94589024827652
1006 33.17015109846966
1007 35.13117860521275
1008 36.25086139711098
1009 29.90932172778526
1010 32.513818775151556
1011 32.537756003886756
1012 34.56589160433106
1013 30.807402065734568
1014 29.965485212298706
1015 28.74341947825114
1016 31.552630611967306
1017 32.197434222645704
1018 35.115392682187945
1019 35.863168623883986
1020 35.94217168100455
1021 34.908045319574605
1022 34.36242251368444
1023 36.82350289018167
1024 38.065885877985345
1025 35.476754966033496
1026 35.82525750375934
1027 34.80088107517682
1028 36.92376812796809
1029 33.92729338700262
1030 33.98257917301067
1031 34.90169217241254
1032 32.86848206012079
1033 33.73512875197848
1034 35.827402656097874
1035 35.22942639410507
1036 38.09834712366623
1037 34.288577074225344
1038 37.08668938831381
1039 35.8302925067267
1040 34.79958151958144
1041 35.4670641324809
1042 32.166579172563424
1043 34.250074204770094
1044 30.28160715930238
1045 31.493808238726444
1046 28.938782817077115
1047 31.812577347470096
1048 32.126615968806696
1049 30.15418646778827
1050 33.47699065804381
1051 32.743468059796086
1052 32.867551953194706
1053 33.515782583264055
1054 33.38670995890411
1055 35.58939955961413
1056 34.96682896078348
1057 34.451212791189654
1058 34.67747420118576
1059 31.861818288151078
1060 30.657034784822574
1061 31.37002837253193
1062 33.51401664437529
1063 32.880348523838826
1064 32.98752611142691
1065 29.94661418190432
1066 30.22881175702676
1067 29.924067298525063
1068 27.54756311528754
1069 28.582335813944102
1070 31.435020438229518
1071 31.55253238362896
1072 31.982296742121676
1073 30.465710399366948
1074 28.829320337102548
1075 32.90080207248271
1076 30.830481822344957
1077 29.79493483878031
1078 29.51367389768933
1079 31.977361298703556
1080 31.1165277188238
1081 28.593914117047564
1082 27.588963627587614
1083 27.545720350341206
1084 25.187839542677168
1085 26.84492498053961
1086 27.738632424988644
1087 31.303891883470907
1088 28.433741616500352
1089 31.08437181969364
1090 32.62132653729987
1091 33.087141485758885
1092 32.44863936883573
1093 28.339163265327425
1094 33.59808970874764
1095 31.806981899627356
1096 30.444704085510125
1097 29.31942201302351
1098 32.645917981504574
1099 31.980643583291116
1100 33.28163666201408
1101 29.48729858738493
1102 29.391039830389516
1103 33.33513224997702
1104 32.25528919786656
1105 32.242150534665164
1106 29.866941936359932
1107 29.36137902397018
1108 29.86676444034559
1109 30.588883759161412
1110 31.399983393671214
1111 25.390714018955666
1112 27.87519450030207
1113 29.076936806299777
1114 26.60855096440625
1115 29.28590500618459
1116 27.266114560181403
1117 27.625781367208518
1118 28.381016169254202
1119 27.475852094660294
1120 27.374659400362066
1121 25.905221967160763
1122 28.77111536658385
1123 32.466044515436465
1124 32.04621014540247
1125 31.919717636102643
1126 30.977912795434904
1127 30.790462014553714
1128 29.96065563167193
1129 28.132523815986318
1130 30.35205651082085
1131 27.95870820219863
1132 28.858198418063772
1133 29.129579575213764
1134 29.052780083499393
1135 28.97048507850801
1136 28.03634296301189
1137 27.42074863294023
1138 30.902078102577544
1139 28.87639318345684
1140 29.721950515210086
1141 30.741467080236475
1142 30.78799686349766
1143 28.18131830038343
1144 31.466676993314948
1145 28.547491840722735
1146 31.38788799344833
1147 32.74252349146665
1148 31.7320190051349
1149 32.939906034863306
1150 34.415592246346165
1151 31.26421493545148
1152 31.501769823086814
1153 35.276107275397116
1154 34.340865599754856
1155 36.191956277399576
1156 35.604109791760905
1157 34.10778885424247
1158 35.211314586161166
1159 35.265240403966004
1160 38.10572863198709
1161 36.74038683636337
1162 32.835213227815046
1163 34.7820656361879
1164 34.36753654555196
1165 35.589603544805236
1166 37.58618384273805
1167 36.367181228413024
1168 34.77519185993109
1169 34.758621596496305
1170 34.83327399883817
1171 35.66183802041446
1172 35.64383947661381
1173 35.58457639278355
1174 34.930153109141195
1175 34.78038222391948
1176 32.59116106866198
1177 31.910860502715746
1178 34.04160831224612
1179 29.873778970427495
1180 28.245189286143955
1181 31.795037339308884
1182 31.59459815135511
1183 34.954564433613854
1184 30.21576504938401
1185 29.51791211467155
1186 31.537599265193546
1187 32.637448338176796
1188 32.6467894597163
1189 33.280109734721876
1190 31.454910198927834
1191 36.02074361483697
1192 31.941597330835307
1193 33.842683428025474
1194 32.341383252497195
1195 31.303336700427657
1196 30.84246610021504
1197 32.569743566959055
1198 36.332297554647276
1199 33.76186869690159
1200 34.23536175933053
1201 33.411426841915635
1202 35.298657212003135
1203 35.141417400127175
1204 32.42670573217685
1205 32.030417490181854
1206 32.40103888334508
1207 33.92890520708068
1208 34.774929383437346
1209 32.054916053939415
1210 35.32731056249519
1211 34.36399427774193
1212 32.76306983519362
1213 31.165932985708142
1214 32.069472511481784
1215 32.53610592679296
1216 31.703985523309754
1217 29.542572135802033
1218 31.277972199989403
1219 31.12268442623151
1220 29.804754597679672
1221 28.177631958772004
1222 31.431332180836403
1223 32.30547964335586
1224 33.537978142961045
1225 31.285711392702087
1226 31.4774213001794
1227 31.365201773960187
1228 31.425615757217322
1229 31.605282840438086
1230 33.990166758270185
1231 36.00103133576568
1232 32.70263310228281
1233 32.79629922188464
1234 30.705651763399864
1235 30.09802721436808
1236 30.68193116507471
1237 33.20950127318849
1238 33.186182070875944
1239 30.457450383883973
1240 37.536761817384566
1241 34.17403999865659
1242 31.930564818174265
1243 29.066130721815455
1244 29.124391238865215
1245 31.058172980771218
1246 28.821834800443682
1247 30.27280291446917
1248 29.050335363294582
1249 31.983286187080964
1250 31.03341603527659
1251 30.58886975929222
1252 31.299904152574797
1253 31.536002608559645
1254 28.907523161917613
1255 32.13648268955991
1256 28.899080695451662
1257 28.3834821473774
1258 28.1311366438862
1259 30.628483764578057
1260 30.98055627607898
1261 32.715602905839184
1262 30.612710834019484
1263 29.210382608235502
1264 31.795587452625163
1265 31.233129762043994
1266 31.71150128078395
1267 35.24983162351496
1268 29.434444504310818
1269 31.016535233760933
1270 29.415578087562487
1271 29.972608542574136
1272 30.377602373330518
1273 29.62376112972822
1274 30.561615750207974
1275 28.870481889096954
1276 29.88377699638394
1277 29.105831762899836
1278 29.43854818325147
1279 30.261361015508726
1280 29.780799201555748
1281 28.940541914879883
1282 28.721730440920886
1283 28.57500691675668
1284 30.672922471060257
1285 31.670022298975727
1286 31.12427705679889
1287 28.282513946609285
1288 29.48377059974121
1289 28.98757174240785
1290 28.309244501590122
1291 30.055766897715916
1292 34.14385404084055
1293 34.148662957712666
1294 33.14063467432216
1295 33.53715046428508
1296 35.04066760350423
1297 37.60283154545595
1298 35.903216605636416
1299 34.90418070794636
1300 35.61584039149139
1301 35.317301258482885
1302 33.79819863364364
1303 33.92166759377473
1304 34.12396254200203
1305 36.23097218514036
1306 34.936768866756935
1307 35.083481017751026
1308 36.16217088691876
1309 34.720453018230984
1310 35.11534680177549
1311 36.44578158560746
1312 35.557953502845095
1313 34.95136923087688
1314 35.57226001780563
1315 34.446047192582455
1316 35.259141375451584
1317 34.38332783347317
1318 34.8575256067628
1319 33.300269222284136
1320 33.326486806499844
1321 35.91205696297547
1322 36.07892456668061
1323 35.79633703666254
1324 36.35624348538763
1325 34.84754899640965
1326 35.54268509604719
1327 33.723908594344124
1328 32.18532265082384
1329 35.302224621450286
1330 33.975863257259064
1331 34.462694101480004
1332 33.735297681921914
1333 33.27925563635672
1334 34.32962747666803
1335 34.29958457793236
1336 33.08089758578986
1337 33.32193615173461
1338 34.18861567135822
1339 36.425714792876974
1340 33.64292281023576
1341 32.79056083881398
1342 32.15120224765121
1343 34.25177506408906
1344 34.42017148938859
1345 33.58719856397915
1346 32.27854056600938
1347 33.10444476817934
1348 32.33816867389819
1349 32.18957423501897
1350 33.202316395669385
1351 30.864257891082705
1352 31.10969161113526
1353 31.861973106604573
1354 30.542271542564663
1355 27.539003052240975
1356 28.266229021259548
1357 29.423300108470066
1358 31.861469839452628
1359 33.37800263752828
1360 31.852432738910476
1361 32.66162506050588
1362 29.708822878075473
1363 35.34556401696378
1364 36.93046015366317
1365 35.03483688453775
1366 34.37240681061243
1367 35.348683117781775
1368 33.13174599718926
1369 35.565148168582745
1370 34.99280837036318
1371 34.2773265118376
1372 34.632326253649545
1373 33.20397971296553
1374 34.74493605948882
1375 34.66542765907303
1376 33.38954014135158
1377 33.869808708217
1378 35.93918533251113
1379 33.773004796029035
1380 34.423222045373855
1381 33.94831032208352
1382 30.99463471161927
1383 33.48949850511716
1384 34.41604267421377
1385 33.779067717179245
1386 36.17476705948417
1387 32.46414708180354
1388 33.70660467561128
1389 32.26852950635957
1390 32.689215378237336
1391 34.9287903828489
1392 34.426740375704185
1393 30.562716327301263
1394 32.13100731461261
1395 28.73017077362422
1396 30.17363922120498
1397 33.699760024759506
1398 30.649309397300033
1399 29.135482428616132
1400 29.42873063865808
1401 30.619191496931077
1402 31.298244154532824
1403 31.27416715698413
1404 31.60390918075011
1405 31.663897229294438
1406 30.367093478316423
1407 29.808260847699838
1408 30.15475763495934
1409 29.533825427236792
1410 29.637262848433096
1411 30.30087360963379
1412 28.579010156157718
1413 29.488496336478953
1414 28.70917961720995
1415 29.91272081698609
1416 32.32988026418406
1417 30.23914893017504
1418 31.148601343096857
1419 29.10915585315364
1420 30.670483699775243
1421 30.73559817793207
1422 30.579340503187613
1423 29.274373543569677
1424 29.828490417935566
1425 28.26580201001008
1426 28.68779211399536
1427 28.97415782193727
1428 30.60144641227901
1429 29.240404586603272
1430 32.50634093237479
1431 31.862986958748923
1432 29.86167399221916
1433 30.609216265860663
1434 28.67697940668179
1435 35.298512856775496
1436 32.375885095300454
1437 26.035630761454453
1438 29.42059270283779
1439 29.582658933202225
1440 29.399534840442428
1441 31.70900071649877
1442 29.253609527132408
1443 29.987416394594383
1444 32.893012037508704
1445 31.248220849648355
1446 35.03620033632876
1447 27.99885523938395
1448 29.808501310173437
1449 29.27593286916431
1450 33.090459480243986
1451 29.907597514459997
1452 32.48152623208164
1453 28.407402144519647
1454 29.689962359437697
1455 28.337942179107152
1456 30.785391768862528
1457 27.68075270020795
1458 31.757337671679473
1459 28.303244414138543
1460 28.901502340636462
1461 28.936240022916774
1462 29.9623169654735
1463 33.94579256185264
1464 29.782456810743124
1465 29.572354113207858
1466 29.214301375890592
1467 28.991218054487863
1468 26.454169375628386
1469 29.803045475073645
1470 26.518745105334094
1471 27.63097552714282
1472 28.092531593999748
1473 28.49353660524731
1474 28.008774122811364
1475 26.74454122130476
1476 28.938848266330325
1477 28.248847731973413
1478 27.734863916577098
1479 27.936087323753686
1480 31.130589383823846
1481 31.31617051004403
1482 28.773610265850643
1483 31.697891967526164
1484 31.3400800066859
1485 32.24546836902156
1486 33.588802119999215
1487 33.06115918351438
1488 32.443861569347185
1489 30.68587323494641
1490 29.71287293489213
1491 30.840796252512657
1492 30.524412507323493
1493 31.025201088425607
1494 30.32436318741574
1495 27.089385133555
1496 27.79374809101509
1497 28.012156136387578
1498 31.217625037407306
1499 31.401842848039024
1500 32.22685974025038
1501 30.91156346792958
1502 29.858322475911862
1503 32.108288475596275
1504 30.114909821968077
1505 33.93579490442359
1506 34.27145157871339
1507 32.955748087641645
1508 31.34408839628586
1509 33.97402311731526
1510 34.22499038437612
1511 29.00752166702671
1512 28.468137865177425
1513 28.517759419101864
1514 29.412949112887397
1515 28.763134973207443
1516 29.533443727630466
1517 26.928549333408306
1518 29.398325208957036
1519 27.623648695237247
1520 27.09818683814237
1521 32.17380724809936
1522 30.32158789208465
1523 33.25993064235544
1524 33.58476950349115
1525 32.30798172725647
1526 33.36976265667348
1527 33.84655947723604
1528 31.537827513626066
1529 34.134623328087415
1530 36.648397519435676
1531 34.52446842367301
1532 30.923792189184486
1533 28.088964152971187
1534 31.137406573534882
1535 30.416491399318883
1536 33.263323009174755
1537 30.07259658223355
1538 31.615510414320784
1539 28.89558297285638
1540 31.016904160740133
1541 29.40288148105667
1542 31.582018625973543
1543 28.340561270478315
1544 27.090557908812148
1545 28.487018421422963
1546 27.918429100856216
1547 31.852772547513673
1548 27.899810305399008
1549 29.106566082542997
1550 32.461639922502684
1551 29.870641400220514
1552 33.19075709280293
1553 28.629815813646765
1554 29.956563093282053
1555 29.980839186840335
1556 29.06254257137363
1557 27.17069348104257
1558 28.298322537584692
1559 27.131623864710058
1560 26.543229606196622
1561 29.731964314144832
1562 31.456076051992476
1563 31.69506320119639
1564 32.763467331329
1565 30.332772818226342
1566 32.52625224676883
1567 33.42257911224797
1568 32.31129905004289
1569 32.15887096771901
1570 33.927263151352825
1571 34.69928418730066
1572 33.91624260217828
1573 31.85832205866062
1574 33.517652659381845
1575 32.17869381422567
1576 31.996310085987794
1577 30.81789392131213
1578 31.459906604407806
1579 31.498778488455898
1580 31.513602056787654
1581 31.712521936611353
1582 32.614045643287355
1583 31.253501647566836
1584 32.707298124630974
1585 30.71477405478088
1586 30.87186266915414
1587 30.97152336911831
1588 29.95344723936495
1589 31.56995083500341
1590 30.607992688761765
1591 32.061559251788
1592 29.810841010412922
1593 33.634849521464865
1594 30.96320889309772
1595 32.19710947170337
1596 31.695628594085296
1597 30.26316420206397
1598 35.17605914789986
1599 33.320747270848734
1600 35.8359775742542
1601 33.455557311672116
1602 33.90884901473332
1603 35.32132767442513
1604 34.880602582049356
1605 33.17258514904096
1606 34.148097174114895
1607 34.115302143104664
1608 38.41889630096139
1609 36.41293452468436
1610 36.3858747013829
1611 34.083481668883465
1612 33.461927603784744
1613 35.22699052190805
1614 34.409377909201446
1615 32.8450139670971
1616 35.83659924653404
1617 36.78787793705825
1618 35.781465586524995
1619 34.75394541212151
1620 33.141485629673
1621 35.13782616819011
1622 35.02606030803338
1623 37.229405610911705
1624 34.413019298622274
1625 34.746802864110414
1626 35.457585053978654
1627 36.084497484046864
1628 36.04470906322704
1629 35.45121652243511
1630 34.90813824613427
1631 33.31014805523018
1632 33.39212287899574
1633 34.45927101967161
1634 38.72808788729796
1635 37.87038309363375
1636 37.49109434342359
1637 35.92353317403105
1638 35.45897872603131
1639 36.9065907575498
1640 34.90106780185589
1641 34.74409519889977
1642 35.7915757065884
1643 37.70709077095957
1644 36.17960549130529
1645 36.25161670023117
1646 34.825713598123414
1647 35.029633301393304
1648 36.77641237137177
1649 36.41884954471642
1650 33.697589654023055
1651 36.34898060402166
1652 36.017771176140734
1653 35.258284259062954
1654 34.32948049135047
1655 34.541435807364564
1656 35.260080938695786
1657 38.22220481699252
1658 36.72441566558235
1659 33.70702229147389
1660 39.01614875765438
1661 36.07218184147697
1662 35.37578868909373
1663 37.300093594453124
1664 36.8310632446053
1665 36.60489470857754
1666 40.64862220244185
1667 38.24459259308956
1668 38.62114797396293
1669 36.022377458406424
1670 35.21961277542554
1671 38.42371791081145
1672 39.59093083913266
1673 37.780691450263205
1674 37.47395840908213
1675 35.93095427985267
1676 33.42529766179153
1677 36.24744829183383
1678 37.45636847152664
1679 35.7841932286669
1680 36.66056469009477
1681 33.59696621282178
1682 37.85886254985486
1683 34.48711294410501
1684 36.29568681600268
1685 35.448189124596865
1686 32.814325987837975
1687 33.46693024316022
1688 36.30321530129892
1689 34.7956689742061
1690 33.845937661307644
1691 32.77710331936114
1692 30.653703911118484
1693 33.4604930297324
1694 34.22836119533226
1695 32.191897921113124
1696 35.53877050463832
1697 34.973247008319994
1698 35.71919251181774
1699 36.56639777757718
1700 34.663617494604544
1701 38.78836546406199
1702 33.60941474157604
1703 35.15144289661088
1704 33.46608062554395
1705 35.18577948225917
1706 35.309207402586445
1707 35.74632809324222
1708 35.868413463439296
1709 35.72005935057465
1710 34.598447260067445
1711 37.37903589269869
1712 35.94282463235585
1713 35.41130556394639
1714 34.37267748057853
1715 28.566620245678052
1716 29.736640137500324
1717 30.5579059038636
1718 31.52125324483305
1719 33.66786481743975
1720 30.27556872079981
1721 29.781840872783967
1722 32.89952004378985
1723 30.979983983980862
1724 31.6745525333688
1725 30.583286630216836
1726 32.07415619311327
1727 30.500826795009353
1728 32.88542810786498
1729 33.62249859161684
1730 29.447562414716412
1731 29.759082716782956
1732 31.24850901418783
1733 31.880753595523718
1734 31.51194915316677
1735 32.88930050304176
1736 35.52338698094964
1737 35.515632987921684
1738 31.995989153106652
1739 32.207840117856456
1740 29.65132408836897
1741 30.91748879804591
1742 30.29184184426803
1743 30.41270335240562
1744 32.668706648406015
1745 28.753861551660947
1746 33.679610108908825
1747 32.07231670560745
1748 29.6562158208589
1749 32.4537616100545
1750 33.59675939255025
1751 31.20973338093013
1752 33.08879574101202
1753 32.526423234768494
1754 29.647757409237315
1755 30.19041582456433
1756 34.619159765377795
1757 33.425596603377095
1758 34.29644806699746
1759 35.76671086431689
1760 36.082838236872625
1761 34.27817832982975
1762 34.734685348596145
1763 35.52837026481481
1764 36.09835654333059
1765 36.50584731885363
1766 34.78974951708605
1767 38.51439308519359
1768 33.0974089596633
1769 35.147735383534744
1770 35.299393667660574
1771 37.83312612902918
1772 36.051691107969226
1773 38.14324130997534
1774 35.69515006860354
1775 34.944664525279066
1776 35.528584745110834
1777 34.03210697517472
1778 32.39306335958042
1779 31.758043017114748
1780 35.11215885362513
1781 34.59683177127117
1782 32.69252604660435
1783 33.19386583314903
1784 34.527632323090536
1785 34.11828345825354
1786 35.1936707896112
1787 33.08022691741161
1788 33.31859718712866
1789 35.551709072188245
1790 36.79685000364083
1791 34.55525112358447
1792 33.89243025592866
1793 34.33800724566145
1794 35.93397896769167
1795 36.0728487724606
1796 31.059294502588546
1797 32.70819348670838
1798 32.814818262949
1799 32.24043458278961
1800 32.22643991127278
1801 31.20343489171934
1802 31.758511591635752
1803 31.41265439228813
1804 30.987659590396195
1805 33.39374807778701
1806 34.60166315864249
1807 35.1013028495685
1808 36.753379990952055
1809 33.65610903490366
1810 32.439261894179886
1811 36.712854390186884
1812 33.90726266727464
1813 32.384897361500435
1814 35.034442501518676
1815 30.60653218131707
1816 32.43738548331221
1817 36.43791429922007
1818 37.60548869645892
1819 35.98472546995228
1820 36.46397004322089
1821 35.00630092200498
1822 34.29509760014018
1823 36.188188655582415
1824 38.0954260463212
1825 34.08723137724331
1826 33.807557591357984
1827 32.52756058157049
1828 36.85325496232909
1829 38.465076329671135
1830 34.3112208555856
1831 33.341736676134644
1832 36.6806185712418
1833 35.67380578389557
1834 37.42666318890958
1835 36.59426216225034
1836 35.553791470492364
1837 38.54533215437971
1838 37.696067523527354
1839 35.40697804606188
1840 36.888872554113505
1841 36.894410505734285
1842 35.803428952510316
1843 34.978398718326716
1844 32.41136118524862
1845 28.54535070466249
1846 27.91992598001917
1847 32.4444553116834
1848 30.049790245403546
1849 31.14140676090737
1850 30.739300158098096
1851 31.331333567866402
1852 29.103440047289304
1853 29.851996419628385
1854 27.943492600605975
1855 33.024250744321854
1856 33.83002142269297
1857 31.014526750544942
1858 31.039775373740348
1859 32.312558982292956
1860 34.06570284847568
1861 31.500718683382956
1862 30.8458564435836
1863 28.19176822844916
1864 26.987747409240356
1865 29.091568031789336
1866 31.165588310561166
1867 31.15487459677047
1868 35.04488961841253
1869 34.35756123269047
1870 31.500814709449376
1871 32.66062043871025
1872 34.15859962947681
1873 33.00725224746449
1874 33.09036928673541
1875 32.45231556255149
1876 32.15406141033329
1877 33.675045068339045
1878 34.92656360985637
1879 36.34316710414659
1880 35.80725247199241
1881 33.76378803402711
1882 36.28006039203325
1883 30.883923265593403
1884 30.231615661996628
1885 29.636690678327298
1886 29.424006971276704
1887 28.013995062311867
1888 29.739866968486208
1889 30.294155994728605
1890 32.374155707869214
1891 32.79343656167594
1892 32.86257096953272
1893 34.41459918827246
1894 32.44461749073173
1895 30.90193987291051
1896 32.51985969398291
1897 34.54690137919175
1898 33.06650430909806
1899 34.43099256327513
1900 31.91961084962931
1901 33.39916704279142
1902 32.51299413480524
1903 30.71636323616356
1904 31.809072206142172
1905 30.73284903892685
1906 31.00971937724903
1907 30.85130566930051
1908 34.79394961511164
1909 35.574576654850205
1910 36.011124864091435
1911 33.61303100475231
1912 31.146724324846144
1913 30.909306166115066
1914 29.00678028994986
1915 28.768088180590553
1916 29.119543167608516
1917 26.61262794125023
1918 26.800297251263352
1919 28.883975709698984
1920 31.40375250821661
1921 29.019286513993727
1922 30.16428269757736
1923 30.983119796208914
1924 34.03038153166355
1925 32.98445319420686
1926 32.98196556952053
1927 29.900528621429167
1928 30.109747312278255
1929 30.694402675581795
1930 31.212871129725745
1931 28.932629996996692
1932 30.671161012792915
1933 31.219879969404893
1934 27.857641621250526
1935 28.142396204041376
1936 29.20059695080562
1937 29.31081215125378
1938 28.53527172619288
1939 28.463029842626938
1940 28.250260053940313
1941 27.77197201624018
1942 30.865989603442717
1943 28.7440422205097
1944 28.685229731041023
1945 27.602077964954002
1946 29.817645341665408
1947 28.216727476829284
1948 27.423684475555945
1949 27.040388811861977
1950 28.336692850714478
1951 27.62574734016452
1952 26.884282740171194
1953 27.624764742496346
1954 27.755361029728093
1955 27.539686160104342
1956 28.82343027877405
1957 31.655811869722445
1958 30.226127831152517
1959 30.061235889300626
1960 31.224543559983196
1961 31.43562684708552
1962 32.497026403976264
1963 33.23557535290155
1964 31.93649192508625
1965 33.00085580314968
1966 30.44190618168665
1967 33.482824289841446
1968 32.64442739135548
1969 32.27016531392164
1970 31.382899072401926
1971 30.235574413564223
1972 31.498722429314505
1973 31.907409253080075
1974 31.26607946221386
1975 33.357719108356285
1976 33.66225467408688
1977 29.764824607661897
1978 30.933019559414934
1979 30.783579260325403
1980 27.672122843064194
1981 27.821408917822236
1982 29.916040278842104
1983 28.988812341749252
1984 28.628169225158338
1985 30.532325231504686
1986 35.2029272252543
1987 34.6025871374648
1988 31.529385920024882
1989 34.989949868541586
1990 33.391274577192306
1991 33.41734966370754
1992 32.94144576211479
1993 32.795927718090745
1994 31.175313006925048
1995 32.234734578130315
1996 31.619475934236753
1997 29.600978341044545
1998 32.70700333994255
1999 31.914027878128344
2000 31.28376884531635
2001 32.938956756772264
2002 31.907358826610047
2003 33.90557194094754
2004 33.52343371382344
2005 29.249956095450777
2006 32.06833693424203
2007 31.659339103524406
2008 33.911946068025046
2009 31.256555922988152
2010 30.97428368701604
2011 33.972951878987935
2012 36.2879208040351
2013 36.43472790338677
2014 37.65937627712588
2015 35.79300869979409
2016 36.13393533669273
2017 35.75966170763421
2018 33.717263469771524
2019 36.027164241695196
2020 35.63759707631632
2021 34.56928970072909
2022 36.20220705067549
2023 38.039442697448415
2024 40.4425901412837
2025 38.872846218743646
2026 39.42713349592221
2027 36.42485279587154
2028 36.96912496611092
2029 38.2583705551931
2030 41.17326018909689
2031 37.68814023146752
2032 36.70349408771713
2033 38.95718883569094
2034 38.54065346109165
2035 34.01638570950464
2036 35.8835371512161
2037 34.26977706705331
2038 37.64442362331582
2039 38.47434590385153
2040 39.79138032327709
2041 36.925596677222224
2042 39.28595044128643
2043 37.7907634876637
2044 32.66078494217925
2045 33.768635774168835
2046 36.929328119037976
2047 36.01238650815809
2048 35.800681700499545
2049 37.20499750839464
2050 37.02433832543549
2051 40.61620570396453
2052 38.57524214728445
2053 35.99540920363603
2054 32.74561284012406
2055 35.13097567503531
2056 36.21765369097523
2057 36.782296539805
2058 37.714491400801045
2059 35.06123413795049
2060 36.16819340373501
2061 34.74235393405024
2062 37.22163685695847
2063 36.415492080659945
2064 38.63842318052308
2065 37.75923183516605
2066 38.73207264545745
2067 36.80680318670177
2068 34.91564427602584
2069 33.54596315396277
2070 34.1953451267435
2071 34.03108591851955
2072 36.132937280823654
2073 34.93122902377616
2074 36.02806923105136
2075 36.560674941179066
2076 33.75589425472416
2077 38.34496361562029
2078 33.57405228002911
2079 34.21243413972588
2080 31.902361911761858
2081 34.37167750300811
2082 35.168674561421525
2083 34.633609168498104
2084 33.784237995077056
2085 33.76717632734787
2086 28.215095416510714
2087 27.154061731555384
2088 31.14209191731103
2089 28.41649512421804
2090 28.44048417791382
2091 29.522225739431605
2092 28.696698485495055
2093 33.072803113181735
2094 34.51732789121679
2095 35.23680314598385
2096 34.3497855521759
2097 33.433792241677956
2098 33.908806508829215
2099 34.23957810779457
2100 35.50232655380973
2101 33.43375365663425
2102 32.598801441720745
2103 34.838298372656546
2104 31.335240944873114
2105 30.517558102019656
2106 34.25798101930919
2107 29.746114238365074
2108 30.642647292187927
2109 28.12656709786194
2110 30.34178887252984
2111 30.541836474200707
2112 30.922756399787605
2113 29.15933214594997
2114 28.843167099242773
2115 29.399582654081282
2116 30.016487567522198
2117 27.2754795693721
2118 26.146128474219182
2119 27.822225801103283
2120 29.904030871586517
2121 28.283778367698094
2122 30.18789455207535
2123 29.036869335352932
2124 26.93687121986795
2125 27.061810033870923
2126 26.984014044903695
2127 28.814187915750793
2128 28.823912742258553
2129 31.344014123653686
2130 32.28275099231505
2131 29.679493407480113
2132 31.483565999076728
2133 27.870680265389687
2134 28.918623203519335
2135 27.982907052183165
2136 28.161524157134046
2137 28.117560805864002
2138 28.28583093437905
2139 28.506860626419094
2140 30.020619174181007
2141 26.868875800105737
2142 27.37661497816087
2143 32.13568575153373
2144 31.249955721698065
2145 28.627704567783937
2146 29.365150114560187
2147 30.36114270136812
2148 31.161275646974474
2149 28.35214822174087
2150 29.626318463233094
2151 28.46559582822299
2152 29.020448673074036
2153 29.82228638104969
2154 29.64513050284192
2155 31.414402734330075
2156 29.692409670349857
2157 31.289473994446663
2158 30.781753483896356
2159 31.387903562539798
2160 32.46524755216974
2161 29.966433559723672
2162 30.72091769213766
2163 32.01124042523254
2164 31.711037034540126
2165 31.23319598918173
2166 32.176226756033316
2167 31.64634905450163
2168 32.46445937646191
2169 29.342999018146536
2170 33.03294087316681
2171 34.8487638349834
2172 30.93955747511159
2173 29.533668130009662
2174 31.084978102882538
2175 29.488393200046147
2176 28.845951967736333
2177 30.22041855300705
2178 34.295048846110234
2179 30.74720371484862
2180 29.759222459944773
2181 28.916596851165725
2182 33.26026076932048
2183 32.55813945150359
2184 31.490556024104695
2185 32.51000846170438
2186 32.8125899872522
2187 30.71585683798402
2188 33.02469945265341
2189 30.187250402988113
2190 29.08760589236766
2191 33.25301345758049
2192 32.9780046542306
2193 31.976588025921266
2194 32.8602592131604
2195 34.11398131053917
2196 34.971923559889326
2197 31.274473641068806
2198 32.30004887622734
2199 28.416630533409165
2200 31.943226311201
2201 28.86442413990048
2202 34.373880792637834
2203 33.54807281107571
2204 33.4099526188027
2205 33.26585214234201
2206 30.55328961266803
2207 30.63498450730738
2208 30.314299132163313
2209 31.086324090934745
2210 31.336885743666453
2211 28.285407557002372
2212 28.767537832861187
2213 27.22519408673385
2214 27.64478429082831
2215 27.161621242447126
2216 27.088437992855635
2217 25.71477806341462
2218 28.204472388824197
2219 30.10316570416836
2220 29.525540508236773
2221 28.745179367740324
2222 27.528374420072318
2223 28.38297176050028
2224 32.06235582493036
2225 32.503132477965906
2226 30.564663799977005
2227 28.89200124185037
2228 31.605071793523766
2229 31.947482707641008
2230 34.99212489297889
2231 32.95628487824571
2232 35.059246473337744
2233 34.79107039515255
2234 34.36438467726227
2235 35.843759948698356
2236 35.93112171948006
2237 36.80828952752222
2238 36.28725238964055
2239 35.79006627612063
2240 34.35915326210918
2241 32.84125239903321
2242 34.215355843168645
2243 35.043215526421136
2244 37.463240326036704
2245 35.82298540702177
2246 37.37016323161191
2247 34.963229273741995
2248 36.96802958298941
2249 35.550888468782894
2250 33.6050792191542
2251 33.44911898327764
2252 33.19310977353622
2253 31.872935697459752
2254 30.702948134431924
2255 33.503695972674144
2256 31.926246874567966
2257 32.75684737887571
2258 32.76462318211969
2259 30.44263324411155
2260 32.23339039997599
2261 31.221892186973385
2262 30.074204617379472
2263 30.148032649139186
2264 27.575807642769565
2265 27.112702195128357
2266 26.8766367095103
2267 25.574927754857104
2268 26.583868392902694
2269 26.202245610046212
2270 25.90364321473488
2271 29.27353885611816
2272 28.688807214837638
2273 28.082983476703937
2274 25.66599099635242
2275 26.442975452957405
2276 28.066455389333747
2277 28.62625437184562
2278 31.24426510937306
2279 33.54477213476578
2280 30.57401809900182
2281 30.495617183177938
2282 27.58787155923037
2283 30.96953349051891
2284 27.949296653837962
2285 31.006203327277106
2286 30.554356880993787
2287 32.49935877524855
2288 31.195243787441335
2289 29.24926057780204
2290 28.712066522046243
2291 30.24398919912504
2292 28.799831717583345
2293 30.64850256572974
2294 31.65208420443939
2295 34.607108318568976
2296 31.807722844989293
2297 32.669883390230176
2298 34.28733194721823
2299 33.310691145475204
2300 31.98463257335776
2301 31.28471381355763
2302 30.191632723107134
2303 32.883664466823944
2304 31.820855490543167
2305 30.939631634267666
2306 31.76957523118563
2307 30.718644646906224
2308 32.49878651886249
2309 32.195189899727005
2310 29.54649978397332
2311 28.76439011397919
2312 29.78874773797886
2313 29.791181935979687
2314 30.61389486732807
2315 28.905087979390775
2316 27.52729071580697
2317 27.555172427709316
2318 26.038518520468596
2319 32.58997003297063
2320 33.270090370113515
2321 33.89737427135137
2322 32.57333929946156
2323 32.882872070446304
2324 31.611314849202387
2325 32.88355240220109
2326 31.63481540057632
2327 32.6254542503592
2328 31.858414281165405
2329 31.231263467210866
2330 32.34406945244413
2331 32.27810363228954
2332 32.32921295723065
2333 34.44703314052653
2334 33.23143829399169
2335 30.083169976510217
2336 29.109270259474545
2337 30.050635726780484
2338 31.498300541934974
2339 29.88616743950496
2340 28.998653581290263
2341 29.27623926290937
2342 31.781912339989805
2343 29.140768046786434
2344 30.732466887827513
2345 30.649714928526553
2346 27.75100002201263
2347 30.72173877225963
2348 30.27373335188173
2349 27.944140998715962
2350 28.662649819649967
2351 29.194722049185295
2352 27.229426441801202
2353 30.761776856767984
2354 29.27569357231481
2355 29.7722366879775
2356 28.729270404723298
2357 25.54268076647301
2358 26.66842127077677
2359 25.924252121118023
2360 27.176057827545375
2361 27.795819331263232
2362 25.948605877364276
2363 26.650469116320185
2364 27.71141123839683
2365 28.329555954556042
2366 30.66943000992717
2367 33.16612773876574
2368 34.196022204892266
2369 32.14067887636747
2370 30.259275580421587
2371 33.49152810329285
2372 31.340884319458084
2373 33.9445241964265
2374 34.86004039882515
2375 31.363684300989913
2376 37.06901027452167
2377 35.861489091370906
2378 35.471348362287486
2379 35.97045909615186
2380 34.9086149592113
2381 34.38579156343784
2382 33.16059976631304
2383 32.59614833035182
2384 32.774857424591374
2385 33.89695227799358
2386 33.91337075600227
2387 34.47991230592842
2388 32.917963197488604
2389 35.91956291803655
2390 33.89772688531471
2391 33.44464580032015
2392 32.41263761004728
2393 33.20194406438821
2394 34.56802154516172
2395 36.907390464079015
2396 33.338202616316714
2397 35.83545194596127
2398 36.86081036699942
2399 34.25596186679374
2400 34.3665999646978
2401 33.744321615908184
2402 33.11406522209941
2403 33.025632059176
2404 32.72151084326411
2405 31.456453007538155
2406 31.846266461976896
2407 33.45446120770573
2408 33.94752503411397
2409 34.009222369212345
2410 32.279990076633595
2411 31.35318439807287
2412 33.382634591596506
2413 33.89455466345303
2414 33.25599126485428
2415 32.430251628080306
2416 34.527843162904716
2417 34.196623804856564
2418 32.92627639597513
2419 32.07146853375756
2420 30.9378633093264
2421 31.215750087883677
2422 28.82525671791527
2423 32.780573721027544
2424 33.50288887726838
2425 31.708875454080147
2426 33.246594509488006
2427 30.797325090057413
2428 33.54297074938975
2429 30.41570594215514
2430 30.012971343635947
2431 28.408084443504574
2432 33.69881360441941
2433 34.395251372094336
2434 32.4802331429847
2435 32.646475752972144
2436 33.894001864019295
2437 33.79456689120698
2438 34.863621838497785
2439 36.122367975846316
2440 35.07203589785351
2441 34.64496439853523
2442 32.43633841152447
2443 31.437140603434933
2444 30.283762646092985
2445 32.6264750625343
2446 33.60161928512196
2447 33.15353278774939
2448 31.382072205503245
2449 31.554248045798108
2450 33.363288666249176
2451 32.02705928240555
2452 29.84956575332854
2453 30.23448465050984
2454 31.611268101821892
2455 31.539039902766678
2456 29.871243064668448
2457 30.1848179774945
2458 28.134261754860947
2459 30.539831570687834
2460 29.97771508465729
2461 29.13416352223148
2462 27.882656201924362
2463 26.562570257893814
2464 26.865589705541705
2465 27.21948919844395
2466 25.121035346485208
2467 26.33833848537018
2468 26.894201829069267
2469 26.90235199617412
2470 28.882029236488677
2471 27.74157150751413
2472 29.22264130369528
2473 29.81620092117771
2474 34.05866247905427
2475 32.90161428147144
2476 33.766804002485856
2477 30.062336756577874
2478 26.926586628785774
2479 28.839710727305768
2480 29.488327954878425
2481 28.32502179164382
2482 30.235700888543942
2483 28.742530240338706
2484 29.595748140548675
2485 28.372287696731824
2486 30.563710953651086
2487 28.80877119013222
2488 29.02014650283182
2489 28.834987131073948
2490 28.731733921573543
2491 27.407846064812926
2492 29.522888052711288
2493 28.95995000134303
2494 27.622112722343854
2495 30.445353096255612
2496 30.079186766365627
2497 28.344150943043168
2498 29.42557785968052
2499 29.194120074596977
2500 29.54508749204754
2501 30.764184755820406
2502 35.130589359507844
2503 32.4833973391281
2504 32.322423282226204
2505 32.92267913243693
2506 33.44471682661046
2507 33.828605901877395
2508 35.118236123805126
2509 34.98894513498484
2510 34.997214777093895
2511 32.31014638642816
2512 32.80341281162492
2513 30.73291505741248
2514 28.551170939843466
2515 28.867224323810746
2516 30.73542328458235
2517 30.78665086873482
2518 30.734507830036918
2519 29.831570812868033
2520 31.675646146789408
2521 32.46636714029074
2522 29.637079970223358
2523 30.713847453921804
2524 28.336329044796464
2525 28.619796681031936
2526 28.63891416952776
2527 28.74471816392775
2528 30.60317804580751
2529 30.5928322146422
2530 29.303273671292974
2531 29.834788556061532
2532 31.349286625098213
2533 33.954843359170894
2534 32.72651052356839
2535 33.03288161640438
2536 31.496989412825414
2537 30.65556424884865
2538 30.283957953347443
2539 33.200263119494814
2540 33.39277333432245
2541 33.037556376437735
2542 33.58679839403115
2543 32.847688944214994
2544 33.1240556403755
2545 36.3648299369689
2546 32.98332772108036
2547 35.62851369562343
2548 34.94474296432818
2549 34.63113139226355
2550 34.17121662862396
2551 35.38390331785998
2552 35.430457118157804
2553 35.58482269534658
2554 35.811026667813216
2555 34.5986610226734
2556 32.66149095863889
2557 29.612385512203026
2558 31.233572986748896
2559 37.250761150966746
2560 36.579890214975975
2561 36.97595908486656
2562 35.32321296600411
2563 35.17182435029603
2564 36.11585042151619
2565 37.169314238571275
2566 36.9685672535441
2567 34.06527063264243
2568 36.51363211785851
2569 35.955847879851824
2570 37.32366356529786
2571 36.53770133260556
2572 36.88045382048892
2573 36.14206503330306
2574 36.56069423554826
2575 35.218677508400745
2576 37.52910289022605
2577 34.95606346139919
2578 35.46541823141321
2579 36.01071793895568
2580 34.849917613300775
2581 35.53677973865695
2582 35.54791665081894
2583 33.4393375641429
2584 33.10540065406024
2585 35.440465798772756
2586 34.66505259442919
2587 36.50267921100296
2588 35.933363170617106
2589 32.885645720465874
2590 37.008111793241234
2591 33.23029335271388
2592 33.5910444937546
2593 36.74969947079722
2594 34.82092877297137
2595 34.3999559677222
2596 34.61480540892036
2597 33.919082382494096
2598 33.486229656279434
2599 36.427696866604
2600 36.39524235618184
2601 34.21163018788173
2602 35.10793674826764
2603 35.17564796368341
2604 34.69029936616602
2605 36.119507824702055
2606 34.28113781824545
2607 35.98755615747336
2608 36.72759752396297
2609 36.94312610160644
2610 34.42244777551787
2611 36.15676777120768
2612 35.87233480247751
2613 35.57543686286118
2614 34.88366347545759
2615 36.234242913891336
2616 37.50125992980342
2617 36.58775812191736
2618 37.488806674960195
2619 36.086031787187196
2620 36.16249680098211
2621 36.24513592042562
2622 35.99079327166304
2623 35.77053264384758
2624 35.642228094598984
2625 33.586422831565606
2626 34.93479377673901
2627 35.1762121745813
2628 36.14030322346206
2629 35.93031395205729
2630 36.097169841750144
2631 35.506511352072486
2632 36.3530791364587
2633 37.840634083345144
2634 36.42747686215795
2635 34.672341553798546
2636 35.633004714388555
2637 32.878579465667634
2638 33.774405783960155
2639 33.57208864557026
2640 33.77164452865713
2641 31.845716929333122
2642 34.1468849441443
2643 33.06447044143517
2644 33.6023103445576
2645 32.02726827901002
2646 33.56423755463421
2647 32.37271629101594
2648 32.816348106388205
2649 36.72531021645776
2650 36.69258747632881
2651 39.029449422883665
2652 38.0999994596555
2653 36.85112614196607
2654 34.36306198958407
2655 37.76874593134045
2656 40.772947374126
2657 39.07376681048733
2658 38.87763673271952
2659 36.167472036294335
2660 36.503510550248905
2661 36.10586455147564
2662 35.98146232987928
2663 35.02089110708675
2664 35.55565806936861
2665 34.00378572234235
2666 34.87156773466361
2667 35.30154547064661
2668 37.80277914558351
2669 37.53166741509213
2670 35.440012970746075
2671 35.516147165032564
2672 34.27609639842378
2673 34.62990634717278
2674 34.020155792193705
2675 36.49938060801432
2676 36.24053966949886
2677 36.4859521219202
2678 36.40161028517702
2679 34.847279134794746
2680 32.458064738443795
2681 30.725394081661555
2682 31.810434361706488
2683 30.84649038705557
2684 32.402169401091086
2685 33.61597765114698
2686 30.35967014239197
2687 30.635048594186728
2688 29.654118039991815
2689 33.37668668861169
2690 31.53141749884963
2691 31.076012955207972
2692 31.465582211084755
2693 32.24297553575023
2694 31.175074316014413
2695 32.71962901215389
2696 30.508194903624638
2697 30.008328628903037
2698 29.245828581885107
2699 30.76899319186494
2700 29.687175518840125
2701 34.67598456934278
2702 34.674097484458756
2703 32.72377252585731
2704 34.64207927868312
2705 35.10635225265651
2706 33.219658769834304
2707 34.61406783534233
2708 32.15336696767215
2709 30.239948496649763
2710 30.99554879503029
2711 31.859022811780573
2712 32.25987026905258
2713 31.409768187633397
2714 32.20703121134102
2715 33.75679527538755
2716 34.44811491336889
2717 30.69229913939073
2718 30.54879430671283
2719 28.789559141748203
2720 28.405320331128426
2721 30.773274011798183
2722 29.915958091675375
2723 29.945055206346556
2724 28.816991957457127
2725 29.105377767156334
2726 30.55622237834061
2727 30.88292437729906
2728 28.838337320951442
2729 31.988755020762376
2730 33.47031408030091
2731 31.067174728556747
2732 32.90913567158322
2733 31.664047583674012
2734 28.597740933332442
2735 30.057733912735554
2736 29.12970835740599
2737 29.12970096079905
2738 28.152227848825323
2739 31.676836111033175
2740 32.61821047156136
2741 31.98508430471147
2742 33.95195547683203
2743 35.83159298208288
2744 31.82605490032514
2745 31.785288830452014
2746 33.598091256331294
2747 33.838977653807355
2748 34.90400328062047
2749 33.23873897970036
2750 34.07241257344219
2751 36.34420486720294
2752 35.41878995369705
2753 35.701918704620056
2754 35.81051055228978
2755 33.65825243107573
2756 34.154923028694164
2757 31.739414233768922
2758 32.00729480289726
2759 34.71855359532225
2760 35.21572815250298
2761 35.716593056859594
2762 35.57791212070435
2763 36.963807593564084
2764 35.86301506069005
2765 38.45589675387578
2766 36.672925428966884
2767 35.64566471018977
2768 34.2744229505456
2769 35.30854519012404
2770 34.102873076505055
2771 33.80724284215424
2772 34.87630735816866
2773 35.75930488555186
2774 32.37167496046682
2775 36.843967635256625
2776 34.587146712903106
2777 32.914459863409554
2778 34.85863754332575
2779 35.939113469984626
2780 34.37512807242675
2781 35.15832027923408
2782 34.87178634918621
2783 32.79963900404761
2784 33.45703871059564
2785 33.63095101147648
2786 31.809850287952674
2787 30.381125066541927
2788 33.585957445176675
2789 32.988447861342635
2790 32.892270963863204
2791 32.17085967922121
2792 30.554944152633368
2793 33.294250575584215
2794 33.35620596833864
2795 32.748490453417546
2796 31.58607174346231
2797 30.138418285428514
2798 35.81667176431403
2799 35.950832803560935
2800 37.11357217814671
2801 35.55730805161982
2802 37.62195166208726
2803 34.87971450347949
2804 34.18294325342143
2805 35.368023811722544
2806 34.293967597617446
2807 36.81267234310802
2808 34.15832794689241
2809 30.173745512491404
2810 30.063087730782335
2811 33.23781736252093
2812 33.64652739737293
2813 32.85450488448808
2814 32.64668535408849
2815 35.32087647846459
2816 30.372703245863075
2817 30.982698034293662
2818 30.121774085944526
2819 29.149368861438646
2820 30.918472645185464
2821 30.58273340619404
2822 29.516317243849404
2823 32.485572047366375
2824 29.929990941183
2825 32.706193666963934
2826 33.56978647763661
2827 35.94922601686472
2828 28.70081089424164
2829 27.404720841247347
2830 27.457275931766166
2831 29.60572196689736
2832 31.23935186185272
2833 33.852752951622804
2834 33.543298743437184
2835 30.308726459405918
2836 30.99817852501867
2837 29.798600066514958
2838 28.571019455316577
2839 30.19356383040202
2840 29.549221921278367
2841 30.96910532712778
2842 30.68433835307621
2843 31.065670751149884
2844 32.99669717330797
2845 35.769582868773874
2846 33.61124122246115
2847 34.69601084968335
2848 33.662384840628505
2849 32.13454346860443
2850 34.14812876776608
2851 32.09997221435211
2852 31.5334579981575
2853 31.92402651341769
2854 31.518854836609894
2855 33.40828279628278
2856 32.84703751675053
2857 31.135129449104383
2858 30.188916848847192
2859 32.11005005363636
2860 30.359136921071528
2861 31.28625784441694
2862 32.54728178506034
2863 33.000839990502975
2864 33.06589061387355
2865 33.11707337805112
2866 32.33847935878037
2867 34.491442084777454
2868 35.1399573698534
2869 34.42639621533591
2870 31.770337960161815
2871 31.074064878087498
2872 30.94849351298508
2873 30.10987217582659
2874 30.308393554102995
2875 30.595974087536927
2876 29.648735286559024
2877 30.00908490080739
2878 29.54219246829597
2879 28.838241882226445
2880 29.0650875330814
2881 28.84334289731748
2882 30.662600381095334
2883 31.240407386791777
2884 31.909405725554304
2885 32.027605269060196
2886 31.349511576816493
2887 31.020115284709167
2888 33.96957758463807
2889 33.78978749877013
2890 33.10940029254556
2891 35.30572241387316
2892 36.21500204644376
2893 33.95242915649546
2894 30.588323003489258
2895 29.447678403579165
2896 30.1508809204485
2897 30.00964776101651
2898 28.211485831622067
2899 29.577432717731888
2900 27.749842579550226
2901 27.491254066402362
2902 28.542407907439696
2903 27.66127176937366
2904 26.487459603798506
2905 27.358896199988813
2906 28.093356905533614
2907 28.885946199342953
2908 29.310461063254472
2909 29.529120882037997
2910 30.876071802478492
2911 28.526327343134266
2912 29.384900347502874
2913 29.433833408892877
2914 28.537044969632426
2915 28.1870410990721
2916 32.995292536813366
2917 33.7449827725995
2918 32.2380197228299
2919 30.797084696887215
2920 30.181094256765057
2921 31.11676379305338
2922 29.780636381801152
2923 29.299575224577307
2924 30.47716496987311
2925 28.058740766825743
2926 27.448585669820034
2927 30.793802850083157
2928 30.119918483179873
2929 32.10085696660424
2930 30.456066953001802
2931 31.893126983975215
2932 29.022134180864942
2933 34.570835601313625
2934 33.81254177347328
2935 32.91907767638936
2936 30.37052548830365
2937 30.33542548730687
2938 30.10504145248327
2939 29.109605328170236
2940 27.756610730028033
2941 31.60818027461419
2942 30.419807546386263
2943 31.89998329559281
2944 32.9781993596048
2945 32.9046714305374
2946 33.20811943801648
2947 32.145060267676556
2948 33.564917971850385
2949 32.60393717231354
2950 35.73281008099292
2951 35.02550386411452
2952 34.816674784702876
2953 34.792990576226224
2954 32.865831801340434
2955 32.347545037112894
2956 30.418776143352034
2957 29.85583162620733
2958 28.524211986306472
2959 27.47678462245438
2960 30.413741014126934
2961 29.833302845992222
2962 27.386859751779177
2963 28.436221956065054
2964 29.396007353875408
2965 27.777160170751454
2966 30.113466997417433
2967 28.26496694420347
2968 27.437474083654692
2969 30.51154547493964
2970 28.822200387746722
2971 28.68317936915649
2972 27.08118298621761
2973 28.28643863714097
2974 30.184740749811276
2975 30.128557969917914
2976 31.117295480852064
2977 34.92101490505691
2978 32.86256453780137
2979 34.94435737413097
2980 33.35067239072775
2981 34.0839661013308
2982 33.876178686468364
2983 30.90153196553179
2984 30.690558461628196
2985 31.585787141723358
2986 35.592204810004986
2987 32.473924852296
2988 32.09049755613242
2989 31.94968151343589
2990 32.98648669306659
2991 34.278913495041444
2992 34.217203199848
2993 33.897880725525894
2994 33.781361493622704
2995 32.139900191889076
2996 31.087945751595214
2997 27.9929132170064
2998 28.26092261572015
2999 29.847957621111355
3000 30.319453974414778
3001 29.61827188472227
3002 27.130808081005398
3003 31.833729568999455
3004 33.34409242237848
3005 31.10990536174549
3006 32.29587936978449
3007 33.05369889361831
3008 35.08174889623342
3009 34.54357927482693
3010 36.16633244464258
3011 35.181293921561114
3012 36.989173213344515
3013 36.83797368485976
3014 30.865229557777543
3015 31.569398447033542
3016 30.349932332449498
3017 30.73482641863425
3018 30.894034416345683
3019 31.072983019998812
3020 29.116556176052534
3021 32.28616516435493
3022 33.77485689010107
3023 31.679259105842863
3024 31.708914131574343
3025 31.734509573875318
3026 30.720576097880308
3027 29.934393536790704
3028 29.065083945741726
3029 28.261529655607003
3030 30.013063739356035
3031 31.34654484531968
3032 31.77439864646576
3033 30.527451407185914
3034 32.91826057928302
3035 31.390256430558985
3036 27.74157094235584
3037 29.673496218545633
3038 30.259148745266348
3039 29.35030586553858
3040 31.541744425881664
3041 31.337263331454103
3042 32.468182294492465
3043 30.508672874294675
3044 29.929717924483885
3045 30.794367829337695
3046 28.560845365008724
3047 29.60723609353871
3048 31.973383774462125
3049 28.805405482899154
3050 28.540165230288196
3051 29.092121786669075
3052 28.748975755843222
3053 27.815709777806767
3054 30.9771457067491
3055 29.644972675870456
3056 28.616005371072607
3057 30.40896568082293
3058 28.916217418665124
3059 31.938355239913804
3060 33.493568881791184
3061 35.09989269229351
3062 32.82744111884739
3063 33.92838243884856
3064 32.403654251773574
3065 34.20876577426259
3066 31.607956325137323
3067 32.26258347177048
3068 28.178255692287557
3069 28.56455737224659
3070 29.848954991463174
3071 30.371331394669344
3072 31.76813589912499
3073 31.37339847735796
3074 31.437855107668657
3075 33.3756012801406
3076 30.487798309056124
3077 31.460459887568863
3078 30.58912546659413
3079 28.37599184423285
3080 31.729310745317857
3081 31.490547387559843
3082 32.24150157351921
3083 29.771663992562498
3084 28.432802208338252
3085 29.612129722874567
3086 28.575447465411987
3087 31.01535202803204
3088 31.40333066407923
3089 31.186537469344778
3090 28.550350674055263
3091 27.769525087534916
3092 28.475868773057776
3093 29.065285526371948
3094 29.525519950457586
3095 32.050732785041674
3096 28.27357919495246
3097 30.3569908299327
3098 31.398759721886798
3099 32.60025623698432
3100 34.37531370315983
3101 32.53916358571598
3102 29.492239600430228
3103 30.803254428442035
3104 29.017970605060473
3105 29.83245752997692
3106 31.20387904472542
3107 34.83095276906514
3108 33.184957393397504
3109 32.54790754323832
3110 31.0261749518243
3111 34.22626038589628
3112 33.52199725162148
3113 28.378241224089617
3114 31.57008668807336
3115 32.714089930308965
3116 27.530496772806796
3117 27.43901447528418
3118 31.834952200532804
3119 28.50745409229929
3120 28.617866479563997
3121 27.26051978754401
3122 27.46235122055601
3123 29.454545834585215
3124 29.135188532452766
3125 29.10860687712127
3126 30.608804234675077
3127 28.26913918149788
3128 29.785684288098025
3129 29.023463122886334
3130 28.754939103809274
3131 32.099694702171504
3132 29.596565368934574
3133 31.68512600007332
3134 29.31496013021265
3135 28.591574575289656
3136 28.54581716998593
3137 29.093639065750185
3138 31.008861586051832
3139 32.885076571748584
3140 32.385709106448736
3141 31.95160458643165
3142 32.931232344632676
3143 28.75296665198813
3144 28.69064856034581
3145 31.958343019847565
3146 27.762866404737508
3147 29.085567656983578
3148 27.992574036197425
3149 30.51591682318389
3150 28.36105397820278
3151 29.185505243333733
3152 28.645030589741857
3153 31.24460240875915
3154 30.518390962976614
3155 28.573313315980457
3156 28.370040991416047
3157 29.290330985335594
3158 31.21810355771205
3159 31.99678709122958
3160 28.770823973845317
3161 29.7797000093652
3162 28.326568644764233
3163 28.52038980118701
3164 30.156915337649224
3165 28.31250765706899
3166 30.121365779242613
3167 30.160948624453972
3168 29.719494415339103
3169 29.887278848722204
3170 31.324796550459425
3171 30.191784115335427
3172 32.33161471260516
3173 32.333921348804466
3174 31.49644326606615
3175 28.95167425323512
3176 33.27127978006229
3177 30.871310980728015
3178 29.77842314757903
3179 31.67088424522675
3180 36.153655272293214
3181 35.214511446887784
3182 34.45999155249406
3183 33.90219210101723
3184 34.9180693666237
3185 34.663002168802635
3186 32.028442983093875
3187 32.70620150355052
3188 34.06453025665508
3189 32.26509018421234
3190 33.63156918569796
3191 32.13880587920334
3192 31.891553298428718
3193 33.44000437303094
3194 34.245742190017495
3195 32.64545127777623
3196 35.294954777538535
3197 32.6633419941458
3198 35.13610973676639
3199 34.176940975412656
3200 33.110248400955605
3201 31.381148695240828
3202 29.24844262712417
3203 31.03058025367306
3204 29.137081572223302
3205 31.064092167376824
3206 29.814385885477893
3207 31.66113531278615
3208 32.24165152009119
3209 31.475494438574735
3210 32.9070733763774
3211 32.57938853894439
3212 30.416105826156304
3213 33.801657259699574
3214 31.783799755604328
3215 32.85314430347646
3216 34.28492475626346
3217 31.89546663040144
3218 29.680524240425914
3219 32.824910474645414
3220 31.300777134276878
3221 30.608761235981483
3222 27.981253580312497
3223 27.395654440949873
3224 28.531589360296117
3225 28.765077990369434
3226 28.818248100536145
3227 28.48360301447375
3228 29.293868654500837
3229 29.510007275406913
3230 31.079899883527773
3231 31.039030139559312
3232 29.974958119573046
3233 29.797076411776832
3234 28.47541162235392
3235 29.510855800069667
3236 30.279499156645578
3237 29.98936323344029
3238 31.107484267907846
3239 33.542990096170385
3240 32.75912575632582
3241 32.29835225426331
3242 35.12486729329054
3243 34.18169564337541
3244 34.32077277734255
3245 32.350222946177134
3246 32.372983578275566
3247 31.66958752892662
3248 32.656765513135795
3249 30.948045613790985
3250 31.826162416480354
3251 34.69106591204386
3252 36.22398688277757
3253 32.974872426838644
3254 35.147119881029795
3255 32.66280811583562
3256 34.99119498829834
3257 33.61897533899968
3258 35.5570008868392
3259 34.441513374166306
3260 34.31553712709403
3261 34.989512571836606
3262 36.75307200220586
3263 35.68194058311486
3264 32.78155743090763
3265 33.3933935549789
3266 33.09333550315242
3267 33.65046954943226
3268 34.64024704891339
3269 33.37574297643817
3270 34.36907782935014
3271 35.56798567740919
3272 34.22509676417102
3273 36.12680785271305
3274 34.08446090292074
3275 34.08059084921989
3276 32.720894275002244
3277 33.52597918495926
3278 34.017633407824206
3279 33.853798692601984
3280 32.371138754852424
3281 31.895069080690227
3282 33.531459771112345
3283 33.13489909704595
3284 31.651410818949877
3285 33.867723796170196
3286 34.20587210212782
3287 33.70006048605747
3288 32.772084002752926
3289 34.73060560279003
3290 35.65277546175405
3291 35.69836939992826
3292 37.238514967708674
3293 35.95933501828601
3294 34.97960916347821
3295 35.736001797473264
3296 36.147077984599875
3297 34.912025488099104
3298 34.16898012433919
3299 36.132627060125984
3300 33.42230401759028
3301 34.778799330666295
3302 35.12075492121544
3303 34.892221182885166
3304 33.83780488282803
3305 34.416807809770646
3306 34.67022297922041
3307 33.62813211240758
3308 35.679792422045814
3309 35.90609115266483
3310 36.83802820568146
3311 36.55883408864017
3312 36.43169598518833
3313 34.93253569023957
3314 36.38855812476673
3315 36.60505457932061
3316 36.180253487327754
3317 37.11493382539229
3318 36.877596342074796
3319 36.948643058463794
3320 31.161690016813957
3321 30.933824630218467
3322 31.29141836480685
3323 33.78394393103639
3324 30.995284748228613
3325 33.09615484301924
3326 32.626299743161226
3327 33.92101618121955
3328 33.055693179878254
3329 33.26611204122595
3330 32.31138080023207
3331 30.971492749736978
3332 33.7809795479291
3333 33.63911567936496
3334 34.127210870265515
3335 30.851020660679815
3336 30.943771314590194
3337 31.468126844546923
3338 32.859988237450246
3339 34.2033180203586
3340 32.87900669857682
3341 32.941209183801384
3342 32.72023032809305
3343 34.00105274442129
3344 31.7049129933568
3345 31.026304363857516
3346 30.21329128218205
3347 28.71552085811948
3348 29.354401790948415
3349 30.02271868935412
3350 29.109339856939854
3351 30.213928392324643
3352 30.727059247877925
3353 31.422051792667975
3354 29.579492994894014
3355 28.533392530410914
3356 32.59912119592684
3357 34.720366155742845
3358 35.16405193559324
3359 34.4469120228882
3360 33.579374880173795
3361 32.11332193042524
3362 33.252585528081724
3363 35.916916289425885
3364 31.881415708212444
3365 33.09858008173871
3366 32.011109349276076
3367 30.174238351534974
3368 30.180408022724016
3369 35.19117729908303
3370 32.70687726342605
3371 32.31263639111689
3372 31.69575692164411
3373 31.62632319530474
3374 30.85492602017919
3375 31.43281579143875
3376 31.966701234764173
3377 32.621047556491604
3378 33.516769856203595
3379 33.34752155045094
3380 29.868760883644054
3381 29.221449705923536
3382 29.478678649111252
3383 32.08561244204848
3384 31.752924432690655
3385 34.383667939514325
3386 33.56952838897159
3387 32.15692108418551
3388 33.27467138087917
3389 31.2207464410692
3390 32.65346294784947
3391 32.47324458531676
3392 30.337765912238382
3393 32.36106697926354
3394 29.58973816462326
3395 30.976783477844844
3396 29.688965131046878
3397 29.663173659105652
3398 28.80129007147012
3399 29.92014337826717
3400 30.358142869865734
3401 32.27240424648273
3402 29.612439857302867
3403 31.369370542274904
3404 31.178012367207344
3405 29.470349175619322
3406 29.598358083242225
3407 30.766916595332425
3408 33.70845831732465
3409 32.05618002367169
3410 30.94421280954839
3411 32.796126937429065
3412 33.04657386452425
3413 30.89270596844291
3414 33.49421628421064
3415 31.977147539857597
3416 31.189680344002053
3417 31.573438949742066
3418 32.0762435295267
3419 30.996068839339486
3420 33.040410757398206
3421 32.425430625063136
3422 32.62433174533074
3423 32.20347519966335
3424 31.65161962569826
3425 31.720402404716758
3426 31.710114152572707
3427 30.192116118419836
3428 31.87180042702932
3429 30.830095992632174
3430 35.54644355726364
3431 34.63684595800752
3432 33.45243164799091
3433 30.372218249128835
3434 32.16446015967468
3435 28.53126698036388
3436 30.144380326487862
3437 30.67039258827102
3438 29.20573573119268
3439 28.2824626710418
3440 29.732010892834293
3441 30.5178400712263
3442 31.26856341393412
3443 30.953077656598655
3444 29.36606893253146
3445 30.919055706968024
3446 29.221490441810374
3447 29.79865603510427
3448 29.362759856769728
3449 31.564271177244112
3450 31.59093648678764
3451 31.374129974437068
3452 28.955249194952362
3453 28.310225941826765
3454 30.01096644786764
3455 28.065002334461997
3456 32.807879650057465
3457 33.296826391213315
3458 35.065472922495154
3459 33.391325071901306
3460 32.83029121021144
3461 30.405391701357622
3462 30.148263792337794
3463 31.287433249562696
3464 30.53106634637456
3465 29.30913479535709
3466 28.06595179564257
3467 31.126460260684787
3468 28.952083987637778
3469 29.00104118372379
3470 30.344488717948302
3471 29.168872028523133
3472 27.849001257310363
3473 29.17040407802728
3474 28.686211550994486
3475 30.439576858156816
3476 30.045034720950515
3477 29.759728303202806
3478 32.11017653401232
3479 31.938407567552332
3480 33.90505672957172
3481 30.87829542090475
3482 30.7795335921465
3483 32.32084179273141
3484 32.13988992901277
3485 31.835518564154775
3486 31.979698433853876
3487 31.48716168086946
3488 28.814122552099597
3489 30.765807443753094
3490 31.0306532784828
3491 33.05282548599361
3492 27.97036421979556
3493 27.59592306150928
3494 27.34832051673532
3495 27.651745590158722
3496 32.482889011180674
3497 31.825905257831778
3498 33.970825302705336
3499 34.71942187421603
3500 33.69326191538246
3501 35.300171852667496
3502 35.03286047535866
3503 34.145214293189824
3504 35.261026609452394
3505 32.57135539190029
3506 34.177584174837946
3507 31.650246032530696
3508 31.3558247139296
3509 30.214196550720803
3510 30.564113018609476
3511 30.783421406102438
3512 29.905924311725848
3513 29.261754491307446
3514 34.989341806315856
3515 32.81752227096741
3516 32.990699872855615
3517 32.35922809434741
3518 31.689979189202287
3519 32.99976811405012
3520 33.74146565589858
3521 34.26346729564137
3522 35.53420195298196
3523 34.38894907018692
3524 34.498017730024756
3525 35.255131789510884
3526 32.908755940072034
3527 31.840933346128175
3528 34.29772367472259
3529 33.047574734484584
3530 32.6877334776622
3531 35.44837678184195
3532 31.491814802346617
3533 32.60274335348323
3534 31.357045387807684
3535 33.673274659271065
3536 34.13816855659841
3537 32.67682674568705
3538 32.78838804321512
3539 31.34405163266149
3540 28.509085434797903
3541 29.46968407463247
3542 29.49360710356197
3543 31.587861516725887
3544 33.167534960056486
3545 33.49538292321749
3546 35.04171369638382
3547 34.26465651605782
3548 34.61152097999978
3549 35.20943512567264
3550 33.03367058657969
3551 34.5088774520597
3552 35.42370317483355
3553 33.835383143387304
3554 33.98388587040356
3555 34.19961043567785
3556 34.51541974456411
3557 32.34654013054316
3558 35.30047056719901
3559 35.43435152442576
3560 33.02368654869753
3561 33.94802790433048
3562 34.1202209141305
3563 34.71951568749502
3564 32.2011001065867
3565 33.99755445207743
3566 32.4676563963961
3567 34.46654722614035
3568 35.17788867515903
3569 34.756852684729786
3570 35.54879587637142
3571 34.865700762070176
3572 32.79142775624034
3573 32.961993814921016
3574 33.50484459781209
3575 33.81462213142974
3576 33.565480499261064
3577 34.13860451857071
3578 36.27061169811405
3579 35.542952010391204
3580 32.79428604430619
3581 31.253426587137
3582 33.049608930851306
3583 32.94244130438918
3584 30.310297249371224
3585 32.50369951515837
3586 30.029853921714903
3587 30.280771435343564
3588 32.04960340971942
3589 29.16946255947176
3590 28.578678746098284
3591 28.80721836992376
3592 31.65930098238514
3593 31.57451740563616
3594 29.937238202483318
3595 30.65325559601593
3596 30.69184704544817
3597 31.946232395592606
3598 31.996415594005718
3599 31.120443021960885
3600 30.732603724042924
3601 33.53604887030119
3602 29.268325450138498
3603 30.310880692191493
3604 30.465996967874638
3605 30.78883330664486
3606 30.727686168830214
3607 31.357918437072524
3608 30.95431024580685
3609 32.36222102372045
3610 33.00980719786636
3611 31.69640029059912
3612 31.86490465869259
3613 31.565913566084557
3614 31.696777063763804
3615 32.20497127020621
3616 31.63501913066205
3617 35.6736504762213
3618 35.20554512168623
3619 33.966335467486076
3620 32.502162637914125
3621 32.96652451857373
3622 32.482427713682284
3623 34.746198109562194
3624 34.16197815150349
3625 32.67863929857345
3626 32.066229046183906
3627 32.89371775691082
3628 32.05913975699786
3629 33.37234451201904
3630 33.595496807147306
3631 33.24225275740013
3632 34.082984221052506
3633 33.65427341427796
3634 34.5200540512134
3635 34.919126872436735
3636 34.17697273642963
3637 34.89785492797006
3638 33.7743832595061
3639 32.69152268922981
3640 31.69177401425307
3641 34.455295875174734
3642 34.093753871072366
3643 34.43433871469006
3644 33.77138825165546
3645 33.34034299672991
3646 33.72689948390805
3647 29.985482429109688
3648 30.019731519237922
3649 30.826762558245598
3650 29.801262452902417
3651 29.876418991344327
3652 30.341585536861484
3653 29.410795496277395
3654 29.186437308919484
3655 28.09610442487006
3656 31.763178867598214
3657 26.27778449789332
3658 26.12545469878848
3659 30.288623381195194
3660 27.696509372003746
3661 28.570132255476636
3662 26.982694662738876
3663 26.61049731025405
3664 29.595191516802085
3665 29.114338245501223
3666 30.724275969800367
3667 31.349296465730664
3668 31.14064706021272
3669 32.53812186440565
3670 27.844684741222768
3671 26.5282700204022
3672 27.32382937328943
3673 28.54152280475455
3674 26.180770643940974
3675 26.354431167859502
3676 31.756109794069804
3677 32.11641565610918
3678 30.878724903060554
3679 30.76776586530545
3680 29.005688041913842
3681 30.29122345069095
3682 30.218638470096202
3683 33.1438466458012
3684 31.849501442353898
3685 30.86015369428933
3686 29.77499399549411
3687 31.397980007632206
3688 28.960618003660496
3689 26.3662804009505
3690 28.81241957467227
3691 30.708133689096297
3692 28.617263106048842
3693 31.067186094809188
3694 30.71704342875152
3695 33.49326948867125
3696 33.621385737540564
3697 30.088488205686037
3698 31.86616549905826
3699 33.96048896141149
3700 35.129311546664205
3701 33.500844687446026
3702 31.68470150966446
3703 33.053362748212
3704 32.84216642517189
3705 33.76741484168346
3706 31.280491527686088
3707 33.34833673528162
3708 33.815186413876916
3709 33.127797700621954
3710 31.609852619498557
3711 31.24368192942786
3712 31.151949356734324
3713 32.818714666870065
3714 31.375255411588448
3715 30.85590478312937
3716 30.74501713410921
3717 33.02261265682725
3718 34.82841557826832
3719 28.911683537416433
3720 30.509391510234646
3721 31.269519294140846
3722 29.8085022377006
3723 29.92629235731698
3724 29.635634056121813
3725 29.831171418533227
3726 30.489512140081857
3727 31.190258147164446
3728 31.442248624999976
3729 30.072694346189
3730 29.72442116933587
3731 31.48953443704675
3732 32.62455066272721
3733 27.483900143909604
3734 30.018770385154316
3735 30.498198045725204
3736 31.73561861509101
3737 31.94398428882816
3738 31.282794821097234
3739 28.04537489873295
3740 27.594347750971128
3741 28.67009149941968
3742 26.557482245044646
3743 29.518794815046025
3744 25.78306631078421
3745 27.409614016053673
3746 27.21494346566531
3747 28.373221095205487
3748 28.15537572703217
3749 27.39999066184232
3750 27.722407189089378
3751 27.063165059815688
3752 28.974895517156263
3753 29.720269364411408
3754 30.135020584550098
3755 31.786995112219074
3756 31.468626138902565
3757 31.701274490537944
3758 27.955084096520245
3759 27.468444066541796
3760 31.111131791287818
3761 31.57663407650521
3762 33.48472449121194
3763 29.06800881200354
3764 29.44371654800052
3765 29.291523863490674
3766 29.19971064379798
3767 30.039394796348038
3768 27.9819238660918
3769 27.683971598097045
3770 28.636878443725994
3771 30.00688710853177
3772 29.928400296976367
3773 30.854348630507232
3774 30.268432380253515
3775 32.40459453859476
3776 34.346185624323574
3777 34.14842963870503
3778 32.97638678514673
3779 32.40312145855993
3780 33.20381540918347
3781 34.30529360382443
3782 32.942581041731565
3783 35.3468869341188
3784 32.09567320491339
3785 30.35972837721239
3786 32.06177747443163
3787 31.868807944588017
3788 35.755174938484565
3789 34.766884268671184
3790 33.83359740495781
3791 32.948044633146075
3792 32.81458676855966
3793 33.1237779510915
3794 28.847363412793623
3795 27.65684608948075
3796 28.921241285665477
3797 28.787652792933123
3798 31.824124745839132
3799 29.58784813304781
3800 28.931599233490942
3801 31.899701635850192
3802 32.708848190112555
3803 32.97489530098804
3804 35.72842460868273
3805 32.77751316406032
3806 29.49886973589632
3807 32.34101496824368
3808 29.67496972865695
3809 31.286496035067877
3810 31.685803868658965
3811 29.68033433988364
3812 31.070032832949984
3813 32.53269249670793
3814 33.75699440906117
3815 33.294926499807175
3816 32.68029078425519
3817 35.236940135804986
3818 33.63107505747477
3819 32.2712305362181
3820 35.10624097397016
3821 33.36763804146501
3822 32.66442111168265
3823 31.1350089351757
3824 32.87701911556665
3825 32.126531976769485
3826 30.032597619053647
3827 29.08891037878806
3828 29.314368019379813
3829 31.652393366907205
3830 30.211831565071837
3831 29.78675376674088
3832 28.081582127041422
3833 30.849531183276916
3834 31.11403868124298
3835 30.682539872248483
3836 30.928157872604114
3837 29.72159452923007
3838 30.90838775162391
3839 31.009789556625428
3840 33.258994592874664
3841 31.42062934590016
3842 32.44027158823472
3843 35.130207329368595
3844 33.06209980974305
3845 34.696119083488114
3846 31.15373894172062
3847 30.346386228342833
3848 34.081301651127276
3849 33.129224057773556
3850 35.2018591075143
3851 31.669107439951837
3852 30.814961791948853
3853 31.158533266927712
3854 30.440065108593632
3855 30.581134715164747
3856 31.96499908958083
3857 30.46062943407524
3858 27.41275729651872
3859 30.63776728515607
3860 29.08618632716758
3861 28.75743648081432
3862 29.170434930729844
3863 31.89376508571685
3864 28.695859448275417
3865 28.65598328079963
3866 28.627499379788098
3867 27.272817245402187
3868 29.515868517340174
3869 32.00699247447161
3870 31.122743982289713
3871 32.12207648058169
3872 32.03875235044062
3873 32.52177327359624
3874 30.370606548394317
3875 31.93335782094717
3876 29.385049731149735
3877 29.822613571226448
3878 29.641474967583335
3879 32.51818855608518
3880 30.947258044138408
3881 33.220359481622076
3882 34.90418018488226
3883 37.89520852862766
3884 34.84771243072739
3885 34.42411117365987
3886 33.403557108068135
3887 30.655479046177962
3888 31.62576967087762
3889 30.992180885222837
3890 31.659249463756147
3891 33.81635456942174
3892 29.884176713704388
3893 30.151546181781644
3894 31.125995319578433
3895 31.451196855292817
3896 30.084856467837678
3897 27.13492013796539
3898 25.910252023382604
3899 25.55556113418078
3900 23.238392062216004
3901 24.731945988794667
3902 27.781650789016435
3903 27.266669260873453
3904 29.78966486332416
3905 28.52750988629226
3906 27.88984187090069
3907 29.172621594604145
3908 30.491574267332
3909 28.077279917538966
3910 29.91105728551131
3911 27.511540850714404
3912 28.854531053015606
3913 30.394726983019172
3914 29.477479062000363
3915 32.22733546113748
3916 32.400112402686986
3917 31.046865398383368
3918 31.317543598960224
3919 29.566745947194036
3920 29.176680489306026
3921 34.87746628163702
3922 32.86056325024624
3923 33.73675129760604
3924 32.65165486888765
3925 33.70050781691684
3926 30.16653740444118
3927 33.02935047237496
3928 33.3782921187658
3929 34.13193168366569
3930 32.75036988344683
3931 29.141191837441294
3932 29.95297245240082
3933 31.849108567823258
3934 33.26953212591428
3935 29.199433945278276
3936 29.333359559199177
3937 27.16316196704915
3938 29.643756648520885
3939 29.896802373858566
3940 26.90364633378707
3941 28.721256539689037
3942 29.19493704330288
3943 28.333794636598345
3944 31.780088076703183
3945 30.344517924335527
3946 31.18806224359951
3947 30.998777736859484
3948 31.401893341810954
3949 32.55535012135821
3950 30.373586552139475
3951 30.388990002915097
3952 30.542097233808704
3953 28.879430949768796
3954 30.606112277506206
3955 30.574545165328068
3956 32.70700520099977
3957 29.711350813659077
3958 29.955875612877286
3959 30.889481043436295
3960 30.3490421790847
3961 28.3865720068054
3962 30.483996941132343
3963 32.269383636538215
3964 30.09738662197735
3965 29.460029754520715
3966 29.12855026796921
3967 28.202419103008634
3968 29.25629903003269
3969 28.193121942303296
3970 28.709051754824145
3971 29.588543894308103
3972 29.07708656702618
3973 26.986114322375293
3974 26.899263737016
3975 28.224328768566238
3976 27.309009370999348
3977 28.051330542465465
3978 29.02750298972944
3979 30.19610249835905
3980 30.363546722223134
3981 30.917367008220456
3982 28.95950037788779
3983 30.181279023146647
3984 30.54009537902558
3985 30.187821676659897
3986 27.50171621054155
3987 28.728053935950552
3988 28.705679740573384
3989 29.36719875652687
3990 28.043359988163505
3991 28.542992057639623
3992 28.26050909778561
3993 28.241923708356886
3994 28.738257506554483
3995 29.492089929009754
3996 31.18886888831265
3997 27.7069887744417
3998 27.208171743191667
3999 29.604217617197584
4000 27.654252790925046
4001 26.131500958219682
