0 27.562586641241676
1 28.797190901617476
2 25.676481893577282
3 27.10276973436973
4 24.138033067196503
5 26.771496991424936
6 22.554547902426922
7 25.705419528023963
8 28.97020880014068
9 19.84401025596882
10 16.18630364238819
11 14.831971632610923
12 14.38599275485467
13 20.940739571641657
14 20.0374345191169
15 22.10304473515249
16 22.999592862073285
17 29.030969755297754
18 25.430374705570625
19 28.833656138154534
20 29.50902159693991
21 26.46551848148909
22 33.03587336285045
23 40.19604221007608
24 45.1086237009139
25 39.57222677680737
26 39.320262605188184
27 45.24593521991564
28 46.63707621541662
29 49.328253445318815
30 47.09039453970736
31 47.715198154601346
32 51.42957923555372
33 55.59194443469365
34 57.45545401328197
35 54.5328108905344
36 58.11931981847131
37 57.987308662230966
38 59.45912935012176
39 58.45188325312137
40 59.77397896441133
41 54.716136017893994
42 49.444976214122526
43 49.73254177613828
44 50.02587211565208
45 46.68242926035069
46 50.13897394130168
47 51.188923661209394
48 48.13482072021789
49 48.0183297335108
50 47.368140975297564
51 46.88384216799182
52 46.802594437521044
53 45.383830526254265
54 49.34365602289805
55 48.91294589287791
56 50.653182716300094
57 56.46732123320204
58 58.66096540756265
59 56.16980374567508
60 54.80607452580206
61 50.982426792034445
62 43.98238807652393
63 44.30217778780599
64 47.608927524158034
65 44.65241261808376
66 44.27140941392761
67 44.3473230531224
68 41.97253939492154
69 44.135790900087
70 40.46255218713291
71 44.12745163949517
72 39.65799989592838
73 46.127486482036005
74 44.42990118830432
75 49.176841290042226
76 48.10546656563673
77 45.73144126778074
78 50.335881895036245
79 48.745590548527616
80 49.57540833488061
81 53.631814684384224
82 54.74891571579074
83 54.04342566365103
84 52.82578813081993
85 49.976352124495854
86 51.47372989505933
87 51.940011071339725
88 51.927987925991495
89 53.93292111000062
90 57.3609713220467
91 56.485853417123266
92 55.362749118056556
93 51.821744148992714
94 50.2154949027687
95 47.961970748923065
96 50.343655622457874
97 55.07991916446441
98 54.57931487744353
99 52.49204821946825
100 51.800227267687205
101 50.650701909442155
102 50.22646370571578
103 53.317776935204314
104 50.51005154758299
105 50.40952095902466
106 51.91975993192206
107 53.212659933496774
108 55.097097127545645
109 54.937087391499155
110 53.73960321747888
111 50.89999068973637
112 54.5392709899625
113 49.61908503594581
114 50.044488719335696
115 52.00729573384581
116 55.71731825690558
117 51.74243711588409
118 53.95126683754227
119 57.963878711773106
120 64.0366005253685
121 62.799081725024735
122 62.20460760012391
123 60.083378890535954
124 59.12413498141655
125 61.27334053410995
126 58.25659258636782
127 56.34930709001622
128 58.131917995276304
129 60.61391265823944
130 59.85849492108517
131 55.62241576190816
132 56.4609514388414
133 54.70780152041208
134 55.74394590180398
135 59.63941951716553
136 59.22237765298772
137 60.42537878692267
138 62.214560473332575
139 64.56905038041558
140 62.619686200309694
141 66.18222338126354
142 60.665052858752475
143 64.10219677044508
144 64.56383769558005
145 63.38231955584706
146 63.77273748946851
147 65.92861608307872
148 63.15661227077219
149 64.1107537954043
150 65.73760203614313
151 66.54703818078838
152 67.30512535079598
153 62.995264322335935
154 66.59616770241827
155 65.38742070227859
156 65.04864902827691
157 65.97256560907266
158 66.77545467919094
159 69.17511252065422
160 67.4998800681801
161 69.17157327235357
162 68.557609231778
163 66.19896616179659
164 66.11159347988928
165 62.62622127857865
166 64.76547990940061
167 65.17742674755115
168 60.868148485511334
169 66.41668851368144
170 63.60838336494736
171 58.70267569406619
172 59.909293403458435
173 56.96885533398944
174 55.76973867084068
175 55.668807435527874
176 63.696104768547876
177 61.81869496776084
178 62.02322762044814
179 62.82197079611702
180 61.87435886204679
181 65.07591020632452
182 63.98739099501257
183 65.35313615674382
184 64.56342312484658
185 68.54215476306612
186 64.62040820354218
187 66.50683021254333
188 63.248578042734835
189 62.50611080328084
190 62.552963611365676
191 63.56739338485811
192 62.61295990995337
193 66.35091603139196
194 62.73801326980884
195 68.75532692339317
196 64.11529173916254
197 64.39750512481434
198 63.083919612163626
199 62.908043914443184
200 68.28271103973427
201 63.665459590532706
202 64.0894224851091
203 58.02569039741935
204 61.164510017383726
205 59.71004309350068
206 62.658670376052406
207 64.60666824018321
208 64.2012876969347
209 64.88198437453018
210 65.71264379874579
211 62.53418993347151
212 62.59986662222542
213 65.76498702833597
214 66.63893987747966
215 64.71095347687131
216 61.7024327527184
217 66.13484874356824
218 66.25745644770603
219 63.640753717782225
220 59.7186991852249
221 63.3391275647317
222 62.38642261579566
223 62.93346524929783
224 63.697432364299644
225 63.57262858818924
226 59.58177024103515
227 54.25101100080148
228 53.268998909409575
229 56.30266275904072
230 58.46501911588752
231 58.44064700914572
232 55.345341530677885
233 57.731127464650164
234 54.74796232901808
235 52.031075313373385
236 52.10150526504538
237 49.9938234334606
238 46.18527580361096
239 44.26474116003276
240 48.121521863298184
241 50.05970462984105
242 48.83889499111217
243 48.462384513887365
244 49.281928728069865
245 46.95526847192037
246 42.744559287104174
247 42.39942461289371
248 42.48812270520162
249 45.16605477726776
250 43.67055469492134
251 46.26619154245747
252 44.600237053746255
253 42.388893163218974
254 44.55074027919746
255 44.86066883359804
256 47.62323254574111
257 49.347388482579085
258 52.54235858479391
259 51.52165443345011
260 48.80337962797741
261 48.119898138833534
262 51.03484129357089
263 51.98125820128243
264 49.018894456163515
265 50.56886972742184
266 52.13609608108168
267 51.13381201670731
268 54.26492997889747
269 48.64540325548829
270 49.02923500635653
271 49.465103856711266
272 47.304255635374446
273 47.95034671909959
274 47.71612573267157
275 47.14390958308907
276 45.92741005970378
277 46.68263195275009
278 49.12860476394949
279 48.36198197914866
280 48.3796095651294
281 50.728545696816205
282 46.2024013987971
283 44.725984823384366
284 42.23483627131668
285 43.46142913675452
286 46.189136965047744
287 46.16341219757955
288 48.03157208298343
289 47.500885569255196
290 47.04002282278365
291 49.508119913802126
292 50.86511415856333
293 49.2567748362799
294 49.61891852851871
295 53.46283658053129
296 51.71893701874348
297 55.57663262614345
298 52.10231643468642
299 52.40906759587122
300 53.061213641490205
301 49.796908671388216
302 48.616091686710575
303 46.4331591146689
304 52.93387701077953
305 46.81134848466258
306 48.2032519982786
307 50.30636166767352
308 50.0650425976507
309 46.22735084017098
310 46.81603574330927
311 48.61269558748467
312 47.034033546138474
313 46.09695250627835
314 48.03287388438811
315 50.82558001646336
316 55.082938749977686
317 54.75518562649393
318 49.29579044168738
319 51.87405688918085
320 56.82098089514103
321 60.28703729664083
322 61.904798231842264
323 55.718063527667695
324 56.04893733202497
325 48.01169216977343
326 49.71392497874229
327 48.18209005259777
328 44.558699414498776
329 45.91538129447753
330 46.54673423902812
331 51.73278407562216
332 49.69411886190658
333 44.92176292338657
334 45.33741252097876
335 47.47691488418138
336 49.88165975420246
337 49.28489781749119
338 46.09691790327778
339 45.45847666815122
340 46.525073414580206
341 46.39162110801543
342 45.25931236403857
343 41.51257974010161
344 45.985606262516484
345 45.10358404507948
346 50.56122779157392
347 51.38902200959969
348 52.31519565142582
349 48.79405637493708
350 48.33950485333838
351 50.71832369606732
352 48.95343012510921
353 45.56307052682959
354 47.42897735707568
355 46.56820183546024
356 48.72023173972227
357 49.214294840280886
358 47.08509703014611
359 47.68120743170717
360 45.64930783684301
361 42.8782628654702
362 46.80819830903525
363 47.10125701312224
364 45.4636110854016
365 40.80479179229811
366 43.17953141501313
367 47.65070440714197
368 45.817506099692785
369 41.424740665803014
370 41.5480838987961
371 49.32638740135143
372 51.253123776193
373 44.44348756617921
374 49.422912632348094
375 51.25330842173885
376 48.54753277808941
377 47.3120329578085
378 47.405675174680624
379 47.44944431177342
380 45.41271638752242
381 44.12828446126745
382 39.68260645849307
383 43.80779456487438
384 46.721367001328275
385 50.47880664729913
386 45.84675181863793
387 50.89075332912479
388 49.9377637043848
389 47.62498400671496
390 50.21859173241455
391 43.63280053265385
392 42.826523563945756
393 42.365177240701456
394 43.32187595069066
395 47.49228702854831
396 48.99596509678436
397 47.59770301043186
398 42.90875815789977
399 45.84012924339486
400 43.62950611754711
401 42.36393338221942
402 38.87265811139947
403 42.04974989240281
404 45.04657358295989
405 48.93869866518123
406 50.4186041393498
407 51.09862728526502
408 48.53788532227542
409 44.60807089915017
410 42.34816476685489
411 41.379466381112216
412 39.18431267504596
413 34.43028097047788
414 33.379193614377556
415 35.26289818432765
416 37.90105411629573
417 38.02687747984295
418 39.60572810257727
419 37.66802707187609
420 41.09385328887669
421 39.993448177587894
422 41.323667615306896
423 41.04945071919682
424 43.28167533752529
425 43.12279246668669
426 46.48407399919149
427 51.199569048831584
428 53.688212950169536
429 52.78233422467306
430 54.73836725565944
431 55.564865767082615
432 50.552412801144975
433 51.1375112583802
434 47.22916177014496
435 49.93652403499766
436 44.64929560299748
437 53.33399605123611
438 53.687559889858726
439 52.50718049355284
440 55.34556996638446
441 52.958110635680676
442 52.37543723159711
443 55.04401744545823
444 48.50787361564093
445 47.80341729289342
446 50.66991157833534
447 46.748909070267956
448 47.850147654140805
449 50.42898393288076
450 51.58969619462226
451 54.20138680966672
452 47.29423874300088
453 48.19188150597591
454 52.897990927055126
455 56.110303745580126
456 51.88409752167348
457 50.880345286380724
458 49.16980125157074
459 48.175704695481045
460 49.791504203811606
461 48.90017870089123
462 51.447480671058706
463 45.96715353639687
464 45.52668267245496
465 37.315312744529464
466 39.783223285654586
467 41.60383307392684
468 37.746339429731826
469 38.05440381541574
470 35.563217906035575
471 40.409411721328226
472 35.262993122573846
473 32.167593472191534
474 33.73621281069577
475 30.44123670882967
476 34.311897276815024
477 39.38939788097379
478 38.55896823840705
479 38.24788772368915
480 40.68435937992406
481 41.14945950437173
482 40.0304806442819
483 37.58349763340111
484 43.87466686600156
485 41.09364578973465
486 41.9515047342408
487 44.60982249906694
488 40.27609799630691
489 44.8889253420012
490 40.43533756007105
491 36.58567810281617
492 40.272695213695144
493 43.85593131742184
494 43.433908609239744
495 41.292743792884195
496 41.39705378758873
497 41.8516942201462
498 44.03890927423463
499 44.301330993791254
500 52.198243451932555
501 50.18477173538577
502 49.67136165034901
503 47.39704283879166
504 44.94511209030887
505 44.20195358214283
506 43.61293725322049
507 44.31140958201823
508 39.518074992333936
509 38.29116058201871
510 35.01335752771374
511 36.00412952602463
512 32.24794514483769
513 34.42992822699276
514 38.57225660430271
515 42.004294867431454
516 43.9847814412263
517 42.8999955002749
518 45.74843235455977
519 45.159024762243774
520 48.94114953701059
521 51.736196495128404
522 50.11713991638407
523 51.559021705257514
524 49.49862964507677
525 52.08255431584466
526 49.631344280183605
527 50.4297531545133
528 52.154288795974736
529 49.381245323992864
530 48.41882908546108
531 49.600154074224406
532 50.95960728182767
533 44.615359006319615
534 47.33819756497354
535 45.983333722854766
536 45.745058184990555
537 45.28404647482574
538 49.8219876650676
539 52.65869138834429
540 49.18841659589373
541 46.157217925108654
542 45.74867278520876
543 40.53311995474459
544 44.67064223609579
545 42.56248371909446
546 46.4102713033227
547 46.832325605908586
548 44.00060724081782
549 40.83756677958924
550 44.33847888386693
551 43.09401325415998
552 47.017499770123614
553 43.86074936136603
554 36.55974681937281
555 44.295316721490785
556 44.631829552591775
557 45.60755315985922
558 43.97729492307102
559 42.14506080033816
560 37.76098894347355
561 39.046819388706076
562 35.91057056647583
563 35.703599640219124
564 32.86478360005781
565 30.782259325233504
566 36.433406488748695
567 35.08565162771087
568 38.95002017905073
569 38.86887920526086
570 38.55648291680944
571 42.96490898529635
572 40.89149227523068
573 41.96374721054851
574 44.12841520130147
575 46.15772205739572
576 43.239748552070154
577 48.50663249774004
578 55.21850951346019
579 48.03983337121185
580 54.771263220779765
581 54.74810577476932
582 52.532123561933226
583 55.63567455019763
584 60.421542844899385
585 63.78888623990126
586 61.43713715733066
587 59.460891435625335
588 61.6578186765957
589 88.10129398183015
590 64.69091176272958
591 65.82179939716774
592 65.54082693919152
593 64.37066996896908
594 65.65148186369363
595 63.00696331191651
596 57.01488021337168
597 57.052082346115526
598 56.04004575972166
599 57.16992614080048
600 57.34130266740365
601 59.52887051341365
602 79.24160328328443
603 75.77270564078725
604 61.82693625958677
605 55.079330895333484
606 53.97866504550919
607 55.82315649942367
608 53.79325133478126
609 59.349889518491835
610 60.95402276945391
611 52.37390005725606
612 46.658107539050455
613 50.06827491423581
614 52.612296334095625
615 44.801418091919366
616 34.86791940750025
617 37.902306288062185
618 39.38364564353109
619 45.11900373006032
620 44.165008444186334
621 48.462242316524005
622 45.3262560339387
623 39.073827213583286
624 36.696332018448224
625 37.56228972970852
626 35.428017879984836
627 42.12515782091002
628 41.65993245460859
629 44.35004972471251
630 43.258441120497395
631 42.87462040265046
632 45.28148177706737
633 46.79624665617415
634 40.99116366584938
635 44.48117188348095
636 48.01473342483792
637 43.13216675472526
638 50.46679968465628
639 50.8840082196639
640 48.0323292329257
641 52.13270876102466
642 54.02556676690376
643 53.15491699258619
644 49.61879385967618
645 44.6925509120651
646 43.07628334615592
647 46.592312817698115
648 43.52690915095372
649 40.41433090892211
650 33.16075511760283
651 35.02746274027805
652 37.873179416721754
653 33.87642831403525
654 34.64165244835536
655 40.001087545554704
656 38.683677895833576
657 37.961721816800164
658 39.83512338219507
659 37.30958977212902
660 38.245551300387035
661 37.01177469512913
662 37.97887953833483
663 39.838798627777486
664 42.42475504986366
665 44.19445079809473
666 45.09496577110829
667 40.17682097227817
668 39.321255013727175
669 39.45034492630276
670 42.89611389211757
671 46.16911598478181
672 39.74738610739563
673 40.8835759696911
674 45.21635033628682
675 43.38917518262825
676 47.20985879619339
677 42.112591066365894
678 38.083006475785915
679 38.51488158235901
680 35.64524505667063
681 37.24589905216372
682 40.35555076964379
683 35.601215959442285
684 32.68353425213012
685 26.44291814439963
686 25.562206111284965
687 22.488175717392167
688 19.876975300477834
689 22.12169263964893
690 22.831843018412677
691 23.870376478803635
692 29.238123149600057
693 29.681951246233858
694 26.551942381506233
695 19.31531119503516
696 18.467483535429302
697 22.01335763656918
698 22.03317574698779
699 15.710256877991576
700 17.260181709007686
701 23.789541691806328
702 25.05757634929435
703 20.50807319825695
704 23.569548651251484
705 23.164619493198465
706 26.42749576871307
707 27.854099700136807
708 25.6647617003639
709 24.843320658585284
710 23.65033159233558
711 22.046172842169707
712 19.622603165957667
713 18.653702979536202
714 16.62369032580582
715 15.609420114417844
716 15.493104170529325
717 17.295682357324523
718 23.36249568420064
719 20.650575659157628
720 23.453731004865773
721 20.95497485134614
722 17.040914064845243
723 14.38193402470411
724 16.425008954649478
725 19.52920402724667
726 21.652289527409394
727 17.271052724873392
728 15.782610638497786
729 17.464834213954546
730 18.63999115086173
731 16.693540366014506
732 27.852132622016065
733 25.055234943703613
734 25.10058507618933
735 15.987144193532066
736 21.299518780597307
737 21.83677960573125
738 22.639409231020117
739 20.391251096714317
740 17.85190612684138
741 17.651928981892237
742 12.452537864327129
743 14.949312480200271
744 13.03803585983114
745 19.592313735122946
746 13.848185970991523
747 15.53100240326888
748 19.426436458516676
749 18.108918283063094
750 14.339306205013942
751 9.28518369223834
752 10.545515132465859
753 12.623889290657642
754 13.996035933365272
755 9.087192728006206
756 7.208397043902387
757 6.97003117226754
758 7.102864033381669
759 7.14134931879918
760 7.190502803016938
761 6.972836847811682
762 7.210443025000527
763 7.298227103491031
764 7.4561125977125045
765 7.280213481745465
766 7.303759999234113
767 6.586270624551936
768 6.314920053079192
769 6.539762838583259
770 6.819702308192285
771 6.692322481621893
772 5.550248751246731
773 6.767888223657074
774 6.600619885386284
775 6.811767781659018
776 6.235449235307463
777 7.336136086979713
778 6.694004931491357
779 6.8642917421142675
780 6.528647783212197
781 6.692692480464057
782 4.201132823538986
783 7.19910650923714
784 6.882541346306054
785 6.42159231076258
786 6.3679228814449935
787 6.472752042850363
788 6.232426524974261
789 6.29531180558611
790 4.392975658549467
791 3.4749499741876866
792 4.995827280756099
793 3.5623065586123146
794 3.7561193960141273
795 4.109556199282891
796 4.534295734724244
797 4.3968668539145215
798 4.3354312473686
799 4.485815772232515
800 6.42920558295618
801 6.572667117143079
802 14.162786063333895
803 14.583174674810776
804 6.7122965402718835
805 9.214665238847896
806 11.457774759586465
807 17.933814405193687
808 19.239040134576392
809 15.75655194849302
810 11.860907582272336
811 15.871531688744739
812 11.084452386170275
813 9.704008255287514
814 14.233890866773947
815 13.960588737537533
816 17.553516492438163
817 20.94092843636682
818 18.228154269480765
819 15.461999393732114
820 17.29112965076692
821 19.186496746053848
822 18.07384691664853
823 13.491328813486803
824 13.7544436234979
825 13.909931074749792
826 15.000172401506036
827 13.220935416987219
828 12.216923097939839
829 10.947236981786316
830 14.622941246924356
831 17.140939878533967
832 17.194267881992488
833 14.581960114691226
834 11.023598187897846
835 15.719709202022951
836 11.622321886318272
837 13.04974618017123
838 15.078575596026313
839 17.08297335945622
840 14.601850869877772
841 16.42734951301477
842 16.528419040469764
843 15.598143593803904
844 14.780298222120848
845 13.423462710571652
846 12.614838872367734
847 13.631267242795028
848 12.566301804356868
849 12.235473116438706
850 13.306937785538816
851 17.189740763709626
852 17.31114831871029
853 19.31484333523234
854 19.713628890664552
855 16.4900895960748
856 14.683497242504641
857 11.604669211171045
858 10.527346744116295
859 12.376258088695412
860 13.175849961513713
861 13.60273446653559
862 15.142345904511236
863 16.660623127515933
864 15.860545809066338
865 15.264760320383923
866 16.629769104811434
867 15.79023403583664
868 15.95888182398968
869 17.778635228651765
870 15.135273169476514
871 15.327047080374548
872 14.328776624562394
873 14.738109097244317
874 17.784719793433357
875 17.44396381813581
876 18.30465382075228
877 15.285020921914603
878 17.261439808971684
879 17.17977086027529
880 13.861506344923118
881 14.499525285245047
882 14.782125981238387
883 14.684988831067894
884 14.978916619979081
885 15.153857630800829
886 15.155836742587336
887 14.418191263589204
888 15.52897778831067
889 14.785554567332841
890 15.661349677762047
891 16.153062368687213
892 16.40990286589579
893 16.811267026532178
894 14.957580161428357
895 17.167275616173058
896 16.797824522918717
897 16.784296409707874
898 17.785198966223508
899 17.92919128308958
900 17.26151282076754
901 17.918580141408903
902 17.48809563907778
903 17.430882875877767
904 16.807084262829964
905 15.590980554694527
906 15.982991789451695
907 15.53389701492932
908 16.496552102847712
909 17.391992803431094
910 16.6520405449958
911 16.946103569388523
912 15.1968322071152
913 15.026489730505308
914 17.084206748150226
915 15.461596487673798
916 14.947418740351873
917 15.173641045332628
918 14.760608708519676
919 15.769212185878919
920 14.875179285177747
921 16.00281630762328
922 14.506022110345208
923 14.794980911140637
924 15.309693342412224
925 14.738271738088212
926 15.335117575432832
927 13.893342170451614
928 15.785871852036133
929 15.114923043441621
930 15.114719908145167
931 14.317238892861935
932 14.208665289874393
933 14.489172802478832
934 14.514435363926356
935 14.426549057831998
936 13.164144542677581
937 13.734962448595455
938 13.179267036707653
939 13.410487247473142
940 14.219145867756026
941 14.735625223605473
942 13.850025758110343
943 15.618944808243088
944 15.814176993109953
945 13.839910511935626
946 15.097708285675093
947 13.757858740968143
948 14.52630737733549
949 14.163976270316613
950 12.719230194557317
951 12.97410619041778
952 14.339458874518186
953 13.25420882386946
954 12.31774030745643
955 12.581471150277718
956 13.401497669838868
957 13.668771762432108
958 14.995451487662011
959 15.260542950919307
960 15.484375317742167
961 16.226327492812324
962 14.817076716181585
963 16.07162328778469
964 15.435570683110658
965 16.22981354481627
966 17.10196085670746
967 17.416966902126905
968 17.42054649552996
969 16.972602417671904
970 17.76886989142183
971 14.904350840805913
972 15.372458433074714
973 15.371845132251044
974 13.813177653402956
975 15.510882576474097
976 17.25077726996675
977 15.807467570046214
978 16.25307892811799
979 16.900415950499404
980 16.864433326544646
981 16.640040548073856
982 17.30492634079152
983 17.23048922028701
984 15.727785056208416
985 15.558208456439958
986 14.262606735123908
987 14.629522793089965
988 13.810713589557606
989 12.01535535691964
990 13.864109419116089
991 12.202039337407477
992 12.602151570239506
993 15.277966051303528
994 15.9374209871826
995 16.76515779272448
996 16.07598582655931
997 16.951943448955138
998 16.076569074646176
999 15.817531859687412
1000 16.024265934914126
1001 16.84912918330938
1002 16.84484201020271
1003 18.45566906838677
1004 18.9570922076155
1005 19.66595165540894
1006 17.22647398306575
1007 16.780814496368215
1008 19.111269646230465
1009 16.934469850872738
1010 16.52765985853281
1011 15.507253251247443
1012 16.436539077569766
1013 15.103622249090584
1014 15.250520964688548
1015 16.870538936826538
1016 14.694698981262741
1017 13.886451299568979
1018 16.612301228570555
1019 15.87332334907483
1020 16.620894980314134
1021 17.202535521608706
1022 13.924296179830616
1023 14.788331054805518
1024 15.621456137588615
1025 17.00864112092822
1026 15.732433580077442
1027 15.903029523272982
1028 15.244727022205598
1029 17.08571299391114
1030 15.902187911639905
1031 16.847131105046454
1032 15.561002701486608
1033 16.291162866122352
1034 16.072303473117618
1035 17.547562262770967
1036 16.646427580950313
1037 17.245180806295533
1038 17.353421851787882
1039 17.53291603965889
1040 16.908423920183814
1041 16.31051240020731
1042 15.67710665378033
1043 16.598351741984565
1044 16.595267404864057
1045 17.025872314900475
1046 15.580149383064105
1047 17.277511080646075
1048 15.651505128811971
1049 15.788160428674258
1050 16.36944625343847
1051 15.861739374809469
1052 16.523794124028065
1053 16.419252440828288
1054 15.731711133464549
1055 15.97945840896425
1056 15.504461499027578
1057 16.89521730066901
1058 14.878626463270994
1059 15.952232258398206
1060 15.44494819503402
1061 16.216564500059125
1062 16.164982870328718
1063 16.087564865382298
1064 15.714116660829843
1065 16.287788771716293
1066 15.986509290975913
1067 16.820807235001844
1068 18.140686390491915
1069 18.89483893731514
1070 21.124536308461877
1071 19.145101230756307
1072 20.260541775805578
1073 18.521770475324473
1074 17.072948989707967
1075 17.533497467375756
1076 16.580690974987302
1077 16.21140030705469
1078 18.275608536301448
1079 18.833837162041792
1080 17.763919446136942
1081 18.440609529636305
1082 19.169908284460952
1083 19.106687651430374
1084 19.059156724172993
1085 19.58163110629272
1086 18.908453150942258
1087 18.69440295725945
1088 17.49358856407514
1089 18.37064150535605
1090 18.143456641340773
1091 17.862203560394903
1092 19.132373449224243
1093 20.016702180460978
1094 19.212674826483873
1095 19.08976405465179
1096 20.41505340543143
1097 19.541558574201108
1098 19.129023768532257
1099 19.60744857556383
1100 20.055240407817195
1101 19.454493235194697
1102 19.351486963582357
1103 19.14398122142983
1104 16.86704070047721
1105 17.7948965838439
1106 19.393276041196195
1107 18.21446809824524
1108 19.18781617342158
1109 18.951247755206705
1110 18.58779467429536
1111 19.4019739407377
1112 19.26383222381933
1113 17.540222587772906
1114 15.063732386537941
1115 16.65464503724766
1116 17.830282133819356
1117 17.237206055610876
1118 19.241305590273498
1119 18.437678546512664
1120 16.17201043461531
1121 16.367894800328504
1122 17.44604022598525
1123 15.682966640732637
1124 16.740179530956027
1125 16.51616761585831
1126 17.004389097960566
1127 16.949858006623028
1128 16.023059179718697
1129 17.75069166482106
1130 16.77216190400474
1131 17.109807928302907
1132 15.877463236060372
1133 15.732798715777596
1134 16.0656291285719
1135 15.374247932480024
1136 15.878508821785879
1137 16.702648797032193
1138 16.49566123421568
1139 16.729799727099167
1140 18.747599316238674
1141 17.632318553875272
1142 18.07881702554795
1143 17.287810274167125
1144 17.88597586144917
1145 16.37550901489171
1146 16.117361958162334
1147 17.151980496356437
1148 17.842315008555875
1149 16.130556425975755
1150 18.081394238197788
1151 18.328352573662787
1152 18.200996399389897
1153 18.35902548891685
1154 18.539078307033044
1155 17.760425889385356
1156 17.53978779115841
1157 15.7973542254682
1158 16.88586489739352
1159 16.90165202988415
1160 18.672811319795144
1161 19.42329110655545
1162 16.42382389870834
1163 15.479331117173032
1164 16.057259687139542
1165 15.374554515921899
1166 15.651876111062801
1167 17.4022401877475
1168 16.95907845555847
1169 15.394133224048351
1170 15.77668204195007
1171 16.141265376517584
1172 17.457050405187548
1173 15.593481209594353
1174 17.08910038530666
1175 15.92974082940951
1176 16.375937144409253
1177 15.975064293059974
1178 16.031465099636804
1179 16.44649291409796
1180 15.727280312528656
1181 15.070573349761476
1182 16.14574941580943
1183 16.24366745435491
1184 16.46489774453464
1185 14.922723102625941
1186 16.33908664556913
1187 16.019489400801255
1188 14.326839093191255
1189 16.216123256068137
1190 17.74399794856061
1191 17.32003839608962
1192 17.98014609474993
1193 15.752269891459465
1194 17.353301787229526
1195 15.837042239609643
1196 15.462896737028048
1197 15.466814635172291
1198 15.567255885908743
1199 14.955845477149225
1200 16.108171170569896
1201 15.781016205359931
1202 15.304826588704866
1203 16.877683261314218
1204 17.59518591234289
1205 16.775919061081456
1206 16.164627439706916
1207 16.120367230960223
1208 16.179462235312066
1209 16.24925393460874
1210 17.85673720958914
1211 16.31636546279437
1212 15.054996033065455
1213 18.27023475463222
1214 13.956419169519513
1215 15.220504703039351
1216 15.255526596178738
1217 16.011408812937734
1218 16.85649719919577
1219 17.020160763226446
1220 15.033037505076424
1221 16.232764025086325
1222 17.42964468274854
1223 18.0837000470286
1224 17.963650120543683
1225 17.509234037408966
1226 18.402050943587053
1227 18.377745215361212
1228 16.959311118210827
1229 17.732865556078853
1230 17.415178717664105
1231 17.76779135283792
1232 15.400819234440304
1233 16.44305426141265
1234 17.57543262852308
1235 17.4244150196121
1236 16.927940534796893
1237 16.483232210230724
1238 15.865185542688684
1239 18.226666958811062
1240 16.244586602258728
1241 17.088494418438735
1242 17.193201779331186
1243 17.945890299360745
1244 16.713074664455856
1245 16.65384916346216
1246 17.06003363850261
1247 16.631823953054585
1248 17.065004498186664
1249 16.06676623889592
1250 18.03579257388502
1251 15.959256050226724
1252 16.275497226686316
1253 17.633277786754427
1254 14.374282350913541
1255 15.532390065140296
1256 17.46832551413292
1257 16.810305196512804
1258 17.335305497298563
1259 18.055874179376783
1260 16.72158465671834
1261 17.256599073155403
1262 17.181731293421972
1263 17.079731049918568
1264 16.479330670356866
1265 15.028665795318426
1266 16.752212032836667
1267 16.236302429585262
1268 17.099296348793658
1269 15.944678215151168
1270 16.22925907979501
1271 16.371697767988795
1272 17.469735498142413
1273 16.363292910130024
1274 16.52294289469492
1275 15.7123375246649
1276 15.313485099929345
1277 15.17837326653924
1278 16.49452242490404
1279 14.521648602909934
1280 12.257476762497456
1281 14.364648381679169
1282 13.830549732891152
1283 14.786425395634932
1284 15.504840577857559
1285 16.22771400305467
1286 15.769880181272203
1287 16.56471365649493
1288 15.337172326995596
1289 16.10185885568407
1290 15.3020448243488
1291 16.499209675594354
1292 14.132422581021645
1293 15.108886605464479
1294 16.07369612265709
1295 16.76678065809431
1296 15.275313155810423
1297 17.42178520316863
1298 15.66126114351269
1299 15.860480706012723
1300 16.38841964902785
1301 15.418613012262512
1302 14.54584429998952
1303 14.843862263971015
1304 15.739721449408169
1305 14.713245567502776
1306 16.868291081104108
1307 16.152885732520932
1308 15.832084601940968
1309 15.467926134997608
1310 16.297143782400795
1311 15.618400007359343
1312 16.434254075121952
1313 15.636062660368983
1314 14.117333386276064
1315 15.988119055542363
1316 16.138616092591512
1317 17.069752960554506
1318 16.460768084172447
1319 15.390496525100215
1320 16.92443276332575
1321 15.747530087320468
1322 15.602865253407542
1323 16.21597328305925
1324 15.196483724083075
1325 16.260091462706768
1326 17.260272425210466
1327 15.385533542060674
1328 15.194415781686907
1329 16.12111715955108
1330 16.799893048183325
1331 16.15247735080329
1332 16.32013076183507
1333 16.32101464379474
1334 16.036673804519104
1335 18.3874128085639
1336 17.999280252484542
1337 17.226625216486497
1338 17.483769375679003
1339 16.807745092027396
1340 16.669685502493714
1341 15.831221752579262
1342 16.13790685090549
1343 17.563482475515485
1344 16.84168869583613
1345 17.523451712933376
1346 15.982347481705574
1347 17.179232896917675
1348 16.270605405066696
1349 17.10450110639607
1350 13.79892075686336
1351 13.740353740267153
1352 16.159352077184504
1353 16.0552439287321
1354 16.60334647417107
1355 17.058361079062202
1356 16.18406616174697
1357 16.151825453402175
1358 15.708531958091172
1359 14.573278785730935
1360 13.83184990431645
1361 15.560958075057158
1362 16.090483809666992
1363 15.720070501649733
1364 15.683912512351265
1365 13.893601890283323
1366 15.34708576852157
1367 15.022192103330203
1368 14.246928467024578
1369 14.387897014810205
1370 14.952440729353917
1371 13.361392171880622
1372 16.329134893401342
1373 13.181034924684988
1374 17.3591922969163
1375 15.054568791550128
1376 14.15628912167668
1377 12.733390305710662
1378 11.924156906370703
1379 13.79452832910164
1380 12.607783417397048
1381 11.777130378241793
1382 12.411105103205827
1383 12.783259669258909
1384 12.30794657036742
1385 11.819039889403381
1386 13.67171583806253
1387 12.751271385870893
1388 15.322959161051422
1389 13.514311490146394
1390 10.880792966327439
1391 10.80588688965676
1392 12.512014977432637
1393 15.224608123914608
1394 13.231277590348155
1395 14.459743358891123
1396 14.926947950933513
1397 15.99918970591007
1398 14.584540258351305
1399 15.484570276253194
1400 14.738027939333756
1401 14.798626205824165
1402 13.851176575737124
1403 16.925468640905954
1404 15.14482545356273
1405 11.272838232358101
1406 13.980213366179841
1407 13.996977476369842
1408 14.29317060983538
1409 15.020767630325643
1410 12.801264778023668
1411 11.355289501174896
1412 12.668023107507311
1413 13.135136082242767
1414 12.208633098151976
1415 15.11638022606587
1416 12.798813299323486
1417 13.46367100213418
1418 13.601145558189618
1419 14.241355902355819
1420 12.37862922012536
1421 12.966497189837776
1422 12.730147619984253
1423 11.773526194596489
1424 10.660187068839123
1425 12.645919513690192
1426 10.78990510344785
1427 8.30640167524016
1428 7.062832515643396
1429 8.595992277529286
1430 8.146465973328585
1431 6.46324974209492
1432 6.367336724710832
1433 6.8980153860279065
1434 7.660009602364154
1435 6.010575036253038
1436 6.195902741971146
1437 12.25233498318569
1438 11.158555364576152
1439 13.327395096770132
1440 14.602324093609784
1441 13.965802957030919
1442 14.211095934574537
1443 10.642770352536798
1444 10.306084372047446
1445 11.808076832493324
1446 12.789028901619556
1447 13.382741653051115
1448 15.323961646627017
1449 13.183910894360894
1450 13.808757229254956
1451 13.541761751896418
1452 12.468058334508012
1453 11.986148802929417
1454 14.158908221930433
1455 11.447597788845435
1456 12.55221806475217
1457 11.61688405910458
1458 13.689404896745044
1459 12.450803168293282
1460 12.689896347374944
1461 11.635570626234314
1462 12.612927578704221
1463 17.151951611276523
1464 18.47213733832132
1465 17.523690363452474
1466 16.837630533212273
1467 18.264891379381485
1468 16.76520262428472
1469 16.76211571469222
1470 16.912214176103664
1471 17.627065016477744
1472 15.357165768713026
1473 14.135031314997331
1474 15.255554568422859
1475 15.462766758059386
1476 15.876316072655609
1477 15.466566190373385
1478 15.235397339280285
1479 16.15290017439433
1480 14.758775971819649
1481 13.32358142877935
1482 13.0116298391651
1483 12.863467073987229
1484 13.603429401310835
1485 14.523290580074768
1486 15.822045736026032
1487 16.479410612468236
1488 15.790054703410991
1489 15.794306893788029
1490 16.259306083983827
1491 15.555972973981198
1492 15.753078500564282
1493 16.054585141023743
1494 16.33269791209747
1495 15.393078244623151
1496 16.788103844002016
1497 15.575155580144097
1498 16.59866321260315
1499 15.937391539422304
1500 16.867903311049773
1501 15.16284861738881
1502 14.260998273532948
1503 15.575042817226105
1504 16.29812161771501
1505 15.251522550221155
1506 15.43696121731662
1507 15.570368999510466
1508 14.949449343750384
1509 14.756623369689198
1510 14.617374264858139
1511 14.64930750153812
1512 15.809650593538722
1513 14.702390507604536
1514 15.163310211264122
1515 15.35295512818688
1516 15.793049681110704
1517 17.40501328793216
1518 16.955948584342718
1519 15.438087770665954
1520 15.107407770452442
1521 16.411596784968673
1522 15.878236927732754
1523 14.081206295829418
1524 13.744968410681622
1525 14.942279053131989
1526 14.658376816580159
1527 13.371691557900842
1528 14.82744448162545
1529 14.130716234015107
1530 14.882786732610604
1531 13.443586618522408
1532 13.361289244101108
1533 15.473196749190697
1534 15.520270518278114
1535 14.965269741917806
1536 14.422968395434202
1537 15.74197597338624
1538 13.679381081838043
1539 14.881599209929373
1540 13.763622802538837
1541 14.155413148764028
1542 14.021512264900089
1543 14.279959551532214
1544 13.825019192183667
1545 16.445005018968384
1546 16.57991490552813
1547 15.31080814035406
1548 14.423890540046298
1549 15.533902282533708
1550 15.367513090481982
1551 14.851244472668586
1552 15.2911000470121
1553 14.890272197623162
1554 15.847151136310865
1555 14.753051303432926
1556 15.671796580342667
1557 14.647127433211844
1558 13.188171106785047
1559 14.066394691286378
1560 13.817259007439521
1561 14.380100171893046
1562 16.04722763069453
1563 14.185864293003913
1564 15.037222697805642
1565 14.269569809294795
1566 16.937510659508455
1567 13.487796270087482
1568 13.304401209297149
1569 14.984250235560324
1570 16.888015626259282
1571 15.919240861092408
1572 14.686046907063108
1573 15.143055788459497
1574 14.430706626549894
1575 13.46737658654619
1576 15.352558972433197
1577 14.974652881130446
1578 14.655355095225264
1579 14.296833468581498
1580 14.00947667923178
1581 12.823581047571292
1582 14.642038283735301
1583 15.383584704086742
1584 16.30715329037692
1585 15.805664659220373
1586 14.236589121226041
1587 15.04898751617684
1588 13.907181664023444
1589 13.736813799305029
1590 14.436457968065138
1591 14.303533434044223
1592 16.45435681361912
1593 17.25547109999493
1594 15.148841226902388
1595 15.318594970953619
1596 15.131978803202482
1597 15.587031070219854
1598 16.66806226232092
1599 15.448944925725682
1600 15.71373825434229
1601 14.538473503409435
1602 12.912892549469904
1603 13.552567928266132
1604 15.663561360103099
1605 14.382771009348975
1606 14.846517193594948
1607 15.038097127269257
1608 14.967777666518366
1609 16.03663078225087
1610 13.740132884661723
1611 14.384442219012973
1612 12.366881209796375
1613 12.82350694702262
1614 13.373908834041014
1615 12.219782266240827
1616 11.272644099968671
1617 13.59008338614604
1618 12.966399667301085
1619 12.425360514988437
1620 16.154360398999547
1621 15.293619586270081
1622 15.942334260270572
1623 16.1890560772229
1624 16.622808542765075
1625 14.39342039725552
1626 16.203606777873645
1627 15.173298501080568
1628 14.674242758923697
1629 13.836215398284864
1630 14.980910836713594
1631 15.394562617195936
1632 16.306796222380946
1633 14.543555214298973
1634 14.372822947062163
1635 15.000367416420207
1636 14.349639082094676
1637 16.049037850114917
1638 13.801112427022698
1639 13.752691928068108
1640 12.574002957897347
1641 14.545214026805997
1642 13.449309445017793
1643 13.741701688476802
1644 13.970816460554238
1645 15.958402015256164
1646 15.254314121102128
1647 14.65361999966725
1648 13.584639114706045
1649 16.08082038518523
1650 16.476323160852264
1651 16.996820456785684
1652 16.281847454422678
1653 18.094892870925847
1654 17.332413619608662
1655 15.7354177794422
1656 14.91737821005608
1657 14.905537772547769
1658 13.601313962403271
1659 15.446400616664835
1660 15.619374945217023
1661 15.113007660750716
1662 15.269949999006293
1663 15.724257730119026
1664 15.390315046638914
1665 15.76322603025394
1666 14.075567199968884
1667 15.438072246530798
1668 16.797561486663163
1669 16.236732942820357
1670 15.722172629294684
1671 15.867048118126819
1672 16.02062979258963
1673 15.658576929379215
1674 17.682669671124383
1675 16.482975143285298
1676 16.15798621115048
1677 16.42570664172617
1678 16.65925294640931
1679 15.635508301518373
1680 17.4064823934996
1681 18.326735389752187
1682 17.79042996196819
1683 18.268305879633647
1684 17.90694606915728
1685 17.564728775602347
1686 17.65336565272269
1687 19.506864884640613
1688 17.305359798393074
1689 16.990942518525795
1690 16.78269852861194
1691 16.95424732614714
1692 18.208261722404057
1693 18.269696697105253
1694 17.16921819262442
1695 17.57266456016127
1696 18.30391874862706
1697 18.113566321193485
1698 18.031819465155706
1699 17.344926133785844
1700 17.59636141956675
1701 16.49295321087449
1702 15.757792216625324
1703 18.171824797510588
1704 17.668581268593393
1705 17.56080038649332
1706 17.393507155016927
1707 18.224353404152303
1708 16.58175877704434
1709 18.611906002066075
1710 19.41013043682073
1711 17.46169272929746
1712 15.593500728959253
1713 16.13776432315887
1714 14.290841428281574
1715 12.40487232555242
1716 13.524471109262578
1717 13.548269693543634
1718 13.938520928607812
1719 15.02282752397141
1720 15.058337383373997
1721 14.202367238675352
1722 13.797725916069187
1723 12.39374130952576
1724 14.402327928131742
1725 14.007020882242193
1726 12.31166261757106
1727 15.770117593027319
1728 13.270353884737279
1729 16.15196953649335
1730 14.426041362539607
1731 11.65196084603334
1732 15.907792071505904
1733 14.8993140190832
1734 14.647263647851075
1735 14.002408266659108
1736 16.12584622218496
1737 14.625893152469144
1738 13.469815441781614
1739 16.448073848922583
1740 16.502316123396874
1741 14.433121445096825
1742 15.13583622627247
1743 15.165412077484051
1744 17.20600495826597
1745 15.57461965147765
1746 15.431258741503258
1747 15.698166217875979
1748 16.716612711269068
1749 16.93965877192837
1750 18.245815302694123
1751 19.042488610993157
1752 16.161346163449178
1753 16.63573911569466
1754 16.160167869119984
1755 16.31655336485533
1756 20.089738969979763
1757 18.109011301040372
1758 16.625742925187062
1759 18.287768646745587
1760 17.552551670277094
1761 16.815163237277392
1762 15.219656585983246
1763 16.62223757715168
1764 16.213894277607572
1765 14.79984733287513
1766 17.601724991983524
1767 17.90636701631137
1768 19.641586970141116
1769 20.5155362040564
1770 19.431909133512153
1771 21.319398952154845
1772 22.16754914137382
1773 21.818984833992598
1774 19.592911548594344
1775 17.898457138905027
1776 19.11251652719216
1777 20.190181843855292
1778 20.47482704300536
1779 20.45806692616146
1780 20.00035840987492
1781 21.48690152737809
1782 21.775554029457997
1783 21.645236122208658
1784 19.329405985467908
1785 17.725428785945834
1786 18.57529891102272
1787 18.113248174596674
1788 17.91550057379696
1789 20.89615189797134
1790 20.56098768301998
1791 20.73460105422494
1792 20.825156494717753
1793 20.660787764568994
1794 19.814119365597623
1795 18.941194194423314
1796 19.81752882054951
1797 18.10781218290738
1798 18.64864967075466
1799 18.10706178632037
1800 18.899034343156536
1801 19.455434277288802
1802 18.012535947427043
1803 17.694752723529067
1804 17.078251697303223
1805 17.983647762563944
1806 18.552204748429492
1807 18.149218033217778
1808 18.685323883345237
1809 17.229800591675243
1810 19.912865909871467
1811 15.854973375292722
1812 18.030266410443367
1813 18.380316750452987
1814 18.103310848506524
1815 19.553561262859883
1816 19.888275433109893
1817 18.05590022650548
1818 18.672466307639468
1819 18.556185866318952
1820 19.22579416351707
1821 18.094342203408985
1822 18.64120204645652
1823 18.393007146147127
1824 17.83268392493998
1825 18.292783228877298
1826 19.020232482935803
1827 17.7356881736804
1828 17.497775171821946
1829 19.41354193324044
1830 19.323548245123927
1831 17.653333436740034
1832 18.352931935955336
1833 19.188564892616096
1834 18.44491741348313
1835 17.069508950724458
1836 18.121306658212713
1837 18.8657139540925
1838 18.59930473411904
1839 20.608303258932253
1840 20.789444634394133
1841 21.165275535365204
1842 19.79992710198163
1843 19.95222564293871
1844 19.609363836345548
1845 18.589550327059325
1846 19.971623895988525
1847 19.60819785875267
1848 19.95691253247811
1849 19.694638803581874
1850 19.87664109783644
1851 18.397408016876533
1852 18.104922632062003
1853 18.40337936650846
1854 19.069776380394327
1855 18.7619177427029
1856 22.192995608934375
1857 20.580453725661037
1858 23.35474764862481
1859 20.32812095450077
1860 19.116780072995194
1861 17.900612203026125
1862 17.517755076220343
1863 17.72233075607304
1864 16.0918606593203
1865 14.277715666082308
1866 16.262386273226927
1867 16.180564036121897
1868 16.814704526721094
1869 18.174035644371767
1870 19.254103209609543
1871 17.822845621300097
1872 18.407197547286113
1873 17.033116177807077
1874 15.604630753410788
1875 16.1281572443419
1876 18.061977618807642
1877 17.693784363246348
1878 17.72391751677668
1879 15.932860486441013
1880 16.81879696761539
1881 18.049611289792324
1882 19.272083457165042
1883 17.168754351382095
1884 15.610030326036371
1885 17.790445130114023
1886 18.91839156731346
1887 16.872893620580378
1888 17.85820330904743
1889 16.815720852032037
1890 17.245520919267214
1891 17.98984270838151
1892 18.351180665167174
1893 17.996730401571554
1894 17.287599198528742
1895 17.288494899320444
1896 17.657262546844912
1897 16.259752309732615
1898 18.18045348533179
1899 17.328143335375355
1900 17.847115593966116
1901 18.76972806673657
1902 17.25112168761439
1903 19.133785959466213
1904 17.375732278251768
1905 19.271466300283954
1906 20.170222780793715
1907 22.414156556258675
1908 19.61695111103834
1909 17.89277081717839
1910 18.793981030050414
1911 19.2629899361227
1912 19.335783514280944
1913 18.59482487517804
1914 19.540479505303885
1915 18.653340156760784
1916 16.814888049023114
1917 20.65965236279155
1918 16.865668861797154
1919 19.651177284907547
1920 18.778366594924616
1921 18.99439781687344
1922 19.713731948607634
1923 18.854875800088845
1924 20.169910534672045
1925 18.109392011948408
1926 17.315402680544132
1927 16.1172705302788
1928 14.317216792534825
1929 14.697355993441473
1930 13.710872640880975
1931 15.108422760088358
1932 15.104327804423155
1933 15.34944289797454
1934 14.254892915965543
1935 16.09313813326914
1936 14.452920564831892
1937 13.721033463742215
1938 14.83763315025144
1939 13.526722387609988
1940 13.785354950291786
1941 13.227207132898734
1942 13.31737414783691
1943 12.670854391723632
1944 15.252683033598078
1945 13.297185739177566
1946 13.047896978218747
1947 12.255570848827157
1948 11.990693779696883
1949 12.11052902994042
1950 12.027479533071617
1951 12.660448419124377
1952 12.475080981858143
1953 12.262131697491181
1954 11.860218382382996
1955 10.95618859787003
1956 11.386201400083706
1957 9.939617293488743
1958 10.553990448580707
1959 11.754190249741432
1960 13.86401190957556
1961 15.88735966001229
1962 12.139307762051937
1963 13.106901651867721
1964 8.319301814849249
1965 14.957863949914291
1966 15.192599168079163
1967 15.248464140171745
1968 11.669116193176809
1969 12.017093554924461
1970 10.627916473562935
1971 10.453984168029862
1972 13.54007262938908
1973 11.955826262834053
1974 13.985691639990145
1975 14.100092185890087
1976 14.81221205667505
1977 12.767513272030378
1978 12.29655532576963
1979 13.538448914864578
1980 13.499641142483405
1981 12.592496008191002
1982 13.554801786443722
1983 13.610812927067661
1984 12.331751214011112
1985 13.718357938336476
1986 13.46755543511255
1987 9.871562429481573
1988 12.673730547462355
1989 11.395548917486527
1990 11.46325931359188
1991 11.119936649575235
1992 12.167967559971801
1993 11.705902522014375
1994 12.071873104535912
1995 11.89960249236341
1996 11.104367614848375
1997 12.6578811214828
1998 12.946283503423189
1999 10.123471578660277
2000 11.8453890037337
2001 12.026105469736887
2002 12.785973023344914
2003 13.901206597930656
2004 16.58445168035976
2005 16.509992646543843
2006 16.50412580780391
2007 16.4183491225973
2008 16.846583974461126
2009 15.536599218386009
2010 14.990901392858863
2011 14.767484547919054
2012 16.60220133965527
2013 14.452514189872145
2014 16.378283721568458
2015 14.926278156280802
2016 15.411950052559055
2017 15.66730713982851
2018 16.058489231184907
2019 14.454900316818241
2020 17.950850082720493
2021 17.79414603382995
2022 18.06097680812172
2023 17.84315879518921
2024 22.04128700564188
2025 20.260953416942865
2026 16.92832991430644
2027 19.475121856857243
2028 16.262485269639075
2029 16.33515969825243
2030 16.64449789585966
2031 15.908955828656195
2032 16.81869760629633
2033 17.632565340991587
2034 15.91278354985605
2035 14.981200976958107
2036 16.374061872602425
2037 19.444541330527997
2038 20.263806005596994
2039 19.09018970802715
2040 19.553871032713175
2041 18.656021867885187
2042 17.87524108014843
2043 20.66884206995587
2044 19.105419212298887
2045 20.249261608226067
2046 18.81558219697513
2047 18.340994955476265
2048 17.272714998497605
2049 17.782572389772728
2050 18.167530470506584
2051 19.450233229803917
2052 18.476169227080824
2053 17.808324291403054
2054 17.909319101701875
2055 18.551290976261797
2056 19.270603814997507
2057 19.662651705053403
2058 18.023263440772624
2059 20.240515752394618
2060 18.40073533266963
2061 17.786784505058773
2062 18.29690998274929
2063 19.332172191145343
2064 17.404666118396435
2065 19.368512156915674
2066 18.74448869625859
2067 19.232715185378677
2068 16.236905065531282
2069 18.546928593144926
2070 18.991593960689816
2071 18.261935737217673
2072 20.24616429215748
2073 20.388711505028628
2074 19.33365662615362
2075 20.27372429627691
2076 16.68211691177875
2077 18.416584349601298
2078 17.76380096302988
2079 17.721578200071136
2080 15.773233444557532
2081 17.203593445101475
2082 15.595167912650194
2083 15.303457653965918
2084 11.733884292570847
2085 13.849536733567797
2086 14.789382909706555
2087 15.516780621617325
2088 14.8381064704316
2089 14.97411841226231
2090 13.862088015505403
2091 13.660264205215853
2092 15.209715635902308
2093 15.98442777728084
2094 16.265493000850665
2095 14.095870422313524
2096 15.87044491943466
2097 14.505551485132674
2098 14.802431649407088
2099 15.07966612004204
2100 11.535059462165657
2101 14.167660112968031
2102 13.94723373535594
2103 14.300734889310855
2104 13.406653083417854
2105 14.484889313406025
2106 14.62995765023708
2107 12.349695685135092
2108 12.388549562850756
2109 15.065087428438114
2110 14.134520887193997
2111 13.763634191495544
2112 14.580722320532551
2113 15.023488092612578
2114 14.427534609427196
2115 12.624171375588014
2116 12.993179247728595
2117 11.839673118629698
2118 10.886841440446732
2119 12.804416463381825
2120 13.024655886263348
2121 14.249625003740165
2122 13.59425740832766
2123 12.26795806962486
2124 12.784501545703852
2125 11.22283599592388
2126 11.787657949462359
2127 10.604171602839076
2128 10.676144169093478
2129 12.03243321557396
2130 12.538022011283553
2131 11.776626148013534
2132 10.535936371234465
2133 9.094203155463344
2134 12.914998529683608
2135 13.197207767307402
2136 13.350550435885872
2137 14.371023860823238
2138 14.37137708827997
2139 13.930934804279339
2140 14.810601934765396
2141 12.633785313707307
2142 15.121910885305663
2143 14.531748779581166
2144 14.854820235597627
2145 12.585929305157613
2146 12.332528726248889
2147 13.101064094954598
2148 10.168819410363632
2149 11.050737339844247
2150 13.776735783679351
2151 16.031477962766633
2152 14.101026696584153
2153 11.514958651721958
2154 12.174118132396908
2155 15.44784643206863
2156 13.34160846223843
2157 13.706125501620734
2158 13.244856459524595
2159 12.63468862638201
2160 15.748293140715942
2161 17.438341165432917
2162 16.7704205300991
2163 13.85126417658306
2164 15.164799557619661
2165 16.02279560684897
2166 21.24258392198983
2167 19.878849567861646
2168 18.0429667559816
2169 18.209539169611
2170 18.469296423709594
2171 15.406987755881998
2172 15.882229599500668
2173 15.81092398747661
2174 16.742679227699753
2175 16.337098328048828
2176 15.776746982135716
2177 16.332906415928672
2178 15.244567755014952
2179 17.04059563864425
2180 16.297705356593962
2181 15.002317820772115
2182 15.989572269407022
2183 16.993002121278188
2184 15.43666640824149
2185 15.965120062124178
2186 12.419871646029598
2187 14.715379735618697
2188 13.757819236154578
2189 11.828397537593151
2190 12.020444002852129
2191 12.826626919403155
2192 13.598331111779721
2193 14.36446158433165
2194 16.080846519795713
2195 14.627502007580173
2196 15.632026017398339
2197 15.72362831081284
2198 13.76800424692117
2199 12.403121246484334
2200 14.861021725507433
2201 14.487794909290763
2202 11.201513339806736
2203 12.291162368526521
2204 14.272686451688372
2205 14.446243328982474
2206 13.646925891140578
2207 14.922282276980436
2208 10.776987533758602
2209 12.12972244865103
2210 11.818007571513382
2211 13.000730905973692
2212 13.603398949758018
2213 12.807547405803183
2214 13.852614334094683
2215 16.450446616478136
2216 17.32501283944653
2217 15.468310339681334
2218 17.093245983600514
2219 15.027422576915633
2220 11.581476733436235
2221 8.93949964835688
2222 10.179623167744976
2223 12.424112910171816
2224 13.96300280888508
2225 13.656856339954132
2226 13.763679695498592
2227 13.766690197177583
2228 14.178093847116777
2229 15.883700414914415
2230 17.066505943426495
2231 16.659426844282923
2232 18.73860288727564
2233 18.347388527554372
2234 16.4312362790108
2235 19.76960549376452
2236 18.33951142060015
2237 15.449642841254926
2238 13.579833000268234
2239 15.442479693351736
2240 13.77239710798457
2241 17.857202254967707
2242 19.130617215439578
2243 17.472692973485483
2244 16.023251243505086
2245 17.63637925251258
2246 18.297920251900006
2247 17.355087920263102
2248 16.84605430380938
2249 16.600719595918186
2250 15.262433754962146
2251 15.91482920967765
2252 15.929247550779598
2253 15.011020058475305
2254 14.132879838086621
2255 15.522774563320871
2256 13.692986408428322
2257 13.506889660844488
2258 13.302113048369689
2259 11.944057197315447
2260 12.996138715788502
2261 13.32972664994403
2262 13.292953594495632
2263 12.342102481655031
2264 12.404823999568386
2265 12.629392137435982
2266 13.267330702255572
2267 12.07397267882373
2268 13.793629431787913
2269 12.782024788023518
2270 13.236720050523251
2271 13.018754996111051
2272 14.03005076292474
2273 14.293246528566216
2274 13.5161314900449
2275 12.280714445123559
2276 11.86606470415781
2277 11.54515148179795
2278 11.067307105825277
2279 12.051916164488343
2280 13.89268095722958
2281 13.848034407676513
2282 12.619092339147178
2283 11.763379675973225
2284 12.54330227289504
2285 12.973413435835944
2286 12.362411789005012
2287 13.368009154974592
2288 12.494046957114323
2289 13.146497609780322
2290 13.737930240874986
2291 11.111507217313429
2292 12.503206087641091
2293 12.405678607113371
2294 12.483199792433075
2295 14.673951120008306
2296 14.27292645323215
2297 12.115623208979382
2298 11.005131864252029
2299 11.97358528694345
2300 13.947917199765309
2301 14.014122496568076
2302 11.858712260633315
2303 12.424258598766876
2304 11.843576136416035
2305 12.050756022802789
2306 12.66475332906454
2307 13.32233536152057
2308 11.672500017372098
2309 13.599562540649975
2310 14.774772980466754
2311 13.130011073768127
2312 13.802770142221203
2313 13.368968227110889
2314 11.580083645591765
2315 13.562069031271216
2316 13.925524665731293
2317 11.696461299570007
2318 12.676243223384189
2319 12.60038892293751
2320 12.877587047051453
2321 13.423346308110775
2322 14.867411070658012
2323 14.402723490765199
2324 14.284099657184974
2325 12.658750271455691
2326 14.34977299986968
2327 13.032909074081754
2328 14.39318328144319
2329 12.032466139608825
2330 12.693738014104284
2331 12.155673678035466
2332 13.491824772182223
2333 12.93310515818115
2334 13.177537023405257
2335 11.010047089441922
2336 12.802640545997319
2337 11.260946956588954
2338 14.608293065998122
2339 12.426275684621775
2340 14.046462676595581
2341 12.534988983858089
2342 11.84492139585918
2343 13.203324776468172
2344 14.8643808759832
2345 13.148038783866223
2346 13.05347639610102
2347 14.121634022473739
2348 13.645290097194511
2349 13.153551592016845
2350 15.352215718246109
2351 14.311599738166814
2352 12.978569671817334
2353 13.051144205294769
2354 12.659781072156083
2355 13.881401290559081
2356 12.061238691844881
2357 11.979798035390052
2358 12.433891147821647
2359 12.542568148178335
2360 14.047982056980063
2361 14.042288298630249
2362 14.331326098285126
2363 12.525234331577316
2364 12.726519126770201
2365 12.085223353558012
2366 12.256002724953067
2367 12.125053675883077
2368 11.74278519556143
2369 12.19399201756884
2370 13.454878722975288
2371 12.360144205470448
2372 11.664163023846967
2373 12.834626065480458
2374 10.857203008232862
2375 12.792618828972481
2376 10.983885432185852
2377 11.125770584650923
2378 12.572283680340586
2379 12.606989689748024
2380 12.499259312881215
2381 12.666106807690776
2382 13.562568623077631
2383 14.184983082868976
2384 11.684477414872594
2385 13.567965544487514
2386 12.073480209314285
2387 12.624920897849146
2388 14.254321428646032
2389 13.39912228053287
2390 13.381717068102748
2391 13.296475220433317
2392 13.138496362428857
2393 12.984618499614209
2394 13.570348599756446
2395 13.467253877182486
2396 14.280155327413036
2397 13.564074258343238
2398 13.452829928773278
2399 12.988456386220852
2400 14.554668401432917
2401 13.132230674355988
2402 13.604682505372462
2403 12.523768350063586
2404 12.635764906566832
2405 12.630527900281258
2406 13.012895227267283
2407 13.613146442615404
2408 12.518564233027478
2409 12.29523454709132
2410 12.292394718664346
2411 12.068972049091874
2412 11.924236881873409
2413 11.920907914762315
2414 13.168396061349966
2415 11.585822066110245
2416 11.687704735899027
2417 11.428699303970491
2418 11.793144323015467
2419 11.980977552436675
2420 13.020990151024522
2421 13.31029945342474
2422 14.395334596358143
2423 12.84452153970562
2424 13.173951695031906
2425 12.936481557675368
2426 12.639105685235787
2427 11.951053585182256
2428 13.558884697937486
2429 14.193785740028854
2430 12.635650466320476
2431 10.199315232825999
2432 11.607207775872563
2433 11.713392412503403
2434 12.986535242084317
2435 12.685013715503482
2436 12.890713597197756
2437 12.934047462647493
2438 12.31127789748547
2439 12.746441286249015
2440 13.027123200497048
2441 12.770073874770148
2442 13.04278099683863
2443 12.301990217762233
2444 11.93655973006105
2445 13.434646145367088
2446 12.770358885548385
2447 12.725391165961243
2448 12.351589669629144
2449 12.5381922609278
2450 13.63287900333166
2451 12.794774741389494
2452 13.971321061026904
2453 14.02895492640819
2454 13.017001508808324
2455 14.102209031197525
2456 14.322747226515537
2457 13.830156452121214
2458 13.873091749385729
2459 13.565784757345396
2460 14.270911961445467
2461 13.775538573721498
2462 14.75034620167156
2463 14.38207047860652
2464 14.811077054167322
2465 14.593051481532747
2466 13.55509513757092
2467 13.086735020029005
2468 13.817918215192712
2469 14.934764714079318
2470 12.827883824733243
2471 14.687514835721355
2472 12.30727197827525
2473 13.820106629267746
2474 13.791570644536682
2475 13.394363658055571
2476 13.825070740082122
2477 13.523136180844759
2478 12.321063052534717
2479 12.844844421095779
2480 13.06803039357459
2481 13.002623285334975
2482 12.862138346055701
2483 12.760926027117208
2484 12.455908883265225
2485 13.082878932279844
2486 13.228303568523678
2487 12.11895834067866
2488 11.709270502395743
2489 11.459864028026502
2490 11.814299613216791
2491 12.812844611635676
2492 11.979630722210908
2493 12.818756435014194
2494 13.709829833564086
2495 12.735859601035365
2496 12.266279318285669
2497 14.186356482425355
2498 14.788919905390856
2499 13.86354241525091
2500 14.176473090456385
2501 14.279750963280547
2502 13.345667029727005
2503 13.823871285636654
2504 13.822000661162136
2505 15.35337693769685
2506 13.535524469950866
2507 13.585866334042619
2508 13.142549412952189
2509 14.702836935905545
2510 15.430707488131166
2511 14.770379907752254
2512 14.624572050836651
2513 14.574948346138417
2514 14.51615129052875
2515 16.473092569156016
2516 14.07506490443952
2517 14.173641071885516
2518 14.190513148285138
2519 14.700788403237379
2520 13.376983753437486
2521 13.849187049409668
2522 15.013779350921094
2523 13.067878717534397
2524 13.189386803236312
2525 13.48168846480675
2526 15.010775507833134
2527 15.026349342107837
2528 14.549436040517678
2529 15.316758540938201
2530 13.087971038230028
2531 13.063607048550976
2532 15.647973776674363
2533 14.544386688703925
2534 13.705298527426889
2535 13.376741801119808
2536 13.639479707270945
2537 14.366412659534426
2538 13.360948090089108
2539 14.423679163834674
2540 14.19855838231201
2541 13.326148925899096
2542 13.484160624609528
2543 15.34029631896561
2544 13.978284956359085
2545 13.880928993858262
2546 13.655507504635272
2547 13.486036029857758
2548 14.710159523198268
2549 13.85514077851949
2550 14.561096097330104
2551 14.46901869949292
2552 15.173881672319853
2553 13.649284549240495
2554 14.934257085218764
2555 13.8180592277231
2556 14.694962640552696
2557 14.004086963412467
2558 14.66607157360047
2559 14.086403882822951
2560 13.297649590957858
2561 13.906112830690377
2562 13.998345975833494
2563 13.054795728301423
2564 14.459297507853838
2565 14.27002756903453
2566 14.2898064361647
2567 14.159000864007975
2568 13.776469358724858
2569 13.76876479058985
2570 13.953736668659845
2571 14.414934889433168
2572 14.160007541574961
2573 14.550510038510112
2574 14.12121862937529
2575 13.757325776165334
2576 13.298588944744703
2577 13.916310527029612
2578 13.380274341700547
2579 13.385787367092222
2580 14.204797718473024
2581 13.639633067565029
2582 14.020594223759222
2583 12.95059394714215
2584 13.890688716219715
2585 14.407042516033101
2586 14.240838731213577
2587 14.382099205695978
2588 14.159896347221649
2589 15.37574026479382
2590 15.288803017779628
2591 15.446692551038645
2592 16.430132022375517
2593 17.078314749598025
2594 16.115447440117656
2595 14.487211313977753
2596 14.828027990238551
2597 14.913297878470209
2598 16.553677290382304
2599 15.871505055074385
2600 15.336578711893807
2601 15.648670436381698
2602 16.18658180091667
2603 16.153381970105055
2604 16.389072879733153
2605 16.3315632179061
2606 14.993430215934563
2607 14.98568432002709
2608 15.352060105426625
2609 14.658622925370379
2610 14.565599376607745
2611 15.01043485976385
2612 15.102967061154311
2613 15.97917357991069
2614 15.261688517619302
2615 13.004824468776938
2616 12.850649633062845
2617 13.013725867996547
2618 12.568952045727867
2619 12.787033928164098
2620 12.253437738289573
2621 12.396140285600358
2622 11.847573203609867
2623 8.770181893532836
2624 6.769416370653294
2625 6.566400711769689
2626 5.854763226905429
2627 10.154323098410234
2628 9.218254904297053
2629 8.903094772519843
2630 7.4619192540307715
2631 8.976131530838828
2632 9.1312481775544
2633 7.155642663601763
2634 7.308885152322438
2635 7.673493728530629
2636 6.393585330427541
2637 7.327242766002686
2638 7.068801699726532
2639 7.032775032294188
2640 7.011707266055833
2641 8.84993008634911
2642 8.96048295141488
2643 6.861626914089771
2644 6.838647375494947
2645 9.25119783305423
2646 8.8995606210346
2647 7.758830576214731
2648 8.911513751915697
2649 8.437784917627157
2650 11.09918268708345
2651 8.146046479266644
2652 10.361085377777261
2653 7.95824214203022
2654 8.528374291178155
2655 11.728347016784367
2656 11.288281205062646
2657 10.791170835642337
2658 11.650391845451876
2659 8.604032165659191
2660 7.459410716019977
2661 6.371715321770436
2662 7.277520344374116
2663 6.743226877653204
2664 6.47053440555419
2665 6.5316594557615
2666 6.368437685812787
2667 6.566813663569597
2668 7.448287288616405
2669 6.73963567973641
2670 6.600440622489258
2671 8.51920082127433
2672 6.395449851258464
2673 6.329374263358951
2674 7.085390759382485
2675 7.737805153728432
2676 6.744306854661088
2677 6.374118704312067
2678 7.029104118945465
2679 6.745011029655324
2680 6.828408694229648
2681 3.9922027560424915
2682 10.494538528736086
2683 7.726311909780405
2684 5.501334721629314
2685 5.9682114702295515
2686 6.666518174617727
2687 9.449995428662831
2688 7.9967661352574195
2689 9.143452626190932
2690 7.792256193797227
2691 7.183760800395671
2692 8.694898637952681
2693 8.034888154082054
2694 6.127976610663753
2695 3.645285400349962
2696 3.6758728698215792
2697 4.171953635339224
2698 3.381287192157391
2699 3.5323724090246644
2700 5.799738815156622
2701 6.517322528458264
2702 4.0921095463636235
2703 4.72774203770503
2704 4.559391882954628
2705 4.623544386451847
2706 3.9872866604866175
2707 6.501450672893653
2708 6.4229304785920585
2709 5.7757512409942375
2710 6.09563554318036
2711 8.157720136907063
2712 6.248146641430048
2713 7.889985535274975
2714 4.483051994760879
2715 7.622853620765287
2716 8.431342141379266
2717 13.151028705356163
2718 18.534178701638474
2719 17.045669933360852
2720 20.439350586993783
2721 21.93301687865059
2722 24.166261569390585
2723 18.86162393577091
2724 9.661450982825363
2725 18.22757538920553
2726 12.816958039450531
2727 15.332844825070127
2728 13.534472040060882
2729 14.070350934674016
2730 15.618237719460232
2731 17.80855372565382
2732 17.134347821251048
2733 16.953805335198567
2734 17.091126699022144
2735 17.411440652354113
2736 14.858450808861852
2737 14.890418131806044
2738 15.738644500579207
2739 15.403208783963219
2740 15.519992398023703
2741 15.078305681446286
2742 15.761539833236679
2743 16.241762510787176
2744 14.374284952095516
2745 14.115626439158268
2746 14.697423612102009
2747 15.189492652970213
2748 15.234711631876841
2749 14.817834709989285
2750 14.724099544693855
2751 15.58260248909661
2752 15.290185739539371
2753 16.804651048216577
2754 16.33796605841972
2755 16.781172292746685
2756 16.40485614798927
2757 15.093187610436683
2758 17.29572349217071
2759 16.38452114077679
2760 14.28127095227262
2761 15.771864235063555
2762 15.174601233153801
2763 14.881480310394588
2764 14.130529518276116
2765 14.687092767308915
2766 14.985291408615291
2767 15.184118488103918
2768 14.331344981769767
2769 15.72501731687029
2770 14.577613006400355
2771 15.005518808055903
2772 15.051388164023829
2773 13.504529553309023
2774 13.889611660501766
2775 13.325756969162223
2776 14.103216177720588
2777 14.27236043162536
2778 14.954825285397376
2779 13.92614175286121
2780 14.509269290002864
2781 14.220168744323898
2782 13.693987668783093
2783 14.541495104324406
2784 15.056314804040607
2785 14.80283926809572
2786 15.545390378843114
2787 15.61962796890456
2788 15.108266484267313
2789 15.436116657342781
2790 14.65899461336023
2791 15.6997730528903
2792 14.44393203367592
2793 15.329182188199338
2794 14.463709541909264
2795 14.6797101176638
2796 15.3639964359521
2797 14.425868638995768
2798 15.129137100304538
2799 15.095494107614382
2800 14.568433835286905
2801 15.385284994690094
2802 14.573432498200479
2803 14.770288153563788
2804 14.261139303573806
2805 13.861857175746602
2806 14.549256866381487
2807 14.196846818416214
2808 14.374589825394956
2809 14.163761959347987
2810 13.956116631512552
2811 14.345312575030881
2812 14.659465711924447
2813 15.61276294296241
2814 15.120040948617465
2815 14.322280667337886
2816 15.300412828521365
2817 15.47804461368273
2818 15.37053137397529
2819 15.297485029339645
2820 14.239353185572808
2821 14.842755453532662
2822 14.710734242179655
2823 14.819554237964994
2824 14.53243973886807
2825 14.161223363388716
2826 13.915159268608129
2827 14.999652125203179
2828 15.289110066188108
2829 16.482492800479438
2830 13.18009539347103
2831 13.475207837373636
2832 14.7436228090218
2833 14.285889707709263
2834 14.471089254732465
2835 13.67514657449388
2836 14.797588621599676
2837 14.494092893002707
2838 16.51849950679184
2839 16.520546514145664
2840 16.112123969195505
2841 15.404750760090149
2842 15.32832639995055
2843 15.249607165077
2844 15.24916744672096
2845 15.145401560941908
2846 14.815596166502583
2847 15.902909389474578
2848 15.402626146261145
2849 14.6593106401189
2850 15.208048411799577
2851 15.757094586108288
2852 16.124893937397065
2853 15.069133894401666
2854 15.240890631819756
2855 15.114155261296869
2856 15.924402940056629
2857 15.685718554481824
2858 14.130396393585539
2859 14.712007723878338
2860 15.321635477247915
2861 14.980525830487686
2862 14.54292317112485
2863 14.444282371050761
2864 15.062866198912234
2865 14.109869298896793
2866 14.978200261145105
2867 16.277151121064005
2868 15.891649462852829
2869 14.689534093372554
2870 14.777224145079767
2871 14.540456935799057
2872 14.717001205793444
2873 14.796069189065912
2874 14.427336673856264
2875 15.550468661489157
2876 13.834614800076748
2877 15.378077123061829
2878 15.530727579694004
2879 14.698247556109393
2880 15.018151089078732
2881 15.141399408669644
2882 15.20161213981109
2883 15.567367820823929
2884 15.330376094124205
2885 14.183499108404124
2886 14.580407321492443
2887 15.600432597268721
2888 14.57307032964668
2889 15.035054548540318
2890 14.246599946653005
2891 15.294968912018534
2892 14.623890702653938
2893 14.28648131117002
2894 15.828993909660625
2895 14.603390801543163
2896 14.514027097016818
2897 15.581713650169817
2898 15.342179388333896
2899 14.515022593929919
2900 14.799773659962863
2901 14.948866204744835
2902 15.302037998862378
2903 14.679404260915334
2904 14.451386421327694
2905 15.111805328253078
2906 14.963566607764388
2907 15.76983762599216
2908 16.41493407935924
2909 14.706596716758764
2910 13.681610096642174
2911 14.18043954944374
2912 14.326237473708622
2913 15.164596988432983
2914 15.061552538522808
2915 14.917816938648158
2916 15.068420952041098
2917 14.420083803835352
2918 14.654074980639614
2919 15.121760604383818
2920 14.697233650822845
2921 14.823929738996963
2922 13.36987042173111
2923 14.263909782226508
2924 14.501283798016468
2925 14.700787382650939
2926 14.632627875481287
2927 12.365831625812262
2928 13.003571825318183
2929 12.65204124510326
2930 14.087304027561732
2931 14.426871547960536
2932 15.545616601968288
2933 15.403851149924412
2934 15.587387761915789
2935 14.834221823542679
2936 14.779537884825643
2937 14.722753195404984
2938 15.302548288029207
2939 15.411011747258025
2940 14.166213109991158
2941 14.253715369968411
2942 14.60532831906461
2943 15.483035691699286
2944 14.581934481768148
2945 14.683663462229978
2946 14.073511900276467
2947 14.502978878470993
2948 14.575804374436172
2949 15.508921849862233
2950 15.062841985269861
2951 12.927805798604357
2952 14.595147184315177
2953 14.70256643906823
2954 14.78845810861394
2955 14.75433726303926
2956 14.386169724744443
2957 15.23779686697005
2958 15.352293778934591
2959 15.080028090008398
2960 14.023432005050976
2961 14.546809294561804
2962 14.016943097137483
2963 14.360155803222327
2964 13.399589173740551
2965 15.09657582668154
2966 15.52176816758468
2967 14.991466025270904
2968 15.367521785728895
2969 15.55279448525724
2970 14.744270537698098
2971 14.89156065586288
2972 15.27270590513192
2973 15.374691705793733
2974 15.93414806555078
2975 15.109034033468514
2976 15.452208219291078
2977 15.920094666032165
2978 15.685218242759472
2979 16.128049695374635
2980 15.51118863283239
2981 15.650119132817018
2982 15.86760207363842
2983 16.405381182580093
2984 14.627658248593724
2985 14.836805821337439
2986 14.612830585658054
2987 15.619629256820204
2988 14.395449106340438
2989 15.069786193913291
2990 14.264463498541975
2991 15.050261624017223
2992 14.539086117215334
2993 14.64048781627011
2994 15.092442516183072
2995 15.80021669982673
2996 15.722714698964966
2997 15.998209101902795
2998 15.965411212682394
2999 16.100841301208707
3000 16.147020036347275
3001 15.58063039632562
3002 15.312052357464196
3003 16.51659273493627
3004 15.127553775045275
3005 15.438325386330375
3006 15.235056963403137
3007 15.607832696617443
3008 14.989563519610066
3009 14.897866698464563
3010 15.109470467834226
3011 14.016935454584255
3012 15.522790507149585
3013 15.655707095263677
3014 14.63556408626226
3015 14.653799852252355
3016 14.957767436940493
3017 15.41420242781087
3018 15.28901070325228
3019 14.502709157647987
3020 15.262582687839148
3021 15.944078642287751
3022 15.35076542713648
3023 15.154461653100185
3024 14.611605267047436
3025 15.85134652430816
3026 15.120623559590959
3027 15.55032688353177
3028 14.938880718349859
3029 15.367084591070057
3030 14.997544481440373
3031 14.668828569002155
3032 13.698377480020733
3033 15.098903366173785
3034 15.186263292442591
3035 15.185681042604116
3036 14.564709914046446
3037 14.93679137328302
3038 14.72041407258477
3039 15.021365169201545
3040 14.13607255811911
3041 13.354041165672466
3042 12.86025862245123
3043 13.03735766634487
3044 13.983445249127632
3045 14.159815151615707
3046 13.33038128683429
3047 14.322417687559666
3048 14.302831907852541
3049 15.417070276353257
3050 15.119044555414789
3051 15.54465151818167
3052 15.182727117131222
3053 15.834786527787264
3054 15.065377995692202
3055 14.160971296474132
3056 14.948592501889902
3057 15.114340801302365
3058 14.643714989201621
3059 14.745509718132658
3060 14.478217242483236
3061 13.473628829374311
3062 16.48943366135344
3063 15.092389071591548
3064 14.591216624810206
3065 15.602987779013311
3066 12.816018004910859
3067 14.788695263895931
3068 13.332504584127769
3069 13.88185677230367
3070 12.686938337599443
3071 14.30796239035513
3072 13.067420250722428
3073 14.08081996564639
3074 15.717961245553088
3075 14.754356181190614
3076 14.405069468747392
3077 15.27276374450827
3078 14.925918657809174
3079 15.123764943144199
3080 14.940325537579033
3081 14.403421305946473
3082 15.565544502116127
3083 15.266728821954866
3084 14.448083211648878
3085 15.212345586880767
3086 14.515266957055475
3087 15.13296092062848
3088 15.264897307643439
3089 15.08345508433882
3090 15.217234862483878
3091 14.769829025711106
3092 16.14455988475334
3093 14.924371702419332
3094 15.488765546637833
3095 13.461457316456881
3096 13.765464586685015
3097 13.260587149692448
3098 13.498017575984766
3099 14.215266524366045
3100 13.070213777361742
3101 13.478072416291663
3102 13.148745606816899
3103 13.328434857180156
3104 13.699525767762834
3105 13.389052211794489
3106 14.339248815653871
3107 13.81422333602001
3108 12.586314643346187
3109 14.101374809967751
3110 14.813930374095692
3111 14.96671838428976
3112 14.424846828095816
3113 13.818758950374686
3114 13.957638304310375
3115 13.837201148433653
3116 13.817045782579562
3117 14.948380160298639
3118 14.843583374797943
3119 14.183779232406996
3120 14.48501107483553
3121 13.271384057350765
3122 12.590120725766061
3123 12.552779414591246
3124 14.014381292784412
3125 14.562822602208223
3126 14.379752718705053
3127 15.167956910365152
3128 14.862355398821727
3129 13.921523603785026
3130 14.097098286931265
3131 14.090133838804885
3132 14.341179676436326
3133 13.582850320300986
3134 14.23670709381468
3135 13.87996456489945
3136 14.114377065196916
3137 14.43306429096992
3138 13.662181415263651
3139 14.112236810511519
3140 14.268399924522775
3141 13.890662201430859
3142 14.244008690039008
3143 13.878288344461176
3144 13.5456978266869
3145 12.490006308901636
3146 12.705764374135434
3147 12.598791795599785
3148 13.332221141574053
3149 13.376209482093078
3150 14.830125081444503
3151 12.640013682914402
3152 14.10166439189865
3153 12.967151363729162
3154 13.504374304142617
3155 13.43034262640427
3156 13.922608683554147
3157 13.4299522863393
3158 14.110033969187675
3159 13.79059019851278
3160 13.387631659316884
3161 12.957120318462621
3162 13.603137747347805
3163 14.001181147696261
3164 14.046825460228396
3165 14.191335153494318
3166 14.044025239233086
3167 13.488426895017193
3168 13.722481684724217
3169 14.616881143119725
3170 14.088894666608812
3171 14.135040103159332
3172 13.492102454819277
3173 15.094613088118631
3174 14.349702381576988
3175 13.916690270343675
3176 13.80773694291646
3177 14.925545522729353
3178 14.780652595307142
3179 13.449157334205099
3180 15.042033423617044
3181 14.942342155778457
3182 14.75696689995219
3183 14.52430862088199
3184 13.598585357699855
3185 13.434997496683923
3186 14.187395225159342
3187 12.73058300859871
3188 13.28758327108732
3189 13.880451460162778
3190 13.226963611420164
3191 13.28028091555617
3192 13.224090912305165
3193 13.589855825702495
3194 15.450126355152012
3195 14.06910579768021
3196 14.004176021590114
3197 14.16718752007616
3198 15.122606104984497
3199 14.29039302874357
3200 15.889091853382151
3201 14.854700864110065
3202 14.024598891920006
3203 14.680697272786352
3204 14.956119364341227
3205 14.654386837332744
3206 15.28791758748249
3207 15.867152888888043
3208 15.641061783292212
3209 18.631721739112628
3210 16.25644574787457
3211 13.984285445636663
3212 15.10636419609419
3213 15.90261901212163
3214 15.16487413136203
3215 15.28065017969643
3216 14.750439419959145
3217 14.074869319715969
3218 13.736231268291437
3219 15.029580994096916
3220 15.144069725727048
3221 14.53787914583195
3222 15.969910468372788
3223 15.192572510059284
3224 14.934513730654134
3225 13.17310919919177
3226 15.490732515061776
3227 13.509436317441924
3228 15.094723606333758
3229 15.31397760039536
3230 15.084191938289106
3231 14.16604051742697
3232 15.292464510633822
3233 15.459789891387056
3234 13.644911026454984
3235 13.882945094792602
3236 14.307255777671715
3237 14.146784621666232
3238 13.952179969166798
3239 14.308687773392306
3240 14.362754751188255
3241 14.388998456979774
3242 13.547697330275598
3243 13.433276986005517
3244 14.002874677430698
3245 14.663229818994635
3246 14.498826310497046
3247 16.58736825541183
3248 15.232144696775524
3249 14.919877078625117
3250 14.579684748632333
3251 14.60757031546043
3252 14.382479656725941
3253 14.079841699800946
3254 13.823064873128546
3255 14.889581480471547
3256 15.13379681579661
3257 14.470865283418837
3258 14.222644075867338
3259 14.052501042166826
3260 14.459022880600969
3261 14.347342621887801
3262 14.474484266137647
3263 13.96434208112437
3264 13.192498345119542
3265 13.163700698942112
3266 14.529538928251421
3267 13.648823584148236
3268 13.964544100806588
3269 14.460018803299874
3270 15.89246202329281
3271 15.404871173604011
3272 14.915757979885642
3273 15.604026298813215
3274 15.312882589551773
3275 15.500372886860937
3276 15.551507580660699
3277 15.912834120869594
3278 14.445810937563607
3279 15.313386495918435
3280 15.383738981437562
3281 14.94270976768148
3282 14.62858934045076
3283 15.766249556990884
3284 15.373813022906777
3285 15.136743104988163
3286 16.531757725882507
3287 15.822486451617381
3288 15.6221061206307
3289 15.58077639224928
3290 15.760171563764713
3291 16.01433422600153
3292 14.862139815755546
3293 15.531087252491698
3294 15.954723804994762
3295 15.524575650374077
3296 15.076559373642182
3297 15.346673575443555
3298 14.708779705943543
3299 15.601664410432697
3300 16.6102016531107
3301 16.525634137634242
3302 14.351928281439921
3303 13.681146157712805
3304 13.767885210833947
3305 13.875634740653819
3306 13.260427452296152
3307 13.311626843581298
3308 13.259316203353325
3309 13.79253180418188
3310 13.572637832514998
3311 15.447074612985638
3312 14.856836651071726
3313 15.196991945537967
3314 14.605365751816315
3315 14.12434250663693
3316 14.999672210611061
3317 14.409782589947813
3318 15.549014008191179
3319 15.640076428689126
3320 15.28428358804154
3321 13.517706714634954
3322 14.176663051931122
3323 13.942275272434957
3324 12.671062114584993
3325 14.065128873724943
3326 13.294777465918237
3327 12.687265047023875
3328 13.589530384159396
3329 12.546485353910565
3330 12.79616441794964
3331 13.517998368757892
3332 12.523472924577197
3333 13.047997742952402
3334 13.890165865698721
3335 15.297717503292024
3336 13.736982408114937
3337 12.970561598400284
3338 13.947080649656034
3339 12.739229423533398
3340 13.293414016882608
3341 13.841820733427427
3342 14.831533068174817
3343 15.438786697372572
3344 15.11356259037962
3345 14.200678526664133
3346 15.281067897136266
3347 14.945518876427457
3348 14.49725349294087
3349 14.703045317018688
3350 15.298108558615159
3351 14.271956537259886
3352 13.578908747140003
3353 13.981768467466186
3354 13.729836624507254
3355 15.878632096986129
3356 14.466936223908796
3357 15.721628334508502
3358 14.88849956221604
3359 14.058075766089768
3360 14.552179433787462
3361 15.075075799446873
3362 15.136731782544683
3363 14.535731492928212
3364 15.043436936065232
3365 16.006166439489128
3366 16.732841239953395
3367 17.1545427237796
3368 16.22931087375214
3369 16.98774130969237
3370 15.757388092366499
3371 15.554594066314017
3372 15.784355912896617
3373 16.628134688152354
3374 16.51905180946417
3375 18.0056257341353
3376 18.264115018789465
3377 17.01100761961073
3378 14.699085454056313
3379 15.757531722056573
3380 16.257698567445857
3381 16.316034661018364
3382 15.607886954727132
3383 14.943996023954684
3384 16.55505585618948
3385 15.051023057447992
3386 16.100428945026184
3387 16.736765636184852
3388 15.755282165912666
3389 15.605758986321026
3390 15.790435395184959
3391 15.864499992584642
3392 15.356568032725848
3393 16.940083754432525
3394 15.781947552150662
3395 16.51390525828111
3396 17.13601421451823
3397 15.734799001966485
3398 14.314182862786637
3399 15.213481301262139
3400 14.785398000487016
3401 15.580978908683011
3402 15.557999464842005
3403 16.617631638721424
3404 15.543675108144031
3405 15.549019708206412
3406 15.776857195608217
3407 14.933836424983946
3408 15.903520477218724
3409 15.476409216306749
3410 15.743504398625433
3411 15.043463450154643
3412 15.234267285500911
3413 16.464883217861587
3414 17.276862757221288
3415 16.287933537973824
3416 15.66424869324094
3417 16.600390300656468
3418 16.2876087098465
3419 16.381754302901694
3420 16.269385437506344
3421 16.902485573669807
3422 17.24684720874286
3423 16.226264760054264
3424 15.670313927944974
3425 16.962228049399076
3426 15.747835461433999
3427 16.43787745603139
3428 17.05004445261461
3429 16.716487542261998
3430 17.045304329636327
3431 16.27261798078783
3432 16.510689638453798
3433 17.53863973263345
3434 17.279453734620486
3435 16.675986495821974
3436 16.6061079906289
3437 15.206354173540381
3438 15.72204805761798
3439 16.576150307452682
3440 16.100758059930424
3441 17.357219706845328
3442 16.24820897187452
3443 16.190882763164655
3444 16.556083332249504
3445 16.70891482676403
3446 17.280595040069336
3447 16.112645005326314
3448 15.504813422334896
3449 15.508027539152307
3450 17.06399509038732
3451 16.643768541457263
3452 17.061484398472356
3453 17.725402473201076
3454 16.50299801089285
3455 17.531518060135905
3456 16.510813059462034
3457 15.831857956029648
3458 15.49404251174037
3459 15.214660269162843
3460 16.08253213358059
3461 15.494395611393754
3462 15.701519836204495
3463 15.714530357695473
3464 17.23613522054403
3465 15.483621524796888
3466 15.26935952115346
3467 16.10263688793162
3468 15.747241413471865
3469 15.35787515323418
3470 15.514367318187444
3471 16.38656537463737
3472 16.26354096795863
3473 16.19448685954214
3474 15.614292596391225
3475 16.208919689325654
3476 16.463740585078984
3477 16.994836327418362
3478 15.792001635770509
3479 16.200849602691587
3480 16.034061557371636
3481 16.360069054290992
3482 15.236637557871758
3483 14.900832374851033
3484 16.12517827589517
3485 17.25232300637849
3486 17.5762484439992
3487 17.40933930926242
3488 15.937726397259842
3489 14.814141004481204
3490 15.681645722754343
3491 15.79771748495425
3492 16.026850417407644
3493 16.396613290800754
3494 16.614323095216406
3495 16.876157945780104
3496 17.052435210919374
3497 16.938863524811744
3498 17.67102429173429
3499 17.028837249190822
3500 16.54031264116677
3501 15.873754716883287
3502 15.417626418606865
3503 15.384517057119364
3504 15.74673794628333
3505 15.469190693817374
3506 16.095241640721888
3507 14.450061863024157
3508 14.761572575085557
3509 15.38279388273222
3510 15.058695203057026
3511 16.635880683254403
3512 15.454152514480489
3513 16.605261422738913
3514 15.213592418925954
3515 15.195633419077664
3516 14.373088458613536
3517 14.90008678404943
3518 14.859987126798407
3519 14.440743963694395
3520 14.343224032381443
3521 14.72138306143597
3522 15.128656274461305
3523 14.783227922216332
3524 14.439255914373518
3525 14.917461853531902
3526 15.249483131243617
3527 14.708375096757376
3528 15.151709192926926
3529 14.604825520653698
3530 14.135277831362037
3531 14.406918478169967
3532 14.779609139023702
3533 14.40452027951976
3534 14.128297979190954
3535 14.39614019130999
3536 14.944373166885555
3537 16.140271035291732
3538 15.358554870575885
3539 16.334527554831137
3540 14.47947033816271
3541 14.65192758578348
3542 14.737641473328225
3543 15.412224780921001
3544 14.795646374732234
3545 15.753848081610501
3546 15.204199700662375
3547 15.744894193061196
3548 15.56980672796727
3549 15.504156306904136
3550 15.417071385060728
3551 15.345184248731865
3552 15.009258840263493
3553 15.128938005695478
3554 14.63758420992914
3555 14.545666789590603
3556 14.637915993973795
3557 15.057997700849704
3558 14.79215959259453
3559 14.842777350643532
3560 14.96029689507888
3561 14.284864682855005
3562 14.787596122136874
3563 14.831951815148523
3564 14.451840492027616
3565 15.453716937755004
3566 14.921056150995922
3567 14.664574773530324
3568 14.715155737271889
3569 15.23491312043295
3570 13.635746694553049
3571 14.776017502374227
3572 14.803862212138393
3573 15.085125858422447
3574 15.195516057698214
3575 14.86401283260696
3576 15.390791221909593
3577 15.349924826474188
3578 15.333901850718528
3579 15.513958434486957
3580 15.141317927301387
3581 16.172879268515427
3582 15.095112875903352
3583 14.977451232589022
3584 15.96634211526067
3585 15.351536925252239
3586 15.465157809295361
3587 14.465071093933998
3588 15.219016102171294
3589 15.466937373582446
3590 15.96429155518951
3591 15.007234660409061
3592 15.263012421165607
3593 15.17507898362891
3594 14.917615383430412
3595 16.64085796203556
3596 14.922883945380995
3597 15.148789347898111
3598 15.19354444629676
3599 15.150697606381502
3600 16.01839072920518
3601 14.982310334764703
3602 16.46539955587042
3603 16.977494563837713
3604 15.16436430028141
3605 14.666661286677376
3606 15.366130802536162
3607 15.38937337352493
3608 15.161047968318458
3609 14.512427094553104
3610 14.864268793098091
3611 14.40926809975625
3612 15.601261073584597
3613 15.173559261959184
3614 14.640763907721173
3615 14.924055014765784
3616 15.179945890894235
3617 15.096714162383872
3618 14.933951800438745
3619 14.325033450623794
3620 14.86320445063446
3621 14.128585492118239
3622 14.883782243965245
3623 14.44856638590384
3624 15.42997346470647
3625 17.314973263303155
3626 17.118294331869702
3627 16.42297237883195
3628 15.860410739968527
3629 17.447355330251867
3630 17.12139761083411
3631 17.15004794972646
3632 17.4358067773771
3633 16.523196334414827
3634 17.53220219838067
3635 17.365229080397988
3636 16.678466174327312
3637 16.634440546658723
3638 16.956668189806752
3639 16.210903950833885
3640 17.242759900457738
3641 15.968140378332494
3642 16.43700045808342
3643 16.217277105737406
3644 16.81081952081952
3645 16.58088867878941
3646 17.79234626108501
3647 17.421380426630705
3648 16.46843803774413
3649 14.821434986623492
3650 16.190632902334812
3651 16.12782671478472
3652 16.388403995234377
3653 17.452529634506085
3654 16.9955143795638
3655 17.230504953960523
3656 17.35009576653792
3657 17.02536674467327
3658 18.230800382085427
3659 16.837310104628088
3660 14.997662450693015
3661 14.843754489333916
3662 15.439575169329453
3663 16.094990018365852
3664 15.477274228558091
3665 15.149353760460187
3666 16.245675069884335
3667 16.754375102327163
3668 17.084164293358544
3669 15.45346962061013
3670 14.947057457148453
3671 16.038438059640683
3672 15.324360066495732
3673 15.645910177832324
3674 16.79641373807264
3675 16.472490965747888
3676 15.23309690153813
3677 15.18302465378241
3678 16.50371329717802
3679 15.399095087281568
3680 15.742046380987516
3681 16.054285148315575
3682 16.666006599397576
3683 18.029804041889886
3684 16.40082917126551
3685 16.91812454470285
3686 16.689963702353772
3687 17.80121545171277
3688 16.461508004198823
3689 16.745276812427292
3690 16.73593461652804
3691 16.56372508910732
3692 16.06149329800003
3693 15.76583913904427
3694 14.597873984398731
3695 16.033142016279765
3696 16.25884295586613
3697 14.712076811916186
3698 15.721062363164428
3699 15.622961342874174
3700 15.076612918895629
3701 12.61964541563726
3702 14.219551321274702
3703 14.901556148662351
3704 15.226796824750624
3705 14.65025698380108
3706 15.76040340880991
3707 15.583645948734418
3708 16.367713275737252
3709 14.00912564178045
3710 14.694578526637969
3711 16.21452073247161
3712 16.069086769625095
3713 16.049731804508443
3714 16.710094316851357
3715 16.4840722514817
3716 15.290289450424075
3717 16.449496992022553
3718 15.73318283707508
3719 16.17598868133199
3720 16.02942770323704
3721 16.233884797921768
3722 15.967841885410737
3723 16.089615845376116
3724 16.650558069595785
3725 16.550020284230946
3726 16.106270860599686
3727 17.51658047862981
3728 17.114791441198623
3729 17.897730397154273
3730 17.55962237276781
3731 17.929982837750156
3732 16.995629503829097
3733 15.585185274153368
3734 13.906683129813128
3735 14.429408757221118
3736 15.793391851794064
3737 12.25127566962805
3738 15.936442426093507
3739 13.390021465230069
3740 15.298249375604124
3741 14.293059496368413
3742 14.146381275860039
3743 13.91725926042882
3744 14.776238093042842
3745 13.361634989013544
3746 11.74166828254773
3747 10.759657960764736
3748 7.8825114078486855
3749 9.819228431914247
3750 10.14297751325058
3751 10.819583263100883
3752 12.547063967109885
3753 12.633087167621547
3754 12.345018248597684
3755 10.195014264477242
3756 10.235221183371145
3757 9.489107947150274
3758 9.541822613018347
3759 10.03205438756813
3760 9.59248689602033
3761 11.851545123772171
3762 13.53679091286292
3763 14.755121939254844
3764 15.025009552918196
3765 13.66759241240714
3766 13.55938278932283
3767 12.040634520516935
3768 12.946036812907659
3769 11.330353722480702
3770 12.465439643711113
3771 10.004951403663975
3772 8.167010529007438
3773 7.7914202096078435
3774 8.52223238648999
3775 8.375521228914845
3776 9.056567590066253
3777 7.903524008267065
3778 8.28694620318328
3779 7.8723717024165625
3780 8.032342626167372
3781 7.545718866103877
3782 7.4536341256308765
3783 7.3127809906137635
3784 7.566974453552628
3785 10.73156387567593
3786 10.343282358100351
3787 11.119107542444526
3788 10.635282515371024
3789 10.624158665629846
3790 13.083109752272415
3791 12.42423595933043
3792 11.672622873997733
3793 12.192360962522852
3794 13.224799965051105
3795 13.262334826743066
3796 12.226354714466984
3797 13.804737897361827
3798 13.134279196293429
3799 14.367389648399113
3800 15.362581770978668
3801 10.481927646836972
3802 13.839114693519447
3803 14.766441508016797
3804 13.457372940059116
3805 14.143964862304937
3806 12.804954991107698
3807 15.109370721056605
3808 13.192914531739182
3809 12.174677884075178
3810 13.84877509260188
3811 15.676708314459262
3812 15.440278780567072
3813 18.930443807734296
3814 17.704940840605968
3815 12.83227783627838
3816 13.271115006117943
3817 12.580606551583319
3818 12.220040958571188
3819 15.856421070595246
3820 13.352813783183619
3821 14.065425399577702
3822 14.743669005946128
3823 11.125524582943845
3824 11.19292744326156
3825 12.883086614157413
3826 15.776083381275669
3827 14.461890015689624
3828 13.703067100226486
3829 16.761129327780623
3830 13.526008622934434
3831 15.062321168768245
3832 14.96514170802408
3833 12.83700086605191
3834 10.646359865175006
3835 9.406983583511925
3836 11.52256964755999
3837 12.202819365011567
3838 12.887712737994983
3839 10.386045360738729
3840 11.652453764065642
3841 12.722251639474075
3842 12.614309393833983
3843 15.441534468684678
3844 13.926447607344524
3845 12.56717658580028
3846 12.954780853658683
3847 10.20879997931392
3848 10.899369278030104
3849 11.396603277226328
3850 10.593872804702686
3851 11.053022206617465
3852 10.073821978934367
3853 10.816238878591442
3854 9.880524397666605
3855 11.393336671905578
3856 11.808488713820678
3857 10.90437337438666
3858 10.72281015774008
3859 11.029979993078149
3860 10.970862512775168
3861 10.378768653748681
3862 10.974784495433019
3863 10.664290418090546
3864 10.290417209329457
3865 11.13730217753564
3866 10.191759410522476
3867 9.679028333199575
3868 10.745068338701769
3869 11.379760407348302
3870 9.76093683047905
3871 11.783968285807196
3872 10.620857724397066
3873 11.317484533361013
3874 11.338668903900578
3875 11.132467257867505
3876 9.94188830725382
3877 10.07990422898152
3878 10.707410490074102
3879 10.88974809049983
3880 10.660814392129643
3881 10.916463575468564
3882 10.782239335725702
3883 11.091006624329818
3884 10.094869486639636
3885 10.845749616743321
3886 10.399341578337571
3887 10.562408596678063
3888 10.608080034100873
3889 10.409581695079623
3890 10.153303823965498
3891 10.26739176073932
3892 10.419110069545367
3893 11.164508590237537
3894 11.465073487610024
3895 12.264700275568758
3896 11.088427124974675
3897 9.753962611612256
3898 10.181441185479345
3899 11.351357713589175
3900 10.065343046121663
3901 9.9131783483225
3902 11.21740979853963
3903 10.058795851582715
3904 12.063589752051296
3905 11.796765273042551
3906 12.540975103618722
3907 11.681361579832531
3908 11.543009367068073
3909 11.575086123867168
3910 11.617448265575447
3911 12.092300119168499
3912 11.394703351340254
3913 12.487831017526197
3914 11.9854964269486
3915 11.653540603765414
3916 11.034199130356178
3917 11.688264945741926
3918 11.349259521253758
3919 12.728192322440398
3920 11.472286790259762
3921 12.208229879404826
3922 11.491453721298356
3923 12.371288429408455
3924 12.52789125581612
3925 13.935420783711187
3926 12.512671647514741
3927 12.894658972041137
3928 12.308900823833884
3929 13.4998082994089
3930 12.292135291173679
3931 12.213476090341855
3932 13.348571277203584
3933 13.45147664305647
3934 12.625018094218795
3935 13.724615383396786
3936 13.998510676273638
3937 14.62104533056915
3938 13.60154111823339
3939 14.457289786215041
3940 14.774724413534162
3941 13.093014308050334
3942 11.55716498946725
3943 11.47082938073519
3944 10.914567043363135
3945 12.028491354778033
3946 11.124993787153873
3947 12.830855892923244
3948 10.483280281811123
3949 11.600208681594339
3950 11.630249041327339
3951 10.325174905753226
3952 11.633748404567482
3953 10.473018759488058
3954 11.338908237004922
3955 12.535219422733833
3956 12.423663872300729
3957 12.337661000102567
3958 11.279060240853015
3959 12.177871065667478
3960 12.193648954510268
3961 12.098235993612226
3962 12.492444215518992
3963 12.65329191002973
3964 12.217248012695364
3965 12.644156468167056
3966 12.197729439868064
3967 11.699695939699332
3968 12.237077604325163
3969 11.571194433004468
3970 13.277598894169415
3971 11.55739182253879
3972 12.162312620070285
3973 12.727748377243195
3974 11.781668854862467
3975 11.901341044711224
3976 12.429585788941084
3977 12.289245202193722
3978 12.808730313195634
3979 12.456764363610588
3980 11.560002303004046
3981 10.94981204140161
3982 10.931055214201761
3983 11.269470544050142
3984 10.738900280138367
3985 12.13363148615974
3986 11.082094645138698
3987 10.785973494303787
3988 12.924852934019247
3989 10.877072681159461
3990 10.517636572640342
3991 11.28924664549359
3992 12.418700159949983
3993 12.152886607155692
3994 13.780842219779792
3995 12.99898153706206
3996 12.192891986120843
3997 12.364735754918957
3998 14.53725178011737
3999 12.169809793382766
4000 12.117113264459695
4001 27.562592260102132
