0 31.24370100581269
1 30.218121138560658
2 31.36520225475534
3 28.221567126913083
4 24.354866885231633
5 28.839595509839427
6 26.02107182461448
7 25.056892105671423
8 35.48013143399021
9 35.398941468485134
10 34.36295787285748
11 34.74375327389557
12 34.52724785255658
13 25.484926593953237
14 32.9544962621525
15 34.58316848165058
16 33.17061619082528
17 30.970035638934565
18 35.19995168452893
19 40.238202652143
20 40.62810164910079
21 42.29195069431459
22 38.64017414215717
23 32.06978048315639
24 33.351109343555905
25 32.47585588558683
26 34.653798934208595
27 28.759198178321483
28 32.898817587455724
29 30.910263030464474
30 33.308737702400336
31 42.245684058942665
32 40.1949958056459
33 30.422861506690456
34 31.040697775844066
35 27.410281311506978
36 30.922753723520348
37 24.73660831322057
38 14.992631193512786
39 17.552890608048692
40 17.836746850948195
41 13.132322877002172
42 12.146263609633438
43 11.526754520016825
44 7.339393815315488
45 7.006577880811137
46 10.369733765219214
47 7.028202813669193
48 10.648592793514412
49 12.95612739083366
50 13.24495472538519
51 12.811101859455528
52 11.34249625098749
53 13.710736823006393
54 13.930724778885088
55 12.537576142193025
56 13.513485884055026
57 13.323097988116702
58 13.84755692759163
59 13.482147952080956
60 13.433853355463373
61 14.415302473979715
62 13.61822210474306
63 14.556796469705036
64 14.818767550827866
65 15.28791629033135
66 15.234852816227427
67 14.614225981683173
68 14.473336236137856
69 14.601392620823068
70 14.406810034844169
71 15.420028752549092
72 15.79621252363663
73 15.467852521116082
74 14.894677295406577
75 14.368794919574917
76 15.43057922621031
77 15.508674654188708
78 15.947521519639555
79 14.354326257791477
80 13.47243504095586
81 14.249803034442664
82 12.809123087521531
83 12.103474321048363
84 13.18467430548708
85 14.132674396710598
86 14.640170650426475
87 16.504789267384737
88 16.047892112952518
89 16.23670602080436
90 15.927405219862553
91 13.075678703359257
92 15.883239090973342
93 11.254188247890864
94 11.527568936428949
95 15.775971865453167
96 15.820144773031256
97 14.418594719590814
98 13.613567860091015
99 16.480101401196745
100 15.71253528818682
101 13.058391333872976
102 16.59892191867696
103 16.7123281659354
104 16.147649769600633
105 17.086443473786446
106 17.103100909332177
107 17.405509740241616
108 15.029418804383418
109 16.57883617536106
110 14.163611240249521
111 16.120925859598923
112 14.740722953428184
113 12.10170039356741
114 10.890945876621515
115 11.545890663656241
116 11.258278681293975
117 11.952828693925321
118 13.575820631427819
119 14.161750374762018
120 12.062942174842398
121 13.437357010392905
122 13.902027877535685
123 12.356938061804113
124 12.65319528710094
125 12.958242271934347
126 11.913709072886066
127 13.867805024323943
128 13.664675259743605
129 14.112370108049063
130 14.409267792269567
131 14.277375319200319
132 13.640131549539136
133 13.345998435263963
134 14.050241259421531
135 14.901178244275401
136 13.664174158890358
137 15.32530693406652
138 13.819952303725973
139 12.769929574999537
140 13.721270192133051
141 13.35256049129203
142 12.752324355443875
143 13.568978267093517
144 13.682838214114986
145 12.920785865326932
146 12.548578961108742
147 12.912149476546142
148 12.322581730126606
149 12.842173897808035
150 13.108683735921828
151 12.712011466904473
152 11.993486188968667
153 12.09774897345056
154 11.98496405630916
155 12.725449879607158
156 13.239509164985542
157 12.51331683183423
158 14.440536658548927
159 14.77247760166199
160 12.547595298148707
161 12.18914289595486
162 11.934387918674101
163 13.656181061219693
164 10.792245409563332
165 9.390978902834101
166 10.816352863959278
167 11.66283786806907
168 10.121111119154707
169 10.990619441898199
170 11.406063696106594
171 10.295339540475606
172 10.804542452734138
173 11.221082041446582
174 11.06094272121325
175 11.408159779721093
176 10.174463912526278
177 11.23233961977989
178 11.058471859429805
179 10.419786828291786
180 11.751694103819283
181 11.760128716005552
182 9.778378438249414
183 11.096408215446282
184 11.728476653570432
185 12.176378078165238
186 12.449285790115649
187 7.073817421794538
188 10.745652654185262
189 9.296179351765339
190 8.694430163570873
191 8.703288605644516
192 8.799862359101882
193 8.506151470211666
194 7.0230754489698475
195 8.210732121696138
196 8.495595751838454
197 8.379542915337272
198 8.295631195398842
199 9.73104383572491
200 9.924293772755512
201 9.288930986575108
202 9.37149498314006
203 10.665995000538253
204 10.787277257856866
205 9.720146322368747
206 14.060527137002001
207 16.933989478644037
208 16.42094795185716
209 20.140366315948416
210 20.352168413861882
211 17.97258785445693
212 15.326343984196734
213 15.366807497209123
214 16.854909111919582
215 14.36957084710732
216 14.028109216892739
217 16.535734886264095
218 14.493441551779961
219 12.832348661295672
220 9.385638756778746
221 12.511917542886192
222 10.825744156211892
223 10.289365853212825
224 9.449831105012274
225 8.561076044830735
226 8.941232648355449
227 7.041150909330852
228 9.268927913347571
229 11.534192118900258
230 13.903839695275472
231 15.40845442827269
232 17.745742073354766
233 20.313364870673883
234 22.383313425180923
235 21.601150478948792
236 20.60021311036993
237 19.03618127458749
238 23.436379928933253
239 18.713242671726338
240 20.856184644688753
241 21.837715071984807
242 20.18904662134946
243 20.771818330507063
244 23.59302415455637
245 19.046747383523602
246 16.54123685167791
247 17.955492802239107
248 18.199917386885243
249 18.073679249144913
250 15.370935648160595
251 15.420232875615131
252 16.785624742379234
253 15.606819137348472
254 14.445480541346004
255 16.491536316750487
256 17.041143372819953
257 16.256226982950704
258 16.835226925985612
259 19.288831617293436
260 18.599645984685395
261 18.456426288076777
262 19.562896299868964
263 18.282804344479718
264 17.138490036963645
265 16.86225882634086
266 16.278428311131464
267 17.938502566551577
268 20.053850679603904
269 18.453987787188694
270 17.68618290481353
271 18.76442863316177
272 20.233646924493186
273 19.90532512177933
274 17.164329324672387
275 17.383184058134603
276 18.596480333612337
277 17.949082466243535
278 17.807405505879835
279 17.9153087395383
280 19.812205667268415
281 18.21046595271277
282 19.211431338490033
283 17.745351406476647
284 19.55728715342222
285 19.638390440161135
286 18.40349761667654
287 20.08707654486517
288 19.00969221216222
289 19.091275246754137
290 19.635545342636405
291 21.998926753690846
292 18.45768627392689
293 18.642340087123404
294 18.329509679853125
295 18.65874322275489
296 18.586698215701382
297 18.12817291841624
298 17.570243271874688
299 17.688774131881818
300 19.72944240720072
301 18.970061413913005
302 19.888779737000977
303 20.087502886920927
304 18.630027209030935
305 18.764925610554084
306 18.901049431060784
307 20.562550600049157
308 17.516903826724423
309 20.30322703169898
310 19.500863240624433
311 19.276902750861947
312 20.744047178728003
313 20.489693416985528
314 19.33709580290176
315 17.86179846654683
316 18.576439712938928
317 19.42413790948312
318 20.808073532999153
319 20.48094689594303
320 19.49971542757255
321 21.66248329270361
322 19.446678190981324
323 18.55743387031003
324 17.079081899147184
325 19.842316899339547
326 17.860324584301665
327 18.701149494438887
328 20.182978297057364
329 17.853689701112746
330 19.357831655640055
331 18.632528477593414
332 18.88965668018456
333 18.886482416599858
334 19.089352589136116
335 17.973980670538126
336 18.271782353765417
337 17.98458809994756
338 17.578686567247235
339 18.13970427376335
340 19.379567352796446
341 19.46770416356581
342 19.757955125649453
343 17.812539591599503
344 18.674590261191614
345 17.835910879692452
346 20.06069677411235
347 19.229521539680636
348 19.47739450071058
349 19.079664117391076
350 20.40948607594516
351 19.031136654832036
352 18.92247126499172
353 19.617754377395787
354 19.174586082083113
355 18.97902015166694
356 20.09231875165337
357 20.97096172639679
358 18.93737040866677
359 18.938832439380707
360 20.407094643169955
361 21.73024705482245
362 20.67351270968006
363 19.37133971269034
364 20.433985241475558
365 18.52741713703402
366 18.732008625848266
367 16.91026561752094
368 19.48449596764428
369 20.197220114738236
370 21.131552545439096
371 23.903215806831106
372 25.455438057152445
373 25.27187058340149
374 24.136667938542317
375 26.162997418966683
376 25.250310882709982
377 25.175124235391394
378 23.813518954782776
379 23.550839592548705
380 22.0682692520039
381 23.14435501759242
382 23.11431881537353
383 24.283117584352972
384 24.08670797224091
385 22.499351499275527
386 21.022275912247597
387 22.182656127560737
388 22.750696911544335
389 22.593877438346958
390 22.180631779031398
391 23.43010196919241
392 22.127567251937982
393 21.662174300998206
394 24.965723280972075
395 23.103791298107943
396 21.41420780787594
397 18.825365856085902
398 20.446283371878696
399 20.466218664300182
400 20.03462564494235
401 20.406605908317456
402 20.94228266934481
403 20.491588347550213
404 21.232944517921254
405 21.062377560368976
406 20.8747231642596
407 20.40626130524316
408 18.937161193920726
409 21.080850882830322
410 17.770566704536748
411 18.0157189287211
412 18.43496934491576
413 18.46304410887128
414 18.091253109112184
415 18.493029139963916
416 18.330185326047996
417 18.077210767351914
418 19.262753258032966
419 16.628236387491384
420 17.155827954114425
421 16.882357458677
422 19.224314121353434
423 19.75927206872461
424 21.277229629249437
425 20.329446910534866
426 21.252732190007183
427 22.120636778182153
428 19.111907403554916
429 19.104931137973825
430 20.522878970360775
431 20.90259363170639
432 19.326614740851973
433 20.142603499134417
434 20.210297070698413
435 20.719749467213422
436 18.523662200561436
437 18.232354660889516
438 18.305482812227986
439 21.038259910671822
440 19.41940278570162
441 21.246008977600184
442 19.190051174049163
443 17.870369599102006
444 16.90405648334309
445 19.45533645750938
446 17.11302687223572
447 18.786053026591674
448 18.3989560263154
449 17.924829619254773
450 18.242498787076553
451 19.72595982193639
452 20.78362240863922
453 20.352199318253046
454 19.865978546775636
455 22.476715270720273
456 20.059237795011754
457 21.333488069062383
458 19.21302844107422
459 18.550805045702077
460 21.564111158813166
461 21.40422918901631
462 22.94742663062482
463 20.06407281653189
464 20.361020182998793
465 19.818243748202207
466 21.636770385888262
467 17.096847483352647
468 19.740747032410926
469 15.936714177069431
470 15.960993355262081
471 16.208393470701818
472 16.43812705121425
473 16.04483920042068
474 18.09841547215087
475 18.465342214654335
476 17.068814213467896
477 15.314475380596882
478 16.442455273245358
479 18.508304451356302
480 15.358450910814373
481 13.57909222148876
482 16.801646383994782
483 17.13658459369566
484 15.5023695519417
485 16.83600046654923
486 19.40404066860636
487 20.490038493369692
488 25.9725458106385
489 23.522631259666245
490 22.438122795996385
491 25.59321746634486
492 27.875388995412674
493 28.28668635767844
494 30.574798442387237
495 28.142475367775322
496 29.402519217895158
497 29.68230519938709
498 27.842847952006835
499 31.468624119314843
500 23.916845975434796
501 18.318396192754143
502 20.482662668291475
503 20.125093031428143
504 18.521424637125033
505 17.557640659008708
506 17.81308636092251
507 18.413507935490635
508 20.884739877051285
509 19.81573691180933
510 21.28124185660035
511 19.877931963469408
512 20.557722103232596
513 21.94172179432156
514 22.847973546461787
515 22.928439999504977
516 22.427212207085574
517 23.07614868822944
518 19.749895118918193
519 20.761375715614964
520 20.097105530828976
521 17.536691186181116
522 17.41507400904452
523 13.991958854807066
524 17.515071380366635
525 17.0637689217383
526 18.687421228475618
527 20.273022180574436
528 19.88418284816029
529 17.639388376822428
530 15.068663731537193
531 18.719989360500556
532 17.28165476540561
533 14.4745484567699
534 16.4167189363588
535 15.815154059376807
536 19.379488151649998
537 23.668337356587223
538 18.90143036256837
539 20.803843221155844
540 21.90751563253182
541 25.115953127080054
542 29.582688852218833
543 35.57210560679184
544 31.694254845548393
545 29.391986444506156
546 28.35162566923478
547 30.243165144227618
548 32.351691766761164
549 36.584300127977386
550 42.55326102046371
551 41.58989833627676
552 38.929378787106785
553 34.90429321069704
554 36.99884081564037
555 40.14253515618927
556 34.98907536255518
557 32.10688867671658
558 33.65982476427429
559 31.581090384051006
560 38.760264596185124
561 36.821147377417425
562 31.27116004331752
563 30.817950026050045
564 34.94596492743484
565 34.276382650255805
566 36.119528562715864
567 39.593282543672
568 43.30489857893357
569 46.30834142955083
570 54.526203001104946
571 56.13902143232345
572 56.23617593771431
573 55.30367804397008
574 55.76953911183049
575 54.17841574287917
576 48.66551741606186
577 43.10429939947603
578 34.30829921515177
579 32.33855443900363
580 29.830767016063128
581 38.53729067462209
582 35.15692915324933
583 38.70569605515031
584 46.35326631327787
585 42.37217870466502
586 39.86792568370655
587 41.8658789160691
588 44.366949693342434
589 109.7960018407805
590 37.69469135162653
591 33.71954685992773
592 30.501426896835348
593 35.27397139643482
594 36.61798982833443
595 34.30468400941808
596 39.00760678274376
597 39.600824653978854
598 37.46247656579345
599 38.975840154982876
600 42.355141522015764
601 47.77386067232936
602 112.83589105918654
603 116.17385139045288
604 47.872801317752675
605 44.76711544956339
606 46.082454465542575
607 44.88088586459965
608 49.942946416629354
609 49.87575783167673
610 45.309983505653726
611 36.43500946011361
612 42.25798428813531
613 49.48774266041704
614 51.56895428072025
615 49.34321446346974
616 53.49584599184783
617 52.30264163958911
618 56.60616966136918
619 61.94749423394043
620 58.423778606923925
621 62.02765689546663
622 60.658856049834135
623 68.13420622593627
624 69.00204174488482
625 68.00570308887576
626 61.499024294923814
627 68.08826117018785
628 65.84390102850838
629 67.090914855966
630 69.14449574235347
631 69.12599543406981
632 71.50240415203562
633 75.8926604909867
634 70.37381694461449
635 69.32948593596173
636 66.24467639122942
637 64.62596323098158
638 60.702515761980145
639 59.821986509146704
640 60.091112623269815
641 53.77883786915991
642 48.00595763259072
643 49.575913622064945
644 48.27219087394668
645 53.11672384040772
646 57.81555197779891
647 52.44594685504613
648 53.35355788332468
649 51.79613892773939
650 53.3630130024982
651 57.763875118672686
652 58.402956253372395
653 55.62179535709904
654 52.16971210939217
655 52.50257340459909
656 52.25634623345385
657 49.75636975492758
658 48.25851622582272
659 48.78351879153363
660 46.45184575363763
661 43.02866227007038
662 39.21645918316617
663 38.016444328392765
664 44.89890766634921
665 47.22540447052685
666 45.75945629640598
667 42.51396630757024
668 46.688870784645275
669 47.07220965740537
670 47.62675347222802
671 43.017943044583234
672 44.57527449643569
673 46.084316922374136
674 51.89741800084013
675 51.65175418962881
676 51.79476324580302
677 55.662664066041245
678 56.220069101753566
679 55.64464793607804
680 51.71643635548801
681 47.49679325489023
682 46.89069682745173
683 47.685896029274744
684 43.267561843624854
685 41.93662982259186
686 38.51007622805712
687 40.63232343316844
688 41.519799228542965
689 43.45777797453661
690 45.672374421205056
691 44.323720529850505
692 43.75898713801765
693 44.088132055440155
694 44.59962226682127
695 43.756799016862004
696 41.89447200431148
697 38.500222625170466
698 38.42233962946537
699 37.29717064025963
700 41.14004395676852
701 39.57351459148995
702 40.71389214313763
703 42.035381783206304
704 42.28015907431058
705 42.14122007840634
706 41.1742478302924
707 39.55427771462375
708 39.65700459584337
709 42.88536711532336
710 43.44936696203169
711 38.68135065677317
712 39.98162258239008
713 42.44469491443552
714 40.087376528905345
715 40.49397050058786
716 41.444803639667384
717 39.98167312525679
718 40.61801192425547
719 41.87987134463861
720 39.507846665132504
721 41.15552701825691
722 39.268538892223155
723 38.87762603085932
724 38.76360587195462
725 39.32400639261006
726 40.85154070702029
727 40.242329635283774
728 41.471946761534255
729 40.09722124535797
730 44.148143863978824
731 42.75445349131581
732 43.61856916282105
733 42.484473992686894
734 42.35256507075471
735 42.405741676634555
736 42.97218761620279
737 44.84365327587184
738 44.25316286450409
739 43.61257865435569
740 46.12930254498519
741 45.30678211128598
742 43.06503909881918
743 43.86265194243635
744 42.53473235981981
745 43.70396031742885
746 44.17109869913824
747 47.298502989036635
748 47.1581673097139
749 46.252455035483194
750 44.273038969461886
751 47.39206237446074
752 46.83093030707294
753 47.58137178594599
754 45.82423500197633
755 45.82411608592039
756 44.594370947528695
757 43.205682197926805
758 47.0050202143447
759 46.16709161449851
760 46.51384621363732
761 45.741750598128704
762 45.183066948777785
763 46.16511916272572
764 44.73805417702827
765 45.49985162537307
766 44.05643081478617
767 44.11711379802135
768 45.24490599129379
769 44.9373899411697
770 44.07265016160124
771 44.45617721057899
772 44.063366265207215
773 44.697768124344336
774 44.72196259110864
775 44.75086745030716
776 42.9185082164805
777 42.78807325218432
778 43.22615946987906
779 42.248033688086316
780 42.43859832419353
781 43.46858417466848
782 43.687235223173744
783 46.71849917671296
784 45.88802685966052
785 45.5718876115039
786 42.474196479979184
787 42.19650864698706
788 43.40580615292215
789 43.02885069845727
790 42.793073175507246
791 42.042026319079575
792 40.36846476260975
793 41.129676257639595
794 41.386068178010966
795 40.57678544090931
796 42.0143001939103
797 41.88660060010646
798 43.893632388427314
799 43.519027597419154
800 43.44277285783333
801 43.27766504670215
802 42.483134403721586
803 45.54724420119126
804 45.11432312821339
805 43.39563845936233
806 43.97017641059541
807 46.39328330656869
808 41.55451087506912
809 40.63340249309586
810 43.07484011471196
811 44.53654527583299
812 44.73224484216649
813 43.299220442100285
814 42.37021868885451
815 37.44621449723354
816 38.32143002808325
817 43.34796773361599
818 42.52487988644735
819 41.26538493816529
820 41.93613011778854
821 43.46106929796144
822 43.04322680200775
823 40.89650106365256
824 41.485445347979905
825 41.50848026001555
826 39.430360158833885
827 39.423232250343034
828 38.73396076341197
829 39.702966803094775
830 40.696730986284244
831 39.426533968829915
832 40.04105505114463
833 41.79737658584873
834 39.05589036345928
835 39.042862319354896
836 42.06512496024678
837 42.5847439191985
838 42.25502472389013
839 43.60267535399103
840 42.3824305617877
841 42.50970391876969
842 40.708816836581086
843 41.18539135155021
844 37.501347173800575
845 35.759454103781785
846 39.32059487988175
847 39.94301580176876
848 40.79502972464962
849 41.947187115958506
850 41.25493402666559
851 40.80385962888848
852 41.53403367290323
853 44.05996885363551
854 42.00104245646928
855 41.55601462511643
856 41.43077091786119
857 40.36298159940464
858 37.801807447767054
859 38.09481537084876
860 42.15941313530631
861 39.24456039822185
862 42.49551262625929
863 39.99667782060418
864 42.15372451677018
865 41.255865487006076
866 39.432364674732234
867 38.33544017184479
868 38.97465367022708
869 39.692303930891406
870 40.09219492589473
871 38.88693220861354
872 38.874832030044004
873 38.12265152587032
874 37.19311607704459
875 41.33956595988096
876 40.59579600260769
877 39.577288088154425
878 42.01845555239348
879 42.50943976459204
880 41.65231502049961
881 39.163423542549374
882 38.975991122012786
883 39.419082108819254
884 41.19618905676742
885 35.77433077895364
886 34.580384058941085
887 37.11385042827912
888 36.441761201534284
889 39.03870942794788
890 38.49759696141169
891 39.583228791721524
892 41.4190946046247
893 40.729152108407426
894 42.67812816864519
895 41.92213138499952
896 38.65572378289983
897 41.45912284650181
898 40.13874062243259
899 40.199559910810166
900 40.64425428560777
901 35.8430017406372
902 40.21496738626579
903 41.86321115107017
904 42.41609133009765
905 43.49648926003127
906 39.50123065648163
907 40.2711357792812
908 39.10707711824974
909 38.18432228622841
910 38.042900530565596
911 40.93094897122905
912 39.9749644622555
913 40.266166049280265
914 39.87769655229171
915 43.84672869442907
916 41.433177980394035
917 43.14498550940034
918 41.00588837084472
919 37.64353228726237
920 37.07960497759926
921 36.24964765672796
922 35.620424767371226
923 34.06747148668983
924 33.92336592132586
925 35.61060320953198
926 35.87249286013353
927 35.303209327848094
928 36.6188970602834
929 36.0311522333005
930 39.262249836540185
931 38.23439030752534
932 41.1983902916378
933 39.78398882653002
934 39.787259442886615
935 39.64291033468856
936 39.05747129772239
937 38.38440834228526
938 39.150927758071454
939 39.72124323625168
940 38.849635555881164
941 38.26952268802807
942 39.09360554176482
943 41.006295633918114
944 36.323348616384415
945 37.470367008568125
946 39.09422028186199
947 37.03234310740401
948 38.599799555165525
949 38.06597120827204
950 38.87963960292176
951 38.82319137548256
952 37.8219605584548
953 37.62960502942468
954 37.20349888916476
955 37.36449129086863
956 37.03677304262958
957 37.896761637891466
958 39.655315175587056
959 39.769363869271714
960 39.5333505404758
961 39.728127050796694
962 41.089102732929696
963 39.81970288896412
964 39.79532762145625
965 40.891004972360285
966 41.66303247990007
967 41.207853588625504
968 40.380205616950505
969 40.00700058879868
970 40.047806603880424
971 40.17239038114286
972 39.306589717746874
973 40.26345638839306
974 39.4170110380106
975 38.37913177052924
976 40.2156749249346
977 39.418533001258254
978 38.98262997981068
979 40.093265554407
980 40.62935063347739
981 38.28377513925451
982 39.6621713738749
983 39.89776641322943
984 39.63946555734889
985 38.41069887635449
986 40.45451093167656
987 38.78915522757785
988 40.70953333745358
989 40.674560382440696
990 39.95170001747828
991 40.008111029065475
992 39.78412796393782
993 43.40828976871999
994 38.001701429967724
995 38.367934332097995
996 39.505270027963824
997 38.47764983968884
998 38.43621511365627
999 37.97674501718456
1000 41.85968318719143
1001 38.12399413592346
1002 38.14794627070085
1003 39.028995686814035
1004 38.882482208502466
1005 37.449073426298334
1006 37.61225253974161
1007 38.22826557616686
1008 39.724533655905866
1009 37.5808836979341
1010 39.43479719645532
1011 39.246339048671004
1012 38.23387540731574
1013 37.52832821396213
1014 37.04728605530291
1015 38.82103602006173
1016 39.67726621447337
1017 37.79518003063341
1018 36.888557344905166
1019 38.45442352299369
1020 38.60352820091097
1021 36.943597776251984
1022 37.51247557637073
1023 37.088195117059854
1024 37.83418551224073
1025 36.152739891724636
1026 37.54776240949511
1027 36.34321249766372
1028 37.545796408249096
1029 37.29118380539009
1030 36.99338390558893
1031 36.30974482180668
1032 37.541598033192415
1033 38.2062056257086
1034 39.094566842692444
1035 38.4280907716971
1036 38.994278513210155
1037 37.090091979097686
1038 38.42834251218357
1039 38.284848609058386
1040 37.34896274659417
1041 38.42294225806344
1042 38.738541764015544
1043 39.57661229661756
1044 38.26789012243342
1045 39.444937561465906
1046 38.96113907004676
1047 40.2724303982086
1048 39.97795303547046
1049 39.65746602214726
1050 38.28362331797351
1051 38.97030173803854
1052 39.67048299396876
1053 38.94500760326087
1054 38.83920796951046
1055 39.172082176252104
1056 40.42531090981465
1057 39.85290603885552
1058 39.664508577989245
1059 38.843384479618095
1060 39.79804250331537
1061 41.68203321092311
1062 43.14065118735939
1063 41.55345603076709
1064 41.37021519318041
1065 40.75693264382004
1066 41.10524416089271
1067 40.34509745468021
1068 40.674236383025104
1069 41.055909948425096
1070 40.75402085890834
1071 41.205798646149034
1072 41.04613199575351
1073 39.33556124245979
1074 38.15274308048437
1075 40.490630493571665
1076 40.49191055840208
1077 40.383749450764995
1078 40.556770349615896
1079 40.55340596769215
1080 40.499489743086656
1081 39.22198393200802
1082 39.99886937573085
1083 38.801969159722645
1084 37.1594147590529
1085 38.77605893159131
1086 39.98524605961024
1087 39.558042240588904
1088 39.256678978894996
1089 38.84650233592169
1090 41.536823097704215
1091 39.50685098521606
1092 39.787674340742136
1093 38.66152000851285
1094 39.167745984543444
1095 39.198885458322366
1096 38.49419604669889
1097 40.175014326130146
1098 39.84847281036083
1099 39.26693476239518
1100 38.70114869946729
1101 37.90316664764417
1102 39.71253212184713
1103 39.1858780703704
1104 38.2004671549573
1105 39.401809458898086
1106 36.09522889218702
1107 36.67018523694625
1108 36.59901202001568
1109 36.26752889086073
1110 37.60802142707437
1111 37.28982269388205
1112 36.486397932303795
1113 35.82852663026801
1114 37.20150071991215
1115 37.256750689575895
1116 35.26063887981902
1117 35.98300196925024
1118 36.140054807469355
1119 36.60342694899511
1120 36.583305323640694
1121 37.008859879282106
1122 36.47858562956769
1123 36.91782929225245
1124 36.8382986585439
1125 36.777248551058555
1126 36.33711220643636
1127 37.15929158672038
1128 36.76525611600462
1129 36.11474396726098
1130 36.25958358921145
1131 37.19969801872717
1132 37.199042150166676
1133 38.59655877075282
1134 37.827133077176995
1135 37.86801941742521
1136 39.174089531208494
1137 38.853804114542285
1138 38.56337043400645
1139 38.107065471916535
1140 39.04589912933754
1141 38.8179578420277
1142 39.17272965990735
1143 37.680872483610564
1144 39.392538132060594
1145 39.65285117928797
1146 38.99532291656773
1147 40.971959598261726
1148 40.28587772730993
1149 39.581925647765914
1150 40.0608151982249
1151 38.25718741735923
1152 39.276825647418
1153 38.550403890432264
1154 41.690138811249916
1155 39.84712575531762
1156 41.448870295887446
1157 40.887752841393976
1158 41.489119105335625
1159 41.30718977442038
1160 40.725008089780246
1161 39.22356953141317
1162 39.960066375105356
1163 39.57464224052596
1164 38.24341359793552
1165 37.56981778409114
1166 38.73549188327441
1167 38.37926230623674
1168 38.861115254427325
1169 39.002368032641826
1170 40.04822688709938
1171 40.04998627497423
1172 40.83992215335016
1173 38.189098671752994
1174 39.77344026464533
1175 39.6930466130957
1176 40.15261124195778
1177 39.25608970877838
1178 38.992390574655275
1179 39.995309226816985
1180 38.66050814018961
1181 40.49534566158897
1182 41.53725758194197
1183 38.99018900549403
1184 39.67992385222482
1185 41.96711340451459
1186 40.36940843184192
1187 39.54931431772334
1188 39.746079355687485
1189 40.094095063982614
1190 39.42163394899667
1191 39.79252753122916
1192 40.022828651865545
1193 39.377539518316354
1194 39.58537366217859
1195 40.82266369097914
1196 38.95416011166866
1197 40.73433229091436
1198 41.78867340012465
1199 39.678073616220495
1200 42.540893482999614
1201 42.17670824706244
1202 42.078378042611455
1203 40.13113083090975
1204 38.588390198122944
1205 38.85859965614218
1206 40.66248651665152
1207 39.322570658073744
1208 40.28500729134101
1209 41.18041643631555
1210 39.892983122332375
1211 39.853393533682315
1212 40.80608025393164
1213 40.16706910232597
1214 39.4368626598096
1215 40.23307337097405
1216 43.152751505588434
1217 39.45545395322807
1218 40.270952476338074
1219 41.03525837198409
1220 40.04070880929494
1221 40.174436971426246
1222 40.0367878116057
1223 39.9799962968626
1224 41.70782781117341
1225 42.43270707376815
1226 42.28233374460805
1227 42.9145804222107
1228 40.00922305641171
1229 42.124371374187106
1230 39.58940320861518
1231 39.54129674918279
1232 40.25091802974129
1233 38.60085082682919
1234 38.24607662990144
1235 39.104828261279856
1236 40.07159353318239
1237 40.53932046609623
1238 40.04465821311684
1239 38.99886519206294
1240 41.04735715198548
1241 40.18296673088679
1242 41.30871078123205
1243 41.390007973703455
1244 41.49707975480805
1245 41.87492590864834
1246 41.6522786079277
1247 39.90044445147953
1248 40.26965080267137
1249 39.32843010247189
1250 39.701198707260524
1251 38.41765428220336
1252 41.06250028624419
1253 40.38872095784677
1254 38.68674367342828
1255 39.34464742754888
1256 38.80893977646797
1257 41.404213510006194
1258 39.445229624321875
1259 41.22737266624088
1260 40.47438590989064
1261 41.640911759390896
1262 41.44046345816325
1263 39.392947407873265
1264 41.33275220145824
1265 38.45606377310555
1266 39.93555868823832
1267 42.86839894381388
1268 42.536860025090334
1269 42.52125261010332
1270 41.713890910259785
1271 41.69772504200432
1272 42.026259426600504
1273 42.16778801457427
1274 40.218795978085495
1275 40.85124101245518
1276 42.99102945110819
1277 39.4805664271163
1278 42.54461657988975
1279 41.59790728704747
1280 38.222934324167404
1281 40.028963276773034
1282 40.92313349773661
1283 38.31052050898969
1284 39.62873174451048
1285 40.01895124236622
1286 41.02326785815364
1287 40.997042011313326
1288 39.80226674559564
1289 40.1733573114584
1290 38.828812667176834
1291 39.87616289303176
1292 38.92067743419561
1293 37.85511040825329
1294 40.385972228821835
1295 40.03184790389348
1296 42.20725707482437
1297 41.99800071464649
1298 43.17374896318522
1299 40.44479550994113
1300 40.73695147631761
1301 41.432147467313314
1302 41.27460896924743
1303 42.0767769039521
1304 42.17133915277289
1305 42.979964430995395
1306 41.91522921996856
1307 41.704349148570856
1308 41.09168434777633
1309 41.319479415731436
1310 42.08213658612616
1311 42.601361938771156
1312 42.31361954792334
1313 41.78593004331761
1314 42.42105852008862
1315 40.46399979843388
1316 43.13422429572455
1317 41.56498439465973
1318 42.99546011586298
1319 41.33084019836824
1320 40.4735709371701
1321 43.76619162055807
1322 42.620191215613076
1323 43.12173827291292
1324 42.673600122377
1325 41.37688813435368
1326 43.41114592998891
1327 42.200666984350775
1328 41.780340284256255
1329 41.39460375649303
1330 41.005518392285204
1331 41.13578158273124
1332 40.81040265764176
1333 40.11595817580829
1334 39.17960151995542
1335 39.27218275333161
1336 40.14896488843988
1337 39.736773263550326
1338 38.690726682100234
1339 41.991123587722655
1340 41.434691477166524
1341 42.02973088427298
1342 41.29464081142166
1343 40.88791370811635
1344 42.66171979546812
1345 42.809232968554745
1346 40.12383188590271
1347 40.17619190142455
1348 40.1637408157194
1349 40.05563386081569
1350 40.466592032874736
1351 38.86900824571076
1352 40.26748907191446
1353 40.24592927697637
1354 40.009608506488526
1355 38.250701722414014
1356 39.135464196396526
1357 39.015467971348976
1358 38.678570174247824
1359 42.04060616539931
1360 41.639464910516544
1361 40.57424250813234
1362 42.6683705383035
1363 42.107132516240846
1364 41.74768144913296
1365 38.72929912668784
1366 43.86038982089451
1367 42.06398124742771
1368 42.61820509716211
1369 42.66968066031499
1370 42.28426053702801
1371 42.38710364063013
1372 42.84100455298678
1373 41.141087378735165
1374 40.33696631365178
1375 40.139726222140254
1376 41.01389023314461
1377 40.62229838267589
1378 41.48995079848695
1379 42.535493674548185
1380 43.043386896983726
1381 41.741575049719884
1382 39.33984942422465
1383 40.2051966490089
1384 39.66808537824083
1385 39.03708856465187
1386 40.409178419213426
1387 38.78428556790734
1388 40.32313461308622
1389 39.73331134979451
1390 38.01337231351686
1391 40.14000979614961
1392 39.015485329313556
1393 39.00111122500652
1394 39.076090468134176
1395 41.35463982372849
1396 39.74452202378434
1397 39.08147899468515
1398 41.20606549000454
1399 40.519855113888426
1400 39.72233018983874
1401 39.42088031492338
1402 38.83305872208992
1403 40.50895443303869
1404 41.57469131771747
1405 39.90539840711666
1406 39.85356029187786
1407 39.05123220076868
1408 38.53596935093963
1409 41.3706029116356
1410 39.75643509042221
1411 38.81001799363105
1412 39.468668022345504
1413 40.18103089033325
1414 39.10240883539558
1415 40.143268751395695
1416 40.42979101190779
1417 37.966401972191356
1418 39.33970867322689
1419 38.28249959037623
1420 40.183684136107516
1421 40.38247681135836
1422 39.711467355954234
1423 38.876013846941476
1424 39.303904739336545
1425 39.767072121339076
1426 39.23123047349051
1427 38.48454020793398
1428 39.112653444190826
1429 39.72028757137238
1430 41.16312544219762
1431 41.06123671388448
1432 41.6519337856356
1433 39.769127751896015
1434 37.21801392361976
1435 39.143080893394156
1436 37.78550829204451
1437 36.825189157202
1438 38.6079960752921
1439 38.71835076833511
1440 38.34842897349009
1441 39.18341936763835
1442 38.26014843712168
1443 37.045813711454166
1444 37.507895941061314
1445 37.407039520992875
1446 38.09053573526105
1447 39.47265006428585
1448 40.03744216107852
1449 39.65775047191945
1450 39.37860580886373
1451 39.00241942991196
1452 38.55721053437268
1453 38.165270956790465
1454 38.48660069476654
1455 37.58038603527033
1456 37.828503250897455
1457 38.27825431068139
1458 39.02000996028891
1459 36.320941729205444
1460 37.594690243276936
1461 39.93857827889843
1462 38.68330120260165
1463 39.566530682185714
1464 39.368014092079385
1465 38.923439982980014
1466 37.07110615148508
1467 37.06557521071707
1468 38.022867904830726
1469 38.61587077606411
1470 38.4333670989543
1471 37.815600502646404
1472 37.47336882537749
1473 39.49944069065259
1474 39.668926051736605
1475 38.545550658984496
1476 39.660283908491785
1477 40.15893790381465
1478 40.603254735102595
1479 39.03629169602485
1480 41.52556719043202
1481 39.459367770096065
1482 40.48690623027024
1483 38.50942710678289
1484 39.469429885018045
1485 41.72538872647362
1486 40.44071045822247
1487 37.95051025743201
1488 38.64564048166366
1489 38.69798730623023
1490 37.13638450888156
1491 38.56568212657148
1492 38.13893402370358
1493 38.90242526781066
1494 38.2644057812558
1495 38.41079649888218
1496 39.030266814047934
1497 38.46000166672342
1498 38.08205341464716
1499 38.31284510551719
1500 37.87055392780743
1501 37.232788181500425
1502 37.979991000166
1503 38.8871016829628
1504 38.56015681318005
1505 39.81549371022638
1506 39.189346830858504
1507 39.2287955416956
1508 39.41057837862615
1509 39.5891358023241
1510 38.82078131479659
1511 39.07032063407554
1512 39.65861123828152
1513 38.70075326548298
1514 38.76953678872819
1515 39.52242943945187
1516 39.960143499739445
1517 38.41642789728075
1518 39.17765803771892
1519 39.026312598940244
1520 38.74244121292285
1521 39.11390250740621
1522 39.53609120956989
1523 38.52351268450528
1524 40.7609398067355
1525 38.668072019528246
1526 40.53475873128878
1527 39.18706963180031
1528 39.18864320887064
1529 39.948671662974725
1530 41.24723532542505
1531 41.92004849278377
1532 41.250488391792096
1533 39.817682572128376
1534 43.68949970614645
1535 42.45191619473554
1536 43.55876300852434
1537 41.84387552895349
1538 43.76894483633587
1539 42.200471095506906
1540 43.40879741329004
1541 43.12983491649744
1542 45.37388327836348
1543 43.04639123868595
1544 41.13384864261577
1545 41.00152235922782
1546 40.95395938013724
1547 43.61724655293755
1548 42.920204808901175
1549 40.38942475264671
1550 42.699099619929655
1551 40.883115778132634
1552 42.36339784419945
1553 40.039034010547184
1554 39.88246916279159
1555 40.88422087068964
1556 39.89670374765429
1557 39.267565097086596
1558 39.33533713043507
1559 39.1798643548559
1560 40.59013685599596
1561 41.30014541101625
1562 44.09537451226431
1563 41.85356305164966
1564 44.80647761630047
1565 42.51661846301054
1566 43.37875572456812
1567 41.98337167620403
1568 41.56287229457661
1569 42.35605892219126
1570 44.516853693860924
1571 43.50562264646978
1572 44.141904449913845
1573 42.004550669705594
1574 43.40131115992256
1575 42.92492636829037
1576 42.804412291487424
1577 40.21311742481412
1578 40.35885573225466
1579 39.39633594566437
1580 39.92747134564501
1581 41.309817187408775
1582 40.63502862125121
1583 39.59414659925659
1584 39.66926086622127
1585 40.12821510729679
1586 40.819651536029326
1587 38.34100303054269
1588 39.38244727181758
1589 40.108644200390806
1590 40.36287199064683
1591 39.9456652613143
1592 40.48735691623182
1593 41.82941523486796
1594 39.64479826363169
1595 40.98251200915823
1596 40.17494806598063
1597 39.08305192257964
1598 40.65588287641058
1599 39.19399776878159
1600 41.593005674810186
1601 39.30183986103983
1602 40.08579350376416
1603 42.022143199431135
1604 42.86202534061456
1605 40.24827825209837
1606 42.11173591838705
1607 39.609049975245355
1608 42.84211717996413
1609 40.394210703217084
1610 41.98546478799282
1611 40.28338990202938
1612 37.25227434422263
1613 38.858361439735994
1614 39.904872559751894
1615 39.730363122186596
1616 41.14669682314605
1617 42.56023741501747
1618 41.96862861652568
1619 41.33972268218761
1620 41.70021923316762
1621 41.59361258473647
1622 40.84274280047164
1623 43.215313400620715
1624 41.58183998939558
1625 41.98516810685365
1626 41.91309437343123
1627 40.32813270050484
1628 39.75241259065873
1629 40.34823009284026
1630 40.893348147183836
1631 40.377250196326955
1632 37.38619476835729
1633 41.44158029520183
1634 42.927690667846186
1635 42.19415976345882
1636 41.322770034081096
1637 43.023646798504814
1638 41.235929645944886
1639 41.693248856030664
1640 42.01418271071721
1641 42.038730528309266
1642 42.482037918020055
1643 41.51898811724413
1644 41.648809721719424
1645 40.6123180385758
1646 39.57205049228176
1647 41.04286754985794
1648 40.20387408747157
1649 41.96521814139406
1650 38.23504640476942
1651 39.91927343036058
1652 38.80936527129491
1653 41.0510159185343
1654 41.6282564248285
1655 42.53873452500032
1656 41.811340681112185
1657 43.72484611420512
1658 42.11272684672111
1659 42.51532574157983
1660 44.235627103396276
1661 43.774172254700886
1662 42.66442636291892
1663 41.867394165884406
1664 42.144360259670236
1665 42.641774954005676
1666 43.27845046677094
1667 42.43546595003396
1668 41.26606616198875
1669 40.74323833277289
1670 43.564071652037306
1671 43.65975314396894
1672 46.56004491369738
1673 43.15150906183929
1674 43.18716078526898
1675 40.64102257112355
1676 40.661905716812065
1677 43.74782012398549
1678 40.54438214441879
1679 42.945094584952905
1680 46.129290415865455
1681 39.961785086605715
1682 41.75788695528822
1683 42.23167423214874
1684 40.95657131172124
1685 41.6254607377137
1686 43.697320270248674
1687 43.710025660521715
1688 42.652056545892655
1689 41.97668156099378
1690 42.99390855099709
1691 43.58212619299122
1692 42.55754910715268
1693 43.643753002549126
1694 42.918527701884045
1695 42.36024421409025
1696 43.14014713097877
1697 42.80360714947792
1698 41.893180154532196
1699 42.63876144863165
1700 40.96714529746099
1701 41.017437652133914
1702 42.134742452002584
1703 39.991647879895375
1704 41.60048900390247
1705 41.66457326615997
1706 42.96264432556279
1707 43.73062231605493
1708 44.84094295328767
1709 39.48247990349511
1710 39.80192585281682
1711 40.11628924768164
1712 41.234947106494246
1713 40.68979575562788
1714 40.71851842721914
1715 39.774953381083556
1716 38.96138248356429
1717 41.47561825715154
1718 43.91640245496899
1719 42.50345543807075
1720 38.423702527013496
1721 39.270655771468014
1722 39.35362283085698
1723 39.879095512281175
1724 41.3287065557133
1725 43.13741208212119
1726 38.41286664942381
1727 39.97398113093191
1728 40.321173377941264
1729 39.801116768260506
1730 38.90814835420295
1731 39.690524536880595
1732 43.11576317004908
1733 42.80126669668907
1734 42.86543130351375
1735 40.383759501190276
1736 43.555581415557086
1737 43.46662555947397
1738 43.797709418370815
1739 43.069880061889876
1740 39.09303664188773
1741 42.25572646602125
1742 41.07434307700121
1743 42.674439617695384
1744 42.486647472783574
1745 39.59843420977262
1746 41.78891652174462
1747 40.90396171457994
1748 42.11293018590464
1749 40.58163282923146
1750 43.05083674568716
1751 43.64495447637831
1752 43.35805222429806
1753 42.766894389600274
1754 43.1403245552035
1755 41.59219506625844
1756 42.20723100181279
1757 41.783687248045176
1758 44.77832953396922
1759 44.662698110385314
1760 44.17266293306556
1761 45.32922991475723
1762 46.0125381881295
1763 43.94809346415995
1764 44.30132873109955
1765 44.83348489252939
1766 45.903297797703296
1767 45.39204740661457
1768 41.24722407714934
1769 42.50626690913323
1770 44.24781610271831
1771 46.560849971158206
1772 48.11171717818877
1773 45.15466494484611
1774 44.03662869643837
1775 42.479290566385195
1776 43.13557500270216
1777 43.0880584963912
1778 42.689859454277666
1779 43.17632286179031
1780 44.92662014734472
1781 40.53165759420735
1782 43.124908482587124
1783 43.9060190330843
1784 44.19541930242212
1785 40.82231195237944
1786 39.65014724580986
1787 38.78736915077204
1788 38.82662452096446
1789 38.68354311785926
1790 41.81857787649175
1791 42.6059384342916
1792 41.85344735829954
1793 43.200108294404295
1794 42.84739405022515
1795 43.00159882072269
1796 42.813275235162145
1797 44.60849124100745
1798 44.122342166743024
1799 43.08139277506493
1800 43.114224660883934
1801 43.92894244820544
1802 44.092311263091865
1803 44.144697914244524
1804 44.07807997172232
1805 44.28397079486422
1806 44.94198752224987
1807 43.52676559136344
1808 43.64500349204108
1809 41.96923995474522
1810 41.671080140630735
1811 44.44606912779951
1812 42.2944023919165
1813 42.76711778450898
1814 42.063814276532405
1815 40.51789101718511
1816 41.62320057607655
1817 42.53046247025015
1818 41.959588171190326
1819 40.60966344645614
1820 39.84970427658359
1821 42.93221302553028
1822 41.072213215682886
1823 41.77288792675383
1824 40.979857050478756
1825 42.02556868296083
1826 40.14874090281892
1827 39.85045373606156
1828 40.94832059646873
1829 42.290973423823246
1830 40.03730343355826
1831 40.04966882221624
1832 41.36482812381699
1833 41.59349853890872
1834 39.18374376836606
1835 39.36914394487778
1836 38.08464542872505
1837 39.3681851349469
1838 41.20902801911567
1839 38.874478773227864
1840 39.763591756636586
1841 39.05195455780956
1842 38.931443359091105
1843 39.39036039849542
1844 39.06381641168693
1845 38.142760652970644
1846 38.581139093593116
1847 40.20371635369987
1848 40.306582102475005
1849 40.69277298565539
1850 39.7629138443346
1851 40.15185817750361
1852 38.66709803600651
1853 38.45961533118578
1854 39.630523752453136
1855 40.80193854023821
1856 40.52416297574408
1857 40.94708689398937
1858 39.471540201067604
1859 40.82533966676301
1860 40.89482518058184
1861 41.095593606812244
1862 41.17046857224904
1863 40.90734489122014
1864 39.32027241572809
1865 39.31531058466168
1866 40.94865337929054
1867 41.53712498776438
1868 39.38265957261225
1869 39.46987095761743
1870 39.237235073278065
1871 39.22977443071109
1872 40.65781989119043
1873 41.72077393323281
1874 42.17694620729081
1875 40.70736229949935
1876 39.34068717969304
1877 40.588344420441516
1878 40.336843599136955
1879 41.933728642875806
1880 43.48950270280114
1881 41.21086582936011
1882 42.66398408709263
1883 43.82078215370699
1884 42.42892606406085
1885 40.39061810939768
1886 41.34692973813344
1887 39.01755113406843
1888 39.09754718248176
1889 41.33349572163059
1890 37.92086745233813
1891 37.924116282680124
1892 38.754019329059695
1893 41.665010270063
1894 40.332174223434166
1895 40.03384246511579
1896 40.96789645181481
1897 40.375259582102046
1898 38.96476034436645
1899 40.22235558192704
1900 39.16268371714373
1901 38.972024218618685
1902 39.47494564311272
1903 39.440545307746596
1904 41.4722669635214
1905 40.692287144952246
1906 40.55782995823784
1907 41.39835296983258
1908 43.39069336816614
1909 42.282866818435316
1910 41.486881200946065
1911 42.018114239385014
1912 42.27569082062871
1913 41.510881016865724
1914 39.94732194791829
1915 39.3679757657038
1916 39.735818721851665
1917 40.42841106973303
1918 39.675900446846605
1919 42.83599441729546
1920 43.17836965429345
1921 42.382812953558386
1922 41.73441178092625
1923 40.169191226790524
1924 41.180285473612976
1925 42.70234190218089
1926 41.447806239774785
1927 40.32317520129786
1928 42.12476221432963
1929 39.159265606417016
1930 40.156654900796894
1931 39.626184774599274
1932 41.16369431900073
1933 41.62798111859677
1934 40.3444077389833
1935 41.40164374771288
1936 40.62173150211795
1937 40.25673378829353
1938 40.11008757896283
1939 40.62787006313208
1940 40.210060165273035
1941 39.43396489083708
1942 40.52524392346287
1943 40.776768403589074
1944 40.862914099162715
1945 40.00111563439077
1946 40.98227886474721
1947 39.53163511585222
1948 40.23049418715525
1949 39.2725492495403
1950 39.84955980057476
1951 39.78046123431017
1952 39.193394945938785
1953 39.69398044244137
1954 37.73364659006592
1955 39.18993275692377
1956 39.137550112346126
1957 39.04464973127493
1958 39.35353211889452
1959 40.34868211959971
1960 39.65797172588668
1961 40.40748009769324
1962 40.502407683102234
1963 40.27485684659866
1964 40.20925030299541
1965 40.81393221691156
1966 39.20351554953189
1967 40.51251770343083
1968 39.68116388975135
1969 38.910631557055915
1970 38.80815474047528
1971 38.418944733825796
1972 39.97996696997545
1973 39.81856115400251
1974 39.12159122725744
1975 39.477035262304355
1976 38.673916758758644
1977 38.56600158629249
1978 37.28015914281411
1979 39.24422254010281
1980 40.14118578943716
1981 39.03981174814477
1982 39.11922510698153
1983 39.372831989041984
1984 40.19730174493821
1985 39.92615040846767
1986 40.655801230199046
1987 39.86281218267467
1988 39.092912030118676
1989 39.56521365687178
1990 39.58879247289994
1991 39.75746067807259
1992 40.50681779478847
1993 41.61363703466462
1994 40.786225511446304
1995 39.02886614154095
1996 40.388856267260564
1997 39.70035747399887
1998 40.46923043149296
1999 39.33934440937301
2000 39.14294414828991
2001 40.617255405223574
2002 38.564094158362764
2003 40.204128790788594
2004 40.000787378916776
2005 40.16704928860839
2006 41.40675758293708
2007 41.553700387236304
2008 41.71710969398641
2009 41.7495558616193
2010 40.46418291906202
2011 43.022397679079845
2012 41.1718626047344
2013 41.80427258502469
2014 41.08466241659698
2015 41.58444564290251
2016 40.50284761431188
2017 42.35319333601301
2018 42.16751853627287
2019 42.15611584387997
2020 42.655799555146494
2021 41.59975860456086
2022 41.88188025001999
2023 43.43182539854137
2024 44.27546315519335
2025 44.01782416251186
2026 45.31737556737246
2027 44.91224455730987
2028 44.362196504580936
2029 45.3028000214415
2030 46.582811199102004
2031 46.50454614010792
2032 45.5991766270378
2033 47.34392271156489
2034 46.10771132352666
2035 45.48294347016522
2036 45.462089077787525
2037 44.67135170002744
2038 43.4883570980083
2039 44.32580720961554
2040 44.482593231284135
2041 44.239068339698065
2042 46.12746455553385
2043 44.117648098080494
2044 43.8281292701895
2045 44.230330658414054
2046 43.88314015920997
2047 42.88805057495357
2048 43.41425233767643
2049 43.12448429216397
2050 42.06878910785769
2051 44.220412995589676
2052 43.40575960675714
2053 44.17937537522448
2054 42.28928296592407
2055 44.282560159198866
2056 44.35791826829428
2057 44.334468062120685
2058 44.38897167251383
2059 43.326695870255364
2060 44.35360516120386
2061 43.666925166437714
2062 44.05206107873387
2063 43.46695755611632
2064 45.47703851678489
2065 44.12147571060262
2066 44.244826645849486
2067 43.67520974639246
2068 41.95171687079186
2069 42.15218859580773
2070 40.71715136443631
2071 41.86391371028981
2072 41.29401652879552
2073 43.62968137150469
2074 45.56760847970659
2075 43.77546935834096
2076 43.144696868599254
2077 42.933421035258846
2078 40.91132855408658
2079 39.995810104790024
2080 38.99548933649365
2081 40.8370629249637
2082 40.646117220303935
2083 40.446763074186855
2084 39.32159199900025
2085 41.44892467952966
2086 37.43635150379982
2087 38.860334948689186
2088 41.09343777399724
2089 40.131534844369696
2090 39.13113934615795
2091 39.33731811939211
2092 39.33833833217382
2093 40.26382900506387
2094 41.74568708524582
2095 42.14236382001781
2096 42.49301865962037
2097 41.6020984619235
2098 41.16197539832147
2099 41.80294434014816
2100 42.632986565209414
2101 42.1419496592722
2102 42.51210494058776
2103 42.584332169970395
2104 40.939863013563915
2105 41.34593025152909
2106 41.70626614840139
2107 40.42543562605988
2108 39.931132567995704
2109 39.600495279105054
2110 40.293784265843875
2111 40.261522222092694
2112 40.58448494488853
2113 40.470548367886764
2114 39.878643356213026
2115 40.70010657894128
2116 38.80430933759127
2117 38.99419073220673
2118 36.80848526698456
2119 38.40812304901653
2120 40.059637566925495
2121 40.229692328991824
2122 39.75681604579673
2123 39.48612842492765
2124 38.51005705495158
2125 39.13900973831998
2126 39.019398077346665
2127 40.75889293470032
2128 40.27291127579331
2129 40.91683083337259
2130 41.83811517443445
2131 40.811596202187445
2132 41.515450896293736
2133 41.10408125006256
2134 39.99878045469926
2135 38.89551645803387
2136 40.1712240760892
2137 40.004000702182076
2138 41.191425875411056
2139 40.11111257002542
2140 40.21627850809257
2141 42.22810810007435
2142 39.184905720003144
2143 39.123830391676144
2144 38.43857016044893
2145 38.70736548589887
2146 38.03794013989692
2147 38.29949995657775
2148 38.336015374184356
2149 39.433028362713166
2150 39.646051513492054
2151 37.39152791592997
2152 40.33931639024564
2153 39.85921412581855
2154 41.36791914147831
2155 41.488907593004726
2156 40.57909479249467
2157 40.63356437977538
2158 42.275050003627314
2159 40.495061360294706
2160 39.4731326844555
2161 40.694771702453394
2162 42.23459354238056
2163 41.723183665535934
2164 40.957234797439106
2165 41.02642845907487
2166 41.778143245476905
2167 40.42309539211243
2168 40.90968829026823
2169 42.025180969465964
2170 40.6356406354815
2171 40.04670934135608
2172 40.95999969475
2173 41.974424892428004
2174 43.5310481661821
2175 42.47636965503356
2176 42.7259238894928
2177 42.18372765308273
2178 40.316043472838096
2179 39.98263167447928
2180 40.9089241498073
2181 40.24649079865819
2182 40.15730891056577
2183 38.90520236141343
2184 39.3907527888647
2185 39.52761169051191
2186 38.87817849774692
2187 37.67747176992391
2188 39.50921098211477
2189 37.853671210894255
2190 39.056704550904804
2191 38.09343840601208
2192 37.82620102575601
2193 38.61694238543283
2194 38.31099943804684
2195 38.566807700579545
2196 39.96291467028091
2197 38.959330038169675
2198 38.705641142001845
2199 39.18822910268616
2200 39.81401993651626
2201 39.61699142604329
2202 40.28702723307103
2203 40.25036904578883
2204 40.570295907311326
2205 40.19996734136059
2206 40.00962671641136
2207 39.209295566013935
2208 39.686668842049
2209 38.599979822341766
2210 38.481374526030606
2211 38.70612439876892
2212 37.46751325432378
2213 38.1146566979989
2214 36.930894180245545
2215 38.09146832589247
2216 37.48367567019179
2217 38.04789886185361
2218 38.06441924100747
2219 39.22799907796477
2220 37.04240517583368
2221 38.846564554717936
2222 37.78704690527634
2223 39.94459014833289
2224 40.57033826232475
2225 38.40932199814872
2226 38.94361846714608
2227 40.61242407749349
2228 39.97560345049329
2229 39.46852958880346
2230 40.83438063326443
2231 38.07985491230215
2232 40.39497883826983
2233 40.03138162737289
2234 40.84628487923262
2235 41.857581563293
2236 43.23205933260918
2237 42.97050591032387
2238 41.89295632052116
2239 42.63112314701341
2240 41.398685469265835
2241 42.07310750120261
2242 40.26884553338796
2243 40.0495988969283
2244 40.377524699485726
2245 41.40121925261428
2246 41.44130683819335
2247 41.91815393998707
2248 42.17108848044517
2249 40.53346484042452
2250 40.48300846383426
2251 38.95409739501755
2252 38.48872696002163
2253 39.19587333300967
2254 37.233619871680794
2255 40.862285696845795
2256 40.46505136648537
2257 42.38246534349853
2258 41.175932224639126
2259 38.448389497641024
2260 36.591075431824315
2261 35.86131571228858
2262 36.87239432725878
2263 35.73173872963475
2264 36.280431240175496
2265 38.293731950963064
2266 36.48141402800185
2267 37.627827910647795
2268 38.283213678390744
2269 37.95632267818065
2270 38.423015656838466
2271 39.167147482071684
2272 40.55689831956076
2273 39.65982046255176
2274 38.70435911652644
2275 36.93461977872499
2276 36.83862620444327
2277 37.06279769494875
2278 35.29111204345979
2279 36.985988843123884
2280 36.55378497008281
2281 38.86037961406438
2282 36.82401992726464
2283 39.366046810103136
2284 38.74139800318724
2285 38.487391246737545
2286 38.71802802924363
2287 38.231377759371185
2288 39.027670440782565
2289 38.749022087271285
2290 36.99902782198186
2291 38.20539729784328
2292 36.73295057568643
2293 39.32167676957736
2294 41.213880449515266
2295 38.64422607199704
2296 36.71767187808049
2297 37.78709065754258
2298 39.5489694747068
2299 38.73290006425698
2300 37.95975778170862
2301 37.5609300458057
2302 40.81232177684316
2303 40.81328905068586
2304 39.55980035409432
2305 39.81293609435909
2306 39.89954463708546
2307 37.95246357126979
2308 40.57908708875817
2309 40.45972647242225
2310 39.20174141219462
2311 38.57269796899363
2312 39.54606914676826
2313 38.431703043278944
2314 39.10627493210737
2315 38.54740671996793
2316 37.58870235605503
2317 37.58369278472061
2318 36.61529549235294
2319 37.74515170326854
2320 38.01572607059347
2321 39.23697864652067
2322 38.22991686980573
2323 38.84423729738861
2324 38.19537684281086
2325 37.45582320981494
2326 37.69362541217456
2327 39.177790519139506
2328 39.003440465460415
2329 39.947913453713035
2330 40.34644567082178
2331 38.74642699056439
2332 38.75878483468791
2333 40.199226323384686
2334 39.39394883238009
2335 40.58394785072936
2336 40.01566472025897
2337 40.013403334598976
2338 39.870066266757526
2339 40.06399187650437
2340 39.98403494109996
2341 40.15993758732531
2342 39.643931122678325
2343 39.75531667248171
2344 39.907399020776424
2345 41.03746168628443
2346 38.680209213291725
2347 38.68976113504781
2348 39.72867813373248
2349 39.44211931542945
2350 39.403453333056135
2351 39.65846608506821
2352 39.309838580545325
2353 39.47935476042518
2354 38.458481097368896
2355 38.44898362120853
2356 39.47992410279657
2357 36.31381045061827
2358 37.65431848716064
2359 37.07348670022589
2360 38.518640469598544
2361 38.22401091321641
2362 38.345885876579814
2363 37.8788289731623
2364 36.91246138775129
2365 35.99609951145388
2366 37.91817181972798
2367 37.734897065084446
2368 37.097405013603385
2369 36.81861666180314
2370 36.39843336134057
2371 37.347181606682526
2372 38.025925397719746
2373 38.26315151561477
2374 39.82803282584149
2375 39.85160707992887
2376 40.910936053152625
2377 39.81378540095105
2378 38.952604865355816
2379 40.524101005585045
2380 38.71777469459091
2381 38.9265154281161
2382 37.72925004712782
2383 37.088141774405166
2384 38.05514362096095
2385 38.97076592142844
2386 38.78647090135565
2387 38.58608309750354
2388 37.52394877527523
2389 38.06023285326098
2390 38.30396210465768
2391 39.31006010704695
2392 38.600487217808535
2393 38.7404465432906
2394 39.32762461876326
2395 39.50633344892427
2396 38.561868006701694
2397 39.23092235598257
2398 39.9778564463195
2399 39.04830965212578
2400 38.59003991165753
2401 39.08131245372275
2402 38.85977093305667
2403 39.58361195555179
2404 39.01478116664607
2405 36.59436839097064
2406 36.92216473627919
2407 37.3744817778422
2408 38.51342845227731
2409 39.029539581015946
2410 37.3096780457088
2411 36.43354063337986
2412 38.05240574157001
2413 39.309733461162786
2414 40.03366599347333
2415 38.92124979445237
2416 39.05756505796122
2417 39.85210639569245
2418 39.88045002642356
2419 39.32253717380394
2420 38.11731320112122
2421 38.82574100651398
2422 37.893217977523186
2423 39.183922534969405
2424 39.2137249203442
2425 39.88678418722843
2426 40.063637001240586
2427 38.82337612063823
2428 40.1536992409802
2429 39.47322810787043
2430 38.91386867836825
2431 38.93502061176574
2432 40.68339349120389
2433 41.005508499556825
2434 39.4747048067326
2435 39.255779715912226
2436 40.68283935853545
2437 40.780377128620785
2438 40.3207462642507
2439 41.30586079205713
2440 40.96851740751676
2441 41.99589778881208
2442 39.40344485905153
2443 40.67302373225578
2444 39.14149781504885
2445 39.48095126423537
2446 38.92045324009041
2447 38.55727989351199
2448 38.07345087506214
2449 39.12854026066375
2450 38.43755552182659
2451 38.88652300045437
2452 37.883042486881415
2453 39.24034749067005
2454 39.88765517849449
2455 38.065484377389126
2456 38.796889735905836
2457 38.903746737640304
2458 39.48145790840543
2459 39.95478479760266
2460 38.309523568494775
2461 39.08164258404009
2462 39.16575690346674
2463 38.35624771287067
2464 37.31253215065011
2465 38.55784863244264
2466 37.590112013960194
2467 38.1716452193893
2468 39.4254308822405
2469 38.837926700504156
2470 38.32440399785464
2471 39.01727903040608
2472 39.05867316254916
2473 38.477671086863474
2474 38.43842814078939
2475 37.1352992584312
2476 37.73211958164208
2477 38.18159797525816
2478 39.323388824071664
2479 39.62274321208716
2480 38.05313358905043
2481 39.58168833419779
2482 39.68472447545235
2483 39.0373894544079
2484 39.76138793107909
2485 39.04548964183897
2486 40.31722333448862
2487 39.14816935903039
2488 39.270369163276094
2489 39.155705268089825
2490 38.48459736949892
2491 37.140112280032035
2492 39.6097840061092
2493 38.278057844906165
2494 37.8729549813409
2495 40.05246327176133
2496 39.4651846576326
2497 39.10911889484703
2498 40.09036071706451
2499 40.348081767379675
2500 40.264222132427754
2501 40.19685818397961
2502 40.153753381834456
2503 39.99564252007402
2504 39.051624740699786
2505 39.04864298847488
2506 39.52095387628166
2507 39.10556809614174
2508 39.07660598451738
2509 38.874922931283365
2510 37.47339680701129
2511 39.242499044988996
2512 38.22302367554028
2513 38.71909442370741
2514 37.80110533770427
2515 37.9675944896755
2516 39.52134437776381
2517 39.903635575026804
2518 39.67448325027263
2519 39.16015830887667
2520 39.4287514296433
2521 38.824577586474305
2522 38.46460606746249
2523 39.14720916347943
2524 38.133009512463744
2525 38.357319281967435
2526 38.63978341790257
2527 40.03182832112908
2528 40.0928315059224
2529 38.95308512630275
2530 39.22373173963253
2531 40.1090283683878
2532 40.339681714740664
2533 39.551091719075494
2534 38.61396629825908
2535 39.99969817715461
2536 37.66554083631006
2537 37.30361742338035
2538 37.79854331855978
2539 38.88692112375269
2540 38.49901859065105
2541 38.08634887274007
2542 38.36698280654617
2543 39.48292246494373
2544 38.83692751811546
2545 41.22744806449441
2546 39.617859526059114
2547 40.10654108761906
2548 40.182564615532264
2549 40.31605038212893
2550 40.186492697825564
2551 39.58876004726133
2552 40.34824634232721
2553 41.240591543935025
2554 41.24913564846051
2555 40.77805312758808
2556 41.92274069850416
2557 38.9246559586314
2558 39.96729276821455
2559 41.47524096403838
2560 41.4471212185222
2561 42.01328138881201
2562 40.25019125955857
2563 39.475588079516704
2564 40.67252345705529
2565 40.71245903487921
2566 41.65686530067409
2567 40.52119361704897
2568 40.755432459081796
2569 40.01979999892651
2570 40.47518081785091
2571 38.77101918901725
2572 39.141150886991355
2573 39.78137928259
2574 39.73818949898217
2575 39.22497482254336
2576 40.75777072612914
2577 40.1241243403923
2578 39.65777772726674
2579 40.469104335744035
2580 39.802193431355676
2581 38.69930741440136
2582 40.228553145200614
2583 39.276466384564486
2584 39.02245957663341
2585 39.04280192959355
2586 38.509452600862204
2587 38.34123853025352
2588 38.535679841620215
2589 38.331385939951076
2590 40.10221966981021
2591 40.05216554446347
2592 39.12141015941854
2593 40.62736765955925
2594 40.12713418560281
2595 41.04316447634232
2596 40.991453774166295
2597 41.77464916074246
2598 42.99816363316042
2599 43.87089476362352
2600 42.380422323588114
2601 41.149129787474
2602 42.07150612658063
2603 40.61952352179685
2604 38.8715464568908
2605 40.538248642673636
2606 39.6037652442423
2607 39.24337871700493
2608 40.688211410899505
2609 42.00522201110827
2610 40.20508303099185
2611 39.677707823567374
2612 41.130143591002735
2613 41.394979972812976
2614 41.95803599904427
2615 43.60637273121305
2616 41.63642404740807
2617 42.43064835146024
2618 42.09779400531043
2619 41.82015472905401
2620 42.4667925130359
2621 42.095079376766044
2622 41.13237456074882
2623 41.07548812258697
2624 41.08054941896452
2625 41.85493864854121
2626 42.886943313495735
2627 41.185058555177676
2628 40.70270170691529
2629 40.82586824251664
2630 40.66168143226266
2631 41.43890785578839
2632 41.243157764127666
2633 41.85642414197087
2634 41.57824708246498
2635 40.28310952754345
2636 42.53288899906197
2637 41.159995151109804
2638 41.45950427718257
2639 40.32673259228171
2640 40.46323116477465
2641 39.14325882083035
2642 40.45933285806715
2643 40.237442852472725
2644 40.34836729763946
2645 39.6326587144588
2646 41.51256503358051
2647 40.430975557230255
2648 40.38382187674549
2649 41.53930852521141
2650 42.847627982508946
2651 42.83279355219759
2652 43.55152449165151
2653 43.01424990487947
2654 42.009909932912905
2655 43.645512257076085
2656 43.95972530900496
2657 44.68212847269996
2658 43.937327604986216
2659 42.62644789935441
2660 43.91750698254513
2661 42.55935486213316
2662 42.17604786148418
2663 42.40408775655591
2664 42.45128212071847
2665 41.13278234236726
2666 41.09271625133137
2667 43.36147519217009
2668 45.116016152916075
2669 44.223128086064406
2670 44.99615935304717
2671 43.818572313425044
2672 43.34229044017643
2673 43.37930157751399
2674 41.65210470634095
2675 42.87601441699609
2676 41.36963414968064
2677 41.71100063304488
2678 41.79143993327796
2679 40.74380354630836
2680 41.54922002111274
2681 40.89829208979075
2682 39.47690104128594
2683 39.61743909940805
2684 40.134280483003494
2685 41.211059358528786
2686 41.42750027760697
2687 40.709197973917604
2688 39.919489036036815
2689 40.10685356842068
2690 40.71417416497468
2691 39.14768323775917
2692 39.23252213923221
2693 40.14998406415885
2694 40.175545409417005
2695 42.672574209232046
2696 40.537817428095416
2697 43.07862650450109
2698 41.1973972377669
2699 39.14400276752772
2700 40.76070431461272
2701 39.84294636873553
2702 40.95404129521465
2703 41.11056922847048
2704 41.696046492077315
2705 43.214952961487306
2706 40.1028680475715
2707 40.778653617829335
2708 41.202878193253646
2709 39.5193003621898
2710 40.81490625473913
2711 41.56735294102465
2712 40.20540355148364
2713 39.86910161652215
2714 40.446816365464144
2715 41.10669767270002
2716 43.03761706495322
2717 42.38667363820664
2718 42.88726951994115
2719 39.59276874473987
2720 41.11466089444019
2721 42.463949671685135
2722 42.62292018365019
2723 41.857824508119634
2724 41.16232222735645
2725 41.431728325993795
2726 41.99244539346694
2727 41.63027211818983
2728 41.16904603100764
2729 39.72763791770525
2730 39.97628483535108
2731 39.18515602901436
2732 40.6431191148559
2733 40.57923226338628
2734 39.52586727380496
2735 39.969006782696326
2736 39.69476474806206
2737 40.76178719981538
2738 40.33510887425489
2739 39.769327743562
2740 40.012954214841194
2741 39.60235608721335
2742 40.415549412044875
2743 40.014811481117626
2744 39.43911491874989
2745 39.90001710509955
2746 39.82253416955761
2747 40.009173834732394
2748 40.35716059047484
2749 41.4278718894687
2750 39.96678476186295
2751 40.20267349504659
2752 39.41423112823266
2753 38.21107850102938
2754 39.177243627046224
2755 37.58996527700721
2756 38.109530301070144
2757 39.29239579156544
2758 38.762095776954204
2759 38.52077944001694
2760 39.28036648497796
2761 39.08033724925491
2762 38.06707189968589
2763 40.64078435508937
2764 38.32346413768748
2765 40.133022841469256
2766 39.048467554011836
2767 40.04842089866319
2768 38.83662668074084
2769 39.10759007292991
2770 38.657229844817806
2771 38.77140562747086
2772 39.91575659825155
2773 41.461167410513674
2774 39.521434187020674
2775 40.32157515052778
2776 39.233611699346916
2777 40.04695002248637
2778 41.30595209161984
2779 40.8157029605116
2780 40.5248924075658
2781 43.01493125394856
2782 40.98821616749884
2783 40.85508852646465
2784 39.89703711971655
2785 40.63799338269864
2786 40.45246521096482
2787 41.690901651128
2788 41.20800569384771
2789 42.5039037855552
2790 42.23935505161543
2791 40.55834853743571
2792 41.05944695087017
2793 42.82855871048249
2794 41.779147631149335
2795 41.078395051369505
2796 41.60159356626646
2797 41.08193757555287
2798 41.565385762535904
2799 40.62383025652427
2800 42.36092897115316
2801 41.864604488371114
2802 42.51561697939327
2803 41.380823304885496
2804 41.40184958656246
2805 42.20906310255676
2806 41.12768957173223
2807 40.92356957170885
2808 41.22022225502938
2809 39.741061265633626
2810 41.44650123081817
2811 42.082132516029134
2812 42.21511068056524
2813 41.24557137182375
2814 41.22375905879484
2815 41.33760347563004
2816 41.280772553190005
2817 41.87749190740346
2818 40.18770433709793
2819 40.59798622699577
2820 40.57087706251888
2821 40.21720704333102
2822 40.158905651791585
2823 40.63607759770778
2824 41.06160591690281
2825 40.999185499448174
2826 40.48694967378199
2827 42.089923685285875
2828 41.57855578781991
2829 41.708607437423794
2830 40.86028638757176
2831 41.712558350888294
2832 42.641197659097145
2833 40.19499958879779
2834 41.86032311101235
2835 42.723011494620174
2836 41.813566277592514
2837 41.42751087652966
2838 40.51657244632093
2839 41.19394296417234
2840 39.34836900437503
2841 40.70075801704181
2842 41.20368861036116
2843 40.4304092599375
2844 39.149697640256285
2845 39.70262153360563
2846 41.511981114894766
2847 40.44514699176742
2848 39.060434163500226
2849 40.41635613073456
2850 40.079833926239715
2851 39.36652800269335
2852 38.45926652777307
2853 40.15957539873687
2854 41.87858706024628
2855 41.20616151146346
2856 42.6902016181691
2857 43.38121814549385
2858 42.641427486066384
2859 42.18912019389672
2860 41.79659850459901
2861 43.26310329849216
2862 44.38963764129646
2863 42.35011930915164
2864 43.143444143516184
2865 42.878172052304365
2866 42.10271190014882
2867 42.75065739576429
2868 44.06067962697217
2869 41.615129564354355
2870 40.99673361012273
2871 42.02296470249469
2872 41.04795698814281
2873 40.41328070803996
2874 40.96345703545548
2875 39.57981416247314
2876 40.30087157336391
2877 38.751670677349445
2878 40.142535386158805
2879 41.913896084574915
2880 41.555850982638525
2881 42.35146469350491
2882 41.358507990203634
2883 41.90907579910875
2884 42.46689499367793
2885 40.26673400267824
2886 41.924117779472546
2887 41.939460344021775
2888 43.29750660077607
2889 42.076021212211735
2890 42.21226623322336
2891 42.85802650016606
2892 43.62988477773488
2893 43.310036814924736
2894 42.337989810585924
2895 41.89030798519717
2896 42.43353889676482
2897 41.6495719275133
2898 41.71153586428718
2899 41.39594166067703
2900 40.55712237155218
2901 41.414331070434926
2902 41.19130335157879
2903 39.74030094733669
2904 39.55660241104452
2905 39.81697334424664
2906 41.899930725878846
2907 40.992069307925746
2908 40.48262786481618
2909 40.6973686189805
2910 41.02320616089814
2911 41.00866314937602
2912 41.73384831900812
2913 41.849257090985894
2914 42.57524340073381
2915 41.5967500773594
2916 41.01485574129838
2917 40.91019080946331
2918 41.19839631550239
2919 40.572580440488494
2920 41.19776303729531
2921 41.98421091770014
2922 40.18178934937092
2923 40.117709102622264
2924 40.5009616144254
2925 40.90228557559764
2926 42.11391843444801
2927 42.68120898964674
2928 44.34187222715799
2929 41.342685632750005
2930 40.82656439000014
2931 42.3759062906857
2932 42.96523262933197
2933 41.62856239862524
2934 41.508000250618736
2935 44.56455111051303
2936 42.96515956760725
2937 42.58139411281968
2938 43.76901706134966
2939 40.6074594629114
2940 39.309986295699275
2941 41.25280192451115
2942 40.95183485424935
2943 42.114158653742386
2944 41.247727305815744
2945 39.153192189727214
2946 42.05208127283242
2947 39.669478387119646
2948 42.603053465537165
2949 41.35576171151587
2950 40.25665272199141
2951 42.7886907368221
2952 41.90968483102291
2953 40.3736456640655
2954 40.45078729802202
2955 41.02634648754126
2956 39.053467479561185
2957 38.743110004858806
2958 39.60335236048236
2959 41.94875164796412
2960 42.04134554864775
2961 41.02589361558632
2962 41.86228656088265
2963 40.15442669540612
2964 40.03766316750613
2965 38.899026876050485
2966 40.56355934593367
2967 40.40808654437191
2968 39.498555079667064
2969 41.62355041355253
2970 40.335314085147054
2971 41.985576496825374
2972 39.24586417741846
2973 40.22818405977996
2974 39.58116533931981
2975 38.501987965811544
2976 41.09471433461136
2977 40.528071446987354
2978 39.76221710221516
2979 41.096146648566545
2980 39.145075519883484
2981 41.36589489017149
2982 40.265892905407526
2983 40.16278524626767
2984 41.696912214860916
2985 42.93585626018715
2986 42.784614766963855
2987 41.480156060849694
2988 40.16407143065479
2989 39.31504255443662
2990 39.7724655702721
2991 40.32612851142267
2992 37.552946897783094
2993 36.48131205847208
2994 34.509977954646885
2995 38.20491183377341
2996 38.19673163391666
2997 38.28484196102677
2998 38.30601755017404
2999 40.830324867781925
3000 39.68363352378945
3001 39.295911224593944
3002 40.24644168390561
3003 41.21618396273349
3004 40.91689072684961
3005 39.88113140441246
3006 40.49112524397124
3007 41.62786074421626
3008 41.25885752691585
3009 39.576721384846564
3010 38.795520454394214
3011 38.72156852674262
3012 40.29391522719781
3013 40.39159081768162
3014 40.19389572359659
3015 40.2764229811151
3016 40.9122104856042
3017 40.151493256312826
3018 40.39662583875715
3019 39.38962183511052
3020 38.24607085933282
3021 39.60627284085745
3022 40.230401853584425
3023 40.09469482332495
3024 39.4938616596185
3025 39.13834687809528
3026 40.64876861820629
3027 40.557550446054364
3028 40.4620627283914
3029 40.27806318909331
3030 40.66695577547167
3031 38.78848011250133
3032 39.402646313401966
3033 39.67600650851489
3034 39.82884660871067
3035 39.70868853188055
3036 39.598917793514055
3037 39.93884850131048
3038 40.0543618636349
3039 38.369182528014065
3040 38.081673965085756
3041 41.17658699080052
3042 40.892983297968634
3043 39.467290447779945
3044 39.69856125903065
3045 39.55152385491203
3046 39.61339103958605
3047 39.21527071064589
3048 40.789866422082945
3049 38.17026379097126
3050 38.969783987690484
3051 39.619790294040754
3052 39.299463588326184
3053 39.33290005430018
3054 39.88683701620169
3055 39.408870543621774
3056 39.57943254107521
3057 40.17721698696824
3058 40.93580606861951
3059 39.613364270187525
3060 39.518676832207426
3061 39.947318535755024
3062 40.0486922437345
3063 39.03722822664347
3064 39.96771799310723
3065 40.313603776828614
3066 39.46422157922503
3067 40.555013574771316
3068 39.99593020883868
3069 40.62930307831436
3070 40.58278692278177
3071 39.73260539847084
3072 39.23208442216612
3073 40.28648300908851
3074 39.206743059813036
3075 40.44776013144135
3076 38.938867471034385
3077 39.217777731272385
3078 39.14972793640506
3079 38.47965055806686
3080 39.16801902633179
3081 39.14957829874129
3082 39.276203141343466
3083 39.073210742248904
3084 39.32257636686203
3085 39.05235236378495
3086 39.34109358376441
3087 39.58036242307161
3088 38.57793945793985
3089 39.73932556778234
3090 39.57051837434291
3091 39.83329567976208
3092 38.67203121622535
3093 39.12590463991391
3094 40.44047750906296
3095 39.84080491007431
3096 40.55491121207469
3097 39.241409457071306
3098 39.665077548156496
3099 39.27908417141037
3100 40.51382041399517
3101 40.97294187561434
3102 40.13142861449674
3103 42.3826373927489
3104 40.94686177325242
3105 41.40150349438704
3106 41.90494854451349
3107 41.191632677113176
3108 40.81539905263847
3109 40.51483267308922
3110 38.59862712723439
3111 42.34280741434162
3112 40.294913022273406
3113 40.21258475753733
3114 38.807003686050315
3115 39.72695009713096
3116 38.17514806136972
3117 37.49922700334621
3118 39.169543639917066
3119 37.965817747821376
3120 38.710774457748876
3121 38.54054135602232
3122 37.52085126728627
3123 39.37665532901454
3124 38.81347480836878
3125 38.022637271707396
3126 37.992556714417795
3127 37.92886873162994
3128 38.223087729585636
3129 39.07294075108749
3130 37.78708430678985
3131 38.10717043704157
3132 38.286139829960725
3133 38.34947580803639
3134 38.542040172793726
3135 38.42740549088944
3136 39.5038914776678
3137 39.39714666458417
3138 39.47827615157215
3139 38.840686519581126
3140 39.218743562352024
3141 38.30333469632475
3142 38.281509056204634
3143 39.163475440225525
3144 38.24681041241342
3145 37.20860380481892
3146 36.48046841094872
3147 37.43291593199958
3148 39.479515728092146
3149 38.36638297197723
3150 38.76121507840463
3151 38.560670983345275
3152 38.84859692901068
3153 39.57030666700107
3154 39.25097724543608
3155 39.956153501936974
3156 39.7746337134126
3157 39.67281213242332
3158 39.874651379747554
3159 39.612269356161356
3160 41.62404528190506
3161 42.2772765219879
3162 40.95373744176809
3163 40.78617556670947
3164 41.5555437315597
3165 39.50725486292822
3166 40.262140391154134
3167 40.40473619878937
3168 38.81944276959134
3169 39.12158226495502
3170 39.313935047656244
3171 38.72378639600056
3172 40.79861500558491
3173 40.28964217325598
3174 39.776223426863915
3175 40.034763659088675
3176 40.762063394268694
3177 41.86957931726374
3178 39.56558766900869
3179 40.70977740113349
3180 40.99019871235711
3181 40.22624336929962
3182 40.95714894978203
3183 40.76959208662859
3184 40.37590275625564
3185 40.45460588417248
3186 38.59544318116619
3187 39.27027231738416
3188 38.48334174529982
3189 37.78314185378879
3190 39.68821303608791
3191 38.73473603599583
3192 38.98059866350192
3193 38.787808690361615
3194 39.82409572117375
3195 38.3777565703291
3196 39.41861180826733
3197 38.17443738913285
3198 39.127534463732374
3199 39.66804575924956
3200 38.884000498526284
3201 38.513598211681135
3202 38.051443332081064
3203 38.05146753027227
3204 37.20700002689081
3205 37.59022023048469
3206 38.04928153271556
3207 38.06975667885274
3208 39.278335157840814
3209 38.1178837636893
3210 39.32974895937453
3211 39.16946241160547
3212 37.85338339926562
3213 38.74405466684681
3214 37.98697983338832
3215 39.4331705068375
3216 38.52843303750557
3217 38.26712331848601
3218 38.53796298817819
3219 38.382586254788215
3220 38.833438897884875
3221 38.82906897962098
3222 39.39246949434117
3223 39.82749812048171
3224 40.55605615060256
3225 41.5502944766932
3226 41.653638404734586
3227 38.94649078387829
3228 39.185115805296824
3229 39.249614070557584
3230 40.9158867011687
3231 39.906208655978276
3232 39.86059476769542
3233 40.0950772750466
3234 39.98909083762614
3235 40.754730198818876
3236 41.579275254084976
3237 41.90620167629812
3238 41.62108802000316
3239 40.76415405997843
3240 41.646335577698125
3241 40.62372853265038
3242 41.67174549369718
3243 40.76502815031528
3244 40.63211979456253
3245 38.39632487790652
3246 39.12437535057818
3247 38.74510989927997
3248 40.1611871687143
3249 40.42829748421981
3250 39.86857534836564
3251 39.11996964108298
3252 40.765870094629136
3253 39.42943785473511
3254 39.77870896071804
3255 40.264019681753474
3256 39.44120741704171
3257 39.12459152965989
3258 38.961729960605474
3259 39.78691913708489
3260 38.907728760215406
3261 39.09360669285957
3262 40.18610577352902
3263 40.02292486194773
3264 38.70758588531711
3265 38.709103306028275
3266 39.587754472151744
3267 40.01588985633439
3268 39.67966504786339
3269 39.32436233021109
3270 38.05739291997752
3271 39.13883871126794
3272 38.45184171328069
3273 38.85303064893007
3274 37.667209791641795
3275 38.25882320666252
3276 37.408802864195295
3277 39.16249572563057
3278 39.044236638016194
3279 38.47924729719468
3280 39.215585938725674
3281 38.76037622782989
3282 38.89947212069064
3283 38.66484515453283
3284 38.2857370799008
3285 38.69357621229995
3286 39.102123456930606
3287 39.12305608342184
3288 39.2695444652311
3289 39.58911242618224
3290 38.086052441414374
3291 38.38845136201373
3292 39.205094821166675
3293 39.63319090898234
3294 38.99592125919785
3295 40.1130256597014
3296 40.1917207968089
3297 40.06752072559476
3298 40.27853654909725
3299 40.7599507247148
3300 39.96145989230485
3301 41.17506006448166
3302 39.94498778066717
3303 40.93998859239606
3304 40.81081629708124
3305 40.36558555001717
3306 41.0999105631302
3307 41.06990502275305
3308 40.192283322372454
3309 41.16031114025073
3310 41.87742973787729
3311 41.92754685358208
3312 41.267746221269064
3313 41.32166520953747
3314 40.16630008166103
3315 39.56415718098011
3316 40.98895232798234
3317 40.553363408067284
3318 39.85250152157347
3319 39.98529869991863
3320 40.10958163853495
3321 40.169237377327605
3322 40.31167819611322
3323 40.08712732673968
3324 39.66933073617539
3325 39.60292382480641
3326 39.79029728399033
3327 40.44821571354921
3328 39.92020783009297
3329 40.34680219932195
3330 40.02436219461576
3331 38.959442098450346
3332 39.643763971670495
3333 39.202420860665555
3334 39.041303249011996
3335 39.30003785672691
3336 39.546875406791834
3337 38.61141290292172
3338 38.409363522152645
3339 39.03419377022772
3340 38.47896602161443
3341 39.450387932131726
3342 39.10857813123968
3343 39.0001255096766
3344 39.213974337945906
3345 39.049286377232384
3346 38.36005859911617
3347 38.034373889161515
3348 38.98595755931171
3349 38.83287623160395
3350 39.18928672704241
3351 38.61733484010368
3352 39.067337826515455
3353 38.05152293574487
3354 37.972021658734654
3355 36.523900188914524
3356 37.463040655532765
3357 37.35185589245753
3358 38.20718654410945
3359 37.299681751070416
3360 38.17896877932542
3361 37.36325326494592
3362 37.78603971776491
3363 38.81526925503319
3364 37.28841270663426
3365 38.1154175959604
3366 38.602123361484104
3367 37.87403064984576
3368 38.14068219431542
3369 38.97806956475234
3370 39.77893529116377
3371 38.78301757195755
3372 39.1460449888896
3373 39.11505804787867
3374 37.38383797236087
3375 37.5630517525012
3376 36.40451454303382
3377 37.36714944287368
3378 38.49204661901751
3379 38.06839757129605
3380 38.008444203745256
3381 37.11854347191369
3382 38.567240034857896
3383 38.61670227183157
3384 38.39846450560975
3385 38.75370434383534
3386 37.335080526676435
3387 37.273653110744455
3388 38.52996111723622
3389 39.107812092039374
3390 38.053566443348906
3391 38.81863157027408
3392 38.34169176574936
3393 39.002038110385364
3394 38.75860686736362
3395 39.303960263930534
3396 39.34958862442603
3397 39.69005159139738
3398 39.68706384818319
3399 39.47171969370911
3400 40.13959998026057
3401 40.00441932324609
3402 39.99224050634549
3403 38.736298180145184
3404 39.28165094767449
3405 38.6870659549358
3406 39.40115659896443
3407 39.772299697375715
3408 39.57851495070775
3409 39.510258448208084
3410 39.2175228560196
3411 39.71640980667238
3412 38.15724831610764
3413 37.61454373530436
3414 36.41750961269085
3415 38.096020600727165
3416 37.716525276592805
3417 36.97896873435036
3418 40.20787362723304
3419 38.80559761003133
3420 40.584939446569145
3421 38.51018456061466
3422 39.08484604556433
3423 39.535825200440804
3424 37.785379066238455
3425 38.47494628648745
3426 39.88368979174908
3427 39.592413441364094
3428 37.4232366489616
3429 41.07199054115822
3430 40.31133980366303
3431 40.30098338621375
3432 40.67298209215566
3433 38.65615560169865
3434 37.71911918704044
3435 38.68909773649489
3436 38.0026103135896
3437 38.7874434865989
3438 38.35436297374434
3439 38.71662443051724
3440 37.15081526462374
3441 39.10919555511848
3442 39.84393758492177
3443 37.79013819519801
3444 36.779365392440965
3445 37.667513945358614
3446 35.75806918737183
3447 37.73854354991484
3448 36.824419859461386
3449 37.47625692658795
3450 37.07721387817487
3451 37.266751193797624
3452 37.201332703909976
3453 37.10741515569099
3454 36.73623418539368
3455 36.845342734869696
3456 37.31281988762579
3457 36.987412716818724
3458 36.878284887124124
3459 35.748027369227316
3460 35.94519562075307
3461 37.71686000926061
3462 39.0462316316516
3463 37.28827898444276
3464 37.25634048030738
3465 38.66819801798131
3466 36.97845176096611
3467 35.29484250663845
3468 37.50787047440952
3469 36.43631004879624
3470 36.33857721040853
3471 37.024896301371975
3472 38.900584331331075
3473 38.69915912824749
3474 38.19440903037918
3475 37.87992383411643
3476 36.53643852495674
3477 36.707235098900874
3478 36.348161907628814
3479 35.307521182559675
3480 37.85181655765696
3481 38.62399368672174
3482 38.33925037385631
3483 37.56835662204387
3484 37.583771902739244
3485 37.7916738181767
3486 38.162966631170036
3487 39.28308541193428
3488 39.8482743853557
3489 40.88115859373886
3490 41.38653671440488
3491 41.273271765903395
3492 40.91201534658577
3493 41.28135836746964
3494 39.314222080181494
3495 39.04008890521044
3496 39.10809825876455
3497 40.01261061507715
3498 39.406602806329396
3499 39.00232564649376
3500 38.11221598368332
3501 40.441083034423116
3502 41.07396250005647
3503 39.15542865470477
3504 41.04240402746809
3505 40.148641215020824
3506 39.58961423211457
3507 39.98963970604882
3508 40.08024855097042
3509 39.944121390257045
3510 39.92057193694329
3511 40.02103714944506
3512 40.242491803687344
3513 40.38837993065416
3514 40.80082151745294
3515 41.014519531643224
3516 40.71845570744428
3517 39.67386044957632
3518 39.57610468705806
3519 39.994061191098766
3520 39.073399736728774
3521 38.807968100496076
3522 38.4705537690044
3523 40.67002462641079
3524 40.01215055613254
3525 38.516653086478954
3526 37.49016896069212
3527 37.24419538682012
3528 39.3278916723392
3529 37.734998606753926
3530 37.94091967958652
3531 38.93201963079993
3532 39.93361423306708
3533 39.18704537481256
3534 39.68926819703401
3535 38.589765487913404
3536 39.461165559766265
3537 38.63657769513899
3538 39.18941017838175
3539 38.6644077115097
3540 39.292334715462864
3541 40.46330579383588
3542 39.530686995898336
3543 39.16734785008938
3544 40.23074476451131
3545 37.440485230017266
3546 38.51478022388392
3547 37.9943908253033
3548 38.444860137277956
3549 37.59281637862646
3550 36.724475894148796
3551 38.58735203274265
3552 40.31774596332287
3553 38.45700374340394
3554 39.08315754444395
3555 37.83067433711621
3556 39.52403583691844
3557 40.54689888983606
3558 38.339705771808966
3559 38.37672764443169
3560 37.72227498278438
3561 36.49461719793679
3562 38.110152721317014
3563 37.654061602403175
3564 39.229152117730074
3565 40.50762707090588
3566 40.358503205717476
3567 38.48590015874831
3568 40.03680317650018
3569 39.06137295971795
3570 41.09982157454617
3571 41.03362450139846
3572 39.59737700454808
3573 40.23060062749981
3574 39.42212229608642
3575 39.70833366573283
3576 39.38247457464648
3577 40.52535039288542
3578 39.52731406156264
3579 39.83650708739211
3580 40.16745999264551
3581 39.70385763225912
3582 39.68307395053312
3583 39.0789547536628
3584 38.53544670839193
3585 39.28624354564306
3586 39.15595166720461
3587 39.580053525428966
3588 39.2323060077184
3589 39.540608193058034
3590 39.77847252365714
3591 39.859465941561815
3592 39.72235017986451
3593 40.273311864839656
3594 38.264370427353754
3595 39.110666084012806
3596 39.005387426928706
3597 38.84011461753874
3598 39.056259279805204
3599 39.27283124062075
3600 39.87821430380929
3601 40.11346273996182
3602 38.87488148508981
3603 40.12887696231689
3604 40.946221036267566
3605 40.49590489049265
3606 40.849865067408274
3607 40.355627937787894
3608 40.84465475077795
3609 40.652565545535445
3610 40.855405179326596
3611 40.28632841509161
3612 39.95292995409983
3613 39.18502462180242
3614 38.52946858795765
3615 38.65627006357866
3616 39.084037128215954
3617 39.78300809262655
3618 39.72502702128227
3619 38.98032076308798
3620 37.96408338501598
3621 38.722258566489664
3622 38.44138017643868
3623 40.03572626081462
3624 39.778664621539605
3625 38.533995652584686
3626 38.428299674130415
3627 38.7118667791391
3628 37.85599483300902
3629 39.83478693061929
3630 36.388785907298235
3631 37.94286834435555
3632 37.28427087456494
3633 36.92096386590613
3634 37.06637410890609
3635 37.31382559674202
3636 37.40421457511147
3637 38.33693017099007
3638 38.20220208544648
3639 37.364331467084625
3640 39.00297792167345
3641 38.710523486529276
3642 37.04464243762398
3643 37.94881662599014
3644 38.99155062953551
3645 39.443555275844396
3646 38.23454882701281
3647 38.28276053110603
3648 39.68224780833981
3649 40.258082953575304
3650 37.86895232442485
3651 37.85815974817711
3652 37.93034192008432
3653 37.60933373759566
3654 37.029640512846214
3655 36.922771465144756
3656 40.00297996277565
3657 37.045911457034464
3658 36.946277440061145
3659 38.95076888469277
3660 39.11642761268242
3661 38.4320224327676
3662 37.90047421346511
3663 38.94900925451948
3664 37.46787852809274
3665 37.683404087946194
3666 39.47098762330092
3667 38.04962549925226
3668 37.48070955978898
3669 37.42166114007153
3670 38.47376421784465
3671 38.370321532456764
3672 38.37097060180204
3673 38.40657773196387
3674 38.45341643903424
3675 38.45984272496765
3676 40.29551595457732
3677 37.91837132738848
3678 37.92389189163659
3679 37.854399013866846
3680 38.140415337256286
3681 39.06855977059984
3682 39.31599013091882
3683 41.372240037400694
3684 38.92981629064577
3685 38.996792434523186
3686 38.885991198461504
3687 38.944453029085246
3688 39.04767564244334
3689 37.9059044382042
3690 37.94760163749403
3691 38.998786593141205
3692 38.103361057564356
3693 39.045876808556365
3694 40.37708848475394
3695 40.51934093297095
3696 39.59255831059611
3697 40.57117951635996
3698 40.00065747621016
3699 41.054192306309886
3700 41.20165342931633
3701 41.130535147664204
3702 42.14532184412574
3703 40.976358297312125
3704 39.73293078059662
3705 42.206160197152265
3706 40.823072202206276
3707 39.91259248755765
3708 40.2342834992896
3709 39.08548812282458
3710 41.299307758727934
3711 40.27330479829396
3712 39.745590476891344
3713 39.4357932747402
3714 39.29036856936947
3715 39.20718305860167
3716 38.08363145522671
3717 39.91829941386064
3718 39.68354758854978
3719 38.49770475280533
3720 39.91386343351746
3721 39.726970627321066
3722 38.58843118666514
3723 37.10711021292286
3724 40.29782612634451
3725 39.021357092787035
3726 39.95371295061407
3727 41.23837729945901
3728 38.7659928621857
3729 39.04252065732971
3730 38.69957185107352
3731 37.66918442007791
3732 40.33516114296986
3733 39.41718165583825
3734 41.17832058758126
3735 42.48065520411849
3736 39.442301119749395
3737 40.85855148249937
3738 38.84998421856059
3739 40.14298684146183
3740 39.61274923347483
3741 37.65735547505312
3742 39.529600582562495
3743 39.542872929606666
3744 37.54644960964898
3745 40.32379769632192
3746 39.53802051480655
3747 37.92148656949171
3748 37.47508855970905
3749 38.56545110726784
3750 37.49195306692324
3751 35.840267028963666
3752 35.65621632650883
3753 35.614062233420235
3754 36.99708384219809
3755 39.210590485707726
3756 40.40982630506838
3757 41.68759913594826
3758 39.404116793889294
3759 39.95369048473022
3760 40.28448164812031
3761 39.89975729055428
3762 39.386074538093695
3763 38.54236261226001
3764 37.72464895319242
3765 38.63660995815854
3766 38.46687580532728
3767 38.56490569696785
3768 39.994859395439526
3769 40.45441818624336
3770 41.02114015464989
3771 41.53300306753681
3772 42.34310631199048
3773 40.83121958835569
3774 40.120548791146746
3775 41.31617165736168
3776 41.87679839043011
3777 41.07017624825924
3778 40.58726936111954
3779 38.79279863191041
3780 38.1631337250254
3781 41.10494822632827
3782 41.40152819933891
3783 42.733673883074886
3784 41.63938041834407
3785 41.24172890503296
3786 43.34679920901101
3787 44.81693568007382
3788 43.683092110253945
3789 45.406021581221516
3790 44.56841257789289
3791 43.64684867933631
3792 42.76608002382632
3793 42.86319979850588
3794 41.59650297714333
3795 43.68126001863886
3796 42.4773440429817
3797 41.387894587547315
3798 42.03202421241859
3799 42.33926757269282
3800 42.655804014989116
3801 44.60962187257346
3802 45.231240173043865
3803 44.844239835904425
3804 44.9938326992291
3805 45.149873068800005
3806 44.807197856502526
3807 44.756515728844626
3808 45.17971559138696
3809 45.145935901352175
3810 44.118702663428216
3811 43.10258626360937
3812 43.95055945780574
3813 45.40450958027567
3814 46.324748446396185
3815 43.83698628606139
3816 45.75093150960687
3817 44.612299774516785
3818 43.84575275180141
3819 44.38510753258139
3820 42.566552468211505
3821 42.45230354024272
3822 41.823867922258586
3823 41.74664407138968
3824 42.89913942454785
3825 43.40153567885434
3826 42.93157623802531
3827 43.528324095251854
3828 43.76419033846653
3829 43.13954384489662
3830 42.914471025386106
3831 43.55387707780331
3832 42.097155382695206
3833 43.53064847971944
3834 43.657239989497135
3835 44.116869738180874
3836 43.13717572725635
3837 43.279183036441154
3838 42.13073296992962
3839 44.45623994520168
3840 46.033006794691445
3841 44.96770603469798
3842 45.18405967325796
3843 44.86853826193778
3844 41.070969180999256
3845 43.112522025988234
3846 43.4864680733352
3847 43.24129820541381
3848 40.12227540269868
3849 40.904346892466215
3850 44.73537923051631
3851 44.31995086997921
3852 44.83782637113197
3853 43.77919620283201
3854 42.744866658002024
3855 43.62528736866031
3856 41.338204892646246
3857 42.05524823674436
3858 42.11467577222177
3859 43.52702495876449
3860 42.99985981042803
3861 42.17030694710182
3862 42.03491159294865
3863 41.268225307847246
3864 40.30349328504724
3865 41.2601671430171
3866 39.77303074438924
3867 38.24238708328061
3868 39.326072630789305
3869 38.63069673127824
3870 38.38489627980734
3871 40.701102313324
3872 42.49411522239316
3873 42.31432975662855
3874 42.52961443875569
3875 44.60691242299985
3876 41.91974922330914
3877 43.553320091133536
3878 44.49117752482359
3879 45.94379351898457
3880 45.57807061732221
3881 44.81678633104183
3882 45.299314554346566
3883 46.436319712418516
3884 45.140022007941525
3885 44.37885973813035
3886 43.91608865254807
3887 43.22638868095143
3888 45.05870152606872
3889 45.16849555117583
3890 45.23825973927703
3891 46.75368260067817
3892 45.306390946384184
3893 44.79352201622508
3894 45.34046477831391
3895 44.874414659956
3896 44.998522982625246
3897 44.70021005206615
3898 43.12558335666923
3899 42.119173308445944
3900 40.706042982318216
3901 42.36032517183211
3902 43.16410234578239
3903 44.17859145641289
3904 42.53262703286663
3905 43.199088945425345
3906 42.658945805096785
3907 43.87973787704303
3908 43.76820217408672
3909 43.35449190303366
3910 42.375904645904214
3911 43.66341368543702
3912 44.20874724025974
3913 44.59986615675165
3914 45.87782957010178
3915 44.934086991310885
3916 46.08941007303279
3917 45.545750877866695
3918 45.11027513024879
3919 44.89347952706266
3920 45.033087640333065
3921 47.22954921370817
3922 46.0050398599004
3923 46.578386442901824
3924 42.326393544580974
3925 42.92956233091499
3926 42.1081333059555
3927 41.295019270411835
3928 41.59528242314146
3929 41.43074503168709
3930 41.973593796496345
3931 39.19593218394174
3932 38.81415117465217
3933 40.59773461855348
3934 44.81889798302099
3935 44.07932791954088
3936 42.12015232833987
3937 39.48812611237279
3938 43.765565161641796
3939 43.96914205852883
3940 44.020352738530185
3941 44.17694895071898
3942 43.905763186942316
3943 43.0214317223293
3944 44.499835892655874
3945 45.635364563900644
3946 46.49624992064843
3947 44.014054477655286
3948 43.12486975099254
3949 44.28874756520937
3950 44.87437614183368
3951 45.200561507189136
3952 43.5129726269971
3953 45.20753494255506
3954 43.089857121476776
3955 43.8021929076122
3956 43.315657569732814
3957 43.954609956578906
3958 44.03236311289876
3959 44.69803020880479
3960 41.74910201799047
3961 39.1367630455409
3962 40.5751786742923
3963 40.84243586704559
3964 40.97743694252862
3965 38.95283295336687
3966 39.19992125546221
3967 40.676522328161646
3968 38.34450007893908
3969 38.33429339672139
3970 38.247327138107295
3971 38.61235219039333
3972 38.21864788380584
3973 38.150613101138276
3974 37.24698232217338
3975 38.24867609518939
3976 37.178357574359126
3977 38.90450164487691
3978 38.60802476297934
3979 39.90282244691956
3980 37.8179893487717
3981 37.552527152651145
3982 38.172096808958884
3983 38.156751126357314
3984 40.820286538344554
3985 40.326938898630424
3986 39.77541758274048
3987 39.05939747151809
3988 38.54883155573986
3989 39.11744076063122
3990 37.80883285291006
3991 38.707829877591
3992 39.84668406679411
3993 40.11310269498824
3994 39.31457290594182
3995 38.24509191724845
3996 38.45430651644458
3997 36.37034147558018
3998 37.0019560776691
3999 37.56144239376058
4000 36.830865191932176
4001 31.24370642438456
